-1.2500000000000000,1.0000000000000000,0.0000000000000000,0.0000000000000000,0.0000000000000000,0.25000000000000000,0.0000000000000000,0.0000000000000000,0.0000000000000000,0.0000000000000000,0.0000000000000000,0.0000000000000000,0.0000000000000000,0.0000000000000000,0.0000000000000000,0.0000000000000000,0.0000000000000000,0.0000000000000000,0.0000000000000000,0.0000000000000000,0.0000000000000000,0.0000000000000000,0.0000000000000000,0.0000000000000000,0.0000000000000000,0.0000000000000000,0.0000000000000000,0.0000000000000000,
1.0000000000000000,-2.5000000000000000,1.0000000000000000,0.0000000000000000,0.0000000000000000,0.0000000000000000,0.50000000000000000,0.0000000000000000,0.0000000000000000,0.0000000000000000,0.0000000000000000,0.0000000000000000,0.0000000000000000,0.0000000000000000,0.0000000000000000,0.0000000000000000,0.0000000000000000,0.0000000000000000,0.0000000000000000,0.0000000000000000,0.0000000000000000,0.0000000000000000,0.0000000000000000,0.0000000000000000,0.0000000000000000,0.0000000000000000,0.0000000000000000,0.0000000000000000,
0.0000000000000000,1.0000000000000000,-2.5000000000000000,1.0000000000000000,0.0000000000000000,0.0000000000000000,0.0000000000000000,0.50000000000000000,0.0000000000000000,0.0000000000000000,0.0000000000000000,0.0000000000000000,0.0000000000000000,0.0000000000000000,0.0000000000000000,0.0000000000000000,0.0000000000000000,0.0000000000000000,0.0000000000000000,0.0000000000000000,0.0000000000000000,0.0000000000000000,0.0000000000000000,0.0000000000000000,0.0000000000000000,0.0000000000000000,0.0000000000000000,0.0000000000000000,
0.0000000000000000,0.0000000000000000,1.0000000000000000,-2.5000000000000000,1.0000000000000000,0.0000000000000000,0.0000000000000000,0.0000000000000000,0.50000000000000000,0.0000000000000000,0.0000000000000000,0.0000000000000000,0.0000000000000000,0.0000000000000000,0.0000000000000000,0.0000000000000000,0.0000000000000000,0.0000000000000000,0.0000000000000000,0.0000000000000000,0.0000000000000000,0.0000000000000000,0.0000000000000000,0.0000000000000000,0.0000000000000000,0.0000000000000000,0.0000000000000000,0.0000000000000000,
0.0000000000000000,0.0000000000000000,0.0000000000000000,1.0000000000000000,-1.2500000000000000,0.0000000000000000,0.0000000000000000,0.0000000000000000,0.0000000000000000,0.25000000000000000,0.0000000000000000,0.0000000000000000,0.0000000000000000,0.0000000000000000,0.0000000000000000,0.0000000000000000,0.0000000000000000,0.0000000000000000,0.0000000000000000,0.0000000000000000,0.0000000000000000,0.0000000000000000,0.0000000000000000,0.0000000000000000,0.0000000000000000,0.0000000000000000,0.0000000000000000,0.0000000000000000,
0.25000000000000000,0.0000000000000000,0.0000000000000000,0.0000000000000000,0.0000000000000000,-2.5000000000000000,2.0000000000000000,0.0000000000000000,0.0000000000000000,0.0000000000000000,0.25000000000000000,0.0000000000000000,0.0000000000000000,0.0000000000000000,0.0000000000000000,0.0000000000000000,0.0000000000000000,0.0000000000000000,0.0000000000000000,0.0000000000000000,0.0000000000000000,0.0000000000000000,0.0000000000000000,0.0000000000000000,0.0000000000000000,0.0000000000000000,0.0000000000000000,0.0000000000000000,
0.0000000000000000,0.50000000000000000,0.0000000000000000,0.0000000000000000,0.0000000000000000,2.0000000000000000,-5.0000000000000000,2.0000000000000000,0.0000000000000000,0.0000000000000000,0.0000000000000000,0.50000000000000000,0.0000000000000000,0.0000000000000000,0.0000000000000000,0.0000000000000000,0.0000000000000000,0.0000000000000000,0.0000000000000000,0.0000000000000000,0.0000000000000000,0.0000000000000000,0.0000000000000000,0.0000000000000000,0.0000000000000000,0.0000000000000000,0.0000000000000000,0.0000000000000000,
0.0000000000000000,0.0000000000000000,0.50000000000000000,0.0000000000000000,0.0000000000000000,0.0000000000000000,2.0000000000000000,-5.0000000000000000,2.0000000000000000,0.0000000000000000,0.0000000000000000,0.0000000000000000,0.50000000000000000,0.0000000000000000,0.0000000000000000,0.0000000000000000,0.0000000000000000,0.0000000000000000,0.0000000000000000,0.0000000000000000,0.0000000000000000,0.0000000000000000,0.0000000000000000,0.0000000000000000,0.0000000000000000,0.0000000000000000,0.0000000000000000,0.0000000000000000,
0.0000000000000000,0.0000000000000000,0.0000000000000000,0.50000000000000000,0.0000000000000000,0.0000000000000000,0.0000000000000000,2.0000000000000000,-5.0000000000000000,2.0000000000000000,0.0000000000000000,0.0000000000000000,0.0000000000000000,0.50000000000000000,0.0000000000000000,0.0000000000000000,0.0000000000000000,0.0000000000000000,0.0000000000000000,0.0000000000000000,0.0000000000000000,0.0000000000000000,0.0000000000000000,0.0000000000000000,0.0000000000000000,0.0000000000000000,0.0000000000000000,0.0000000000000000,
0.0000000000000000,0.0000000000000000,0.0000000000000000,0.0000000000000000,0.25000000000000000,0.0000000000000000,0.0000000000000000,0.0000000000000000,2.0000000000000000,-2.5000000000000000,0.0000000000000000,0.0000000000000000,0.0000000000000000,0.0000000000000000,0.25000000000000000,0.0000000000000000,0.0000000000000000,0.0000000000000000,0.0000000000000000,0.0000000000000000,0.0000000000000000,0.0000000000000000,0.0000000000000000,0.0000000000000000,0.0000000000000000,0.0000000000000000,0.0000000000000000,0.0000000000000000,
0.0000000000000000,0.0000000000000000,0.0000000000000000,0.0000000000000000,0.0000000000000000,0.25000000000000000,0.0000000000000000,0.0000000000000000,0.0000000000000000,0.0000000000000000,-2.5000000000000000,2.0000000000000000,0.0000000000000000,0.0000000000000000,0.0000000000000000,0.25000000000000000,0.0000000000000000,0.0000000000000000,0.0000000000000000,0.0000000000000000,0.0000000000000000,0.0000000000000000,0.0000000000000000,0.0000000000000000,0.0000000000000000,0.0000000000000000,0.0000000000000000,0.0000000000000000,
0.0000000000000000,0.0000000000000000,0.0000000000000000,0.0000000000000000,0.0000000000000000,0.0000000000000000,0.50000000000000000,0.0000000000000000,0.0000000000000000,0.0000000000000000,2.0000000000000000,-5.0000000000000000,2.0000000000000000,0.0000000000000000,0.0000000000000000,0.0000000000000000,0.50000000000000000,0.0000000000000000,0.0000000000000000,0.0000000000000000,0.0000000000000000,0.0000000000000000,0.0000000000000000,0.0000000000000000,0.0000000000000000,0.0000000000000000,0.0000000000000000,0.0000000000000000,
0.0000000000000000,0.0000000000000000,0.0000000000000000,0.0000000000000000,0.0000000000000000,0.0000000000000000,0.0000000000000000,0.50000000000000000,0.0000000000000000,0.0000000000000000,0.0000000000000000,2.0000000000000000,-5.0000000000000000,2.0000000000000000,0.0000000000000000,0.0000000000000000,0.0000000000000000,0.50000000000000000,0.0000000000000000,0.0000000000000000,0.0000000000000000,0.0000000000000000,0.0000000000000000,0.0000000000000000,0.0000000000000000,0.0000000000000000,0.0000000000000000,0.0000000000000000,
0.0000000000000000,0.0000000000000000,0.0000000000000000,0.0000000000000000,0.0000000000000000,0.0000000000000000,0.0000000000000000,0.0000000000000000,0.50000000000000000,0.0000000000000000,0.0000000000000000,0.0000000000000000,2.0000000000000000,-5.0000000000000000,2.0000000000000000,0.0000000000000000,0.0000000000000000,0.0000000000000000,0.50000000000000000,0.0000000000000000,0.0000000000000000,0.0000000000000000,0.0000000000000000,0.0000000000000000,0.0000000000000000,0.0000000000000000,0.0000000000000000,0.0000000000000000,
0.0000000000000000,0.0000000000000000,0.0000000000000000,0.0000000000000000,0.0000000000000000,0.0000000000000000,0.0000000000000000,0.0000000000000000,0.0000000000000000,0.25000000000000000,0.0000000000000000,0.0000000000000000,0.0000000000000000,2.0000000000000000,-2.5000000000000000,0.0000000000000000,0.0000000000000000,0.0000000000000000,0.0000000000000000,0.25000000000000000,0.0000000000000000,0.0000000000000000,0.0000000000000000,0.0000000000000000,0.0000000000000000,0.0000000000000000,0.0000000000000000,0.0000000000000000,
0.0000000000000000,0.0000000000000000,0.0000000000000000,0.0000000000000000,0.0000000000000000,0.0000000000000000,0.0000000000000000,0.0000000000000000,0.0000000000000000,0.0000000000000000,0.25000000000000000,0.0000000000000000,0.0000000000000000,0.0000000000000000,0.0000000000000000,-1.7500000000000000,1.5000000000000000,0.0000000000000000,0.0000000000000000,0.0000000000000000,0.0000000000000000,0.0000000000000000,0.0000000000000000,0.0000000000000000,0.0000000000000000,0.0000000000000000,0.0000000000000000,0.0000000000000000,
0.0000000000000000,0.0000000000000000,0.0000000000000000,0.0000000000000000,0.0000000000000000,0.0000000000000000,0.0000000000000000,0.0000000000000000,0.0000000000000000,0.0000000000000000,0.0000000000000000,0.50000000000000000,0.0000000000000000,0.0000000000000000,0.0000000000000000,1.5000000000000000,-4.5000000000000000,1.5000000000000000,0.0000000000000000,0.0000000000000000,1.0000000000000000,0.0000000000000000,0.0000000000000000,0.0000000000000000,0.0000000000000000,0.0000000000000000,0.0000000000000000,0.0000000000000000,
0.0000000000000000,0.0000000000000000,0.0000000000000000,0.0000000000000000,0.0000000000000000,0.0000000000000000,0.0000000000000000,0.0000000000000000,0.0000000000000000,0.0000000000000000,0.0000000000000000,0.0000000000000000,0.50000000000000000,0.0000000000000000,0.0000000000000000,0.0000000000000000,1.5000000000000000,-4.5000000000000000,1.5000000000000000,0.0000000000000000,0.0000000000000000,1.0000000000000000,0.0000000000000000,0.0000000000000000,0.0000000000000000,0.0000000000000000,0.0000000000000000,0.0000000000000000,
0.0000000000000000,0.0000000000000000,0.0000000000000000,0.0000000000000000,0.0000000000000000,0.0000000000000000,0.0000000000000000,0.0000000000000000,0.0000000000000000,0.0000000000000000,0.0000000000000000,0.0000000000000000,0.0000000000000000,0.50000000000000000,0.0000000000000000,0.0000000000000000,0.0000000000000000,1.5000000000000000,-4.5000000000000000,1.5000000000000000,0.0000000000000000,0.0000000000000000,1.0000000000000000,0.0000000000000000,0.0000000000000000,0.0000000000000000,0.0000000000000000,0.0000000000000000,
0.0000000000000000,0.0000000000000000,0.0000000000000000,0.0000000000000000,0.0000000000000000,0.0000000000000000,0.0000000000000000,0.0000000000000000,0.0000000000000000,0.0000000000000000,0.0000000000000000,0.0000000000000000,0.0000000000000000,0.0000000000000000,0.25000000000000000,0.0000000000000000,0.0000000000000000,0.0000000000000000,1.5000000000000000,-2.1999999999999997,0.0000000000000000,0.0000000000000000,-0.50000000000000017E-1,0.49999999999999978,0.0000000000000000,0.0000000000000000,0.0000000000000000,0.0000000000000000,
0.0000000000000000,0.0000000000000000,0.0000000000000000,0.0000000000000000,0.0000000000000000,0.0000000000000000,0.0000000000000000,0.0000000000000000,0.0000000000000000,0.0000000000000000,0.0000000000000000,0.0000000000000000,0.0000000000000000,0.0000000000000000,0.0000000000000000,0.0000000000000000,1.0000000000000000,0.0000000000000000,0.0000000000000000,0.0000000000000000,-2.0000000000000000,1.0000000000000000,0.0000000000000000,0.0000000000000000,0.0000000000000000,0.0000000000000000,0.0000000000000000,0.0000000000000000,
0.0000000000000000,0.0000000000000000,0.0000000000000000,0.0000000000000000,0.0000000000000000,0.0000000000000000,0.0000000000000000,0.0000000000000000,0.0000000000000000,0.0000000000000000,0.0000000000000000,0.0000000000000000,0.0000000000000000,0.0000000000000000,0.0000000000000000,0.0000000000000000,0.0000000000000000,1.0000000000000000,0.0000000000000000,0.0000000000000000,1.0000000000000000,-4.0000000000000000,1.0000000000000000,0.0000000000000000,1.0000000000000000,0.0000000000000000,0.0000000000000000,0.0000000000000000,
0.0000000000000000,0.0000000000000000,0.0000000000000000,0.0000000000000000,0.0000000000000000,0.0000000000000000,0.0000000000000000,0.0000000000000000,0.0000000000000000,0.0000000000000000,0.0000000000000000,0.0000000000000000,0.0000000000000000,0.0000000000000000,0.0000000000000000,0.0000000000000000,0.0000000000000000,0.0000000000000000,1.0000000000000000,-0.50000000000000017E-1,0.0000000000000000,1.0000000000000000,-3.9763888888888883,1.0763888888888886,0.0000000000000000,0.82499999999999973,0.12499999999999994,0.0000000000000000,
0.0000000000000000,0.0000000000000000,0.0000000000000000,0.0000000000000000,0.0000000000000000,0.0000000000000000,0.0000000000000000,0.0000000000000000,0.0000000000000000,0.0000000000000000,0.0000000000000000,0.0000000000000000,0.0000000000000000,0.0000000000000000,0.0000000000000000,0.0000000000000000,0.0000000000000000,0.0000000000000000,0.0000000000000000,0.49999999999999978,0.0000000000000000,0.0000000000000000,1.0763888888888886,-1.9013888888888881,0.0000000000000000,0.0000000000000000,0.32499999999999979,0.0000000000000000,
0.0000000000000000,0.0000000000000000,0.0000000000000000,0.0000000000000000,0.0000000000000000,0.0000000000000000,0.0000000000000000,0.0000000000000000,0.0000000000000000,0.0000000000000000,0.0000000000000000,0.0000000000000000,0.0000000000000000,0.0000000000000000,0.0000000000000000,0.0000000000000000,0.0000000000000000,0.0000000000000000,0.0000000000000000,0.0000000000000000,0.0000000000000000,1.0000000000000000,0.0000000000000000,0.0000000000000000,-2.0000000000000000,1.0000000000000000,0.0000000000000000,0.0000000000000000,
0.0000000000000000,0.0000000000000000,0.0000000000000000,0.0000000000000000,0.0000000000000000,0.0000000000000000,0.0000000000000000,0.0000000000000000,0.0000000000000000,0.0000000000000000,0.0000000000000000,0.0000000000000000,0.0000000000000000,0.0000000000000000,0.0000000000000000,0.0000000000000000,0.0000000000000000,0.0000000000000000,0.0000000000000000,0.0000000000000000,0.0000000000000000,0.0000000000000000,0.82499999999999973,0.0000000000000000,1.0000000000000000,-4.1884615384615369,1.5384615384615377,0.82499999999999973,
0.0000000000000000,0.0000000000000000,0.0000000000000000,0.0000000000000000,0.0000000000000000,0.0000000000000000,0.0000000000000000,0.0000000000000000,0.0000000000000000,0.0000000000000000,0.0000000000000000,0.0000000000000000,0.0000000000000000,0.0000000000000000,0.0000000000000000,0.0000000000000000,0.0000000000000000,0.0000000000000000,0.0000000000000000,0.0000000000000000,0.0000000000000000,0.0000000000000000,0.12499999999999994,0.32499999999999979,0.0000000000000000,1.5384615384615377,-1.9884615384615372,0.0000000000000000,
0.0000000000000000,0.0000000000000000,0.0000000000000000,0.0000000000000000,0.0000000000000000,0.0000000000000000,0.0000000000000000,0.0000000000000000,0.0000000000000000,0.0000000000000000,0.0000000000000000,0.0000000000000000,0.0000000000000000,0.0000000000000000,0.0000000000000000,0.0000000000000000,0.0000000000000000,0.0000000000000000,0.0000000000000000,0.0000000000000000,0.0000000000000000,0.0000000000000000,0.0000000000000000,0.0000000000000000,0.0000000000000000,0.82499999999999973,0.0000000000000000,-0.82499999999999973,
