   0.0000000000000000     
   3.2057068785842587E-002
   6.4114137571685173E-002
   9.6171206357527753E-002
  0.12822827514337035     
  0.16028534392921293     
  0.19234241271505551     
  0.22439948150089808     
  0.25645655028674069     
  0.28851361907258327     
  0.32057068785842585     
  0.35262775664426843     
  0.38468482543011101     
  0.41674189421595359     
  0.44879896300179617     
  0.48085603178763875     
  0.51291310057348138     
  0.54497016935932396     
  0.57702723814516654     
  0.60908430693100912     
  0.64114137571685170     
  0.67319844450269428     
  0.70525551328853686     
  0.73731258207437944     
  0.76936965086022202     
  0.80142671964606460     
  0.83348378843190718     
  0.86554085721774976     
  0.89759792600359234     
  0.92965499478943492     
  0.96171206357527750     
  0.99376913236112008     
   1.0258262011469628     
   1.0578832699328053     
   1.0899403387186479     
   1.1219974075044905     
   1.1540544762903331     
   1.1861115450761757     
   1.2181686138620182     
   1.2502256826478608     
   1.2822827514337034     
   1.3143398202195460     
   1.3463968890053886     
   1.3784539577912311     
   1.4105110265770737     
   1.4425680953629163     
   1.4746251641487589     
   1.5066822329346015     
   1.5387393017204440     
   1.5707963705062866     
   0.0000000000000000     
   3.2057068785842587E-002
   6.4114137571685173E-002
   9.6171206357527753E-002
  0.12822827514337035     
  0.16028534392921293     
  0.19234241271505551     
  0.22439948150089808     
  0.25645655028674069     
  0.28851361907258327     
  0.32057068785842585     
  0.35262775664426843     
  0.38468482543011101     
  0.41674189421595359     
  0.44879896300179617     
  0.48085603178763875     
  0.51291310057348138     
  0.54497016935932396     
  0.57702723814516654     
  0.60908430693100912     
  0.64114137571685170     
  0.67319844450269428     
  0.70525551328853686     
  0.73731258207437944     
  0.76936965086022202     
  0.80142671964606460     
  0.83348378843190718     
  0.86554085721774976     
  0.89759792600359234     
  0.92965499478943492     
  0.96171206357527750     
  0.99376913236112008     
   1.0258262011469628     
   1.0578832699328053     
   1.0899403387186479     
   1.1219974075044905     
   1.1540544762903331     
   1.1861115450761757     
   1.2181686138620182     
   1.2502256826478608     
   1.2822827514337034     
   1.3143398202195460     
   1.3463968890053886     
   1.3784539577912311     
   1.4105110265770737     
   1.4425680953629163     
   1.4746251641487589     
   1.5066822329346015     
   1.5387393017204440     
   1.5707963705062866     
   0.0000000000000000     
   3.2057068785842587E-002
   6.4114137571685173E-002
   9.6171206357527753E-002
  0.12822827514337035     
  0.16028534392921293     
  0.19234241271505551     
  0.22439948150089808     
  0.25645655028674069     
  0.28851361907258327     
  0.32057068785842585     
  0.35262775664426843     
  0.38468482543011101     
  0.41674189421595359     
  0.44879896300179617     
  0.48085603178763875     
  0.51291310057348138     
  0.54497016935932396     
  0.57702723814516654     
  0.60908430693100912     
  0.64114137571685170     
  0.67319844450269428     
  0.70525551328853686     
  0.73731258207437944     
  0.76936965086022202     
  0.80142671964606460     
  0.83348378843190718     
  0.86554085721774976     
  0.89759792600359234     
  0.92965499478943492     
  0.96171206357527750     
  0.99376913236112008     
   1.0258262011469628     
   1.0578832699328053     
   1.0899403387186479     
   1.1219974075044905     
   1.1540544762903331     
   1.1861115450761757     
   1.2181686138620182     
   1.2502256826478608     
   1.2822827514337034     
   1.3143398202195460     
   1.3463968890053886     
   1.3784539577912311     
   1.4105110265770737     
   1.4425680953629163     
   1.4746251641487589     
   1.5066822329346015     
   1.5387393017204440     
   1.5707963705062866     
   0.0000000000000000     
   3.2057068785842587E-002
   6.4114137571685173E-002
   9.6171206357527753E-002
  0.12822827514337035     
  0.16028534392921293     
  0.19234241271505551     
  0.22439948150089808     
  0.25645655028674069     
  0.28851361907258327     
  0.32057068785842585     
  0.35262775664426843     
  0.38468482543011101     
  0.41674189421595359     
  0.44879896300179617     
  0.48085603178763875     
  0.51291310057348138     
  0.54497016935932396     
  0.57702723814516654     
  0.60908430693100912     
  0.64114137571685170     
  0.67319844450269428     
  0.70525551328853686     
  0.73731258207437944     
  0.76936965086022202     
  0.80142671964606460     
  0.83348378843190718     
  0.86554085721774976     
  0.89759792600359234     
  0.92965499478943492     
  0.96171206357527750     
  0.99376913236112008     
   1.0258262011469628     
   1.0578832699328053     
   1.0899403387186479     
   1.1219974075044905     
   1.1540544762903331     
   1.1861115450761757     
   1.2181686138620182     
   1.2502256826478608     
   1.2822827514337034     
   1.3143398202195460     
   1.3463968890053886     
   1.3784539577912311     
   1.4105110265770737     
   1.4425680953629163     
   1.4746251641487589     
   1.5066822329346015     
   1.5387393017204440     
   1.5707963705062866     
   0.0000000000000000     
   3.2057068785842587E-002
   6.4114137571685173E-002
   9.6171206357527753E-002
  0.12822827514337035     
  0.16028534392921293     
  0.19234241271505551     
  0.22439948150089808     
  0.25645655028674069     
  0.28851361907258327     
  0.32057068785842585     
  0.35262775664426843     
  0.38468482543011101     
  0.41674189421595359     
  0.44879896300179617     
  0.48085603178763875     
  0.51291310057348138     
  0.54497016935932396     
  0.57702723814516654     
  0.60908430693100912     
  0.64114137571685170     
  0.67319844450269428     
  0.70525551328853686     
  0.73731258207437944     
  0.76936965086022202     
  0.80142671964606460     
  0.83348378843190718     
  0.86554085721774976     
  0.89759792600359234     
  0.92965499478943492     
  0.96171206357527750     
  0.99376913236112008     
   1.0258262011469628     
   1.0578832699328053     
   1.0899403387186479     
   1.1219974075044905     
   1.1540544762903331     
   1.1861115450761757     
   1.2181686138620182     
   1.2502256826478608     
   1.2822827514337034     
   1.3143398202195460     
   1.3463968890053886     
   1.3784539577912311     
   1.4105110265770737     
   1.4425680953629163     
   1.4746251641487589     
   1.5066822329346015     
   1.5387393017204440     
   1.5707963705062866     
   0.0000000000000000     
   3.2057068785842587E-002
   6.4114137571685173E-002
   9.6171206357527753E-002
  0.12822827514337035     
  0.16028534392921293     
  0.19234241271505551     
  0.22439948150089808     
  0.25645655028674069     
  0.28851361907258327     
  0.32057068785842585     
  0.35262775664426843     
  0.38468482543011101     
  0.41674189421595359     
  0.44879896300179617     
  0.48085603178763875     
  0.51291310057348138     
  0.54497016935932396     
  0.57702723814516654     
  0.60908430693100912     
  0.64114137571685170     
  0.67319844450269428     
  0.70525551328853686     
  0.73731258207437944     
  0.76936965086022202     
  0.80142671964606460     
  0.83348378843190718     
  0.86554085721774976     
  0.89759792600359234     
  0.92965499478943492     
  0.96171206357527750     
  0.99376913236112008     
   1.0258262011469628     
   1.0578832699328053     
   1.0899403387186479     
   1.1219974075044905     
   1.1540544762903331     
   1.1861115450761757     
   1.2181686138620182     
   1.2502256826478608     
   1.2822827514337034     
   1.3143398202195460     
   1.3463968890053886     
   1.3784539577912311     
   1.4105110265770737     
   1.4425680953629163     
   1.4746251641487589     
   1.5066822329346015     
   1.5387393017204440     
   1.5707963705062866     
   0.0000000000000000     
   3.2057068785842587E-002
   6.4114137571685173E-002
   9.6171206357527753E-002
  0.12822827514337035     
  0.16028534392921293     
  0.19234241271505551     
  0.22439948150089808     
  0.25645655028674069     
  0.28851361907258327     
  0.32057068785842585     
  0.35262775664426843     
  0.38468482543011101     
  0.41674189421595359     
  0.44879896300179617     
  0.48085603178763875     
  0.51291310057348138     
  0.54497016935932396     
  0.57702723814516654     
  0.60908430693100912     
  0.64114137571685170     
  0.67319844450269428     
  0.70525551328853686     
  0.73731258207437944     
  0.76936965086022202     
  0.80142671964606460     
  0.83348378843190718     
  0.86554085721774976     
  0.89759792600359234     
  0.92965499478943492     
  0.96171206357527750     
  0.99376913236112008     
   1.0258262011469628     
   1.0578832699328053     
   1.0899403387186479     
   1.1219974075044905     
   1.1540544762903331     
   1.1861115450761757     
   1.2181686138620182     
   1.2502256826478608     
   1.2822827514337034     
   1.3143398202195460     
   1.3463968890053886     
   1.3784539577912311     
   1.4105110265770737     
   1.4425680953629163     
   1.4746251641487589     
   1.5066822329346015     
   1.5387393017204440     
   1.5707963705062866     
   0.0000000000000000     
   3.2057068785842587E-002
   6.4114137571685173E-002
   9.6171206357527753E-002
  0.12822827514337035     
  0.16028534392921293     
  0.19234241271505551     
  0.22439948150089808     
  0.25645655028674069     
  0.28851361907258327     
  0.32057068785842585     
  0.35262775664426843     
  0.38468482543011101     
  0.41674189421595359     
  0.44879896300179617     
  0.48085603178763875     
  0.51291310057348138     
  0.54497016935932396     
  0.57702723814516654     
  0.60908430693100912     
  0.64114137571685170     
  0.67319844450269428     
  0.70525551328853686     
  0.73731258207437944     
  0.76936965086022202     
  0.80142671964606460     
  0.83348378843190718     
  0.86554085721774976     
  0.89759792600359234     
  0.92965499478943492     
  0.96171206357527750     
  0.99376913236112008     
   1.0258262011469628     
   1.0578832699328053     
   1.0899403387186479     
   1.1219974075044905     
   1.1540544762903331     
   1.1861115450761757     
   1.2181686138620182     
   1.2502256826478608     
   1.2822827514337034     
   1.3143398202195460     
   1.3463968890053886     
   1.3784539577912311     
   1.4105110265770737     
   1.4425680953629163     
   1.4746251641487589     
   1.5066822329346015     
   1.5387393017204440     
   1.5707963705062866     
   0.0000000000000000     
   3.2057068785842587E-002
   6.4114137571685173E-002
   9.6171206357527753E-002
  0.12822827514337035     
  0.16028534392921293     
  0.19234241271505551     
  0.22439948150089808     
  0.25645655028674069     
  0.28851361907258327     
  0.32057068785842585     
  0.35262775664426843     
  0.38468482543011101     
  0.41674189421595359     
  0.44879896300179617     
  0.48085603178763875     
  0.51291310057348138     
  0.54497016935932396     
  0.57702723814516654     
  0.60908430693100912     
  0.64114137571685170     
  0.67319844450269428     
  0.70525551328853686     
  0.73731258207437944     
  0.76936965086022202     
  0.80142671964606460     
  0.83348378843190718     
  0.86554085721774976     
  0.89759792600359234     
  0.92965499478943492     
  0.96171206357527750     
  0.99376913236112008     
   1.0258262011469628     
   1.0578832699328053     
   1.0899403387186479     
   1.1219974075044905     
   1.1540544762903331     
   1.1861115450761757     
   1.2181686138620182     
   1.2502256826478608     
   1.2822827514337034     
   1.3143398202195460     
   1.3463968890053886     
   1.3784539577912311     
   1.4105110265770737     
   1.4425680953629163     
   1.4746251641487589     
   1.5066822329346015     
   1.5387393017204440     
   1.5707963705062866     
   0.0000000000000000     
   3.2057068785842587E-002
   6.4114137571685173E-002
   9.6171206357527753E-002
  0.12822827514337035     
  0.16028534392921293     
  0.19234241271505551     
  0.22439948150089808     
  0.25645655028674069     
  0.28851361907258327     
  0.32057068785842585     
  0.35262775664426843     
  0.38468482543011101     
  0.41674189421595359     
  0.44879896300179617     
  0.48085603178763875     
  0.51291310057348138     
  0.54497016935932396     
  0.57702723814516654     
  0.60908430693100912     
  0.64114137571685170     
  0.67319844450269428     
  0.70525551328853686     
  0.73731258207437944     
  0.76936965086022202     
  0.80142671964606460     
  0.83348378843190718     
  0.86554085721774976     
  0.89759792600359234     
  0.92965499478943492     
  0.96171206357527750     
  0.99376913236112008     
   1.0258262011469628     
   1.0578832699328053     
   1.0899403387186479     
   1.1219974075044905     
   1.1540544762903331     
   1.1861115450761757     
   1.2181686138620182     
   1.2502256826478608     
   1.2822827514337034     
   1.3143398202195460     
   1.3463968890053886     
   1.3784539577912311     
   1.4105110265770737     
   1.4425680953629163     
   1.4746251641487589     
   1.5066822329346015     
   1.5387393017204440     
   1.5707963705062866     
   0.0000000000000000     
   3.2057068785842587E-002
   6.4114137571685173E-002
   9.6171206357527753E-002
  0.12822827514337035     
  0.16028534392921293     
  0.19234241271505551     
  0.22439948150089808     
  0.25645655028674069     
  0.28851361907258327     
  0.32057068785842585     
  0.35262775664426843     
  0.38468482543011101     
  0.41674189421595359     
  0.44879896300179617     
  0.48085603178763875     
  0.51291310057348138     
  0.54497016935932396     
  0.57702723814516654     
  0.60908430693100912     
  0.64114137571685170     
  0.67319844450269428     
  0.70525551328853686     
  0.73731258207437944     
  0.76936965086022202     
  0.80142671964606460     
  0.83348378843190718     
  0.86554085721774976     
  0.89759792600359234     
  0.92965499478943492     
  0.96171206357527750     
  0.99376913236112008     
   1.0258262011469628     
   1.0578832699328053     
   1.0899403387186479     
   1.1219974075044905     
   1.1540544762903331     
   1.1861115450761757     
   1.2181686138620182     
   1.2502256826478608     
   1.2822827514337034     
   1.3143398202195460     
   1.3463968890053886     
   1.3784539577912311     
   1.4105110265770737     
   1.4425680953629163     
   1.4746251641487589     
   1.5066822329346015     
   1.5387393017204440     
   1.5707963705062866     
   0.0000000000000000     
   3.2057068785842587E-002
   6.4114137571685173E-002
   9.6171206357527753E-002
  0.12822827514337035     
  0.16028534392921293     
  0.19234241271505551     
  0.22439948150089808     
  0.25645655028674069     
  0.28851361907258327     
  0.32057068785842585     
  0.35262775664426843     
  0.38468482543011101     
  0.41674189421595359     
  0.44879896300179617     
  0.48085603178763875     
  0.51291310057348138     
  0.54497016935932396     
  0.57702723814516654     
  0.60908430693100912     
  0.64114137571685170     
  0.67319844450269428     
  0.70525551328853686     
  0.73731258207437944     
  0.76936965086022202     
  0.80142671964606460     
  0.83348378843190718     
  0.86554085721774976     
  0.89759792600359234     
  0.92965499478943492     
  0.96171206357527750     
  0.99376913236112008     
   1.0258262011469628     
   1.0578832699328053     
   1.0899403387186479     
   1.1219974075044905     
   1.1540544762903331     
   1.1861115450761757     
   1.2181686138620182     
   1.2502256826478608     
   1.2822827514337034     
   1.3143398202195460     
   1.3463968890053886     
   1.3784539577912311     
   1.4105110265770737     
   1.4425680953629163     
   1.4746251641487589     
   1.5066822329346015     
   1.5387393017204440     
   1.5707963705062866     
   0.0000000000000000     
   3.2057068785842587E-002
   6.4114137571685173E-002
   9.6171206357527753E-002
  0.12822827514337035     
  0.16028534392921293     
  0.19234241271505551     
  0.22439948150089808     
  0.25645655028674069     
  0.28851361907258327     
  0.32057068785842585     
  0.35262775664426843     
  0.38468482543011101     
  0.41674189421595359     
  0.44879896300179617     
  0.48085603178763875     
  0.51291310057348138     
  0.54497016935932396     
  0.57702723814516654     
  0.60908430693100912     
  0.64114137571685170     
  0.67319844450269428     
  0.70525551328853686     
  0.73731258207437944     
  0.76936965086022202     
  0.80142671964606460     
  0.83348378843190718     
  0.86554085721774976     
  0.89759792600359234     
  0.92965499478943492     
  0.96171206357527750     
  0.99376913236112008     
   1.0258262011469628     
   1.0578832699328053     
   1.0899403387186479     
   1.1219974075044905     
   1.1540544762903331     
   1.1861115450761757     
   1.2181686138620182     
   1.2502256826478608     
   1.2822827514337034     
   1.3143398202195460     
   1.3463968890053886     
   1.3784539577912311     
   1.4105110265770737     
   1.4425680953629163     
   1.4746251641487589     
   1.5066822329346015     
   1.5387393017204440     
   1.5707963705062866     
   0.0000000000000000     
   3.2057068785842587E-002
   6.4114137571685173E-002
   9.6171206357527753E-002
  0.12822827514337035     
  0.16028534392921293     
  0.19234241271505551     
  0.22439948150089808     
  0.25645655028674069     
  0.28851361907258327     
  0.32057068785842585     
  0.35262775664426843     
  0.38468482543011101     
  0.41674189421595359     
  0.44879896300179617     
  0.48085603178763875     
  0.51291310057348138     
  0.54497016935932396     
  0.57702723814516654     
  0.60908430693100912     
  0.64114137571685170     
  0.67319844450269428     
  0.70525551328853686     
  0.73731258207437944     
  0.76936965086022202     
  0.80142671964606460     
  0.83348378843190718     
  0.86554085721774976     
  0.89759792600359234     
  0.92965499478943492     
  0.96171206357527750     
  0.99376913236112008     
   1.0258262011469628     
   1.0578832699328053     
   1.0899403387186479     
   1.1219974075044905     
   1.1540544762903331     
   1.1861115450761757     
   1.2181686138620182     
   1.2502256826478608     
   1.2822827514337034     
   1.3143398202195460     
   1.3463968890053886     
   1.3784539577912311     
   1.4105110265770737     
   1.4425680953629163     
   1.4746251641487589     
   1.5066822329346015     
   1.5387393017204440     
   1.5707963705062866     
   0.0000000000000000     
   3.2057068785842587E-002
   6.4114137571685173E-002
   9.6171206357527753E-002
  0.12822827514337035     
  0.16028534392921293     
  0.19234241271505551     
  0.22439948150089808     
  0.25645655028674069     
  0.28851361907258327     
  0.32057068785842585     
  0.35262775664426843     
  0.38468482543011101     
  0.41674189421595359     
  0.44879896300179617     
  0.48085603178763875     
  0.51291310057348138     
  0.54497016935932396     
  0.57702723814516654     
  0.60908430693100912     
  0.64114137571685170     
  0.67319844450269428     
  0.70525551328853686     
  0.73731258207437944     
  0.76936965086022202     
  0.80142671964606460     
  0.83348378843190718     
  0.86554085721774976     
  0.89759792600359234     
  0.92965499478943492     
  0.96171206357527750     
  0.99376913236112008     
   1.0258262011469628     
   1.0578832699328053     
   1.0899403387186479     
   1.1219974075044905     
   1.1540544762903331     
   1.1861115450761757     
   1.2181686138620182     
   1.2502256826478608     
   1.2822827514337034     
   1.3143398202195460     
   1.3463968890053886     
   1.3784539577912311     
   1.4105110265770737     
   1.4425680953629163     
   1.4746251641487589     
   1.5066822329346015     
   1.5387393017204440     
   1.5707963705062866     
   0.0000000000000000     
   3.2057068785842587E-002
   6.4114137571685173E-002
   9.6171206357527753E-002
  0.12822827514337035     
  0.16028534392921293     
  0.19234241271505551     
  0.22439948150089808     
  0.25645655028674069     
  0.28851361907258327     
  0.32057068785842585     
  0.35262775664426843     
  0.38468482543011101     
  0.41674189421595359     
  0.44879896300179617     
  0.48085603178763875     
  0.51291310057348138     
  0.54497016935932396     
  0.57702723814516654     
  0.60908430693100912     
  0.64114137571685170     
  0.67319844450269428     
  0.70525551328853686     
  0.73731258207437944     
  0.76936965086022202     
  0.80142671964606460     
  0.83348378843190718     
  0.86554085721774976     
  0.89759792600359234     
  0.92965499478943492     
  0.96171206357527750     
  0.99376913236112008     
   1.0258262011469628     
   1.0578832699328053     
   1.0899403387186479     
   1.1219974075044905     
   1.1540544762903331     
   1.1861115450761757     
   1.2181686138620182     
   1.2502256826478608     
   1.2822827514337034     
   1.3143398202195460     
   1.3463968890053886     
   1.3784539577912311     
   1.4105110265770737     
   1.4425680953629163     
   1.4746251641487589     
   1.5066822329346015     
   1.5387393017204440     
   1.5707963705062866     
   0.0000000000000000     
   3.2057068785842587E-002
   6.4114137571685173E-002
   9.6171206357527753E-002
  0.12822827514337035     
  0.16028534392921293     
  0.19234241271505551     
  0.22439948150089808     
  0.25645655028674069     
  0.28851361907258327     
  0.32057068785842585     
  0.35262775664426843     
  0.38468482543011101     
  0.41674189421595359     
  0.44879896300179617     
  0.48085603178763875     
  0.51291310057348138     
  0.54497016935932396     
  0.57702723814516654     
  0.60908430693100912     
  0.64114137571685170     
  0.67319844450269428     
  0.70525551328853686     
  0.73731258207437944     
  0.76936965086022202     
  0.80142671964606460     
  0.83348378843190718     
  0.86554085721774976     
  0.89759792600359234     
  0.92965499478943492     
  0.96171206357527750     
  0.99376913236112008     
   1.0258262011469628     
   1.0578832699328053     
   1.0899403387186479     
   1.1219974075044905     
   1.1540544762903331     
   1.1861115450761757     
   1.2181686138620182     
   1.2502256826478608     
   1.2822827514337034     
   1.3143398202195460     
   1.3463968890053886     
   1.3784539577912311     
   1.4105110265770737     
   1.4425680953629163     
   1.4746251641487589     
   1.5066822329346015     
   1.5387393017204440     
   1.5707963705062866     
   0.0000000000000000     
   3.2057068785842587E-002
   6.4114137571685173E-002
   9.6171206357527753E-002
  0.12822827514337035     
  0.16028534392921293     
  0.19234241271505551     
  0.22439948150089808     
  0.25645655028674069     
  0.28851361907258327     
  0.32057068785842585     
  0.35262775664426843     
  0.38468482543011101     
  0.41674189421595359     
  0.44879896300179617     
  0.48085603178763875     
  0.51291310057348138     
  0.54497016935932396     
  0.57702723814516654     
  0.60908430693100912     
  0.64114137571685170     
  0.67319844450269428     
  0.70525551328853686     
  0.73731258207437944     
  0.76936965086022202     
  0.80142671964606460     
  0.83348378843190718     
  0.86554085721774976     
  0.89759792600359234     
  0.92965499478943492     
  0.96171206357527750     
  0.99376913236112008     
   1.0258262011469628     
   1.0578832699328053     
   1.0899403387186479     
   1.1219974075044905     
   1.1540544762903331     
   1.1861115450761757     
   1.2181686138620182     
   1.2502256826478608     
   1.2822827514337034     
   1.3143398202195460     
   1.3463968890053886     
   1.3784539577912311     
   1.4105110265770737     
   1.4425680953629163     
   1.4746251641487589     
   1.5066822329346015     
   1.5387393017204440     
   1.5707963705062866     
   0.0000000000000000     
   3.2057068785842587E-002
   6.4114137571685173E-002
   9.6171206357527753E-002
  0.12822827514337035     
  0.16028534392921293     
  0.19234241271505551     
  0.22439948150089808     
  0.25645655028674069     
  0.28851361907258327     
  0.32057068785842585     
  0.35262775664426843     
  0.38468482543011101     
  0.41674189421595359     
  0.44879896300179617     
  0.48085603178763875     
  0.51291310057348138     
  0.54497016935932396     
  0.57702723814516654     
  0.60908430693100912     
  0.64114137571685170     
  0.67319844450269428     
  0.70525551328853686     
  0.73731258207437944     
  0.76936965086022202     
  0.80142671964606460     
  0.83348378843190718     
  0.86554085721774976     
  0.89759792600359234     
  0.92965499478943492     
  0.96171206357527750     
  0.99376913236112008     
   1.0258262011469628     
   1.0578832699328053     
   1.0899403387186479     
   1.1219974075044905     
   1.1540544762903331     
   1.1861115450761757     
   1.2181686138620182     
   1.2502256826478608     
   1.2822827514337034     
   1.3143398202195460     
   1.3463968890053886     
   1.3784539577912311     
   1.4105110265770737     
   1.4425680953629163     
   1.4746251641487589     
   1.5066822329346015     
   1.5387393017204440     
   1.5707963705062866     
   0.0000000000000000     
   3.2057068785842587E-002
   6.4114137571685173E-002
   9.6171206357527753E-002
  0.12822827514337035     
  0.16028534392921293     
  0.19234241271505551     
  0.22439948150089808     
  0.25645655028674069     
  0.28851361907258327     
  0.32057068785842585     
  0.35262775664426843     
  0.38468482543011101     
  0.41674189421595359     
  0.44879896300179617     
  0.48085603178763875     
  0.51291310057348138     
  0.54497016935932396     
  0.57702723814516654     
  0.60908430693100912     
  0.64114137571685170     
  0.67319844450269428     
  0.70525551328853686     
  0.73731258207437944     
  0.76936965086022202     
  0.80142671964606460     
  0.83348378843190718     
  0.86554085721774976     
  0.89759792600359234     
  0.92965499478943492     
  0.96171206357527750     
  0.99376913236112008     
   1.0258262011469628     
   1.0578832699328053     
   1.0899403387186479     
   1.1219974075044905     
   1.1540544762903331     
   1.1861115450761757     
   1.2181686138620182     
   1.2502256826478608     
   1.2822827514337034     
   1.3143398202195460     
   1.3463968890053886     
   1.3784539577912311     
   1.4105110265770737     
   1.4425680953629163     
   1.4746251641487589     
   1.5066822329346015     
   1.5387393017204440     
   1.5707963705062866     
   0.0000000000000000     
   3.2057068785842587E-002
   6.4114137571685173E-002
   9.6171206357527753E-002
  0.12822827514337035     
  0.16028534392921293     
  0.19234241271505551     
  0.22439948150089808     
  0.25645655028674069     
  0.28851361907258327     
  0.32057068785842585     
  0.35262775664426843     
  0.38468482543011101     
  0.41674189421595359     
  0.44879896300179617     
  0.48085603178763875     
  0.51291310057348138     
  0.54497016935932396     
  0.57702723814516654     
  0.60908430693100912     
  0.64114137571685170     
  0.67319844450269428     
  0.70525551328853686     
  0.73731258207437944     
  0.76936965086022202     
  0.80142671964606460     
  0.83348378843190718     
  0.86554085721774976     
  0.89759792600359234     
  0.92965499478943492     
  0.96171206357527750     
  0.99376913236112008     
   1.0258262011469628     
   1.0578832699328053     
   1.0899403387186479     
   1.1219974075044905     
   1.1540544762903331     
   1.1861115450761757     
   1.2181686138620182     
   1.2502256826478608     
   1.2822827514337034     
   1.3143398202195460     
   1.3463968890053886     
   1.3784539577912311     
   1.4105110265770737     
   1.4425680953629163     
   1.4746251641487589     
   1.5066822329346015     
   1.5387393017204440     
   1.5707963705062866     
   0.0000000000000000     
   3.2057068785842587E-002
   6.4114137571685173E-002
   9.6171206357527753E-002
  0.12822827514337035     
  0.16028534392921293     
  0.19234241271505551     
  0.22439948150089808     
  0.25645655028674069     
  0.28851361907258327     
  0.32057068785842585     
  0.35262775664426843     
  0.38468482543011101     
  0.41674189421595359     
  0.44879896300179617     
  0.48085603178763875     
  0.51291310057348138     
  0.54497016935932396     
  0.57702723814516654     
  0.60908430693100912     
  0.64114137571685170     
  0.67319844450269428     
  0.70525551328853686     
  0.73731258207437944     
  0.76936965086022202     
  0.80142671964606460     
  0.83348378843190718     
  0.86554085721774976     
  0.89759792600359234     
  0.92965499478943492     
  0.96171206357527750     
  0.99376913236112008     
   1.0258262011469628     
   1.0578832699328053     
   1.0899403387186479     
   1.1219974075044905     
   1.1540544762903331     
   1.1861115450761757     
   1.2181686138620182     
   1.2502256826478608     
   1.2822827514337034     
   1.3143398202195460     
   1.3463968890053886     
   1.3784539577912311     
   1.4105110265770737     
   1.4425680953629163     
   1.4746251641487589     
   1.5066822329346015     
   1.5387393017204440     
   1.5707963705062866     
   0.0000000000000000     
   3.2057068785842587E-002
   6.4114137571685173E-002
   9.6171206357527753E-002
  0.12822827514337035     
  0.16028534392921293     
  0.19234241271505551     
  0.22439948150089808     
  0.25645655028674069     
  0.28851361907258327     
  0.32057068785842585     
  0.35262775664426843     
  0.38468482543011101     
  0.41674189421595359     
  0.44879896300179617     
  0.48085603178763875     
  0.51291310057348138     
  0.54497016935932396     
  0.57702723814516654     
  0.60908430693100912     
  0.64114137571685170     
  0.67319844450269428     
  0.70525551328853686     
  0.73731258207437944     
  0.76936965086022202     
  0.80142671964606460     
  0.83348378843190718     
  0.86554085721774976     
  0.89759792600359234     
  0.92965499478943492     
  0.96171206357527750     
  0.99376913236112008     
   1.0258262011469628     
   1.0578832699328053     
   1.0899403387186479     
   1.1219974075044905     
   1.1540544762903331     
   1.1861115450761757     
   1.2181686138620182     
   1.2502256826478608     
   1.2822827514337034     
   1.3143398202195460     
   1.3463968890053886     
   1.3784539577912311     
   1.4105110265770737     
   1.4425680953629163     
   1.4746251641487589     
   1.5066822329346015     
   1.5387393017204440     
   1.5707963705062866     
   0.0000000000000000     
   3.2057068785842587E-002
   6.4114137571685173E-002
   9.6171206357527753E-002
  0.12822827514337035     
  0.16028534392921293     
  0.19234241271505551     
  0.22439948150089808     
  0.25645655028674069     
  0.28851361907258327     
  0.32057068785842585     
  0.35262775664426843     
  0.38468482543011101     
  0.41674189421595359     
  0.44879896300179617     
  0.48085603178763875     
  0.51291310057348138     
  0.54497016935932396     
  0.57702723814516654     
  0.60908430693100912     
  0.64114137571685170     
  0.67319844450269428     
  0.70525551328853686     
  0.73731258207437944     
  0.76936965086022202     
  0.80142671964606460     
  0.83348378843190718     
  0.86554085721774976     
  0.89759792600359234     
  0.92965499478943492     
  0.96171206357527750     
  0.99376913236112008     
   1.0258262011469628     
   1.0578832699328053     
   1.0899403387186479     
   1.1219974075044905     
   1.1540544762903331     
   1.1861115450761757     
   1.2181686138620182     
   1.2502256826478608     
   1.2822827514337034     
   1.3143398202195460     
   1.3463968890053886     
   1.3784539577912311     
   1.4105110265770737     
   1.4425680953629163     
   1.4746251641487589     
   1.5066822329346015     
   1.5387393017204440     
   1.5707963705062866     
   0.0000000000000000     
   3.2057068785842587E-002
   6.4114137571685173E-002
   9.6171206357527753E-002
  0.12822827514337035     
  0.16028534392921293     
  0.19234241271505551     
  0.22439948150089808     
  0.25645655028674069     
  0.28851361907258327     
  0.32057068785842585     
  0.35262775664426843     
  0.38468482543011101     
  0.41674189421595359     
  0.44879896300179617     
  0.48085603178763875     
  0.51291310057348138     
  0.54497016935932396     
  0.57702723814516654     
  0.60908430693100912     
  0.64114137571685170     
  0.67319844450269428     
  0.70525551328853686     
  0.73731258207437944     
  0.76936965086022202     
  0.80142671964606460     
  0.83348378843190718     
  0.86554085721774976     
  0.89759792600359234     
  0.92965499478943492     
  0.96171206357527750     
  0.99376913236112008     
   1.0258262011469628     
   1.0578832699328053     
   1.0899403387186479     
   1.1219974075044905     
   1.1540544762903331     
   1.1861115450761757     
   1.2181686138620182     
   1.2502256826478608     
   1.2822827514337034     
   1.3143398202195460     
   1.3463968890053886     
   1.3784539577912311     
   1.4105110265770737     
   1.4425680953629163     
   1.4746251641487589     
   1.5066822329346015     
   1.5387393017204440     
   1.5707963705062866     
   0.0000000000000000     
   3.2057068785842587E-002
   6.4114137571685173E-002
   9.6171206357527753E-002
  0.12822827514337035     
  0.16028534392921293     
  0.19234241271505551     
  0.22439948150089808     
  0.25645655028674069     
  0.28851361907258327     
  0.32057068785842585     
  0.35262775664426843     
  0.38468482543011101     
  0.41674189421595359     
  0.44879896300179617     
  0.48085603178763875     
  0.51291310057348138     
  0.54497016935932396     
  0.57702723814516654     
  0.60908430693100912     
  0.64114137571685170     
  0.67319844450269428     
  0.70525551328853686     
  0.73731258207437944     
  0.76936965086022202     
  0.80142671964606460     
  0.83348378843190718     
  0.86554085721774976     
  0.89759792600359234     
  0.92965499478943492     
  0.96171206357527750     
  0.99376913236112008     
   1.0258262011469628     
   1.0578832699328053     
   1.0899403387186479     
   1.1219974075044905     
   1.1540544762903331     
   1.1861115450761757     
   1.2181686138620182     
   1.2502256826478608     
   1.2822827514337034     
   1.3143398202195460     
   1.3463968890053886     
   1.3784539577912311     
   1.4105110265770737     
   1.4425680953629163     
   1.4746251641487589     
   1.5066822329346015     
   1.5387393017204440     
   1.5707963705062866     
   0.0000000000000000     
   3.2057068785842587E-002
   6.4114137571685173E-002
   9.6171206357527753E-002
  0.12822827514337035     
  0.16028534392921293     
  0.19234241271505551     
  0.22439948150089808     
  0.25645655028674069     
  0.28851361907258327     
  0.32057068785842585     
  0.35262775664426843     
  0.38468482543011101     
  0.41674189421595359     
  0.44879896300179617     
  0.48085603178763875     
  0.51291310057348138     
  0.54497016935932396     
  0.57702723814516654     
  0.60908430693100912     
  0.64114137571685170     
  0.67319844450269428     
  0.70525551328853686     
  0.73731258207437944     
  0.76936965086022202     
  0.80142671964606460     
  0.83348378843190718     
  0.86554085721774976     
  0.89759792600359234     
  0.92965499478943492     
  0.96171206357527750     
  0.99376913236112008     
   1.0258262011469628     
   1.0578832699328053     
   1.0899403387186479     
   1.1219974075044905     
   1.1540544762903331     
   1.1861115450761757     
   1.2181686138620182     
   1.2502256826478608     
   1.2822827514337034     
   1.3143398202195460     
   1.3463968890053886     
   1.3784539577912311     
   1.4105110265770737     
   1.4425680953629163     
   1.4746251641487589     
   1.5066822329346015     
   1.5387393017204440     
   1.5707963705062866     
   0.0000000000000000     
   3.2057068785842587E-002
   6.4114137571685173E-002
   9.6171206357527753E-002
  0.12822827514337035     
  0.16028534392921293     
  0.19234241271505551     
  0.22439948150089808     
  0.25645655028674069     
  0.28851361907258327     
  0.32057068785842585     
  0.35262775664426843     
  0.38468482543011101     
  0.41674189421595359     
  0.44879896300179617     
  0.48085603178763875     
  0.51291310057348138     
  0.54497016935932396     
  0.57702723814516654     
  0.60908430693100912     
  0.64114137571685170     
  0.67319844450269428     
  0.70525551328853686     
  0.73731258207437944     
  0.76936965086022202     
  0.80142671964606460     
  0.83348378843190718     
  0.86554085721774976     
  0.89759792600359234     
  0.92965499478943492     
  0.96171206357527750     
  0.99376913236112008     
   1.0258262011469628     
   1.0578832699328053     
   1.0899403387186479     
   1.1219974075044905     
   1.1540544762903331     
   1.1861115450761757     
   1.2181686138620182     
   1.2502256826478608     
   1.2822827514337034     
   1.3143398202195460     
   1.3463968890053886     
   1.3784539577912311     
   1.4105110265770737     
   1.4425680953629163     
   1.4746251641487589     
   1.5066822329346015     
   1.5387393017204440     
   1.5707963705062866     
   0.0000000000000000     
   3.2057068785842587E-002
   6.4114137571685173E-002
   9.6171206357527753E-002
  0.12822827514337035     
  0.16028534392921293     
  0.19234241271505551     
  0.22439948150089808     
  0.25645655028674069     
  0.28851361907258327     
  0.32057068785842585     
  0.35262775664426843     
  0.38468482543011101     
  0.41674189421595359     
  0.44879896300179617     
  0.48085603178763875     
  0.51291310057348138     
  0.54497016935932396     
  0.57702723814516654     
  0.60908430693100912     
  0.64114137571685170     
  0.67319844450269428     
  0.70525551328853686     
  0.73731258207437944     
  0.76936965086022202     
  0.80142671964606460     
  0.83348378843190718     
  0.86554085721774976     
  0.89759792600359234     
  0.92965499478943492     
  0.96171206357527750     
  0.99376913236112008     
   1.0258262011469628     
   1.0578832699328053     
   1.0899403387186479     
   1.1219974075044905     
   1.1540544762903331     
   1.1861115450761757     
   1.2181686138620182     
   1.2502256826478608     
   1.2822827514337034     
   1.3143398202195460     
   1.3463968890053886     
   1.3784539577912311     
   1.4105110265770737     
   1.4425680953629163     
   1.4746251641487589     
   1.5066822329346015     
   1.5387393017204440     
   1.5707963705062866     
   0.0000000000000000     
   3.2057068785842587E-002
   6.4114137571685173E-002
   9.6171206357527753E-002
  0.12822827514337035     
  0.16028534392921293     
  0.19234241271505551     
  0.22439948150089808     
  0.25645655028674069     
  0.28851361907258327     
  0.32057068785842585     
  0.35262775664426843     
  0.38468482543011101     
  0.41674189421595359     
  0.44879896300179617     
  0.48085603178763875     
  0.51291310057348138     
  0.54497016935932396     
  0.57702723814516654     
  0.60908430693100912     
  0.64114137571685170     
  0.67319844450269428     
  0.70525551328853686     
  0.73731258207437944     
  0.76936965086022202     
  0.80142671964606460     
  0.83348378843190718     
  0.86554085721774976     
  0.89759792600359234     
  0.92965499478943492     
  0.96171206357527750     
  0.99376913236112008     
   1.0258262011469628     
   1.0578832699328053     
   1.0899403387186479     
   1.1219974075044905     
   1.1540544762903331     
   1.1861115450761757     
   1.2181686138620182     
   1.2502256826478608     
   1.2822827514337034     
   1.3143398202195460     
   1.3463968890053886     
   1.3784539577912311     
   1.4105110265770737     
   1.4425680953629163     
   1.4746251641487589     
   1.5066822329346015     
   1.5387393017204440     
   1.5707963705062866     
   0.0000000000000000     
   3.2057068785842587E-002
   6.4114137571685173E-002
   9.6171206357527753E-002
  0.12822827514337035     
  0.16028534392921293     
  0.19234241271505551     
  0.22439948150089808     
  0.25645655028674069     
  0.28851361907258327     
  0.32057068785842585     
  0.35262775664426843     
  0.38468482543011101     
  0.41674189421595359     
  0.44879896300179617     
  0.48085603178763875     
  0.51291310057348138     
  0.54497016935932396     
  0.57702723814516654     
  0.60908430693100912     
  0.64114137571685170     
  0.67319844450269428     
  0.70525551328853686     
  0.73731258207437944     
  0.76936965086022202     
  0.80142671964606460     
  0.83348378843190718     
  0.86554085721774976     
  0.89759792600359234     
  0.92965499478943492     
  0.96171206357527750     
  0.99376913236112008     
   1.0258262011469628     
   1.0578832699328053     
   1.0899403387186479     
   1.1219974075044905     
   1.1540544762903331     
   1.1861115450761757     
   1.2181686138620182     
   1.2502256826478608     
   1.2822827514337034     
   1.3143398202195460     
   1.3463968890053886     
   1.3784539577912311     
   1.4105110265770737     
   1.4425680953629163     
   1.4746251641487589     
   1.5066822329346015     
   1.5387393017204440     
   1.5707963705062866     
   0.0000000000000000     
   3.2057068785842587E-002
   6.4114137571685173E-002
   9.6171206357527753E-002
  0.12822827514337035     
  0.16028534392921293     
  0.19234241271505551     
  0.22439948150089808     
  0.25645655028674069     
  0.28851361907258327     
  0.32057068785842585     
  0.35262775664426843     
  0.38468482543011101     
  0.41674189421595359     
  0.44879896300179617     
  0.48085603178763875     
  0.51291310057348138     
  0.54497016935932396     
  0.57702723814516654     
  0.60908430693100912     
  0.64114137571685170     
  0.67319844450269428     
  0.70525551328853686     
  0.73731258207437944     
  0.76936965086022202     
  0.80142671964606460     
  0.83348378843190718     
  0.86554085721774976     
  0.89759792600359234     
  0.92965499478943492     
  0.96171206357527750     
  0.99376913236112008     
   1.0258262011469628     
   1.0578832699328053     
   1.0899403387186479     
   1.1219974075044905     
   1.1540544762903331     
   1.1861115450761757     
   1.2181686138620182     
   1.2502256826478608     
   1.2822827514337034     
   1.3143398202195460     
   1.3463968890053886     
   1.3784539577912311     
   1.4105110265770737     
   1.4425680953629163     
   1.4746251641487589     
   1.5066822329346015     
   1.5387393017204440     
   1.5707963705062866     
   0.0000000000000000     
   3.2057068785842587E-002
   6.4114137571685173E-002
   9.6171206357527753E-002
  0.12822827514337035     
  0.16028534392921293     
  0.19234241271505551     
  0.22439948150089808     
  0.25645655028674069     
  0.28851361907258327     
  0.32057068785842585     
  0.35262775664426843     
  0.38468482543011101     
  0.41674189421595359     
  0.44879896300179617     
  0.48085603178763875     
  0.51291310057348138     
  0.54497016935932396     
  0.57702723814516654     
  0.60908430693100912     
  0.64114137571685170     
  0.67319844450269428     
  0.70525551328853686     
  0.73731258207437944     
  0.76936965086022202     
  0.80142671964606460     
  0.83348378843190718     
  0.86554085721774976     
  0.89759792600359234     
  0.92965499478943492     
  0.96171206357527750     
  0.99376913236112008     
   1.0258262011469628     
   1.0578832699328053     
   1.0899403387186479     
   1.1219974075044905     
   1.1540544762903331     
   1.1861115450761757     
   1.2181686138620182     
   1.2502256826478608     
   1.2822827514337034     
   1.3143398202195460     
   1.3463968890053886     
   1.3784539577912311     
   1.4105110265770737     
   1.4425680953629163     
   1.4746251641487589     
   1.5066822329346015     
   1.5387393017204440     
   1.5707963705062866     
   0.0000000000000000     
   3.2057068785842587E-002
   6.4114137571685173E-002
   9.6171206357527753E-002
  0.12822827514337035     
  0.16028534392921293     
  0.19234241271505551     
  0.22439948150089808     
  0.25645655028674069     
  0.28851361907258327     
  0.32057068785842585     
  0.35262775664426843     
  0.38468482543011101     
  0.41674189421595359     
  0.44879896300179617     
  0.48085603178763875     
  0.51291310057348138     
  0.54497016935932396     
  0.57702723814516654     
  0.60908430693100912     
  0.64114137571685170     
  0.67319844450269428     
  0.70525551328853686     
  0.73731258207437944     
  0.76936965086022202     
  0.80142671964606460     
  0.83348378843190718     
  0.86554085721774976     
  0.89759792600359234     
  0.92965499478943492     
  0.96171206357527750     
  0.99376913236112008     
   1.0258262011469628     
   1.0578832699328053     
   1.0899403387186479     
   1.1219974075044905     
   1.1540544762903331     
   1.1861115450761757     
   1.2181686138620182     
   1.2502256826478608     
   1.2822827514337034     
   1.3143398202195460     
   1.3463968890053886     
   1.3784539577912311     
   1.4105110265770737     
   1.4425680953629163     
   1.4746251641487589     
   1.5066822329346015     
   1.5387393017204440     
   1.5707963705062866     
   0.0000000000000000     
   3.2057068785842587E-002
   6.4114137571685173E-002
   9.6171206357527753E-002
  0.12822827514337035     
  0.16028534392921293     
  0.19234241271505551     
  0.22439948150089808     
  0.25645655028674069     
  0.28851361907258327     
  0.32057068785842585     
  0.35262775664426843     
  0.38468482543011101     
  0.41674189421595359     
  0.44879896300179617     
  0.48085603178763875     
  0.51291310057348138     
  0.54497016935932396     
  0.57702723814516654     
  0.60908430693100912     
  0.64114137571685170     
  0.67319844450269428     
  0.70525551328853686     
  0.73731258207437944     
  0.76936965086022202     
  0.80142671964606460     
  0.83348378843190718     
  0.86554085721774976     
  0.89759792600359234     
  0.92965499478943492     
  0.96171206357527750     
  0.99376913236112008     
   1.0258262011469628     
   1.0578832699328053     
   1.0899403387186479     
   1.1219974075044905     
   1.1540544762903331     
   1.1861115450761757     
   1.2181686138620182     
   1.2502256826478608     
   1.2822827514337034     
   1.3143398202195460     
   1.3463968890053886     
   1.3784539577912311     
   1.4105110265770737     
   1.4425680953629163     
   1.4746251641487589     
   1.5066822329346015     
   1.5387393017204440     
   1.5707963705062866     
   0.0000000000000000     
   3.2057068785842587E-002
   6.4114137571685173E-002
   9.6171206357527753E-002
  0.12822827514337035     
  0.16028534392921293     
  0.19234241271505551     
  0.22439948150089808     
  0.25645655028674069     
  0.28851361907258327     
  0.32057068785842585     
  0.35262775664426843     
  0.38468482543011101     
  0.41674189421595359     
  0.44879896300179617     
  0.48085603178763875     
  0.51291310057348138     
  0.54497016935932396     
  0.57702723814516654     
  0.60908430693100912     
  0.64114137571685170     
  0.67319844450269428     
  0.70525551328853686     
  0.73731258207437944     
  0.76936965086022202     
  0.80142671964606460     
  0.83348378843190718     
  0.86554085721774976     
  0.89759792600359234     
  0.92965499478943492     
  0.96171206357527750     
  0.99376913236112008     
   1.0258262011469628     
   1.0578832699328053     
   1.0899403387186479     
   1.1219974075044905     
   1.1540544762903331     
   1.1861115450761757     
   1.2181686138620182     
   1.2502256826478608     
   1.2822827514337034     
   1.3143398202195460     
   1.3463968890053886     
   1.3784539577912311     
   1.4105110265770737     
   1.4425680953629163     
   1.4746251641487589     
   1.5066822329346015     
   1.5387393017204440     
   1.5707963705062866     
   0.0000000000000000     
   3.2057068785842587E-002
   6.4114137571685173E-002
   9.6171206357527753E-002
  0.12822827514337035     
  0.16028534392921293     
  0.19234241271505551     
  0.22439948150089808     
  0.25645655028674069     
  0.28851361907258327     
  0.32057068785842585     
  0.35262775664426843     
  0.38468482543011101     
  0.41674189421595359     
  0.44879896300179617     
  0.48085603178763875     
  0.51291310057348138     
  0.54497016935932396     
  0.57702723814516654     
  0.60908430693100912     
  0.64114137571685170     
  0.67319844450269428     
  0.70525551328853686     
  0.73731258207437944     
  0.76936965086022202     
  0.80142671964606460     
  0.83348378843190718     
  0.86554085721774976     
  0.89759792600359234     
  0.92965499478943492     
  0.96171206357527750     
  0.99376913236112008     
   1.0258262011469628     
   1.0578832699328053     
   1.0899403387186479     
   1.1219974075044905     
   1.1540544762903331     
   1.1861115450761757     
   1.2181686138620182     
   1.2502256826478608     
   1.2822827514337034     
   1.3143398202195460     
   1.3463968890053886     
   1.3784539577912311     
   1.4105110265770737     
   1.4425680953629163     
   1.4746251641487589     
   1.5066822329346015     
   1.5387393017204440     
   1.5707963705062866     
   0.0000000000000000     
   3.2057068785842587E-002
   6.4114137571685173E-002
   9.6171206357527753E-002
  0.12822827514337035     
  0.16028534392921293     
  0.19234241271505551     
  0.22439948150089808     
  0.25645655028674069     
  0.28851361907258327     
  0.32057068785842585     
  0.35262775664426843     
  0.38468482543011101     
  0.41674189421595359     
  0.44879896300179617     
  0.48085603178763875     
  0.51291310057348138     
  0.54497016935932396     
  0.57702723814516654     
  0.60908430693100912     
  0.64114137571685170     
  0.67319844450269428     
  0.70525551328853686     
  0.73731258207437944     
  0.76936965086022202     
  0.80142671964606460     
  0.83348378843190718     
  0.86554085721774976     
  0.89759792600359234     
  0.92965499478943492     
  0.96171206357527750     
  0.99376913236112008     
   1.0258262011469628     
   1.0578832699328053     
   1.0899403387186479     
   1.1219974075044905     
   1.1540544762903331     
   1.1861115450761757     
   1.2181686138620182     
   1.2502256826478608     
   1.2822827514337034     
   1.3143398202195460     
   1.3463968890053886     
   1.3784539577912311     
   1.4105110265770737     
   1.4425680953629163     
   1.4746251641487589     
   1.5066822329346015     
   1.5387393017204440     
   1.5707963705062866     
   0.0000000000000000     
   3.2057068785842587E-002
   6.4114137571685173E-002
   9.6171206357527753E-002
  0.12822827514337035     
  0.16028534392921293     
  0.19234241271505551     
  0.22439948150089808     
  0.25645655028674069     
  0.28851361907258327     
  0.32057068785842585     
  0.35262775664426843     
  0.38468482543011101     
  0.41674189421595359     
  0.44879896300179617     
  0.48085603178763875     
  0.51291310057348138     
  0.54497016935932396     
  0.57702723814516654     
  0.60908430693100912     
  0.64114137571685170     
  0.67319844450269428     
  0.70525551328853686     
  0.73731258207437944     
  0.76936965086022202     
  0.80142671964606460     
  0.83348378843190718     
  0.86554085721774976     
  0.89759792600359234     
  0.92965499478943492     
  0.96171206357527750     
  0.99376913236112008     
   1.0258262011469628     
   1.0578832699328053     
   1.0899403387186479     
   1.1219974075044905     
   1.1540544762903331     
   1.1861115450761757     
   1.2181686138620182     
   1.2502256826478608     
   1.2822827514337034     
   1.3143398202195460     
   1.3463968890053886     
   1.3784539577912311     
   1.4105110265770737     
   1.4425680953629163     
   1.4746251641487589     
   1.5066822329346015     
   1.5387393017204440     
   1.5707963705062866     
   0.0000000000000000     
   3.2057068785842587E-002
   6.4114137571685173E-002
   9.6171206357527753E-002
  0.12822827514337035     
  0.16028534392921293     
  0.19234241271505551     
  0.22439948150089808     
  0.25645655028674069     
  0.28851361907258327     
  0.32057068785842585     
  0.35262775664426843     
  0.38468482543011101     
  0.41674189421595359     
  0.44879896300179617     
  0.48085603178763875     
  0.51291310057348138     
  0.54497016935932396     
  0.57702723814516654     
  0.60908430693100912     
  0.64114137571685170     
  0.67319844450269428     
  0.70525551328853686     
  0.73731258207437944     
  0.76936965086022202     
  0.80142671964606460     
  0.83348378843190718     
  0.86554085721774976     
  0.89759792600359234     
  0.92965499478943492     
  0.96171206357527750     
  0.99376913236112008     
   1.0258262011469628     
   1.0578832699328053     
   1.0899403387186479     
   1.1219974075044905     
   1.1540544762903331     
   1.1861115450761757     
   1.2181686138620182     
   1.2502256826478608     
   1.2822827514337034     
   1.3143398202195460     
   1.3463968890053886     
   1.3784539577912311     
   1.4105110265770737     
   1.4425680953629163     
   1.4746251641487589     
   1.5066822329346015     
   1.5387393017204440     
   1.5707963705062866     
   0.0000000000000000     
   3.2057068785842587E-002
   6.4114137571685173E-002
   9.6171206357527753E-002
  0.12822827514337035     
  0.16028534392921293     
  0.19234241271505551     
  0.22439948150089808     
  0.25645655028674069     
  0.28851361907258327     
  0.32057068785842585     
  0.35262775664426843     
  0.38468482543011101     
  0.41674189421595359     
  0.44879896300179617     
  0.48085603178763875     
  0.51291310057348138     
  0.54497016935932396     
  0.57702723814516654     
  0.60908430693100912     
  0.64114137571685170     
  0.67319844450269428     
  0.70525551328853686     
  0.73731258207437944     
  0.76936965086022202     
  0.80142671964606460     
  0.83348378843190718     
  0.86554085721774976     
  0.89759792600359234     
  0.92965499478943492     
  0.96171206357527750     
  0.99376913236112008     
   1.0258262011469628     
   1.0578832699328053     
   1.0899403387186479     
   1.1219974075044905     
   1.1540544762903331     
   1.1861115450761757     
   1.2181686138620182     
   1.2502256826478608     
   1.2822827514337034     
   1.3143398202195460     
   1.3463968890053886     
   1.3784539577912311     
   1.4105110265770737     
   1.4425680953629163     
   1.4746251641487589     
   1.5066822329346015     
   1.5387393017204440     
   1.5707963705062866     
   0.0000000000000000     
   3.2057068785842587E-002
   6.4114137571685173E-002
   9.6171206357527753E-002
  0.12822827514337035     
  0.16028534392921293     
  0.19234241271505551     
  0.22439948150089808     
  0.25645655028674069     
  0.28851361907258327     
  0.32057068785842585     
  0.35262775664426843     
  0.38468482543011101     
  0.41674189421595359     
  0.44879896300179617     
  0.48085603178763875     
  0.51291310057348138     
  0.54497016935932396     
  0.57702723814516654     
  0.60908430693100912     
  0.64114137571685170     
  0.67319844450269428     
  0.70525551328853686     
  0.73731258207437944     
  0.76936965086022202     
  0.80142671964606460     
  0.83348378843190718     
  0.86554085721774976     
  0.89759792600359234     
  0.92965499478943492     
  0.96171206357527750     
  0.99376913236112008     
   1.0258262011469628     
   1.0578832699328053     
   1.0899403387186479     
   1.1219974075044905     
   1.1540544762903331     
   1.1861115450761757     
   1.2181686138620182     
   1.2502256826478608     
   1.2822827514337034     
   1.3143398202195460     
   1.3463968890053886     
   1.3784539577912311     
   1.4105110265770737     
   1.4425680953629163     
   1.4746251641487589     
   1.5066822329346015     
   1.5387393017204440     
   1.5707963705062866     
   0.0000000000000000     
   3.2057068785842587E-002
   6.4114137571685173E-002
   9.6171206357527753E-002
  0.12822827514337035     
  0.16028534392921293     
  0.19234241271505551     
  0.22439948150089808     
  0.25645655028674069     
  0.28851361907258327     
  0.32057068785842585     
  0.35262775664426843     
  0.38468482543011101     
  0.41674189421595359     
  0.44879896300179617     
  0.48085603178763875     
  0.51291310057348138     
  0.54497016935932396     
  0.57702723814516654     
  0.60908430693100912     
  0.64114137571685170     
  0.67319844450269428     
  0.70525551328853686     
  0.73731258207437944     
  0.76936965086022202     
  0.80142671964606460     
  0.83348378843190718     
  0.86554085721774976     
  0.89759792600359234     
  0.92965499478943492     
  0.96171206357527750     
  0.99376913236112008     
   1.0258262011469628     
   1.0578832699328053     
   1.0899403387186479     
   1.1219974075044905     
   1.1540544762903331     
   1.1861115450761757     
   1.2181686138620182     
   1.2502256826478608     
   1.2822827514337034     
   1.3143398202195460     
   1.3463968890053886     
   1.3784539577912311     
   1.4105110265770737     
   1.4425680953629163     
   1.4746251641487589     
   1.5066822329346015     
   1.5387393017204440     
   1.5707963705062866     
   0.0000000000000000     
   3.2057068785842587E-002
   6.4114137571685173E-002
   9.6171206357527753E-002
  0.12822827514337035     
  0.16028534392921293     
  0.19234241271505551     
  0.22439948150089808     
  0.25645655028674069     
  0.28851361907258327     
  0.32057068785842585     
  0.35262775664426843     
  0.38468482543011101     
  0.41674189421595359     
  0.44879896300179617     
  0.48085603178763875     
  0.51291310057348138     
  0.54497016935932396     
  0.57702723814516654     
  0.60908430693100912     
  0.64114137571685170     
  0.67319844450269428     
  0.70525551328853686     
  0.73731258207437944     
  0.76936965086022202     
  0.80142671964606460     
  0.83348378843190718     
  0.86554085721774976     
  0.89759792600359234     
  0.92965499478943492     
  0.96171206357527750     
  0.99376913236112008     
   1.0258262011469628     
   1.0578832699328053     
   1.0899403387186479     
   1.1219974075044905     
   1.1540544762903331     
   1.1861115450761757     
   1.2181686138620182     
   1.2502256826478608     
   1.2822827514337034     
   1.3143398202195460     
   1.3463968890053886     
   1.3784539577912311     
   1.4105110265770737     
   1.4425680953629163     
   1.4746251641487589     
   1.5066822329346015     
   1.5387393017204440     
   1.5707963705062866     
   0.0000000000000000     
   3.2057068785842587E-002
   6.4114137571685173E-002
   9.6171206357527753E-002
  0.12822827514337035     
  0.16028534392921293     
  0.19234241271505551     
  0.22439948150089808     
  0.25645655028674069     
  0.28851361907258327     
  0.32057068785842585     
  0.35262775664426843     
  0.38468482543011101     
  0.41674189421595359     
  0.44879896300179617     
  0.48085603178763875     
  0.51291310057348138     
  0.54497016935932396     
  0.57702723814516654     
  0.60908430693100912     
  0.64114137571685170     
  0.67319844450269428     
  0.70525551328853686     
  0.73731258207437944     
  0.76936965086022202     
  0.80142671964606460     
  0.83348378843190718     
  0.86554085721774976     
  0.89759792600359234     
  0.92965499478943492     
  0.96171206357527750     
  0.99376913236112008     
   1.0258262011469628     
   1.0578832699328053     
   1.0899403387186479     
   1.1219974075044905     
   1.1540544762903331     
   1.1861115450761757     
   1.2181686138620182     
   1.2502256826478608     
   1.2822827514337034     
   1.3143398202195460     
   1.3463968890053886     
   1.3784539577912311     
   1.4105110265770737     
   1.4425680953629163     
   1.4746251641487589     
   1.5066822329346015     
   1.5387393017204440     
   1.5707963705062866     
   0.0000000000000000     
   3.2057068785842587E-002
   6.4114137571685173E-002
   9.6171206357527753E-002
  0.12822827514337035     
  0.16028534392921293     
  0.19234241271505551     
  0.22439948150089808     
  0.25645655028674069     
  0.28851361907258327     
  0.32057068785842585     
  0.35262775664426843     
  0.38468482543011101     
  0.41674189421595359     
  0.44879896300179617     
  0.48085603178763875     
  0.51291310057348138     
  0.54497016935932396     
  0.57702723814516654     
  0.60908430693100912     
  0.64114137571685170     
  0.67319844450269428     
  0.70525551328853686     
  0.73731258207437944     
  0.76936965086022202     
  0.80142671964606460     
  0.83348378843190718     
  0.86554085721774976     
  0.89759792600359234     
  0.92965499478943492     
  0.96171206357527750     
  0.99376913236112008     
   1.0258262011469628     
   1.0578832699328053     
   1.0899403387186479     
   1.1219974075044905     
   1.1540544762903331     
   1.1861115450761757     
   1.2181686138620182     
   1.2502256826478608     
   1.2822827514337034     
   1.3143398202195460     
   1.3463968890053886     
   1.3784539577912311     
   1.4105110265770737     
   1.4425680953629163     
   1.4746251641487589     
   1.5066822329346015     
   1.5387393017204440     
   1.5707963705062866     
   0.0000000000000000     
   3.2057068785842587E-002
   6.4114137571685173E-002
   9.6171206357527753E-002
  0.12822827514337035     
  0.16028534392921293     
  0.19234241271505551     
  0.22439948150089808     
  0.25645655028674069     
  0.28851361907258327     
  0.32057068785842585     
  0.35262775664426843     
  0.38468482543011101     
  0.41674189421595359     
  0.44879896300179617     
  0.48085603178763875     
  0.51291310057348138     
  0.54497016935932396     
  0.57702723814516654     
  0.60908430693100912     
  0.64114137571685170     
  0.67319844450269428     
  0.70525551328853686     
  0.73731258207437944     
  0.76936965086022202     
  0.80142671964606460     
  0.83348378843190718     
  0.86554085721774976     
  0.89759792600359234     
  0.92965499478943492     
  0.96171206357527750     
  0.99376913236112008     
   1.0258262011469628     
   1.0578832699328053     
   1.0899403387186479     
   1.1219974075044905     
   1.1540544762903331     
   1.1861115450761757     
   1.2181686138620182     
   1.2502256826478608     
   1.2822827514337034     
   1.3143398202195460     
   1.3463968890053886     
   1.3784539577912311     
   1.4105110265770737     
   1.4425680953629163     
   1.4746251641487589     
   1.5066822329346015     
   1.5387393017204440     
   1.5707963705062866     
   0.0000000000000000     
   3.2057068785842587E-002
   6.4114137571685173E-002
   9.6171206357527753E-002
  0.12822827514337035     
  0.16028534392921293     
  0.19234241271505551     
  0.22439948150089808     
  0.25645655028674069     
  0.28851361907258327     
  0.32057068785842585     
  0.35262775664426843     
  0.38468482543011101     
  0.41674189421595359     
  0.44879896300179617     
  0.48085603178763875     
  0.51291310057348138     
  0.54497016935932396     
  0.57702723814516654     
  0.60908430693100912     
  0.64114137571685170     
  0.67319844450269428     
  0.70525551328853686     
  0.73731258207437944     
  0.76936965086022202     
  0.80142671964606460     
  0.83348378843190718     
  0.86554085721774976     
  0.89759792600359234     
  0.92965499478943492     
  0.96171206357527750     
  0.99376913236112008     
   1.0258262011469628     
   1.0578832699328053     
   1.0899403387186479     
   1.1219974075044905     
   1.1540544762903331     
   1.1861115450761757     
   1.2181686138620182     
   1.2502256826478608     
   1.2822827514337034     
   1.3143398202195460     
   1.3463968890053886     
   1.3784539577912311     
   1.4105110265770737     
   1.4425680953629163     
   1.4746251641487589     
   1.5066822329346015     
   1.5387393017204440     
   1.5707963705062866     
   0.0000000000000000     
   3.2057068785842587E-002
   6.4114137571685173E-002
   9.6171206357527753E-002
  0.12822827514337035     
  0.16028534392921293     
  0.19234241271505551     
  0.22439948150089808     
  0.25645655028674069     
  0.28851361907258327     
  0.32057068785842585     
  0.35262775664426843     
  0.38468482543011101     
  0.41674189421595359     
  0.44879896300179617     
  0.48085603178763875     
  0.51291310057348138     
  0.54497016935932396     
  0.57702723814516654     
  0.60908430693100912     
  0.64114137571685170     
  0.67319844450269428     
  0.70525551328853686     
  0.73731258207437944     
  0.76936965086022202     
  0.80142671964606460     
  0.83348378843190718     
  0.86554085721774976     
  0.89759792600359234     
  0.92965499478943492     
  0.96171206357527750     
  0.99376913236112008     
   1.0258262011469628     
   1.0578832699328053     
   1.0899403387186479     
   1.1219974075044905     
   1.1540544762903331     
   1.1861115450761757     
   1.2181686138620182     
   1.2502256826478608     
   1.2822827514337034     
   1.3143398202195460     
   1.3463968890053886     
   1.3784539577912311     
   1.4105110265770737     
   1.4425680953629163     
   1.4746251641487589     
   1.5066822329346015     
   1.5387393017204440     
   1.5707963705062866     
   0.0000000000000000     
   3.2057068785842587E-002
   6.4114137571685173E-002
   9.6171206357527753E-002
  0.12822827514337035     
  0.16028534392921293     
  0.19234241271505551     
  0.22439948150089808     
  0.25645655028674069     
  0.28851361907258327     
  0.32057068785842585     
  0.35262775664426843     
  0.38468482543011101     
  0.41674189421595359     
  0.44879896300179617     
  0.48085603178763875     
  0.51291310057348138     
  0.54497016935932396     
  0.57702723814516654     
  0.60908430693100912     
  0.64114137571685170     
  0.67319844450269428     
  0.70525551328853686     
  0.73731258207437944     
  0.76936965086022202     
  0.80142671964606460     
  0.83348378843190718     
  0.86554085721774976     
  0.89759792600359234     
  0.92965499478943492     
  0.96171206357527750     
  0.99376913236112008     
   1.0258262011469628     
   1.0578832699328053     
   1.0899403387186479     
   1.1219974075044905     
   1.1540544762903331     
   1.1861115450761757     
   1.2181686138620182     
   1.2502256826478608     
   1.2822827514337034     
   1.3143398202195460     
   1.3463968890053886     
   1.3784539577912311     
   1.4105110265770737     
   1.4425680953629163     
   1.4746251641487589     
   1.5066822329346015     
   1.5387393017204440     
   1.5707963705062866     
