  -2.0293316508715768E-003
  -4.3154368364987795E-002
 -0.18614110712815332     
 -0.48761714743051610     
  -1.0000000000000000     
  -7.7659126545563185E-004
  -1.6514462022314644E-002
  -7.1233118367207859E-002
 -0.18660299899184840     
 -0.38268340207704565     
   1.4349549676743428E-003
   3.0514746801627302E-002
  0.13162165442588517     
  0.34479743044720479     
  0.70710682754947640     
   1.8748590392862713E-003
   3.9869440607851372E-002
  0.17197197993106489     
  0.45049949657257288     
  0.92387949487412657     
   0.0000000000000000     
   0.0000000000000000     
   0.0000000000000000     
   0.0000000000000000     
   0.0000000000000000     
