  -1.9442716245438238E-003
  -2.2392059589876594E-003
  -2.9416319763605927E-003
  -4.0029418247827381E-003
  -5.4222042064273569E-003
  -7.2179362104222624E-003
  -9.4174491811532847E-003
  -1.2052370583465017E-002
  -1.5156592611110955E-002
  -1.8765250231608875E-002
  -2.2914212047780397E-002
  -2.7639780099371972E-002
  -3.2978525056617740E-002
  -3.8967192048298523E-002
  -4.5642644928685222E-002
  -5.3041823713786636E-002
  -6.1201715783633225E-002
  -7.0159352619175816E-002
  -7.9951779148747612E-002
  -9.0616062783046514E-002
 -0.10218931014989112     
 -0.11470859129810469     
 -0.12821101701414464     
 -0.14273367377457127     
 -0.15831368785715547     
 -0.17498815477835625     
 -0.19279421031613900     
 -0.21176892695954458     
 -0.23194942199213686     
 -0.25337280763405567     
 -0.27607622387541730     
 -0.30009681318372244     
 -0.32547158078252258     
 -0.35223772383929258     
 -0.38043232951322514     
 -0.41009251583842360     
 -0.44125533935278399     
 -0.47395798060772770     
 -0.50823753012239514     
 -0.54413109930626913     
 -0.58167578352250404     
 -0.62090868791713727     
 -0.66186695379173177     
 -0.70458773710872402     
 -0.74910782795050024     
 -0.79546459768448619     
 -0.84369512736413077     
 -0.89383644284321251     
 -0.94592569949498939     
  -1.0000000000000000     
  -1.9352874350195305E-003
  -2.2288588935306295E-003
  -2.9280390839102220E-003
  -3.9844447776482793E-003
  -5.3971486935357384E-003
  -7.1845832505141325E-003
  -9.3739327563856500E-003
  -1.1996678654045478E-002
  -1.5086554889156644E-002
  -1.8678538007746846E-002
  -2.2808326845299834E-002
  -2.7512059513001709E-002
  -3.2826135348263515E-002
  -3.8787129728762602E-002
  -4.5431734187096819E-002
  -5.2796722787917492E-002
  -6.0918907218240365E-002
  -6.9835151296180314E-002
  -7.9582329437759378E-002
  -9.0197334611920657E-002
 -0.10171709202461071     
 -0.11417853992487638     
 -0.12761857048905645     
 -0.14207410844651563     
 -0.15758213757791326     
 -0.17417955897301934     
 -0.19190331140983205     
 -0.21079035569741963     
 -0.23087760593899312     
 -0.25220199688513811     
 -0.27480050438839748     
 -0.29871013277077757     
 -0.32396760061026059     
 -0.35061005448286398     
 -0.37867441503499394     
 -0.40819755162178839     
 -0.43921637341742542     
 -0.47176786511993396     
 -0.50588900910472867     
 -0.54161672057508481     
 -0.57898791800137239     
 -0.61803951321671102     
 -0.65880848991467744     
 -0.70133192644697395     
 -0.74564632188709523     
 -0.79178889596236590     
 -0.83979659712474020     
 -0.88970615970389344     
 -0.94155468779898444     
 -0.99537911269222068     
  -1.9084178578130755E-003
  -2.1979132369606218E-003
  -2.8873860560648971E-003
  -3.9291243211137701E-003
  -5.3222143929894140E-003
  -7.0848323087084617E-003
  -9.2437839252297056E-003
  -1.1830115372571918E-002
  -1.4877090386039319E-002
  -1.8419203340461310E-002
  -2.2491651829545222E-002
  -2.7130077924672761E-002
  -3.2370372599502609E-002
  -3.8248607133749266E-002
  -4.4800952207160231E-002
  -5.2063687426912100E-002
  -6.0073102912406258E-002
  -6.8865552319931425E-002
  -7.8477394255831237E-002
  -8.8945020283463863E-002
 -0.10030483680742060     
 -0.11259326633461864     
 -0.12584668843505500     
 -0.14010153523276556     
 -0.15539423386949175     
 -0.17176124909529661     
 -0.18923889909181077     
 -0.20786371227775521     
 -0.22767206787836239     
 -0.24870041774702628     
 -0.27098517293522500     
 -0.29456274760172751     
 -0.31946967734582943     
 -0.34574217048348993     
 -0.37341686322967826     
 -0.40253010022459207     
 -0.43311824484003192     
 -0.46521786112966423     
 -0.49886524911159646     
 -0.53409686832112346     
 -0.57094912500823136     
 -0.60945849494740467     
 -0.64966160462837508     
 -0.69159436967309806     
 -0.73529359402838690     
 -0.78079555619584684     
 -0.82813654526050162     
 -0.87735315309079553     
 -0.92848200677098525     
 -0.98155915596790499     
  -1.8639113051862044E-003
  -2.1466549473879472E-003
  -2.8200485494225516E-003
  -3.8374920930653294E-003
  -5.1980934574708199E-003
  -6.9196039295322514E-003
  -9.0282066486702516E-003
  -1.1554219903459929E-002
  -1.4530136895828804E-002
  -1.7989641590753325E-002
  -2.1967118572629854E-002
  -2.6497366099134258E-002
  -3.1615448858374355E-002
  -3.7356596712518536E-002
  -4.3756134450710783E-002
  -5.0849493488085956E-002
  -5.8672119563748612E-002
  -6.7259513973252430E-002
  -7.6647194347881864E-002
  -8.6870716556015928E-002
  -9.7965597520337552E-002
 -0.10996742453938955     
 -0.12291177327151342     
 -0.13683418371566028     
 -0.15177024263839928     
 -0.16775552479673458     
 -0.18482559294778786     
 -0.20301605947779866     
 -0.22236246582158564     
 -0.24290040650616854     
 -0.26466544065344944     
 -0.28769316977138082     
 -0.31201917666915768     
 -0.33767903888190209     
 -0.36470829838398855     
 -0.39314260008449986     
 -0.42301745782988620     
 -0.45436840382562549     
 -0.48723114879638024     
 -0.52164113181913518     
 -0.55763399107755141     
 -0.59524520110944179     
 -0.63451054274232110     
 -0.67546552734698273     
 -0.71814555245357392     
 -0.76258616653459310     
 -0.80882331887815129     
 -0.85689209150887291     
 -0.90682848234185731     
 -0.95866785075229599     
  -1.8021789421720192E-003
  -2.0755580060085321E-003
  -2.7266489794261044E-003
  -3.7103943473290901E-003
  -5.0259327883042052E-003
  -6.6904271631492481E-003
  -8.7291930872754730E-003
  -1.1171544939396242E-002
  -1.4048899779985224E-002
  -1.7393825368268605E-002
  -2.1239568426708315E-002
  -2.5619772733396880E-002
  -3.0568341559789776E-002
  -3.6119339635338518E-002
  -4.2306928187980368E-002
  -4.9165357815405368E-002
  -5.6728903705915844E-002
  -6.5031888086141229E-002
  -7.4108640127280814E-002
  -8.3993552105527711E-002
  -9.4720980198508026E-002
 -0.10632531692193584     
 -0.11884094980174828     
 -0.13230223819059794     
 -0.14674360133937076     
 -0.16219947049304034     
 -0.17870419519170216     
 -0.19629219509649665     
 -0.21499785617592496     
 -0.23485555505067332     
 -0.25589974825826473     
 -0.27816473761243188     
 -0.30168505841042131     
 -0.32649506592755739     
 -0.35262916575243825     
 -0.38012168842327737     
 -0.40900709027988669     
 -0.43931964430713916     
 -0.47109401364268477     
 -0.50436430462550941     
 -0.53916511865212990     
 -0.57553064571953116     
 -0.61349555156983804     
 -0.65309402493989599     
 -0.69436047533396672     
 -0.73732939299453104     
 -0.78203514471496205     
 -0.82851189244318890     
 -0.87679436359683816     
 -0.92691675332885215     
  -1.7237913530656684E-003
  -1.9852794862242917E-003
  -2.6080504543801882E-003
  -3.5490064386529329E-003
  -4.8073233184193183E-003
  -6.3994186680575880E-003
  -8.3495052763334528E-003
  -1.0685625229412668E-002
  -1.3437823956064535E-002
  -1.6637257325636083E-002
  -2.0315723282541533E-002
  -2.4505404082929307E-002
  -2.9238727662376156E-002
  -3.4548279834690221E-002
  -4.0466733441825768E-002
  -4.7026845941006319E-002
  -5.4261404144990533E-002
  -6.2203245314456673E-002
  -7.0885194071174787E-002
  -8.0340150809507266E-002
  -9.0600988427783108E-002
 -0.10170056755886654     
 -0.11367181795975810     
 -0.12654758298154700     
 -0.14036084482717820     
 -0.15514444097080832     
 -0.17093126036760525     
 -0.18775424113535491     
 -0.20564628366654930     
 -0.22464025004074287     
 -0.24476912639273599     
 -0.26606564861205251     
 -0.28856297893114297     
 -0.31229378237641642     
 -0.33729114970997826     
 -0.36358776772191431     
 -0.39121679979751650     
 -0.42021087339040653     
 -0.45060308895044465     
 -0.48242627534814375     
 -0.51571338346379847     
 -0.55049725339324818     
 -0.58681082382944227     
 -0.62468683272178238     
 -0.66415832710074840     
 -0.70525815285207349     
 -0.74801940282574708     
 -0.79247471133660952     
 -0.83865709905144914     
 -0.88659930018375765     
  -1.6294728357939543E-003
  -1.8766533871888043E-003
  -2.4653489607018024E-003
  -3.3548193532594649E-003
  -4.5442861188791208E-003
  -6.0492674304922656E-003
  -7.8926529774535018E-003
  -1.0100951549740889E-002
  -1.2702560697130508E-002
  -1.5726931824567636E-002
  -1.9204124589958418E-002
  -2.3164560581369745E-002
  -2.7638901493478703E-002
  -3.2657935030987031E-002
  -3.8252546853073770E-002
  -4.4453720343793079E-002
  -5.1292427595845846E-002
  -5.8799724608892545E-002
  -6.7006630216018465E-002
  -7.5944259473393769E-002
  -8.5643661245778935E-002
  -9.6135927440200164E-002
 -0.10745215371585977     
 -0.11962342997622573     
 -0.13268087305729750     
 -0.14665555153815010     
 -0.16157856977898394     
 -0.17748106104552175     
 -0.19439415129681334     
 -0.21234890501648249     
 -0.23137638510876626     
 -0.25150767290222759     
 -0.27277398124636187     
 -0.29520633030326954     
 -0.31883593272930316     
 -0.34369378802544220     
 -0.36981094210045334     
 -0.39721858816378691     
 -0.42594792382048713     
 -0.45602990756882811     
 -0.48749570150868515     
 -0.52037623005660893     
 -0.55470278691775099     
 -0.59050642164837674     
 -0.62781823785897728     
 -0.66666920931390083     
 -0.70709059389980267     
 -0.74911368339690232     
 -0.79276901487562434     
 -0.83808809613205282     
  -1.5200954111710204E-003
  -1.7506839336378962E-003
  -2.2998633786504535E-003
  -3.1296278773787407E-003
  -4.2392517276208710E-003
  -5.6432110784159434E-003
  -7.3628595675092135E-003
  -9.4229262165423846E-003
  -1.1849902301373337E-002
  -1.4671262801119861E-002
  -1.7915049010610189E-002
  -2.1609640464524769E-002
  -2.5783639820326127E-002
  -3.0465769044598585E-002
  -3.5684847378593829E-002
  -4.1469765110222934E-002
  -4.7849429179624897E-002
  -5.4852790505214993E-002
  -6.2508820171055315E-002
  -7.0846496156513866E-002
  -7.9894833799551604E-002
  -8.9682800486118847E-002
 -0.10023941362226954     
 -0.11159371961456736     
 -0.12377467032837128     
 -0.13681129560948904     
 -0.15073260471262043     
 -0.16556767052227295     
 -0.18134544855723703     
 -0.19809497611637161     
 -0.21584523068539993     
 -0.23462526063441555     
 -0.25446404801698302     
 -0.27539066941600743     
 -0.29743416646872312     
 -0.32062340085096391     
 -0.34498746085141291     
 -0.37055543875659719     
 -0.39735624981563838     
 -0.42541894673726494     
 -0.45477258299943096     
 -0.48544608011138557     
 -0.51746852050857417     
 -0.55086882008996907     
 -0.58567608901041568     
 -0.62191925418880722     
 -0.65962733176388288     
 -0.69882948048903804     
 -0.73955454333649318     
 -0.78183147078791282     
  -1.3966696458848639E-003
  -1.6085351019310486E-003
  -2.1131228483245901E-003
  -2.8755132290218910E-003
  -3.8950392954612396E-003
  -5.1850012402399059E-003
  -6.7650211010385390E-003
  -8.6578178120737207E-003
  -1.0887729799527499E-002
  -1.3480004213078224E-002
  -1.6460405476811494E-002
  -1.9855010255586669E-002
  -2.3690089026941266E-002
  -2.7992046436091694E-002
  -3.2787357264324038E-002
  -3.8102557327429065E-002
  -4.3964211139230110E-002
  -5.0398932402579803E-002
  -5.7433306785609761E-002
  -6.5093982131631645E-002
  -7.3407638041790430E-002
  -8.2400854374627505E-002
  -9.2100323060335235E-002
 -0.10253269585452794     
 -0.11372460592419587     
 -0.12570268878392382     
 -0.13849363995838149     
 -0.15212412476448575     
 -0.16662081684857405     
 -0.18201032227412195     
 -0.19831931919476994     
 -0.21557446873747094     
 -0.23380244532496555     
 -0.25302991604192576     
 -0.27328352182057825     
 -0.29458988629821897     
 -0.31697559248779672     
 -0.34046756571191000     
 -0.36509227222388430     
 -0.39087636944316845     
 -0.41784657046262946     
 -0.44602948240227563     
 -0.47545180801517672     
 -0.50614013703966554     
 -0.53812111130301210     
 -0.57142143935577439     
 -0.60606792998988146     
 -0.64208685575622915     
 -0.67950517023824064     
 -0.71834933520340016     
  -1.2603361602345361E-003
  -1.4515204803628638E-003
  -1.9068532129770713E-003
  -2.5948237183646789E-003
  -3.5148295587163767E-003
  -4.6788734499590727E-003
  -6.1046606833759657E-003
  -7.8126930598539316E-003
  -9.8249361082582056E-003
  -1.2164169769114231E-002
  -1.4853638771298064E-002
  -1.7916881747106882E-002
  -2.1377607055354752E-002
  -2.5259632969387925E-002
  -2.9586853078563107E-002
  -3.4383215364998575E-002
  -3.9672689322762224E-002
  -4.5479286436863178E-002
  -5.1827015283626925E-002
  -5.8739909399202823E-002
  -6.6242026059061432E-002
  -7.4357377571112562E-002
  -8.3110052158914732E-002
  -9.2524073656909012E-002
 -0.10262349166693564     
 -0.11343235701927527     
 -0.12497474002619036     
 -0.13727466343924563     
 -0.15035626378017963     
 -0.16424355256870107     
 -0.17896055774715358     
 -0.19453137002497431     
 -0.21098006053963422     
 -0.22833061055087078     
 -0.24660718518533342     
 -0.26583373083509687     
 -0.28603440451234641     
 -0.30723320387775105     
 -0.32945420391439023     
 -0.35272137280661725     
 -0.37705895741099399     
 -0.40249078575897201     
 -0.42904102479260409     
 -0.45673368170708850     
 -0.48559289409028583     
 -0.51564272074048623     
 -0.54690710209386184     
 -0.57941017806108008     
 -0.61317587552594666     
 -0.64822837696770130     
  -1.1123549801448371E-003
  -1.2810915021534087E-003
  -1.6829611975024536E-003
  -2.2901534888203267E-003
  -3.1021370385933820E-003
  -4.1295038735737052E-003
  -5.3878831211859098E-003
  -6.8953659025346474E-003
  -8.6713414429178438E-003
  -1.0735913627349427E-002
  -1.3109601392711102E-002
  -1.5813172512647251E-002
  -1.8867555917547896E-002
  -2.2293772054893121E-002
  -2.6112912942013046E-002
  -3.0346104792042729E-002
  -3.5014517360267339E-002
  -4.0139334443634933E-002
  -4.5741745019596526E-002
  -5.1842976915301923E-002
  -5.8464215826889536E-002
  -6.5626713325000058E-002
  -7.3351695338790823E-002
  -8.1660348729988536E-002
  -9.0573933137130552E-002
 -0.10011369645334395     
 -0.11030081604202929     
 -0.12115657910011737     
 -0.13270219963012597     
 -0.14495888864796244     
 -0.15794790400755848     
 -0.17169048992764729     
 -0.18620785422212938     
 -0.20152119637943733     
 -0.21765185390549760     
 -0.23462094479328402     
 -0.25244972064963395     
 -0.27115942922869951     
 -0.29077137081271914     
 -0.31130667431205045     
 -0.33278655890331676     
 -0.35523231278077755     
 -0.37866512578956157     
 -0.40310635254033833     
 -0.42857707619405733     
 -0.45509863336335787     
 -0.48269211193708617     
 -0.51137871050951966     
 -0.54117983183514085     
 -0.57211663817265757     
  -9.5409384713919868E-004
  -1.0988230253206643E-003
  -1.4435157962438140E-003
  -1.9643185569429653E-003
  -2.6607749357580456E-003
  -3.5419703828721782E-003
  -4.6213109771002098E-003
  -5.9143130789363818E-003
  -7.4376077892263906E-003
  -9.2084384238164917E-003
  -1.1244406293698743E-002
  -1.3563320411940675E-002
  -1.6183134131799747E-002
  -1.9121878385628472E-002
  -2.2397643674477961E-002
  -2.6028551873907676E-002
  -3.0032757552388111E-002
  -3.4428423754878340E-002
  -3.9233743705111027E-002
  -4.4466900414846126E-002
  -5.0146098578452897E-002
  -5.6289540634497606E-002
  -6.2915425294207905E-002
  -7.0041955345265527E-002
  -7.7687341019167813E-002
  -8.5869794995132559E-002
  -9.4607542967934180E-002
 -0.10391879311673254     
 -0.11382172711788059     
 -0.12433456417000724     
 -0.13547554874394166     
 -0.14726288350884564     
 -0.15971474427458648     
 -0.17284938013342668     
 -0.18668494756046727     
 -0.20123972474596757     
 -0.21653189503985606     
 -0.23257962909643676     
 -0.24940126162314202     
 -0.26701485402930963     
 -0.28543869024371510     
 -0.30469089889899825     
 -0.32478981683033797     
 -0.34575359460895599     
 -0.36760037488326858     
 -0.39034841990149094     
 -0.41401595830157178     
 -0.43862122700221212     
 -0.46418233157882977     
 -0.49071752635381094     
  -7.8701525696222728E-004
  -9.0639953284437757E-004
  -1.1907298784543103E-003
  -1.6203299137010792E-003
  -2.1948231653129047E-003
  -2.9217037830701954E-003
  -3.8120297914533080E-003
  -4.8786023647955645E-003
  -6.1351384298500237E-003
  -7.5958618098315748E-003
  -9.2752912262296858E-003
  -1.1188119208841232E-002
  -1.3349154713270148E-002
  -1.5773265937162446E-002
  -1.8475381882358328E-002
  -2.1470447315757858E-002
  -2.4773440497875138E-002
  -2.8399340055280772E-002
  -3.2363152262193273E-002
  -3.6679882373068434E-002
  -4.1364538109350917E-002
  -4.6432139610020511E-002
  -5.1897706400286389E-002
  -5.7776246901766727E-002
  -6.4082773219322389E-002
  -7.0832314621510767E-002
  -7.8039914408442795E-002
  -8.5720580064799851E-002
  -9.3889339208921563E-002
 -0.10256118223598910     
 -0.11175115133057983     
 -0.12147430846415008     
 -0.13174558928833058     
 -0.14258008466827213     
 -0.15399277179999932     
 -0.16599872350983433     
 -0.17861293398232650     
 -0.19185043070212454     
 -0.20572620790140642     
 -0.22025530992867035     
 -0.23545279009797895     
 -0.25133358075439743     
 -0.26791274152701411     
 -0.28520528519395444     
 -0.30322630213113289     
 -0.32199076390818093     
 -0.34151370313716706     
 -0.36181007511474356     
 -0.38289494808345115     
 -0.40478331375649795     
  -6.1266330125320787E-004
  -7.0559935016094462E-004
  -9.2693945095162684E-004
  -1.2613664995725525E-003
  -1.7085872271514182E-003
  -2.2744357906292353E-003
  -2.9675199241469791E-003
  -3.7978048758563723E-003
  -4.7759684480329617E-003
  -5.9130853520585214E-003
  -7.2204560149224956E-003
  -8.7095198751706224E-003
  -1.0391802361830372E-002
  -1.2278878836700658E-002
  -1.4382370268805310E-002
  -1.6713914406884182E-002
  -1.9285166185994174E-002
  -2.2107791172926741E-002
  -2.5193469766585336E-002
  -2.8553875505863430E-002
  -3.2200698457632120E-002
  -3.6145627064454358E-002
  -4.0400359644320746E-002
  -4.4976574442134286E-002
  -4.9885964810677925E-002
  -5.5140228816598906E-002
  -6.0751072740309865E-002
  -6.6730160746453826E-002
  -7.3089225804858493E-002
  -7.9839912801678972E-002
  -8.6993961405532352E-002
  -9.4563048933414565E-002
 -0.10255885235160914     
 -0.11099308084488869     
 -0.11987741735171585     
 -0.12922358654409044     
 -0.13904325366794845     
 -0.14934811442984935     
 -0.16014992994493280     
 -0.17146025478340804     
 -0.18329086313605500     
 -0.19565345210539331     
 -0.20855973353973908     
 -0.22202133979107838     
 -0.23604997359916760     
 -0.25065737939250804     
 -0.26585521226700554     
 -0.28165513948764392     
 -0.29806892649428213     
 -0.31510818500530841     
  -4.3264940593037000E-004
  -4.9827841132671293E-004
  -6.5458267259312184E-004
  -8.9074596159521987E-004
  -1.2065611487891603E-003
  -1.6061481375401121E-003
  -2.0955851073547875E-003
  -2.6819093038433074E-003
  -3.3726611597330826E-003
  -4.1756616234630856E-003
  -5.0988923166410301E-003
  -6.1504276551940362E-003
  -7.3384105425589475E-003
  -8.6710141954492639E-003
  -1.0156442891278915E-002
  -1.1802916405119818E-002
  -1.3618664696311962E-002
  -1.5611928235238499E-002
  -1.7790946836360941E-002
  -2.0163976572063230E-002
  -2.2739269216239505E-002
  -2.5525072946352725E-002
  -2.8529645059500796E-002
  -3.1761244536113370E-002
  -3.5228130688570745E-002
  -3.8938551590520953E-002
  -4.2900770596982836E-002
  -4.7123049222103815E-002
  -5.1613638769282551E-002
  -5.6380810895260106E-002
  -6.1432801594505697E-002
  -6.6777878932313253E-002
  -7.2424307776026750E-002
  -7.8380330825808697E-002
  -8.4654223354798136E-002
  -9.1254235283268925E-002
  -9.8188630150897252E-002
 -0.10546563773677954     
 -0.11309356929539381     
 -0.12108060421506829     
 -0.12943506555428416     
 -0.13816519337936495     
 -0.14727926601110172     
 -0.15678549605524339     
 -0.16669213717580142     
 -0.17700748744729541     
 -0.18773973257879983     
 -0.19889723811754237     
 -0.21048819963598972     
 -0.22252089742878206     
  -2.4863719509266887E-004
  -2.8635250103458868E-004
  -3.7617644825954850E-004
  -5.1189339708960298E-004
  -6.9338406402817134E-004
  -9.2301636189176387E-004
  -1.2042831038964550E-003
  -1.5412279635208248E-003
  -1.9381848217606185E-003
  -2.3996484766880440E-003
  -2.9302046260429671E-003
  -3.5344956033893072E-003
  -4.2171988920856130E-003
  -4.9830126209998091E-003
  -5.8366519047069734E-003
  -6.7828386009218707E-003
  -7.8263051693234359E-003
  -8.9717829018061881E-003
  -1.0224011518998708E-002
  -1.1587732867185343E-002
  -1.3067686216168356E-002
  -1.4668618180433435E-002
  -1.6395268427152183E-002
  -1.8252389651572266E-002
  -2.0244718639656250E-002
  -2.2377005135475008E-002
  -2.4653997101139528E-002
  -2.7080427853401094E-002
  -2.9661066978985972E-002
  -3.2400638227549294E-002
  -3.5303895911835741E-002
  -3.8375582658686513E-002
  -4.1620440811012203E-002
  -4.5043217238990248E-002
  -4.8648656516883354E-002
  -5.2441519278217483E-002
  -5.6426535027075231E-002
  -6.0608448316471622E-002
  -6.4992014646427024E-002
  -6.9581976527449324E-002
  -7.4383072753979942E-002
  -7.9400047253605791E-002
  -8.4637650603909487E-002
  -9.0100647474876255E-002
  -9.5793729190993118E-002
 -0.10172168926719638     
 -0.10788928494976964     
 -0.11430121591537709     
 -0.12096225536117719     
 -0.12787712187096703     
  -6.2327227685585881E-005
  -7.1780317234137418E-005
  -9.4293824166623646E-005
  -1.2831015554652582E-004
  -1.7379928295278285E-004
  -2.3135445566217248E-004
  -3.0185136000710513E-004
  -3.8630292575555922E-004
  -4.8579603974454260E-004
  -6.0145754211593657E-004
  -7.3443705524159570E-004
  -8.8589848752292273E-004
  -1.0570129896831110E-003
  -1.2489590490923944E-003
  -1.4629185639923558E-003
  -1.7000753118545900E-003
  -1.9616143102282372E-003
  -2.2487212320762388E-003
  -2.5625846719906985E-003
  -2.9043922170399880E-003
  -3.2753332546074463E-003
  -3.6765975045663620E-003
  -4.1093730713611240E-003
  -4.5748504219222195E-003
  -5.0742179676814001E-003
  -5.6086619025803204E-003
  -6.1793761569816277E-003
  -6.7875494309797878E-003
  -7.4343744751086023E-003
  -8.1210354049017167E-003
  -8.8487188879291124E-003
  -9.6186180203885613E-003
  -1.0431919633826911E-002
  -1.1289814124142806E-002
  -1.2193493189730554E-002
  -1.3144143319811947E-002
  -1.4142956529061652E-002
  -1.5191122322343851E-002
  -1.6289831438589426E-002
  -1.7440270619837769E-002
  -1.8643630851174202E-002
  -1.9901090049948666E-002
  -2.1213856827254934E-002
  -2.2583118531651826E-002
  -2.4010050997787736E-002
  -2.5495852016215376E-002
  -2.7041717425537997E-002
  -2.8648820053009019E-002
  -3.0318363653204145E-002
  -3.2051534774333972E-002
   1.2455862721394886E-004
   1.4345515166944872E-004
   1.8846012117874461E-004
   2.5645874600622965E-004
   3.4739155155084488E-004
   4.6244553188574093E-004
   6.0337000880399290E-004
   7.7219187359196611E-004
   9.7108230326516836E-004
   1.2022917297300167E-003
   1.4681180878141379E-003
   1.7708864566284256E-003
   2.1129412138935883E-003
   2.4966370892617403E-003
   2.9243351642693869E-003
   3.3984015305059184E-003
   3.9212044701218817E-003
   4.4951223836790510E-003
   5.1225248737892127E-003
   5.8057890029389221E-003
   6.5472881042803769E-003
   7.3493994448515839E-003
   8.2144996789929869E-003
   9.1449687509005621E-003
   1.0143181074121661E-002
   1.1211514699134039E-002
   1.2352350847061599E-002
   1.3568063452014310E-002
   1.4861026519828614E-002
   1.6233624400471439E-002
   1.7688234413756058E-002
   1.9227231749454819E-002
   2.0853001593797084E-002
   2.2567920630388670E-002
   2.4374367947224199E-002
   2.6274706271113592E-002
   2.8271324397030451E-002
   3.0366587770227303E-002
   3.2562898836349954E-002
   3.4862615465727671E-002
   3.7268113285932492E-002
   3.9781789121561564E-002
   4.2406005386352044E-002
   4.5143117846072604E-002
   4.7995546917184627E-002
   5.0965634181299208E-002
   5.4055766547841402E-002
   5.7268338611630464E-002
   6.0605709763503372E-002
   6.4070265382765779E-002
   3.1029323490135152E-004
   3.5736468374327531E-004
   4.6947220462109824E-004
   6.3885736116138373E-004
   8.6537173096068302E-004
   1.1519716312564023E-003
   1.5030150254516533E-003
   1.9235503145011608E-003
   2.4189866111208858E-003
   2.9949297148345977E-003
   3.6571047429057118E-003
   4.4113053273212551E-003
   5.2633688633488048E-003
   6.2191593045180012E-003
   7.2845629283078703E-003
   8.4654707608222621E-003
   9.7677859352463189E-003
   1.1197424023438493E-002
   1.2760293084759049E-002
   1.4462313850613192E-002
   1.6309400306753322E-002
   1.8307474392894370E-002
   2.0462454219920330E-002
   2.2780269954338635E-002
   2.5266831893840415E-002
   2.7928078664234902E-002
   3.0769921220978286E-002
   3.3798284316117380E-002
   3.7019083978378359E-002
   4.0438259538929912E-002
   4.4061721143986307E-002
   4.7895394175495834E-002
   5.1945208487860640E-002
   5.6217080259366239E-002
   6.0716947210252857E-002
   6.5450723185005166E-002
   7.0424315150535322E-002
   7.5643659860550508E-002
   8.1114674501476788E-002
   8.6843293058382981E-002
   9.2835421361186596E-002
   9.9097002319610855E-002
  0.10563394034587140     
  0.11245215369954259     
  0.11955757919136835     
  0.12695611799312206     
  0.13465368727799909     
  0.14265624559058740     
  0.15096968446394074     
  0.15959994258763940     
   4.9316002035141432E-004
   5.6797146230114074E-004
   7.4614529977043041E-004
   1.0153517285276558E-003
   1.3753545009786900E-003
   1.8308514523482633E-003
   2.3887692818415698E-003
   3.0571318519939166E-003
   3.8445340332368813E-003
   4.7598895537946185E-003
   5.8122934692307450E-003
   7.0109563896202671E-003
   8.3651543799409742E-003
   9.8842063349061510E-003
   1.1577468975671492E-002
   1.3454303085641741E-002
   1.5524096019229078E-002
   1.7796243542558730E-002
   2.0280133524646332E-002
   2.2985185923895680E-002
   2.5920785750280447E-002
   2.9096356481545606E-002
   3.2521300338894651E-002
   3.6205040518680745E-002
   4.0156975315730759E-002
   4.4386532888353335E-002
   4.8903120109420259E-002
   5.3716140883050857E-002
   5.8835025093170283E-002
   6.4269167656928181E-002
   7.0027998304740394E-002
   7.6120905626023055E-002
   8.2557338276137635E-002
   8.9346694337643154E-002
   9.6498390874961329E-002
  0.10402183424584088     
  0.11192646331340567     
  0.12022164456893422     
  0.12891679865572833     
  0.13802137729057984     
  0.14754477298295024     
  0.15749641080582077     
  0.16788563368045906     
  0.17872193571830142     
  0.19001468672049160     
  0.20177327664778333     
  0.21400715546568647     
  0.22672572388875556     
  0.23993842426220260     
  0.25365463309446157     
   6.7146916495474816E-004
   7.7332910800300878E-004
   1.0159225987408653E-003
   1.3824623300639626E-003
   1.8726267887959618E-003
   2.4928110710703139E-003
   3.2524471397489606E-003
   4.1624595538667991E-003
   5.2345513612694922E-003
   6.4808588122239434E-003
   7.9137674450325945E-003
   9.5458130231198274E-003
   1.1389631240689821E-002
   1.3457907400894286E-002
   1.5763380361705125E-002
   1.8318795861424070E-002
   2.1136936770131242E-002
   2.4230591515798119E-002
   2.7612553310523747E-002
   3.1295631281222903E-002
   3.5292618682304037E-002
   3.9616342658872650E-002
   4.4279598727045781E-002
   4.9295220376320885E-002
   5.4676002855326512E-002
   6.0434786853858037E-002
   6.6584359481583477E-002
   7.3137570842638833E-002
   8.0107221339754522E-002
   8.7506119585416195E-002
   9.5347071595461796E-002
  0.10364292569036342     
  0.11240649640620046     
  0.12165060309248668     
  0.13138802473995340     
  0.14163162832235199     
  0.15239421759275829     
  0.16368859138343092     
  0.17552754408151952     
  0.18792392614910874     
  0.20089054127978256     
  0.21444021946911268     
  0.22858573529879736     
  0.24333998229256276     
  0.25871563866762276     
  0.27472569496127403     
  0.29138284008194032     
  0.30869995820745932     
  0.32668972465808044     
  0.34536510465203285     
   8.4357270220382450E-004
   9.7153973168191731E-004
   1.2763108283694107E-003
   1.7367966095090462E-003
   2.3525924925346135E-003
   3.1317318542097745E-003
   4.0860661755390496E-003
   5.2293185962504849E-003
   6.5761918816152967E-003
   8.1419337717365415E-003
   9.9421036010262850E-003
   1.1992451161931688E-002
   1.4308846278993672E-002
   1.6907232253452094E-002
   1.9803608257541145E-002
   2.3013990589539509E-002
   2.6554440920660376E-002
   3.0441007649390416E-002
   3.4689785368649285E-002
   3.9316849907233380E-002
   4.4338288209005788E-002
   4.9770194218076026E-002
   5.5628680844076295E-002
   6.1929828984446628E-002
   6.8689734216860046E-002
   7.5924511882191167E-002
   8.3650252470966177E-002
   9.1883075452250634E-002
  0.10063907216918543     
  0.10993435045639467     
  0.11978498378970560     
  0.13020710511760397     
  0.14121682184379383     
  0.15283020414290491     
  0.16506341355418908     
  0.17793247816309354     
  0.19145357492600221     
  0.20564272156527524     
  0.22051608669079162     
  0.23608969970095048     
  0.25237970740757509     
  0.26940220168951029     
  0.28717328665783137     
  0.30570912718011584     
  0.32502564214731705     
  0.34513922746188253     
  0.36606559269148364     
  0.38782114386271993     
  0.41042183653183750     
  0.43388378975233083     
   1.0078800277862200E-003
   1.1607716730121622E-003
   1.5249037668923732E-003
   2.0750794433181557E-003
   2.8108158506296326E-003
   3.7417099780406790E-003
   4.8819225782868719E-003
   6.2478500132818757E-003
   7.8570570436315781E-003
   9.7277609730246125E-003
   1.1878555098510796E-002
   1.4328254520397616E-002
   1.7095821053159804E-002
   2.0200304685575411E-002
   2.3660814698015970E-002
   2.7496498042592514E-002
   3.1726529748427261E-002
   3.6370097955685327E-002
   4.1446415193578508E-002
   4.6974707740553040E-002
   5.2974182159758423E-002
   5.9464079206621778E-002
   6.6463643439216957E-002
   7.3992078197106403E-002
   8.2068635005448726E-002
   9.0712550992390228E-002
   9.9943065460783062E-002
  0.10977941315029807     
  0.12024084364618198     
  0.13134657274705264     
  0.14311585956261760     
  0.15556788248861700     
  0.16872201877457527     
  0.18259741464546012     
  0.19721331402653547     
  0.21258894118218588     
  0.22874356182995004     
  0.24569637165694208     
  0.26346664872886166     
  0.28207359450407676     
  0.30153652509643847     
  0.32187451128980848     
  0.34310696651707961     
  0.36525300848256409     
  0.38833185685535415     
  0.41236292514345846     
  0.43736529789257228     
  0.46335828409381663     
  0.49036094302428856     
  0.51839261865839370     
   1.1628725429894931E-003
   1.3392755033053052E-003
   1.7594040164603281E-003
   2.3941848832940301E-003
   3.2430623806941308E-003
   4.3171085987029198E-003
   5.6326613156267935E-003
   7.2086384216352006E-003
   9.0653085265578089E-003
   1.1223687440589426E-002
   1.3705227683089238E-002
   1.6531640141872736E-002
   1.9724800324576332E-002
   2.3306689844184200E-002
   2.7299350284146612E-002
   3.1724883484934609E-002
   3.6605396574222820E-002
   4.1963052933685303E-002
   4.7820007636924566E-002
   5.4198440496937325E-002
   6.1120520313190096E-002
   6.8608430396253486E-002
   7.6684363357569119E-002
   8.5370530323049032E-002
   9.4689101201068326E-002
  0.10466223530468448     
  0.11531221547608615     
  0.12666117221699791     
  0.13873135739753759     
  0.15154492488331786     
  0.16512408535623457     
  0.17949100956316230     
  0.19466794597679940     
  0.21067705533314748     
  0.22754058883476763     
  0.24528066111332822     
  0.26391954212871355     
  0.28347936949036384     
  0.30398233757600063     
  0.32545068263873622     
  0.34790659121187800     
  0.37137220187013231     
  0.39586970930698295     
  0.42142130746959267     
  0.44804931816518084     
  0.47577577809284999     
  0.50462300473473631     
  0.53461308018401899     
  0.56576817360311571     
  0.59811057982044602     
   1.3071179349166131E-003
   1.5054021249502596E-003
   1.9776440901124325E-003
   2.6911636953999272E-003
   3.6453367825385673E-003
   4.8526090288267976E-003
   6.3313445289603434E-003
   8.1028061132556589E-003
   1.0189780113072106E-002
   1.2615887113528866E-002
   1.5405239667223012E-002
   1.8582242475644200E-002
   2.2171484395010602E-002
   2.6197678069115781E-002
   3.0685596154067605E-002
   3.5660070459032918E-002
   4.1145973987376940E-002
   4.7168203537794627E-002
   5.3751667609545570E-002
   6.0921281059093245E-002
   6.8701984139120084E-002
   7.7118698763908228E-002
   8.6196391436882167E-002
   9.5960006028125377E-002
  0.10643445543508623     
  0.11764467746413235     
  0.12961569358079228     
  0.14237240880125873     
  0.15593976079738237     
  0.17034272604666034     
  0.18560626834352204     
  0.20175530002456069     
  0.21881480857396515     
  0.23680970683263311     
  0.25576497932288389     
  0.27570554057971186     
  0.29665642865775099     
  0.31864254180743057     
  0.34168870151867164     
  0.36581998790453801     
  0.39106132252965553     
  0.41743762966230580     
  0.44497383551582714     
  0.47369495676959822     
  0.50362587891080512     
  0.53479164586373806     
  0.56721707413896638     
  0.60092716152641479     
  0.63594670173304335     
  0.67230093780861711     
   1.4392828168330188E-003
   1.6576161468978554E-003
   2.1776068323417015E-003
   2.9632713591058457E-003
   4.0139218057581964E-003
   5.3432621332584560E-003
   6.9715143599163743E-003
   8.9220927553644094E-003
   1.1220081743625106E-002
   1.3891495045898934E-002
   1.6962878027444846E-002
   2.0461114133282592E-002
   2.4413267719857044E-002
   2.8846552335756368E-002
   3.3788246919997475E-002
   3.9265693267001855E-002
   4.5306286205096039E-002
   5.1937438500087196E-002
   5.9186560378054504E-002
   6.7081103250502233E-002
   7.5648516207490135E-002
   8.4916256932451667E-002
   9.4911806545324190E-002
  0.10566262901667289     
  0.11719612130428192     
  0.12953988163556199     
  0.14272130089925358     
  0.15676784570873506     
  0.17170703333419976     
  0.18756627753296376     
  0.20437314682236649     
  0.22215502786640279     
  0.24093942251491787     
  0.26075381002519260     
  0.28162570208071919     
  0.30358261373711709     
  0.32665178152008584     
  0.35086086321109095     
  0.37623723912270662     
  0.40280841074733575     
  0.43060186361551195     
  0.45964514247167487     
  0.48996569623957575     
  0.52159083855845345     
  0.55454815383888789     
  0.58886521283576188     
  0.62456911800147352     
  0.66168745865516332     
  0.70024804727052559     
  0.74027804205573178     
   1.5581463942986097E-003
   1.7945108986973368E-003
   2.3574447320307058E-003
   3.2079932229130003E-003
   4.3454111114227091E-003
   5.7845343114138270E-003
   7.5472536397396860E-003
   9.6589198880951445E-003
   1.2146688359698713E-002
   1.5038720829057120E-002
   1.8363750793848416E-002
   2.2150890301456727E-002
   2.6429435079567038E-002
   3.1228839194581123E-002
   3.6578636729868427E-002
   4.2508441102983269E-002
   4.9047895639729049E-002
   5.6226672547199180E-002
   6.4074462806786567E-002
   7.2620978174035927E-002
   8.1895932279726302E-002
   9.1929046615190579E-002
  0.10275006588634768     
  0.11438873419918578     
  0.12687475167148840     
  0.14023789957419663     
  0.15450787398403495     
  0.16971444167069852     
  0.18588737483926732     
  0.20305638301193080     
  0.22125124971834478     
  0.24050161817215623     
  0.26083732817680449     
  0.28228808837511477     
  0.30488376266151046     
  0.32865385257498392     
  0.35362813362020462     
  0.37983652861482209     
  0.40730860849359468     
  0.43607417062944870     
  0.46616299549337564     
  0.49760477559673333     
  0.53042932879014659     
  0.56466614730158993     
  0.60034538695978379     
  0.63749638576954004     
  0.67614888574490561     
  0.71633276654503930     
  0.75807780434207150     
  0.80141366348532062     
   1.6626100755993748E-003
   1.9148209771107146E-003
   2.5154951801162431E-003
   3.4230664543237260E-003
   4.6367406737793260E-003
   6.1723475586286814E-003
   8.0532446307211032E-003
   1.0306483099350663E-002
   1.2961038879245929E-002
   1.6046960117752505E-002
   1.9594912510249508E-002
   2.3635947765113376E-002
   2.8201343022681742E-002
   3.3322513622481183E-002
   3.9030983521939490E-002
   4.5358335226618751E-002
   5.2336203591845029E-002
   5.9996273850249991E-002
   6.8370197916852699E-002
   7.7489698161135670E-002
   8.7386477911247221E-002
   9.8092239681542390E-002
  0.10963872445416349     
  0.12205769325466485     
  0.13538083794350603     
  0.14963984066452851     
  0.16486652905419569     
  0.18109259555607909     
  0.19834980977159411     
  0.21666990979569595     
  0.23608462595954505     
  0.25662559733457946     
  0.27832466290255431     
  0.30121359478949628     
  0.32532406610959874     
  0.35068770114626902     
  0.37733643264247863     
  0.40530188518524457     
  0.43461586256170959     
  0.46530991839896219     
  0.49741599104096040     
  0.53096577662034239     
  0.56599093521004318     
  0.60252315933710221     
  0.64059419749879376     
  0.68023597214426246     
  0.72147984630076945     
  0.76435776429284952     
  0.80890171123932386     
  0.85514280046314872     
   1.7517078119715821E-003
   2.0174346080910396E-003
   2.6502980594730928E-003
   3.6065046883990959E-003
   4.8852178923433996E-003
   6.5031168239010478E-003
   8.4848080425106616E-003
   1.0858794502996306E-002
   1.3655605228014572E-002
   1.6906895548530251E-002
   2.0644979403795324E-002
   2.4902567243604134E-002
   2.9712616706553556E-002
   3.5108226288835399E-002
   4.1122606562963751E-002
   4.7789043250166870E-002
   5.5140849664867549E-002
   6.3211396034316733E-002
   7.2034085381023405E-002
   8.1642285115116092E-002
   9.2069409421688606E-002
  0.10334889652814849     
  0.11551415161562911     
  0.12859860847586393     
  0.14263570213599058     
  0.15765886782625230     
  0.17370153853592590     
  0.19079713170586979     
  0.20897915674410458     
  0.22828102800192168     
  0.24873609348060580     
  0.27037791896638541     
  0.29323979131798461     
  0.31735531648542287     
  0.34275775101313255     
  0.36948074282634918     
  0.39755744855547448     
  0.42702148557948222     
  0.45790637845435034     
  0.49024538228709830     
  0.52407199010532834     
  0.55941963548239659     
  0.59632183474343325     
  0.63481178314168485     
  0.67492311924314230     
  0.71668902621377084     
  0.76014320159962168     
  0.80531881689201168     
  0.85224965380076201     
  0.90096890041497890     
   1.8246169384436022E-003
   2.1014032515014811E-003
   2.7606073074891838E-003
   3.7566128885654672E-003
   5.0885479231579508E-003
   6.7737852796520455E-003
   8.8379586530008009E-003
   1.1310753117454088E-002
   1.4223970242218982E-002
   1.7610584100971931E-002
   2.1504252493836338E-002
   2.5939049439237458E-002
   3.0949293662990915E-002
   3.6569478938693778E-002
   4.2834183813922330E-002
   4.9778083429349591E-002
   5.7435883617508725E-002
   6.5842348950755691E-002
   7.5032248325241441E-002
   8.5040352626254964E-002
   9.5901465396650454E-002
  0.10765042558985687     
  0.12032201579165930     
  0.13395107897387148     
  0.14857241039891272     
  0.16422086098931352     
  0.18093126889870648     
  0.19873841322138322     
  0.21767719110141492     
  0.23778241879708370     
  0.25908884898066425     
  0.28163140114756063     
  0.30544483972439401     
  0.33056409373346618     
  0.35702380464248445     
  0.38485895525791675     
  0.41410428863666426     
  0.44479470264375404     
  0.47696508207899579     
  0.51065017837001481     
  0.54588471603699340     
  0.58270363092130784     
  0.62114152015979529     
  0.66123347750310280     
  0.70301424569704019     
  0.74651870091905026     
  0.79178138393813491     
  0.83883731158278851     
  0.88772140130349819     
  0.93846844885354597     
   1.8806629397895510E-003
   2.1659513794064335E-003
   2.8454040966689196E-003
   3.8720033114321849E-003
   5.2448497605398631E-003
   6.9818528557103942E-003
   9.1094292636226381E-003
   1.1658180518138765E-002
   1.4660881558255455E-002
   1.8151520488979382E-002
   2.2164788538898115E-002
   2.6735801279526569E-002
   3.1899940996966643E-002
   3.7692756423931925E-002
   4.4149898471813269E-002
   5.1307086215922053E-002
   5.9200113435297193E-002
   6.7864795702275910E-002
   7.7336975173599901E-002
   8.7652493309410467E-002
   9.8847224242056789E-002
  0.11095704562044073     
  0.12401787554054206     
  0.13806557195346561     
  0.15313604548489460     
  0.16926517513884887     
  0.18648884847900379     
  0.20484296969765120     
  0.22436341671097157     
  0.24508619079634486     
  0.26704714472141705     
  0.29028209005444733     
  0.31482702674053903     
  0.34071782513432469     
  0.36799032513023389     
  0.39668047828539316     
  0.42682425185014594     
  0.45845735140181199     
  0.49161576837536414     
  0.52633548054029689     
  0.56265224390108026     
  0.60060201931948054     
  0.64022061050269019     
  0.68154417694962155     
  0.72460835180428729     
  0.76944901525650045     
  0.81610206648269368     
  0.86460366439073244     
  0.91498911737340194     
  0.96729488340399572     
   1.9193291902212027E-003
   2.2104819849105306E-003
   2.9039036913264329E-003
   3.9516090094589857E-003
   5.3526797408526448E-003
   7.1253941288763126E-003
   9.2967124573807500E-003
   1.1897865015541473E-002
   1.4962299804728629E-002
   1.8524703977237971E-002
   2.2620480695643957E-002
   2.7285472475158050E-002
   3.2555783003846019E-002
   3.8467694913171792E-002
   4.5057591280031013E-002
   5.2361927524940288E-002
   6.0417230493961263E-002
   6.9260047574067049E-002
   7.8926970205146607E-002
   8.9454564256747554E-002
  0.10087945083054645     
  0.11323824263412453     
  0.12656758732626397     
  0.14090410416699314     
  0.15628438911192080     
  0.17274514196199359     
  0.19032295379134642     
  0.20905441602830158     
  0.22897621701671572     
  0.25012506189564948     
  0.27253751636545448     
  0.29625014928181048     
  0.32129967003447074     
  0.34772267746832380     
  0.37555591091378820     
  0.40483597207192296     
  0.43559939259024000     
  0.46788290498966645     
  0.50172312125117813     
  0.53715660190136083     
  0.57422004745049127     
  0.61295001676060334     
  0.65338315192946950     
  0.69555631545073526     
  0.73950582560197009     
  0.78526835650948001     
  0.83288060555993471     
  0.88237916163289964     
  0.93380063059352125     
  0.98718179665524253     
   1.9402569551002667E-003
   2.2345841154807430E-003
   2.9355661390761917E-003
   3.9946952580411895E-003
   5.4110417173199058E-003
   7.2030834504409093E-003
   9.3980776964142226E-003
   1.2027591028919482E-002
   1.5125438969727907E-002
   1.8726683069336159E-002
   2.2867120190279425E-002
   2.7582978120934808E-002
   3.2910751844691437E-002
   3.8887124788370912E-002
   4.5548865275216163E-002
   5.2932840945164726E-002
   6.1075976411874004E-002
   7.0015220088134461E-002
   7.9787528628208995E-002
   9.0429905343217404E-002
  0.10197938187938900     
  0.11447293988427404     
  0.12794763119438352     
  0.14244042627916947     
  0.15798842290072085     
  0.17462863005546472     
  0.19239810521154424     
  0.21133381207577054     
  0.23147287984192727     
  0.25285226638103842     
  0.27550905918956992     
  0.29948027813747130     
  0.32480292777015651     
  0.35151404877852499     
  0.37965068183766920     
  0.40924990971742753     
  0.44034888287936297     
  0.47298435102582953     
  0.50719343610269707     
  0.54301334304427462     
  0.58048090148093290     
  0.61963326226393989     
  0.66050728236913991     
  0.70314026990525080     
  0.74756892997380031     
  0.79383040711757402     
  0.84196170412667615     
  0.89199999045987977     
  0.94398222533915932     
  0.99794539823721928     
   1.9432528233280816E-003
   2.2380343880024182E-003
   2.9400989775812706E-003
   4.0008632677222293E-003
   5.4193963553985421E-003
   7.2142052066492606E-003
   9.4125889727582970E-003
   1.2046161557593431E-002
   1.5148793142928239E-002
   1.8755598150906588E-002
   2.2902427125879324E-002
   2.7625567038931393E-002
   3.2961562998859217E-002
   3.8947158274738658E-002
   4.5619189706809400E-002
   5.3014578204552146E-002
   6.1170274369608042E-002
   7.0123320858503077E-002
   7.9910722173637219E-002
   9.0569540369264387E-002
  0.10213686192846405     
  0.11464969995070075     
  0.12814517145062526     
  0.14266036802075821     
  0.15823237000832396     
  0.17489826854926052     
  0.19269518063933175     
  0.21166012362689707     
  0.23183028057057534     
  0.25324270862591075     
  0.27593445639368241     
  0.29994267356999399     
  0.32530443285208122     
  0.35205687086479925     
  0.38023687091950586     
  0.40988185241080899     
  0.44102876077345571     
  0.47371459209430561     
  0.50797655023433297     
  0.54385176539242275     
  0.58137723471692115     
  0.62058994550175550     
  0.66152703432234150     
  0.70422571613747276     
  0.74872310707240586     
  0.79505609723709125     
  0.84326164077321752     
  0.89337714731544460     
  0.94543961116149766     
  0.99948621337005372     
   1.9282900606142433E-003
   2.2208012738158130E-003
   2.9174599809905786E-003
   3.9700562220982231E-003
   5.3776665427133592E-003
   7.1586550292020998E-003
   9.3401112543049468E-003
   1.1953404074290555E-002
   1.5032143581938441E-002
   1.8611177554925640E-002
   2.2726073825419735E-002
   2.7412841680172158E-002
   3.2707753855928182E-002
   3.8647257071135803E-002
   4.5267911323463701E-002
   5.2606355837404493E-002
   6.0699252021114730E-002
   6.9583358791064365E-002
   7.9295397222931524E-002
   8.9872143026738988E-002
  0.10135037216224960     
  0.11376688018192672     
  0.12715845191620287     
  0.14156187223810091     
  0.15701396076506113     
  0.17355153580751440     
  0.19121139519984068     
  0.21003035669605699     
  0.23004521663819125     
  0.25129270826968531     
  0.27380970636585106     
  0.29763308200981448     
  0.32279954987866477     
  0.34934592074177739     
  0.37730907681601011     
  0.40672574997340372     
  0.43763268700319014     
  0.47006686715351603     
  0.50406503404228820     
  0.53966400101192979     
  0.57690045789623889     
  0.61581119362959513     
  0.65643314343383774     
  0.69880310083368102     
  0.74295778428882320     
  0.78893386121855447     
  0.83676835067929345     
  0.88649807669477176     
  0.93815964057300849     
  0.99179000218756397     
   1.8955062568048297E-003
   2.1830442929803903E-003
   2.8678585862306890E-003
   3.9025589994528785E-003
   5.2862358776270798E-003
   7.0369462683455390E-003
   9.1813140045608633E-003
   1.1750177770083688E-002
   1.4776570991639513E-002
   1.8294756631022518E-002
   2.2339692037964310E-002
   2.6946780869133859E-002
   3.2151665477534952E-002
   3.7990182593152885E-002
   4.4498284082328123E-002
   5.1711956795577149E-002
   5.9667267826110898E-002
   6.8400324679375998E-002
   7.7947251130360967E-002
   8.8344167811456126E-002
   9.9627252372156125E-002
  0.11183264819091683     
  0.12499653210420553     
  0.13915508493354964     
  0.15434447457381728     
  0.17060085334234870     
  0.18796049339578344     
  0.20645948147633833     
  0.22613403813679606     
  0.24702027557787459     
  0.26915454071522454     
  0.29257281768909671     
  0.31731143772723264     
  0.34340651389749960     
  0.37089423626879781     
  0.39981071042750921     
  0.43019227692980094     
  0.46207501509418014     
  0.49549507450784858     
  0.53048864526348016     
  0.56709206759168873     
  0.60534141309066747     
  0.64527274239188692     
  0.68692222349172083     
  0.73032623438709121     
  0.77552065757348854     
  0.82254191709240254     
  0.87142605712680543     
  0.92220929703866317     
  0.97492789133889213     
   1.8452044557550917E-003
   2.1251119732627220E-003
   2.7917529208914458E-003
   3.7989945562271342E-003
   5.1459526869523297E-003
   6.8502036101113590E-003
   8.9376656078759536E-003
   1.1438358551568207E-002
   1.4384439288167503E-002
   1.7809255250170450E-002
   2.1746850206429504E-002
   2.6231678849624060E-002
   3.1298443275259706E-002
   3.6982018544383932E-002
   4.3317413710985436E-002
   5.0339645712188179E-002
   5.8083842857767423E-002
   6.6585151686507027E-002
   7.5878720195404967E-002
   8.5999726542748831E-002
   9.6983378288667030E-002
  0.10886488378310659     
  0.12167942639125312     
  0.13546225741702692     
  0.15024856237220197     
  0.16607356293690692     
  0.18297251071525183     
  0.20098056975222414     
  0.22013302510456800     
  0.24046505172697644     
  0.26201181447878291     
  0.28480867989382813     
  0.30889077429233114     
  0.33429332503363235     
  0.36105156154631540     
  0.38920063743643035     
  0.41877597552992546     
  0.44981268506801336     
  0.48234588328321648     
  0.51641092129313537     
  0.55204297348321596     
  0.58927705344488857     
  0.62814866497166399     
  0.66869290164110562     
  0.71094498131833028     
  0.75494007768689941     
  0.80071351752086506     
  0.84830055171973018     
  0.89773617405191930     
  0.94905571665204436     
   1.7778494652378265E-003
   2.0475394501154234E-003
   2.6898464311664941E-003
   3.6603209361752908E-003
   4.9581118829424443E-003
   6.6001531987950916E-003
   8.6114184051628486E-003
   1.1020828904506398E-002
   1.3859368189757583E-002
   1.7159168206080072E-002
   2.0953032367266661E-002
   2.5274149686211007E-002
   3.0155966998665223E-002
   3.5632082798487556E-002
   4.1736203090609492E-002
   4.8502106136171612E-002
   5.5963625539030941E-002
   6.4154611930447858E-002
   7.3108938279588906E-002
   8.2860505494248490E-002
   9.3443226133260879E-002
  0.10489102905605932     
  0.11723780706624781     
  0.13051752126293215     
  0.14476406591740656     
  0.16001141506860778     
  0.17629351103512972     
  0.19364424469359637     
  0.21209754635291181     
  0.23168736735381396     
  0.25244766205847174     
  0.27441240019385915     
  0.29761545631549791     
  0.32209074946388971     
  0.34787225802335853     
  0.37499383891573573     
  0.40348957491384418     
  0.43339332981847589     
  0.46473896797062381     
  0.49756048683267601     
  0.53189184729645722     
  0.56776676969605144     
  0.60521943408985546     
  0.64428372002829803     
  0.68499349391448150     
  0.72738274804720515     
  0.77148532717057783     
  0.81733523519698170     
  0.86496625742000055     
  0.91441258293429106     
   1.6940640980857384E-003
   1.9510441471709116E-003
   2.5630809354693792E-003
   3.4878196139583768E-003
   4.7244491685114161E-003
   6.2891044878002856E-003
   8.2055838529691543E-003
   1.0501446007308556E-002
   1.3206212036828311E-002
   1.6350502984831230E-002
   1.9965570782665427E-002
   2.4083046789748645E-002
   2.8734796059963943E-002
   3.3952837861009458E-002
   3.9769283024785787E-002
   4.6216331504212609E-002
   5.3326197476866191E-002
   6.1131165884454032E-002
   6.9663498332380683E-002
   7.8955500217544494E-002
   8.9039496600170812E-002
   9.9947770508399147E-002
  0.11171269960337056     
  0.12436656080918215     
  0.13794168345526334     
  0.15247049657654943     
  0.16798523439350554     
  0.18451827335510609     
  0.20210190566532690     
  0.22076853567562832     
  0.24055046675110392     
  0.26148004891668503     
  0.28358957853054506     
  0.30691150667061773     
  0.33147796310519834     
  0.35732141635571357     
  0.38447414389957030     
  0.41296854822457224     
  0.44283699773663865     
  0.47411175862089733     
  0.50682513740445534     
  0.54100952665327151     
  0.57669712489359903     
  0.61392029144946825     
  0.65271154820355637     
  0.69310302974586024     
  0.73512716671529488     
  0.77881622011603580     
  0.82420264107264285     
  0.87131865421942822     
   1.5946229134663826E-003
   1.8365183614157585E-003
   2.4126285473316791E-003
   3.2830841608524107E-003
   4.4471237465861721E-003
   5.9199335583546625E-003
   7.7239166214598800E-003
   9.8850103366943057E-003
   1.2431008271136636E-002
   1.5390729510664588E-002
   1.8793592397754820E-002
   2.2669372876903366E-002
   2.7048062758302446E-002
   3.1959803700478094E-002
   3.7434825895734415E-002
   4.3503435280178818E-002
   5.0195953893936746E-002
   5.7542763711101778E-002
   6.5574249186644729E-002
   7.4320808440473785E-002
   8.3812866041523007E-002
   9.4080843729907132E-002
  0.10515516632550674     
  0.11706624006251067     
  0.12984452415920675     
  0.14352046539511587     
  0.15812451668838587     
  0.17368705324408015     
  0.19023854280276992     
  0.20780940221447161     
  0.22643013083485308     
  0.24613116420254166     
  0.26694293032193572     
  0.28889577294693025     
  0.31202016967261609     
  0.33634664555461069     
  0.36190548460095218     
  0.38872728779384152     
  0.41684240798775368     
  0.44628138562393754     
  0.47707434637250695     
  0.50925211032147544     
  0.54284480796702006     
  0.57788303414493880     
  0.61439726220766155     
  0.65241779499261543     
  0.69197510986674216     
  0.73309975231776936     
  0.77582204581858005     
  0.82017219488393722     
   1.4804442745552067E-003
   1.7050197192279995E-003
   2.2398789984632381E-003
   3.0480075477336099E-003
   4.1286985833922062E-003
   5.4960526464412646E-003
   7.1708667186688611E-003
   9.1772192175353408E-003
   1.1540918577815440E-002
   1.4288716687843735E-002
   1.7447926881697485E-002
   2.1046194091645539E-002
   2.5111361197700782E-002
   2.9671409125527584E-002
   3.4754403988351550E-002
   4.0388481717498897E-002
   4.6601804263398772E-002
   5.3422560280892435E-002
   6.0878975256087903E-002
   6.8999259132089874E-002
   7.7811670552537682E-002
   8.7344438996274032E-002
   9.7625801506966550E-002
  0.10868401170980303     
  0.12054734335900162     
  0.13324407952241513     
  0.14680242363820739     
  0.16125065252257723     
  0.17661699008808696     
  0.19292979032078245     
  0.21021723175820112     
  0.22850759967938825     
  0.24782919296401085     
  0.26821013246194042     
  0.28967884557124352     
  0.31226342751747338     
  0.33599227442604135     
  0.36089355248895355     
  0.38699555202689950     
  0.41432654579670908     
  0.44291475880798981     
  0.47278844154647448     
  0.50397586705882280     
  0.53650528102891626     
  0.57040489829597907     
  0.60570326978333078     
  0.64242820852405125     
  0.68060821292654117     
  0.72027129761160003     
  0.76144588897738075     
   1.3525837707194063E-003
   1.5577633130872605E-003
   2.0464287839494495E-003
   2.7847619844997263E-003
   3.7721172124235316E-003
   5.0213773841301275E-003
   6.5515436129054815E-003
   8.3846163519344218E-003
   1.0544171197689963E-002
   1.3054652263654706E-002
   1.5941012010647491E-002
   1.9228508340269373E-002
   2.2942584714973981E-002
   2.7108795444271454E-002
   3.1752791255170797E-002
   3.6900273166653244E-002
   4.2576970052992005E-002
   4.8808641521895832E-002
   5.5621074912278190E-002
   6.3040046255286628E-002
   7.1091344408375459E-002
   7.9800792043101532E-002
   8.9194203030700261E-002
   9.9297370100919116E-002
  0.11013611016359311     
  0.12173624566017066     
  0.13412361388946004     
  0.14732399639276506     
  0.16136321952869861     
  0.17626713856251944     
  0.19206152146825342     
  0.20877219866294744     
  0.22642502174460127     
  0.24504580223545275     
  0.26466031230391640     
  0.28529429817807189     
  0.30697377823627769     
  0.32972444252537597     
  0.35357217733877450     
  0.37854266375938023     
  0.40466178112745904     
  0.43195545025924420     
  0.46044934456290448     
  0.49016923160525966     
  0.52114109287985033     
  0.55339068829115434     
  0.58694382096273723     
  0.62182637538337215     
  0.65806413755359383     
  0.69568247178295195     
   1.2122230256523064E-003
   1.3961103104878051E-003
   1.8340663098332577E-003
   2.4957801631382056E-003
   3.3806752546882085E-003
   4.5002969481677682E-003
   5.8716733947935633E-003
   7.5145226755140501E-003
   9.4499750961940070E-003
   1.1699937654522445E-002
   1.4286774311798305E-002
   1.7233117331047071E-002
   2.0561774106128455E-002
   2.4295649318676976E-002
   2.8457724908261366E-002
   3.3071035383105608E-002
   3.8158649650623176E-002
   4.3743649901694472E-002
   4.9849137548626257E-002
   5.6498222119271690E-002
   6.3714020678050029E-002
   7.1519664202200822E-002
   7.9938289766376819E-002
   8.8993040982424901E-002
   9.8707008035645930E-002
  0.10910337320370439     
  0.12020524676591610     
  0.13203581203154802     
  0.14461816764423804     
  0.15797544169223787     
  0.17213079629093456     
  0.18710740359892522     
  0.20292831366479683     
  0.21961673672404464     
  0.23719579540456431     
  0.25568863121200430     
  0.27511832111303458     
  0.29550807769623483     
  0.31688102767180948     
  0.33926027580074047     
  0.36266899370370737     
  0.38713034445352240     
  0.41266733019379748     
  0.43930317943341024     
  0.46706097213081282     
  0.49596399073491726     
  0.52603517748795925     
  0.55729790716644934     
  0.58977498385771432     
  0.62348971398031039     
   1.0606591043306073E-003
   1.2215547996592146E-003
   1.6047535293627886E-003
   2.1837336115809371E-003
   2.9579900881898840E-003
   3.9376251700600912E-003
   5.1375381709879283E-003
   6.5749825132443880E-003
   8.2684449728276811E-003
   1.0237096851599221E-002
   1.2500500207223922E-002
   1.5078461562788775E-002
   1.7990932570389691E-002
   2.1257959383766543E-002
   2.4899654976496970E-002
   2.8936166232376201E-002
   3.3387672015461167E-002
   3.8274380671346170E-002
   4.3616500894231636E-002
   4.9434262963019331E-002
   5.5747852496894151E-002
   6.2577560963794673E-002
   6.9943615892895966E-002
   7.7866233208643040E-002
   8.6365672767739432E-002
   9.5462214868744871E-002
  0.10517603132882125     
  0.11552739103305490     
  0.12653657194247311     
  0.13822375913390850     
  0.15060927419740708     
  0.16371336548111723     
  0.17755620398960420     
  0.19215809404871828     
  0.20753921193874506     
  0.22371983570034040     
  0.24072029448282814     
  0.25856074987749605     
  0.27726136714046351     
  0.29684251748218432     
  0.31732441914639448     
  0.33872739823000408     
  0.36107160739163263     
  0.38437715825453173     
  0.40866445028785398     
  0.43395367141811408     
  0.46026505428525821     
  0.48761891194536910     
  0.51603539047696012     
  0.54553480476594363     
   8.9929283354971048E-004
   1.0357101041419709E-003
   1.3606094755956430E-003
   1.8515046682840704E-003
   2.5079673111816757E-003
   3.3385629375020870E-003
   4.3559233303151618E-003
   5.5746778646579113E-003
   7.0105011292907037E-003
   8.6796453484605865E-003
   1.0598698823197708E-002
   1.2784455009013842E-002
   1.5253828867797801E-002
   1.8023817372989068E-002
   2.1111470216233125E-002
   2.4533871683608745E-002
   2.8308138839312824E-002
   3.2451388727738957E-002
   3.6980772596602200E-002
   4.1913422681770403E-002
   4.7266490732692630E-002
   5.3057137517283928E-002
   5.9302527482023720E-002
   6.6019817842049855E-002
   7.3226175780096686E-002
   8.0938769119537915E-002
   8.9174749947864854E-002
   9.7951286009430719E-002
  0.10728554448682544     
  0.11719465644067857     
  0.12769586756655707     
  0.13880630074639655     
  0.15054313637104946     
  0.16292352888504888     
  0.17596457403209417     
  0.18968352533206814     
  0.20409755370728527     
  0.21922374205873718     
  0.23507936094493140     
  0.25168153116183073     
  0.26904740210208505     
  0.28719405703677264     
  0.30613879663834376     
  0.32589869766732021     
  0.34649103150653199     
  0.36793285849560980     
  0.39024122749871498     
  0.41343356597555603     
  0.43752687865281026     
  0.46253818584098644     
   7.2961518814560508E-004
   8.4029332193737594E-004
   1.1038910815191322E-003
   1.5021645308892061E-003
   2.0347664699566269E-003
   2.7086462124603253E-003
   3.5340522498518013E-003
   4.5228526563913483E-003
   5.6877662818066044E-003
   7.0419778215888061E-003
   8.5989470735357166E-003
   1.0372296960040038E-002
   1.2375751190047694E-002
   1.4623101380114186E-002
   1.7128179178769104E-002
   1.9904844319681685E-002
   2.2966986305925204E-002
   2.6328494020752092E-002
   3.0003275883545552E-002
   3.4005238306377861E-002
   3.8348295321262160E-002
   4.3046366548787060E-002
   4.8113384578197811E-002
   5.3563265032645323E-002
   5.9409922806580549E-002
   6.5667314509065142E-002
   7.2349341174734239E-002
   7.9469921423544448E-002
   8.7042999307627003E-002
   9.5082496124434659E-002
  0.10360232901759624     
  0.11261646581765403     
  0.12213880769783175     
  0.13218327726626994     
  0.14276376427643922     
  0.15389422173722167     
  0.16558859680909757     
  0.17786081343627563     
  0.19072480505705608     
  0.20419446211606507     
  0.21828378561932266     
  0.23300657014763815     
  0.24837677946922379     
  0.26440843281137077     
  0.28111536772415502     
  0.29851150588711933     
  0.31661086394867521     
  0.33542727763521613     
  0.35497462148947312     
  0.37526689325139823     
   5.5319445202949285E-004
   6.3711074322259803E-004
   8.3697059075115300E-004
   1.1389419003910055E-003
   1.5427607871402625E-003
   2.0536968741241357E-003
   2.6795197221449090E-003
   3.4292290665812247E-003
   4.3124670837345154E-003
   5.3392302777764576E-003
   6.5197243485506018E-003
   7.8642776967220735E-003
   9.3832998805823391E-003
   1.1087239954148589E-002
   1.2986591956589646E-002
   1.5091863985286138E-002
   1.7413582410387998E-002
   1.9962276774712014E-002
   2.2748500012186035E-002
   2.5782787501035530E-002
   2.9075695710989453E-002
   3.2637773503357288E-002
   3.6479588400382311E-002
   4.0611686803462360E-002
   4.5044633194091528E-002
   4.9788985927576780E-002
   5.4855298508173750E-002
   6.0254119814338307E-002
   6.5996035207923076E-002
   7.2091570986964698E-002
   7.8551330175073833E-002
   8.5385846997275153E-002
   9.2605669108975178E-002
  0.10022139925339753     
  0.10824354607003876     
  0.11668266441678304     
  0.12554934764625239     
  0.13485415861299621     
  0.14460760912657092     
  0.15482033094617922     
  0.16550283163045887     
  0.17666565444254231     
  0.18831935337873965     
  0.20047459290099556     
  0.21314179803308897     
  0.22633154922676063     
  0.24005443034892029     
  0.25432102421305242     
  0.26914185960228576     
  0.28452746861369971     
   3.7166131335515147E-004
   4.2804018146651849E-004
   5.6231501521087344E-004
   7.6519319013817458E-004
   1.0364972441129436E-003
   1.3797672447616999E-003
   1.8002236216705374E-003
   2.3039127607090561E-003
   2.8973123848446986E-003
   3.5871387438706865E-003
   4.3802486973555724E-003
   5.2835814566886651E-003
   6.3041290231439402E-003
   7.4489142600540547E-003
   8.7249858210971549E-003
   1.0139403171007592E-002
   1.1699239608305935E-002
   1.3411567287735083E-002
   1.5283479717715176E-002
   1.7322051047763562E-002
   1.9534379068858715E-002
   2.1927548149345326E-002
   2.4508648649805353E-002
   2.7284785116507410E-002
   3.0263042293392228E-002
   3.3450516099897423E-002
   3.6854292634077884E-002
   4.0481470389760611E-002
   4.4339151394095944E-002
   4.8434421397030254E-002
   5.2774376505089031E-002
   5.7366110005948052E-002
   6.2216712110612082E-002
   6.7333309619139803E-002
   7.2722950476324988E-002
   7.8392743730505379E-002
   8.4349787004101312E-002
   9.0601178732395690E-002
   9.7154014992733378E-002
  0.10401537856342212     
  0.11119237397378538     
  0.11869208465387542     
  0.12652158569170036     
  0.13468799236543083     
  0.14319840712696280     
  0.15205987504476945     
  0.16127949789804447     
  0.17086443244702879     
  0.18082177057869309     
  0.19115850523913702     
   1.8669336317690609E-004
   2.1501362207064208E-004
   2.8246275992587487E-004
   3.8437271882258502E-004
   5.2065453819457599E-004
   6.9308638808375533E-004
   9.0429043262410297E-004
   1.1573042601089193E-003
   1.4553811947397583E-003
   1.8018955907178368E-003
   2.2002915470584927E-003
   2.6540552411617731E-003
   3.1666973760407311E-003
   3.7417478217628688E-003
   4.3827457642976377E-003
   5.0932371813640128E-003
   5.8767757338612798E-003
   6.7369148769421839E-003
   7.6772150896900690E-003
   8.7012328656526205E-003
   9.8125307766515207E-003
   1.1014671234442372E-002
   1.2311215037973390E-002
   1.3705728267116968E-002
   1.5201767409213108E-002
   1.6802900937153874E-002
   1.8512692033314685E-002
   2.0334698897991488E-002
   2.2272490900961710E-002
   2.4329631023079012E-002
   2.6509682249048948E-002
   2.8816211308802180E-002
   3.1252781611715817E-002
   3.3822945136406352E-002
   3.6530273944978639E-002
   3.9378336490156936E-002
   4.2370689570342811E-002
   4.5510895048857539E-002
   4.8802518598600061E-002
   5.2249129863686891E-002
   5.5854279409920743E-002
   5.9621541614192551E-002
   6.3554471555617026E-002
   6.7656627767999425E-002
   7.1931582903376645E-002
   7.6382886994819502E-002
   8.1014116506775646E-002
   8.5828824535721465E-002
   9.0830560215555606E-002
   9.6022898043308019E-002
   0.0000000000000000     
   0.0000000000000000     
   0.0000000000000000     
   0.0000000000000000     
   0.0000000000000000     
   0.0000000000000000     
   0.0000000000000000     
   0.0000000000000000     
   0.0000000000000000     
   0.0000000000000000     
   0.0000000000000000     
   0.0000000000000000     
   0.0000000000000000     
   0.0000000000000000     
   0.0000000000000000     
   0.0000000000000000     
   0.0000000000000000     
   0.0000000000000000     
   0.0000000000000000     
   0.0000000000000000     
   0.0000000000000000     
   0.0000000000000000     
   0.0000000000000000     
   0.0000000000000000     
   0.0000000000000000     
   0.0000000000000000     
   0.0000000000000000     
   0.0000000000000000     
   0.0000000000000000     
   0.0000000000000000     
   0.0000000000000000     
   0.0000000000000000     
   0.0000000000000000     
   0.0000000000000000     
   0.0000000000000000     
   0.0000000000000000     
   0.0000000000000000     
   0.0000000000000000     
   0.0000000000000000     
   0.0000000000000000     
   0.0000000000000000     
   0.0000000000000000     
   0.0000000000000000     
   0.0000000000000000     
   0.0000000000000000     
   0.0000000000000000     
   0.0000000000000000     
   0.0000000000000000     
   0.0000000000000000     
  -1.3113417000558692E-007
