0.0000000000000000,0.0000000000000000,0.0000000000000000,0.0000000000000000,-1.0000000000000000,0.0000000000000000,0.0000000000000000,0.0000000000000000,0.0000000000000000,-0.38268340207704565,0.0000000000000000,0.0000000000000000,0.0000000000000000,0.0000000000000000,0.70710682754947640,0.0000000000000000,0.0000000000000000,0.0000000000000000,0.0000000000000000,0.92387949487412657,0.0000000000000000,0.0000000000000000,0.0000000000000000,0.0000000000000000,0.0000000000000000,
0.0000000000000000,0.0000000000000000,0.0000000000000000,-0.28629032250311576,-1.0000000000000000,0.0000000000000000,0.0000000000000000,0.0000000000000000,-0.10955855459722692,-0.38268340207704565,0.0000000000000000,0.0000000000000000,0.0000000000000000,0.20243784170329465,0.70710682754947640,0.0000000000000000,0.0000000000000000,0.0000000000000000,0.26449775854152940,0.92387949487412657,0.0000000000000000,0.0000000000000000,0.0000000000000000,0.0000000000000000,0.0000000000000000,
0.0000000000000000,0.0000000000000000,-0.86212426618799243E-1,-0.38113778259658238,-1.0000000000000000,0.0000000000000000,0.0000000000000000,-0.32992064719799749E-1,-0.14585510330416157,-0.38268340207704565,0.0000000000000000,0.0000000000000000,0.60961395481761167E-1,0.26950512831111140,0.70710682754947640,0.0000000000000000,0.0000000000000000,0.79649893156448964E-1,0.35212538719262187,0.92387949487412657,0.0000000000000000,0.0000000000000000,0.0000000000000000,0.0000000000000000,0.0000000000000000,
0.0000000000000000,-0.29013797381780358E-1,-0.12900262092869355,-0.43098500249645699,-1.0000000000000000,0.0000000000000000,-0.11103098689233789E-1,-0.49367161853847943E-1,-0.16493080699952817,-0.38268340207704565,0.0000000000000000,0.20515854221794014E-1,0.91218634030456186E-1,0.30475243853762157,0.70710682754947640,0.0000000000000000,0.26805252469459497E-1,0.11918288087304801,0.39817821439713230,0.92387949487412657,0.0000000000000000,0.0000000000000000,0.0000000000000000,0.0000000000000000,0.0000000000000000,
-0.14506898690890179E-1,-0.30088176402964979E-1,-0.15684515367270566,-0.45664397388263628,-1.0000000000000000,-0.55515493446168943E-2,-0.11514245708180926E-1,-0.60022037006768017E-1,-0.17475006936761034,-0.38268340207704565,0.10257927110897007E-1,0.21275554963049580E-1,0.11090628049236496,0.32289607294274325,0.70710682754947640,0.13402626234729749E-1,0.27797853725208124E-1,0.14490602814845518,0.42188401454396063,0.92387949487412657,0.0000000000000000,0.0000000000000000,0.0000000000000000,0.0000000000000000,0.0000000000000000,
0.12469583790724934,-0.41336112412661455E-1,-0.16938068495864125,-0.47109496282849755,-1.0000000000000000,0.47719027475194013E-1,-0.15818644126716477E-1,-0.64819176340526530E-1,-0.18028022289393164,-0.38268340207704565,-0.88173278351218839E-1,0.29229051306452231E-1,0.11977024094851635,0.33311446671851352,0.70710682754947640,-0.11520390987186269,0.38189587258224827E-1,0.15648735144156822,0.43523498853317905,0.92387949487412657,0.0000000000000000,0.0000000000000000,0.0000000000000000,0.0000000000000000,0.0000000000000000,
-1.2218198355434058,-0.17634279875871340E-1,-0.17803802544817529,-0.47856151335363384,-1.0000000000000000,-0.46757017139096724,-0.67483429686709534E-2,-0.68132196743277307E-1,-0.18313754763606571,-0.38268340207704565,0.86395729637871355,0.12469316683039506E-1,0.12589190761843777,0.33839411615979642,0.70710682754947640,1.1288138742573564,0.16291962477319216E-1,0.16448569123291298,0.44213318285932646,0.92387949487412657,0.0000000000000000,0.0000000000000000,0.0000000000000000,0.0000000000000000,0.0000000000000000,
11.760549778177730,-0.25153768488396294,-0.17700181761076117,-0.48288532526833433,-1.0000000000000000,4.5005684208467347,-0.96259304519591152E-1,-0.67735655949479723E-1,-0.18479219855990847,-0.38268340207704565,-8.3159708431384516,0.17786405938512950,0.12515919686337093,0.34145151392971024,0.70710682754947640,-10.865321591546159,0.23239043485115907,0.16352836383900812,0.44612786470474314,0.92387949487412657,0.0000000000000000,0.0000000000000000,0.0000000000000000,0.0000000000000000,0.0000000000000000,
-113.41104787923942,1.9783620196659029,-0.22464774379113384,-0.48409634856733197,-1.0000000000000000,-43.400600344167046,0.75708655585804263,-0.85968963794140291E-1,-0.18525563667696288,-0.38268340207704565,80.193918267466898,-1.3989143577272487,0.15884996827073999,0.34230783686043614,0.70710682754947640,104.77795350102554,-1.8277664671158009,0.20754744102268399,0.44724670548539830,0.92387949487412657,0.0000000000000000,0.0000000000000000,0.0000000000000000,0.0000000000000000,0.0000000000000000,
1093.4372637377651,-19.522617174917031,0.21057023118964993,-0.49467995377979979,-1.0000000000000000,418.44352604246689,-7.4709950069865760,0.80581786231566810E-1,-0.18930580724623980,-0.38268340207704565,-773.18303479155418,13.804610144138856,-0.14889586117551590,0.34979157918041076,0.70710682754947640,-1010.2007074094971,18.036512542502710,-0.19454117707859989,0.45702467808736208,0.92387949487412657,0.0000000000000000,0.0000000000000000,0.0000000000000000,0.0000000000000000,0.0000000000000000,
-10542.410334838223,187.77260743723406,-3.9965530188355265,-0.40517598989279485,-1.0000000000000000,-4034.5271391622409,71.858037667034949,-1.5294172514868440,-0.15505411383248172,-0.38268340207704565,7454.8003922518092,-132.77637376481798,2.8259968759422129,0.28650266655043688,0.70710682754947640,9739.8580384483394,-173.47863552314379,3.6923267424226176,0.37433387453511535,0.92387949487412657,0.0000000000000000,0.0000000000000000,0.0000000000000000,0.0000000000000000,0.0000000000000000,
101643.27305346666,-1810.8675133798681,36.559552739419274,-1.2746264400687082,-1.0000000000000000,38901.454564115105,-693.01062461081369,13.990851428132894,-0.48777897349426441,-0.38268340207704565,-71878.570351235947,1280.5105623654522,-25.851728238833370,0.90129854977718382,0.70710682754947640,-93905.475457836452,1673.0130766470240,-33.776495631788258,1.1775998362160094,0.92387949487412657,0.0000000000000000,0.0000000000000000,0.0000000000000000,0.0000000000000000,0.0000000000000000,
-979929.90655242710,17458.775393206910,-354.46582035305141,7.1045583336115676,-1.0000000000000000,-375146.06577925198,6681.9421147546391,-135.65258713323004,2.7188217760623057,-0.38268340207704565,693099.16867535468,-12346.270992241123,250.65204001407932,-5.0237285296895280,0.70710682754947640,905342.57207186194,-16129.690472120552,327.48164977229203,-6.5637291859556273,0.92387949487412657,0.0000000000000000,0.0000000000000000,0.0000000000000000,0.0000000000000000,0.0000000000000000,
9445704.7175915148,-168317.85689649556,3415.5529089303950,-73.685332402357943,-1.0000000000000000,3619402.6159305400,-64437.919762404956,1307.2292197029285,-28.199097558048535,-0.38268340207704565,-6684843.5440863632,119051.41185414088,-2415.3736740833151,52.104864381001022,0.70710682754947640,-8727438.5873881020,155506.45251263923,-3155.5368449568582,68.075934741012674,0.92387949487412657,0.0000000000000000,0.0000000000000000,0.0000000000000000,0.0000000000000000,0.0000000000000000,
-90994405.762517497,1622428.4602106910,-32930.716961776328,705.23834655329495,-1.0000000000000000,-34973072.364035085,621710.23856443679,-12607.200324575120,269.91596555282922,-0.38268340207704565,64520599.783886701,-1148246.9607638551,23292.155192075719,-498.72438593884675,0.70710682754947640,84103863.067977905,-1499062.4984451039,30424.238296217907,-651.55058459887903,0.92387949487412657,0.0000000000000000,0.0000000000000000,0.0000000000000000,0.0000000000000000,0.0000000000000000,
874849874.80609906,-15629060.999460852,317416.83394394536,-6804.2460116962848,-1.0000000000000000,339602461.50781262,-6007835.1680148663,121639.06336079232,-2604.9772771101534,-0.38268340207704565,-624139759.49712479,11083018.491385134,-224653.41473296582,4812.7448379166772,0.70710682754947640,-809659416.18401039,14445801.535543188,-293282.37257828325,6286.3544130533419,0.92387949487412657,0.0000000000000000,0.0000000000000000,0.0000000000000000,0.0000000000000000,0.0000000000000000,
-8355956849.2276039,150247898.33508533,-3057623.9770860020,65580.226618690285,-1.0000000000000000,-3349866063.8763733,58352827.080047637,-1175540.4581779668,25132.620314065989,-0.38268340207704565,6080356002.2056026,-107223590.41363835,2168463.8063321291,-46416.244952139117,0.70710682754947640,7769842917.2097845,-139061164.88352868,2826185.3109066300,-60594.170773657279,0.92387949487412657,0.0000000000000000,0.0000000000000000,0.0000000000000000,0.0000000000000000,0.0000000000000000,
78067271324.844650,-1434586744.5185194,29391022.250415329,-631707.63041160291,-1.0000000000000000,34663155812.675720,-576043539.96867120,11420681.809436619,-242907.88666233147,-0.38268340207704565,-60541764424.065819,1044936809.2980566,-20981424.244218066,448053.01784747856,0.70710682754947640,-73817472332.582321,1334278575.2439919,-27204569.243801393,583903.28357489337,0.92387949487412657,0.0000000000000000,0.0000000000000000,0.0000000000000000,0.0000000000000000,0.0000000000000000,
-674120124567.68884,13387762618.272907,-280532788.83289915,6071543.9548647143,-1.0000000000000000,-408086432839.24573,5974324777.9397707,-112832349.47605315,2360543.8536420530,-0.38268340207704565,642645872711.39978,-10415519865.198362,204546663.64543781,-4335757.7116866745,0.70710682754947640,678533452517.12402,-12669879476.672626,260982188.73107865,-5620275.8415737022,0.92387949487412657,0.0000000000000000,0.0000000000000000,0.0000000000000000,0.0000000000000000,0.0000000000000000,
4036318894016.0508,-115113657927.37520,2614897496.4895372,-57930951.560499392,-1.0000000000000000,6238977355047.8838,-70731874356.281509,1172979360.9494002,-23341008.539326139,-0.38268340207704565,-8012730859113.9092,110892169959.07881,-2041096089.5717494,42285195.748160847,0.70710682754947640,-5530332446733.5283,116263080280.44908,-2476897105.3606253,53907761.444185145,0.92387949487412657,0.0000000000000000,0.0000000000000000,0.0000000000000000,0.0000000000000000,0.0000000000000000,
38115105322565.781,672074977840.71277,-22384319924.979263,539316251.05071890,-1.0000000000000000,-131957113789078.58,1091498278886.6078,-13967334330.219851,243247370.25217453,-0.38268340207704565,133386147202646.44,-1391962037478.7603,21798369083.016876,-422438513.92199880,0.70710682754947640,22307406102251.008,-941207750943.05579,22688517302.286102,-511337146.73919106,0.92387949487412657,0.0000000000000000,0.0000000000000000,0.0000000000000000,0.0000000000000000,0.0000000000000000,
-2772176966347000.0,7210638139868.0400,127188684201.00748,-4594998113.8398094,-1.0000000000000000,3508028632475028.5,-23284391903151.461,217568779710.16052,-2913835761.4258146,-0.38268340207704565,-3023303980064343.0,23394731504986.137,-275500617326.26172,4526116103.8701916,0.70710682754947640,739230790080696.00,3564514765414.5435,-182378759969.71204,4675104112.7110357,0.92387949487412657,0.0000000000000000,0.0000000000000000,0.0000000000000000,0.0000000000000000,0.0000000000000000,
0.10170100178126411E+18,-496885194419236.19,1545185720565.4121,25343385892.296040,-1.0000000000000000,-0.10340211603035597E+18,621822755710047.12,-4680805439094.3447,45826524091.204361,-0.38268340207704565,82981970901502016.,-534266732259066.81,4675011428241.8906,-57610336478.934288,0.70710682754947640,-36574660486354048.,135195060267842.91,643286791926.65002,-37297723920.895866,0.92387949487412657,0.0000000000000000,0.0000000000000000,0.0000000000000000,0.0000000000000000,0.0000000000000000,
-0.33159667306563901E+19,18114741839932252.,-101410473184466.02,348490518383.61023,-1.0000000000000000,0.31615512723544294E+19,-18360440356906432.,125558774360077.08,-994352742930.25049,-0.38268340207704565,-0.24696362570972068E+19,14717245812939836.,-107558192360724.56,987199299708.19531,0.70710682754947640,0.12631521445416428E+19,-6535951048591305.0,28115097530341.324,121148617814.74890,0.92387949487412657,0.0000000000000000,0.0000000000000000,0.0000000000000000,0.0000000000000000,0.0000000000000000,
0.10467325073050001E+21,-0.58969188973121050E+18,3674919513877895.5,-21865129837068.578,-1.0000000000000000,-0.97804734293462417E+20,0.56169633961854682E+18,-3713568271365415.5,26790198350642.703,-0.38268340207704565,0.75622832792304779E+20,-0.43858297118483366E+18,2973298324795264.5,-22881726961951.285,0.70710682754947640,-0.40373451636784054E+20,0.22481032353965446E+18,-1330105782862438.8,6170827087857.2119,0.92387949487412657,0.0000000000000000,0.0000000000000000,0.0000000000000000,0.0000000000000000,0.0000000000000000,
-0.32714380004296533E+22,0.18605688478903030E+20,-0.11944648471213462E+18,787729949439046.38,-1.0000000000000000,0.30364410408421121E+22,-0.17379550039023131E+20,0.11367099230486838E+18,-793665937787626.88,-0.38268340207704565,-0.23377138082310298E+22,0.13435799953639313E+20,-88720175527904320.,634738774278590.75,0.70710682754947640,0.12632544716906357E+22,-0.71776792505772022E+19,45571810520805544.,-285984031355131.19,0.92387949487412657,0.0000000000000000,0.0000000000000000,0.0000000000000000,0.0000000000000000,0.0000000000000000,
0.10191130151207403E+24,-0.58141238335357524E+21,0.37670013197364879E+19,-25565172588863108.,-1.0000000000000000,-0.94365098334617692E+23,0.53959356394790086E+21,-0.35177202634055260E+19,24307021068756260.,-0.38268340207704565,0.72496832457248956E+23,-0.41539822501915663E+21,0.27190673519231857E+19,-18963978444755960.,0.70710682754947640,-0.39292711402225470E+23,0.22451362303146482E+21,-0.14534777923828431E+19,9761030850391846.0,0.92387949487412657,0.0000000000000000,0.0000000000000000,0.0000000000000000,0.0000000000000000,0.0000000000000000,
-0.31710218283213021E+25,0.18111172956579441E+23,-0.11769876043249730E+21,0.80589124914666176E+18,-1.0000000000000000,0.29333690274410415E+25,-0.16769492229648940E+23,0.10922246850329480E+21,-0.75234455529926963E+18,-0.38268340207704565,-0.22508561559427718E+25,0.12882892761389836E+23,-0.84077896183348298E+20,0.58144664265374938E+18,0.70710682754947640,0.12204002584109707E+25,-0.69827341441803370E+22,0.45450171457244135E+20,-0.31100053566234400E+18,0.92387949487412657,0.0000000000000000,0.0000000000000000,0.0000000000000000,0.0000000000000000,0.0000000000000000,
0.98621201099146661E+26,-0.56352837382195230E+24,0.36661773336232612E+22,-0.25176257101296726E+20,-1.0000000000000000,-0.91187543048720830E+26,0.52128691866530726E+24,-0.33944662942751355E+22,0.23360896440934142E+20,-0.38268340207704565,0.69916681941317360E+26,-0.39999053429142148E+24,0.26076604353412936E+22,-0.17981732762472143E+20,0.70710682754947640,-0.37897788613437360E+26,0.21687348962350436E+24,-0.14134531700265868E+22,0.97220818225349038E+19,0.92387949487412657,0.0000000000000000,0.0000000000000000,0.0000000000000000,0.0000000000000000,0.0000000000000000,
-0.30664976399577697E+28,0.17526036199182821E+26,-0.11407098861914140E+24,0.78417380222034104E+21,-1.0000000000000000,0.28346149247540202E+28,-0.16204880129889177E+26,0.10551882578751643E+24,-0.72603113512373558E+21,-0.38268340207704565,-0.21722614618103671E+28,0.12424699795137389E+26,-0.80964525138732080E+23,0.55772599701494838E+21,0.70710682754947640,0.11770222604625814E+28,-0.67346801093754902E+25,0.43898884065038956E+23,-0.30232150166965787E+21,0.92387949487412657,0.0000000000000000,0.0000000000000000,0.0000000000000000,0.0000000000000000,0.0000000000000000,
0.95336554597735549E+29,-0.54494733717754125E+27,0.35476441383815451E+25,-0.24398699884568623E+23,-1.0000000000000000,-0.88112825518696300E+29,0.50373741600175174E+27,-0.32801908186916819E+25,0.22569149145156292E+23,-0.38268340207704565,0.67499214198822569E+29,-0.38602790761772612E+27,0.25149770082955040E+25,-0.17316971712979866E+23,0.70710682754947640,-0.36562317967839960E+29,0.20916487263031787E+27,-0.13632108475142918E+25,0.93892831642514474E+22,0.92387949487412657,0.0000000000000000,0.0000000000000000,0.0000000000000000,0.0000000000000000,0.0000000000000000,
-0.29637478788339185E+31,0.16942226919241926E+29,-0.11030860363362978E+27,0.75880202642454179E+24,-1.0000000000000000,0.27388776641206181E+31,-0.15658460312491714E+29,0.10196645547244021E+27,-0.70159178287235990E+24,-0.38268340207704565,-0.20975883444543483E+31,0.11995163676159847E+29,-0.78139082044834225E+26,0.53791570529761468E+24,0.70710682754947640,0.11359254914657917E+31,-0.64973914019685968E+28,0.42338533687135987E+26,-0.29156884862115902E+24,0.92387949487412657,0.0000000000000000,0.0000000000000000,0.0000000000000000,0.0000000000000000,0.0000000000000000,
0.92129665585765493E+32,-0.52668597563159293E+30,0.34294501757759297E+28,-0.23593715180487146E+26,-1.0000000000000000,-0.85132874391877849E+32,0.48672357408145179E+30,-0.31695817322578527E+28,0.21809340324955555E+26,-0.38268340207704565,0.65187650225354247E+32,-0.37275910881223109E+30,0.24280444153235992E+28,-0.16712829840435405E+26,0.70710682754947640,-0.35295340691549270E+32,0.20186275858341009E+30,-0.13151864631823072E+28,0.90555520995922099E+25,0.92387949487412657,0.0000000000000000,0.0000000000000000,0.0000000000000000,0.0000000000000000,0.0000000000000000,
-0.28637912112030734E+34,0.16372297459061118E+32,-0.10661178602576791E+30,0.73351769444386195E+27,-1.0000000000000000,0.26461560974590374E+34,-0.15128884459998525E+32,0.98522426726292505E+29,-0.67793326780684067E+27,-0.38268340207704565,-0.20259408052265210E+34,0.11584404030976162E+32,-0.75453475851511898E+29,0.51932491575612577E+27,0.70710682754947640,0.10967880851109638E+34,-0.62722670241651048E+31,0.40860676432161209E+29,-0.28129868489913537E+27,0.92387949487412657,0.0000000000000000,0.0000000000000000,0.0000000000000000,0.0000000000000000,0.0000000000000000,
0.89016732580372143E+35,-0.50892200408935688E+33,0.33140780124289975E+31,-0.22802936423641429E+29,-1.0000000000000000,-0.82248677458391572E+35,0.47024584578259924E+33,-0.30623828772645257E+31,0.21072686699803817E+29,-0.38268340207704565,0.62965075147092748E+35,-0.36002725227512656E+33,0.23449038809126304E+31,-0.16138468606863157E+29,0.70710682754947640,-0.34084381819387539E+35,0.19490836306239385E+33,-0.12696227208426059E+31,0.87395078591685710E+28,0.92387949487412657,0.0000000000000000,0.0000000000000000,0.0000000000000000,0.0000000000000000,0.0000000000000000,
-0.27669017232321389E+37,0.15819084502350157E+35,-0.10301585615940572E+33,0.70883951544584416E+30,-1.0000000000000000,0.25564600655675503E+37,-0.14616330613503698E+35,0.95186958157394194E+32,-0.65500431289730870E+30,-0.38268340207704565,-0.19569553064500776E+37,0.11189444589709218E+35,-0.72876411312646778E+32,0.50154335473980506E+30,0.70710682754947640,0.10592726644065061E+37,-0.60570840229738733E+34,0.39453106737546827E+32,-0.27155444353521012E+30,0.92387949487412657,0.0000000000000000,0.0000000000000000,0.0000000000000000,0.0000000000000000,0.0000000000000000,
0.86002280342621288E+38,-0.49170350349769483E+36,0.32020935414927946E+34,-0.22033780304043049E+32,-1.0000000000000000,-0.79459657284123138E+38,0.45430591896668783E+36,-0.29586307455249797E+34,0.20359261430579438E+32,-0.38268340207704565,0.60823014031802150E+38,-0.34776817719697530E+36,0.22649588239557605E+34,-0.15587291859706460E+32,0.70710682754947640,-0.32921087652994041E+38,0.18824187827638753E+36,-0.12260685583510199E+34,0.84384760888060420E+31,0.92387949487412657,0.0000000000000000,0.0000000000000000,0.0000000000000000,0.0000000000000000,0.0000000000000000,
-0.26731419681252116E+40,0.15283381163771117E+38,-0.99530421735006392E+35,0.68488676477375623E+33,-1.0000000000000000,0.24697479608714759E+40,-0.14120693682028705E+38,0.91960378671226503E+35,-0.63281281232982822E+33,-0.38268340207704565,-0.18904236477767825E+40,0.10808787042275398E+38,-0.70394989292607173E+35,0.48444466712554353E+33,0.70710682754947640,0.10231767045425259E+40,-0.58503638486656759E+37,0.38103749126027480E+35,-0.26223943320032349E+33,0.92387949487412657,0.0000000000000000,0.0000000000000000,0.0000000000000000,0.0000000000000000,0.0000000000000000,
0.83086621794663938E+41,-0.47504137475830109E+39,0.30936551084285603E+37,-0.21288275195796032E+35,-1.0000000000000000,-0.76763956344005180E+41,0.43889633380757357E+39,-0.28583035616707238E+37,0.19669132050426693E+35,-0.38268340207704565,0.58756149225500657E+41,-0.33594503680019401E+39,0.21879075104266282E+37,-0.15056559442412746E+35,0.70710682754947640,-0.31800525763722708E+41,0.18182747258598310E+39,-0.11842259026303559E+37,0.81498807984454264E+34,0.92387949487412657,0.0000000000000000,0.0000000000000000,0.0000000000000000,0.0000000000000000,0.0000000000000000,
-0.25824864417126086E+43,0.14765238544299516E+41,-0.96157646088260024E+38,0.66169284097279472E+36,-1.0000000000000000,0.23859491450207694E+43,-0.13641642001919402E+41,0.88841164969846470E+38,-0.61135399992762940E+36,-0.38268340207704565,-0.18262054602237218E+43,0.10441489581776456E+41,-0.68001781847484735E+38,0.46796464791459160E+36,0.70710682754947640,0.98837805071753932E+42,-0.56512337425408616E+40,0.36805382647758856E+38,-0.25329016239684750E+36,0.92387949487412657,0.0000000000000000,0.0000000000000000,0.0000000000000000,0.0000000000000000,0.0000000000000000,
0.80268191627904190E+44,-0.45893098810601179E+42,0.29887721510443233E+40,-0.20566874550125955E+38,-1.0000000000000000,-0.74159089007887648E+44,0.42400450149414980E+42,-0.27613338751931204E+40,0.19001969886976612E+38,-0.38268340207704565,0.56760664164723776E+44,-0.32453295516818216E+42,0.21135599409527361E+40,-0.14544689161066752E+38,0.70710682754947640,-0.30719599729614074E+44,0.17564352428958884E+42,-0.11439188516409238E+40,0.78721844228056336E+37,0.92387949487412657,0.0000000000000000,0.0000000000000000,0.0000000000000000,0.0000000000000000,0.0000000000000000,
-0.24948694321024534E+46,0.14264376336728430E+44,-0.92896572466455044E+41,0.63925956836813578E+39,-1.0000000000000000,0.23049798862220048E+46,-0.13178733051269167E+44,0.85826761635793477E+41,-0.59061338114722114E+39,-0.38268340207704565,-0.17641941824601366E+46,0.10086875482523532E+44,-0.65691767466143941E+41,0.45206279610830651E+39,0.70710682754947640,0.95479609297367201E+45,-0.54591453819465466E+43,0.35553648025851593E+41,-0.24466917155658770E+39,0.92387949487412657,0.0000000000000000,0.0000000000000000,0.0000000000000000,0.0000000000000000,0.0000000000000000,
0.77544569584956708E+47,-0.44336061873548878E+45,0.28873874996075591E+43,-0.19869369525007717E+41,-1.0000000000000000,-0.71642308695265019E+47,0.40961552421418808E+45,-0.26676319493781939E+43,0.18357226824125135E+41,-0.38268340207704565,0.54833513935620782E+47,-0.31351302878726409E+45,0.20417794372266788E+43,-0.14050609953352881E+41,0.70710682754947640,-0.29676151896739707E+47,0.16967575155235768E+45,-0.11050368045379123E+43,0.76044583008604995E+40,0.92387949487412657,0.0000000000000000,0.0000000000000000,0.0000000000000000,0.0000000000000000,0.0000000000000000,
-0.24102073349273767E+49,0.13780363393914035E+47,-0.89744818040853862E+44,0.61757462679227389E+42,-1.0000000000000000,0.22267516151177950E+49,-0.12731478339373848E+47,0.82914149454787242E+44,-0.57057172776417157E+42,-0.38268340207704565,-0.17043010990567291E+49,0.97444043756251777E+46,-0.63461126427519849E+44,0.43670994326957072E+42,0.70710682754947640,0.92237149754593533E+48,-0.52737162953576340E+46,0.34345663048365263E+44,-0.23635288840106620E+42,0.92387949487412657,0.0000000000000000,0.0000000000000000,0.0000000000000000,0.0000000000000000,0.0000000000000000,
0.74912971187697807E+50,-0.42831538621083883E+48,0.27894136711171574E+46,-0.19195248425340297E+44,-1.0000000000000000,-0.69210791435274169E+50,0.39571365353968744E+48,-0.25770988239504694E+46,0.17734256316881892E+44,-0.38268340207704565,0.52972072604812376E+50,-0.30286950853361067E+48,0.19724567668796995E+46,-0.13573506272594626E+44,0.70710682754947640,-0.28668509745658446E+50,0.16391363162999317E+48,-0.10675025354116384E+46,0.73460878346617134E+43,0.92387949487412657,0.0000000000000000,0.0000000000000000,0.0000000000000000,0.0000000000000000,0.0000000000000000,
-0.23284094777346557E+52,0.13312704374572785E+50,-0.86699366054803824E+47,0.59661925960204659E+45,-1.0000000000000000,0.21511749797469106E+52,-0.12299375824572794E+50,0.80100138855396785E+47,-0.55120785623699925E+45,-0.38268340207704565,-0.16464475101915585E+52,0.94136099731898375E+49,-0.61306674102890498E+47,0.42188275795862666E+45,0.70710682754947640,0.89105609157288688E+51,-0.50946497363055370E+49,0.33179302012800326E+47,-0.22832483690881290E+45,0.92387949487412657,0.0000000000000000,0.0000000000000000,0.0000000000000000,0.0000000000000000,0.0000000000000000,
0.72370486598499104E+53,-0.41377916580460272E+51,0.26947502953024403E+49,-0.18543865004400040E+47,-1.0000000000000000,-0.66861724986252944E+53,0.38228300645914630E+51,-0.24896328363097250E+49,0.17132375774675893E+47,-0.38268340207704565,0.51173958839501477E+53,-0.29258841682338310E+51,0.19054976174075406E+49,-0.13112697676610374E+47,0.70710682754947640,-0.27695260612990060E+53,0.15834861432531264E+51,-0.10312560726272102E+49,0.70966192883786583E+46,0.92387949487412657,0.0000000000000000,0.0000000000000000,0.0000000000000000,0.0000000000000000,0.0000000000000000,
-0.22493833849979275E+55,0.12860881921012770E+53,-0.83756950251312893E+50,0.57637197667464731E+48,-1.0000000000000000,0.20781617933530181E+55,-0.11881925649389046E+53,0.77381513927874836E+50,-0.53250001375898082E+48,-0.38268340207704565,-0.15905608384138871E+55,0.90940692704114958E+52,-0.59225582782913204E+50,0.40756108367968299E+48,0.70710682754947640,0.86080784597726672E+54,-0.49216948961257112E+52,0.32052836316093335E+50,-0.22057221045445099E+48,0.92387949487412657,0.0000000000000000,0.0000000000000000,0.0000000000000000,0.0000000000000000,0.0000000000000000,
0.69914196400263961E+56,-0.39973551816126745E+54,0.26032925978831930E+52,-0.17914520158983618E+50,-1.0000000000000000,-0.64592351099277867E+56,0.36930790924460766E+54,-0.24051327860601427E+52,0.16550897167567695E+50,-0.38268340207704565,0.49436948745117471E+56,-0.28265685997563344E+54,0.18408164004929083E+52,-0.12667579704134399E+50,0.70710682754947640,-0.26755139877084026E+56,0.15297323589598916E+54,-0.99624669476939867E+51,0.68556833920852035E+49,0.92387949487412657,0.0000000000000000,0.0000000000000000,0.0000000000000000,0.0000000000000000,0.0000000000000000,
-0.21730373148240148E+58,0.12424377101794938E+56,-0.80914241852524752E+53,0.55681035720481573E+51,-1.0000000000000000,0.20076259420055741E+58,-0.11478637600543427E+56,0.74755101571509958E+53,-0.51442655069389938E+51,-0.38268340207704565,-0.15365726703915753E+58,0.87853871497218574E+55,-0.57215243336798286E+53,0.39372662195221376E+51,0.70710682754947640,0.83158838026352312E+57,-0.47546271556970480E+55,0.30964756198082730E+53,-0.21308417050629439E+51,0.92387949487412657,0.0000000000000000,0.0000000000000000,0.0000000000000000,0.0000000000000000,0.0000000000000000,
0.67541226873594896E+59,-0.38616813715337037E+57,0.25149355119024049E+55,-0.17306501663770671E+53,-1.0000000000000000,-0.62399984713182961E+59,0.35677305762017815E+57,-0.23234994348808511E+55,0.15989141717644448E+53,-0.38268340207704565,0.47758931664620840E+59,-0.27306268229176461E+57,0.17783331544375451E+55,-0.12237594468028635E+53,0.70710682754947640,-0.25846975168008807E+59,0.14778067834792982E+57,-0.96242895779068448E+54,0.66229574523814756E+52,0.92387949487412657,0.0000000000000000,0.0000000000000000,0.0000000000000000,0.0000000000000000,0.0000000000000000,
-0.20992814539269912E+61,0.12002679169744349E+59,-0.78167939623020978E+56,0.53791192334285847E+54,-1.0000000000000000,0.19394837810547915E+61,-0.11089034495126317E+59,0.72217803689698923E+56,-0.49696623919326994E+54,-0.38268340207704565,-0.14844177529912652E+61,0.84871885720602031E+58,-0.55273195609506425E+56,0.38036227382794656E+54,0.70710682754947640,0.80336171169776124E+60,-0.45932382313042912E+58,0.29913682079894370E+56,-0.20585100216144245E+54,0.92387949487412657,0.0000000000000000,0.0000000000000000,0.0000000000000000,0.0000000000000000,0.0000000000000000,
0.65248775525949935E+62,-0.37306106079104641E+60,0.24295756398102383E+58,-0.16719103307726515E+56,-1.0000000000000000,-0.60282021833434470E+62,0.34466358666157920E+60,-0.22446361869312839E+58,0.15446446736581413E+56,-0.38268340207704565,0.46137887186401251E+62,-0.26379428867391557E+60,0.17179719728057814E+58,-0.11822215857927270E+56,0.70710682754947640,-0.24969658217851503E+62,0.14276454849094561E+60,-0.92976071246554559E+57,0.63981465060278471E+55,0.92387949487412657,0.0000000000000000,0.0000000000000000,0.0000000000000000,0.0000000000000000,0.0000000000000000,
-0.20280284533294943E+64,0.11595290066565738E+62,-0.75514812270629220E+59,0.51965455704101023E+57,-1.0000000000000000,0.18736542813728881E+64,-0.10712653568444175E+62,0.69766611227485275E+59,-0.48009841764824840E+57,-0.38268340207704565,-0.14340334609297094E+64,0.81991145137004515E+61,-0.53397092722301073E+59,0.36745180579070446E+57,0.70710682754947640,0.77609361852555932E+63,-0.44373312018794214E+61,0.28898320109672964E+59,-0.19886369270744672E+57,0.92387949487412657,0.0000000000000000,0.0000000000000000,0.0000000000000000,0.0000000000000000,0.0000000000000000,
0.63034122019470067E+65,-0.36039876570738409E+63,0.23471121588175418E+61,-0.16151633900535048E+59,-1.0000000000000000,-0.58235941887627496E+65,0.33296509651146713E+63,-0.21684493673031840E+61,0.14922168604156520E+59,-0.38268340207704565,0.44571872644556240E+65,-0.25484055052640559E+63,0.16596601865330790E+61,-0.11420941948817934E+59,0.70710682754947640,-0.24122130355466865E+65,0.13791876543608484E+63,-0.89820210378288841E+60,0.61809738695331149E+58,0.92387949487412657,0.0000000000000000,0.0000000000000000,0.0000000000000000,0.0000000000000000,0.0000000000000000,
-0.19591936409789337E+67,0.11201726348975790E+65,-0.72951717428507888E+62,0.50201669230830036E+60,-1.0000000000000000,0.18100590539518282E+67,-0.10349046886550610E+65,0.67398609321893068E+62,-0.46380304971558702E+60,-0.38268340207704565,-0.13853594980925597E+67,0.79208197561397967E+64,-0.51584682126903739E+62,0.35497967580186537E+60,0.70710682754947640,0.74975130649331108E+66,-0.42867179459233014E+64,0.27917439522509223E+62,-0.19211371888806275E+60,0.92387949487412657,0.0000000000000000,0.0000000000000000,0.0000000000000000,0.0000000000000000,0.0000000000000000,
0.60894631959271251E+68,-0.34816620459058229E+66,0.22674472075949244E+64,-0.15603421301797141E+62,-1.0000000000000000,-0.56259307410804699E+68,0.32166365661610521E+66,-0.20948483043051066E+64,0.14415683858044951E+62,-0.38268340207704565,0.43059015829573943E+68,-0.24619075292606444E+66,0.16033279188104630E+64,-0.11033290970566949E+62,0.70710682754947640,-0.23303374746925087E+68,0.13323750165837104E+66,-0.86771505507402593E+63,0.59711763252130354E+61,0.92387949487412657,0.0000000000000000,0.0000000000000000,0.0000000000000000,0.0000000000000000,0.0000000000000000,
-0.18926950768880188E+70,0.10821519854110228E+68,-0.70475609161381117E+65,0.48497739723622068E+63,-1.0000000000000000,0.17486223161646302E+70,-0.99977812873373983E+67,0.65110978132432480E+65,-0.44806074165537861E+63,-0.38268340207704565,-0.13383377152401806E+70,0.76519715962417812E+67,-0.49833794961777370E+65,0.34293093857976491E+63,0.70710682754947640,0.72430322550947048E+69,-0.41412177697759537E+67,0.26969860775766661E+65,-0.18559293719708214E+63,0.92387949487412657,0.0000000000000000,0.0000000000000000,0.0000000000000000,0.0000000000000000,0.0000000000000000,
0.58827757217497119E+71,-0.33634881580962073E+69,0.21904860193932330E+67,-0.15073814011327134E+65,-1.0000000000000000,-0.54349762464956324E+71,0.31074579966338027E+69,-0.20237453169369598E+67,0.13926389365640774E+65,-0.38268340207704565,0.41597510305095044E+71,-0.23783456234946469E+69,0.15489078251031571E+67,-0.10658799042107566E+65,0.70710682754947640,-0.22512411981076273E+71,0.12871515057597073E+69,-0.83826299179918658E+66,0.57685015975244144E+64,0.92387949487412657,0.0000000000000000,0.0000000000000000,0.0000000000000000,0.0000000000000000,0.0000000000000000,
-0.18284535323541761E+73,0.10454217753263877E+71,-0.68083539879089655E+68,0.46851640213426618E+66,-1.0000000000000000,0.16892708308343072E+73,-0.96584380981933456E+70,0.62900991600691730E+68,-0.43285273952298736E+66,-0.38268340207704565,-0.12929119862617940E+73,0.73922490167033317E+70,-0.48142339544148961E+68,0.33129119023150279E+66,0.70710682754947640,0.69971896094147607E+72,-0.40006566266861179E+70,0.26054449018692264E+68,-0.17929352511139247E+66,0.92387949487412657,0.0000000000000000,0.0000000000000000,0.0000000000000000,0.0000000000000000,0.0000000000000000,
0.56831034602518875E+74,-0.32493251963596423E+72,0.21161369321474502E+70,-0.14562181570950990E+68,-1.0000000000000000,-0.52505030483089591E+74,0.30019851072212751E+72,-0.19550556574424168E+70,0.13453702055885259E+68,-0.38268340207704565,0.40185612046012821E+74,-0.22976200474256571E+72,0.14963349257843847E+70,-0.10297018784761476E+68,0.70710682754947640,-0.21748297323671853E+74,0.12434630731158694E+72,-0.80981068418721923E+69,0.55727069632156190E+67,0.92387949487412657,0.0000000000000000,0.0000000000000000,0.0000000000000000,0.0000000000000000,0.0000000000000000,
-0.17663924333917595E+76,0.10099382313499738E+74,-0.65772659554605023E+71,0.45261410152485561E+69,-1.0000000000000000,0.16319338334058333E+76,-0.93306127521506426E+73,0.60766015245348539E+71,-0.41816091681816636E+69,-0.38268340207704565,-0.12490281144339130E+76,0.71413420899556611E+73,-0.46508296943030972E+71,0.32004653257299664E+69,0.70710682754947640,0.67596916231697164E+75,-0.38648666305956434E+73,0.25170110214025688E+71,-0.17320794758718499E+69,0.92387949487412657,0.0000000000000000,0.0000000000000000,0.0000000000000000,0.0000000000000000,0.0000000000000000,
0.54902083763192935E+77,-0.31390370814887419E+75,0.20443113398402324E+73,-0.14067914393560775E+71,-1.0000000000000000,-0.50722911876458089E+77,0.29000921428383301E+75,-0.18886974334634821E+73,0.12997058446236910E+71,-0.38268340207704565,0.38821636763518006E+77,-0.22196344889176049E+75,0.14455464857430847E+73,-0.99475183779742624E+70,0.70710682754947640,-0.21010118813132062E+77,0.12012575606091216E+75,-0.78232414916856413E+72,0.53835584251974736E+70,0.92387949487412657,0.0000000000000000,0.0000000000000000,0.0000000000000000,0.0000000000000000,0.0000000000000000,
-0.17064377881002864E+79,0.97565905242825652E+76,-0.63540213672199139E+74,0.43725154365873384E+72,-1.0000000000000000,0.15765429547078542E+79,-0.90139143623106491E+76,0.58703503535918040E+74,-0.40396775780359653E+72,-0.38268340207704565,-0.12066337545771423E+79,0.68989515034615317E+76,-0.44929717619186516E+74,0.30918354743654840E+72,0.70710682754947640,0.65302549106008014E+78,-0.37336857186035448E+76,0.24315788588953028E+74,-0.16732893616035394E+72,0.92387949487412657,0.0000000000000000,0.0000000000000000,0.0000000000000000,0.0000000000000000,0.0000000000000000,
0.53038604765018597E+80,-0.30324923230735492E+78,0.19749236167372743E+76,-0.13590423322436933E+74,-1.0000000000000000,-0.49001281570226203E+80,0.28016576052876252E+78,-0.18245915218240474E+76,0.12555914080254666E+74,-0.38268340207704565,0.37503957603237424E+80,-0.21442959260510953E+78,0.13964819184277904E+76,-0.96098808419332574E+73,0.70710682754947640,-0.20296995789790331E+80,0.11604846082405992E+78,-0.75577058222511366E+75,0.52008301690150691E+73,0.92387949487412657,0.0000000000000000,0.0000000000000000,0.0000000000000000,0.0000000000000000,0.0000000000000000,
-0.16485181076351931E+82,0.94254336662800111E+79,-0.61383540606381126E+77,0.42241041426954645E+75,-1.0000000000000000,0.15230321429443857E+82,-0.87079652837332245E+79,0.56710997111152725E+77,-0.39025633904886829E+75,-0.38268340207704565,-0.11656783441220229E+82,0.66647881509794929E+79,-0.43404718630893643E+77,0.29868927617561797E+75,0.70710682754947640,0.63086057818970791E+81,-0.36069573900249909E+79,0.23490464762824355E+77,-0.16164947440735545E+75,0.92387949487412657,0.0000000000000000,0.0000000000000000,0.0000000000000000,0.0000000000000000,0.0000000000000000,
0.51238375551818007E+83,-0.29295638789573004E+81,0.19078910300116264E+79,-0.13129139069741148E+77,-1.0000000000000000,-0.47338086547485744E+83,0.27065641145927864E+81,-0.17626614798123133E+79,0.12129742932307065E+77,-0.38268340207704565,0.36231003060623439E+83,-0.20715145046935391E+81,0.13490827031760815E+79,-0.92837034405504346E+76,0.70710682754947640,-0.19608077656828706E+83,0.11210955789761885E+81,-0.73011830465627983E+78,0.50243041632186696E+76,0.92387949487412657,0.0000000000000000,0.0000000000000000,0.0000000000000000,0.0000000000000000,0.0000000000000000,
-0.15925643254933218E+85,0.91055168600535735E+82,-0.59300068774951909E+80,0.40807301786543253E+78,-1.0000000000000000,0.14713375866628268E+85,-0.84124006768997420E+82,0.54786119971369286E+80,-0.37701031044733745E+78,-0.38268340207704565,-0.11261130396030418E+85,0.64385727622704338E+82,-0.41931481157181206E+80,0.28855120199673404E+78,0.70710682754947640,0.60944798748885015E+84,-0.34845304864080931E+82,0.22693154229299787E+80,-0.15616278668448184E+78,0.92387949487412657,0.0000000000000000,0.0000000000000000,0.0000000000000000,0.0000000000000000,0.0000000000000000,
0.49499249396611939E+86,-0.28301290117491498E+84,0.18431336483443025E+82,-0.12683511607150309E+80,-1.0000000000000000,-0.45731343439528394E+86,0.26146982720864065E+84,-0.17028334567997488E+82,0.11718036806878610E+80,-0.38268340207704565,0.35001255035659738E+86,-0.20012034256789545E+84,0.13032923102922775E+82,-0.89685971520270767E+79,0.70710682754947640,-0.18942542772848446E+86,0.10830434933416327E+84,-0.70533671909230005E+81,0.48537698351224493E+79,0.92387949487412657,0.0000000000000000,0.0000000000000000,0.0000000000000000,0.0000000000000000,0.0000000000000000,
-0.15385097173855638E+88,0.87964586129446325E+85,-0.57287313733529141E+83,0.39422225817008432E+81,-1.0000000000000000,0.14213976395128760E+88,-0.81268680794401783E+85,0.52926576706695546E+83,-0.36421387630882215E+81,-0.38268340207704565,-0.10878906568301580E+88,0.62200355574804926E+85,-0.40508248214845430E+83,0.27875723394152032E+81,0.70710682754947640,0.58876218191259571E+87,-0.33662589948371270E+85,0.21922906033363733E+83,-0.15086232862179282E+81,0.92387949487412657,0.0000000000000000,0.0000000000000000,0.0000000000000000,0.0000000000000000,0.0000000000000000,
0.47819152391234594E+89,-0.27340691464058838E+87,0.17805742501827074E+85,-0.12253009544195693E+83,-1.0000000000000000,-0.44179136179623124E+89,0.25259505266904270E+87,-0.16450361075417106E+85,0.11320304745644642E+83,-0.38268340207704565,0.33813246987381687E+89,-0.19332788385049793E+87,0.12590561311037307E+85,-0.86641861807072123E+82,0.70710682754947640,-0.18299597426174441E+89,0.10462829697494910E+87,-0.68139626969977391E+84,0.46890237880361094E+82,0.92387949487412657,0.0000000000000000,0.0000000000000000,0.0000000000000000,0.0000000000000000,0.0000000000000000,
-0.14862898227684254E+91,0.84978903729014962E+88,-0.55342875292224666E+86,0.38084161849559069E+84,-1.0000000000000000,0.13731527471533399E+91,-0.78510269891673318E+88,0.51130149790134257E+86,-0.35185177681388703E+84,-0.38268340207704565,-0.10509656138410869E+91,0.60089159192218188E+88,-0.39133322507023966E+86,0.26929569193006390E+84,0.70710682754947640,0.56877849211631387E+90,-0.32520018657081807E+88,0.21178801563888067E+86,-0.14574177861606123E+84,0.92387949487412657,0.0000000000000000,0.0000000000000000,0.0000000000000000,0.0000000000000000,0.0000000000000000,
0.46196080997607657E+92,-0.26412697307742703E+90,0.17201382334154612E+88,-0.11837119511450640E+86,-1.0000000000000000,-0.42679613727417338E+92,0.24402150450183235E+90,-0.15892005077712212E+88,0.10936072448451952E+86,-0.38268340207704565,0.32665562167686746E+92,-0.18676597399626380E+90,0.12163214115914374E+88,-0.83701074969914949E+85,0.70710682754947640,-0.17678474865729251E+92,0.10107701685822179E+90,-0.65826840530615725E+87,0.45298695431089503E+85,0.92387949487412657,0.0000000000000000,0.0000000000000000,0.0000000000000000,0.0000000000000000,0.0000000000000000,
-0.14358423685162065E+94,0.82094560932917525E+91,-0.53464434692504349E+89,0.36791514242067938E+87,-1.0000000000000000,0.13265453764398121E+94,-0.75845484596721832E+91,0.49394696948084546E+89,-0.33990926995954188E+87,-0.38268340207704565,-0.10152938761595299E+94,0.58049620787241085E+91,-0.37805064371439388E+89,0.26015529256705130E+87,0.70710682754947640,0.54947308653501393E+93,-0.31416228405319107E+91,0.20459953421992332E+89,-0.14079502994578225E+87,0.92387949487412657,0.0000000000000000,0.0000000000000000,0.0000000000000000,0.0000000000000000,0.0000000000000000,
0.44628099670523846E+95,-0.25516200999436764E+93,0.16617535272764964E+91,-0.11435345556644812E+89,-1.0000000000000000,-0.41230987866135092E+95,0.23573895855329838E+93,-0.15352600723375134E+91,0.10564881710887369E+89,-0.38268340207704565,0.31556831923298351E+95,-0.18042678768595892E+93,0.11750371888648721E+91,-0.80860103985305928E+88,0.70710682754947640,-0.17078434375522483E+95,0.97646273902608520E+92,-0.63592554454874111E+90,0.43761172973356927E+88,0.92387949487412657,0.0000000000000000,0.0000000000000000,0.0000000000000000,0.0000000000000000,0.0000000000000000,
-0.13871071949262682E+97,0.79308118104363147E+94,-0.51649751861299948E+92,0.35542741494697880E+90,-1.0000000000000000,0.12815199469172692E+97,-0.73271147088612368E+94,0.47718148613006267E+92,-0.32837211404969485E+90,-0.38268340207704565,-0.98083290409360548E+96,0.56079308140878991E+94,-0.36521889811414389E+92,0.25132513555539345E+90,0.70710682754947640,0.53082294271627446E+96,-0.30349902874744002E+94,0.19765504344971085E+92,-0.13601618331807815E+90,0.92387949487412657,0.0000000000000000,0.0000000000000000,0.0000000000000000,0.0000000000000000,0.0000000000000000,
0.43113338555398659E+98,-0.24650133447478501E+96,0.16053505068270406E+94,-0.11047208557328513E+92,-1.0000000000000000,-0.39831531072354040E+98,0.22773753768017963E+96,-0.14831504759653499E+94,0.10206289879425927E+92,-0.38268340207704565,0.30485734059408337E+98,-0.17430276523668341E+96,0.11351542300844913E+94,-0.78115560891034244E+91,0.70710682754947640,-0.16498760385837376E+98,0.94331976812998144E+95,-0.61434104258741170E+93,0.42275836934226215E+91,0.92387949487412657,0.0000000000000000,0.0000000000000000,0.0000000000000000,0.0000000000000000,0.0000000000000000,
-0.13400261841088647E+100,0.76616252344727433E+97,-0.49896662749169821E+95,0.34336354420725085E+93,-1.0000000000000000,0.12380227645893506E+100,-0.70784187403943379E+97,0.46098505459043435E+95,-0.31722655074638219E+93,-0.38268340207704565,-0.94754160191284494E+99,0.54175871594938701E+97,-0.35282268600189277E+95,0.24279469063295400E+93,0.70710682754947640,0.51280581974348132E+99,-0.29319770434131770E+97,0.19094626175200155E+95,-0.13139953974952577E+93,0.92387949487412657,0.0000000000000000,0.0000000000000000,0.0000000000000000,0.0000000000000000,0.0000000000000000,
0.41649991261346356E+101,-0.23813461845057927E+99,0.15508619101370712E+97,-0.10672245651527105E+95,-1.0000000000000000,-0.38479574457007526E+101,0.22000769997981865E+99,-0.14328095766261656E+97,0.98598693243279086E+94,-0.38268340207704565,0.29450991260853285E+101,-0.16838660357027343E+99,0.10966249736009804E+97,-0.75464172731644635E+94,0.70710682754947640,-0.15938761617189208E+101,0.91130173180039571E+98,-0.59348915913494394E+96,0.40840915992619442E+94,0.92387949487412657,0.0000000000000000,0.0000000000000000,0.0000000000000000,0.0000000000000000,0.0000000000000000,
-0.12945431907449896E+103,0.74015753536077144E+100,-0.48203076754297190E+98,0.33170914375129884E+96,-1.0000000000000000,0.11960019579116899E+103,-0.68381639777811035E+100,0.44533836019567192E+98,-0.30645928867974618E+96,-0.38268340207704565,-0.91538026879445549E+102,0.52337041246340848E+100,-0.34084722452771820E+98,0.23455378498320343E+96,0.70710682754947640,0.49540023165287617E+102,-0.28324602618139799E+100,0.18446518868207073E+98,-0.12693959372851632E+96,0.92387949487412657,0.0000000000000000,0.0000000000000000,0.0000000000000000,0.0000000000000000,0.0000000000000000,
0.40236312708452994E+104,-0.23005188439715490E+102,0.14982227581776661E+100,-0.10310009686761508E+98,-1.0000000000000000,-0.37173505775741450E+104,0.21254022741557735E+102,-0.13841773414718234E+100,0.95252069300599508E+97,-0.38268340207704565,0.28451369567861150E+104,-0.16267124749606527E+102,0.10594034721631458E+100,-0.72902777648307236E+97,0.70710682754947640,-0.15397770254622598E+104,0.88037044756180603E+101,-0.57334502766490537E+99,0.39454698957768173E+97,0.92387949487412657,0.0000000000000000,0.0000000000000000,0.0000000000000000,0.0000000000000000,0.0000000000000000,
-0.12506039751635987E+106,0.71503520515566168E+103,-0.46566974231700212E+101,0.32045031541184564E+99,-1.0000000000000000,0.11554074159459525E+106,-0.66060639108029727E+103,0.43022274384733224E+101,-0.29605748760617726E+99,-0.38268340207704565,-0.88431055145636123E+105,0.50560624238396875E+103,-0.32927823261409415E+101,0.22659259108822655E+99,0.70710682754947640,0.47858542178136567E+105,-0.27363212659974947E+103,0.17820409536462900E+101,-0.12263102662935711E+99,0.92387949487412657,0.0000000000000000,0.0000000000000000,0.0000000000000000,0.0000000000000000,0.0000000000000000,
0.38870617047432513E+107,-0.22224349344060988E+105,0.14473702773830177E+103,-0.99600686872975905E+100,-1.0000000000000000,-0.35911767506541307E+107,0.20532621482624374E+105,-0.13371957752634371E+103,0.92019036028313860E+100,-0.38268340207704565,0.27485676904018002E+107,-0.15714988129338862E+105,0.10234453380883205E+103,-0.70428321104744683E+100,0.70710682754947640,-0.14875141150667044E+107,0.85048902897077584E+104,-0.55388462571028924E+102,0.38115532724037758E+100,0.92387949487412657,0.0000000000000000,0.0000000000000000,0.0000000000000000,0.0000000000000000,0.0000000000000000,
-0.12081561386751187E+109,0.69076557378470665E+106,-0.44986404085888616E+104,0.30957363274148813E+102,-1.0000000000000000,0.11161907286072270E+109,-0.63818417538900599E+106,0.41562017976769259E+104,-0.28600874310014551E+102,-0.38268340207704565,-0.85429539840871269E+108,0.48844502144880092E+106,-0.31810191391727164E+104,0.21890161500143618E+102,0.70710682754947640,0.46234133799905382E+108,-0.26434454074981690E+106,0.17215551526641516E+104,-0.11846870035960038E+102,0.92387949487412657,0.0000000000000000,0.0000000000000000,0.0000000000000000,0.0000000000000000,0.0000000000000000,
0.37551275649556273E+110,-0.21470013386590541E+108,0.13982438248165177E+106,-0.96220053392452639E+103,-1.0000000000000000,-0.34692854992479172E+110,0.19835705930745321E+108,-0.12918088512201469E+106,0.88895737947566536E+103,-0.38268340207704565,0.26552761654436777E+110,-0.15181592058166398E+108,0.98870769031098988E+105,-0.68037852242904364E+103,0.70710682754947640,-0.14370251055657313E+110,0.82162184160211155E+107,-0.53508474619273045E+105,0.36821820297319367E+103,0.92387949487412657,0.0000000000000000,0.0000000000000000,0.0000000000000000,0.0000000000000000,0.0000000000000000,
-0.11671490610923732E+112,0.66731969906110617E+109,-0.43459481444690359E+107,0.29906612500666526E+105,-1.0000000000000000,0.10783051289366642E+112,-0.61652301160705519E+109,0.40151325400566951E+107,-0.27630107176364260E+105,-0.38268340207704565,-0.82529901576348066E+111,0.47186628443307280E+109,-0.30730494037080000E+107,0.21147168502198871E+105,0.70710682754947640,0.44664860878934554E+111,-0.25537219292856284E+109,0.16631223528697143E+107,-0.11444765122776782E+105,0.92387949487412657,0.0000000000000000,0.0000000000000000,0.0000000000000000,0.0000000000000000,0.0000000000000000,
0.36276715164641921E+113,-0.20741281001376776E+111,0.13507848158648660E+109,-0.92954164930195860E+106,-1.0000000000000000,-0.33515314647435630E+113,0.19162444995301761E+111,-0.12479624442104265E+109,0.85878450441246418E+106,-0.38268340207704565,0.25651511292303203E+113,-0.14666300446737904E+111,0.95514910323715355E+108,-0.65728520363137632E+106,0.70710682754947640,-0.13882497874331769E+113,0.79373446054115281E+110,-0.51692296973593392E+108,0.35572018889469996E+106,0.92387949487412657,0.0000000000000000,0.0000000000000000,0.0000000000000000,0.0000000000000000,0.0000000000000000,
-0.11275338403684714E+115,0.64466962114720516E+112,-0.41984385411766882E+110,0.28891526172235279E+108,-1.0000000000000000,0.10417054373320807E+115,-0.59559706821114139E+112,0.38788514367126719E+110,-0.26692289693666658E+108,-0.38268340207704565,-0.79728682454656348E+114,0.45585026074189594E+112,-0.29687443628949243E+110,0.20429394075541050E+108,0.70710682754947640,0.43148852014434661E+114,-0.24670438336557409E+112,0.16066728715427231E+110,-0.11056308402156953E+108,0.92387949487412657,0.0000000000000000,0.0000000000000000,0.0000000000000000,0.0000000000000000,0.0000000000000000,
0.35045415644875785E+116,-0.20037283155379799E+114,0.13049366543804656E+112,-0.89799126826326981E+109,-1.0000000000000000,-0.32377742222691565E+116,0.18512035794420385E+114,-0.12056042662087501E+112,0.82963575312504689E+109,-0.38268340207704565,0.24780851052097285E+116,-0.14168498795807166E+114,0.92272955733884601E+111,-0.63497571524247817E+109,0.70710682754947640,-0.13411299947738820E+116,0.76679362932487382E+113,-0.49937763792429270E+111,0.34364638077953084E+109,0.92387949487412657,0.0000000000000000,0.0000000000000000,0.0000000000000000,0.0000000000000000,0.0000000000000000,
-0.10892632342816832E+118,0.62278832921313461E+115,-0.40559356895281156E+113,0.27910893771042464E+111,-1.0000000000000000,0.10063480076707815E+118,-0.57538139044762227E+115,0.37471959687434791E+113,-0.25786303489224172E+111,-0.38268340207704565,-0.77022541946008893E+117,0.44037785083229292E+115,-0.28679796301385876E+113,0.19735982254641595E+111,0.70710682754947640,0.41684299324615655E+117,-0.23833077546190676E+115,0.15521393911361351E+113,-0.10681036628827847E+111,0.92387949487412657,0.0000000000000000,0.0000000000000000,0.0000000000000000,0.0000000000000000,0.0000000000000000,
0.33855908732275906E+119,-0.19357180312135132E+117,0.12606446651920092E+115,-0.86751176612740343E+112,-1.0000000000000000,-0.31278781132339562E+119,0.17883702697527768E+117,-0.11646838039418613E+115,0.80147636493918646E+112,-0.38268340207704565,0.23939742647876641E+119,-0.13687593463402450E+117,0.89141039142762659E+114,-0.61342345259135929E+112,0.70710682754947640,-0.12956095359554134E+119,0.74076722027956601E+116,-0.48242782747184690E+114,0.33198238028201919E+112,0.92387949487412657,0.0000000000000000,0.0000000000000000,0.0000000000000000,0.0000000000000000,0.0000000000000000,
-0.10522916040987410E+121,0.60164972922640543E+118,-0.39182696510200120E+116,0.26963545866454311E+114,-1.0000000000000000,0.97219067526073429E+120,-0.55585187057358177E+118,0.36200091334406851E+116,-0.24911068149976631E+114,-0.38268340207704565,-0.74408252904503265E+120,0.42543060343595095E+118,-0.27706350407619383E+116,0.19066106127083239E+114,0.70710682754947640,0.40269456290652847E+120,-0.23024138346272792E+118,0.14994568789919141E+116,-0.10318502280981153E+114,0.92387949487412657,0.0000000000000000,0.0000000000000000,0.0000000000000000,0.0000000000000000,0.0000000000000000,
0.32706775907656057E+122,-0.18700161430600194E+120,0.12178560289043449E+118,-0.83806679526400859E+115,-1.0000000000000000,-0.30217120835526412E+122,0.17276696400396227E+120,-0.11251522586508984E+118,0.77427275902241486E+115,-0.38268340207704565,0.23127183035077776E+122,-0.13223010956880712E+120,0.86115425654901190E+117,-0.59260271402020979E+115,0.70710682754947640,-0.12516341265961091E+122,0.71562419620619994E+119,-0.46605332526932284E+117,0.32071427776445989E+115,0.92387949487412657,0.0000000000000000,0.0000000000000000,0.0000000000000000,0.0000000000000000,0.0000000000000000,
-0.10165748601498738E+124,0.58122861283443401E+121,-0.37852762551765115E+119,0.26048352720469787E+117,-1.0000000000000000,0.93919270655820756E+123,-0.53698521910783209E+121,0.34971392570601035E+119,-0.24065539934091613E+117,-0.38268340207704565,-0.71882697719630525E+123,0.41099069355532692E+121,-0.26765945087037919E+119,0.18418966847422126E+117,0.70710682754947640,0.38902635673873521E+123,-0.22242656054869515E+121,0.14485625097847724E+119,-0.99682730265618266E+116,0.92387949487412657,0.0000000000000000,0.0000000000000000,0.0000000000000000,0.0000000000000000,0.0000000000000000,
0.31596646799013385E+125,-0.18065442997973980E+123,0.11765197189106554E+121,-0.80962124174860924E+118,-1.0000000000000000,-0.29191495273601516E+125,0.16690293031581307E+123,-0.10869624878978318E+121,0.74799249433824283E+118,-0.38268340207704565,0.22342203214351090E+125,-0.12774197249016384E+123,0.83192507144231684E+120,-0.57248867023397771E+118,0.70710682754947640,-0.12091513248285422E+125,0.69133457336697510E+122,-0.45023460427877318E+120,0.30982863570884129E+118,0.92387949487412657,0.0000000000000000,0.0000000000000000,0.0000000000000000,0.0000000000000000,0.0000000000000000,
-0.98207040925090771E+126,0.56150062730307805E+124,-0.36567969037730780E+122,0.25164222940493165E+120,-1.0000000000000000,0.90731475059200309E+126,-0.51875893705764654E+124,0.33784398139473580E+122,-0.23248710526279954E+120,-0.38268340207704565,-0.69442864598424253E+126,0.39704090120672770E+124,-0.25857458880819163E+122,0.17793792684531964E+120,0.70710682754947640,0.37582207503658225E+126,-0.21487698733169697E+124,0.13993955905997632E+122,-0.96299312076859608E+119,0.92387949487412657,0.0000000000000000,0.0000000000000000,0.0000000000000000,0.0000000000000000,0.0000000000000000,
0.30524197547327685E+128,-0.17452268095340854E+126,0.11365864405422053E+124,-0.78214118348864481E+121,-1.0000000000000000,-0.28200681360309629E+128,0.16123793289187031E+126,-0.10500689493469703E+124,0.72260423095947649E+121,-0.38268340207704565,0.21583867075999352E+128,-0.12340617117306055E+126,0.80368797951251857E+123,-0.55305733469051802E+121,0.70710682754947640,-0.11681104687607107E+128,0.66786938572853153E+125,-0.43495280024672159E+123,0.29931247269192104E+121,0.92387949487412657,0.0000000000000000,0.0000000000000000,0.0000000000000000,0.0000000000000000,0.0000000000000000,
-0.94873710390985287E+129,0.54244224647543109E+127,-0.35326783817046344E+125,0.24310102177826365E+123,-1.0000000000000000,0.87651879203639932E+129,-0.50115128908813507E+127,0.32637692518023838E+125,-0.22459605835355450E+123,-0.38268340207704565,-0.67085843973807991E+129,0.38356459088495075E+127,-0.24979808394554519E+125,0.17189838101288327E+123,0.70710682754947640,0.36306597133646368E+129,-0.20758366074114850E+127,0.13518974885535912E+125,-0.93030733425653607E+122,0.92387949487412657,0.0000000000000000,0.0000000000000000,0.0000000000000000,0.0000000000000000,0.0000000000000000,
0.29488149227826173E+131,-0.16859905495026187E+129,0.10980085722832952E+127,-0.75559384977062721E+124,-1.0000000000000000,-0.27243497523228267E+131,0.15576521606930194E+129,-0.10144276464545600E+127,0.69807769269457064E+124,-0.38268340207704565,0.20851270283639778E+131,-0.11921753505699768E+129,0.77640930726269637E+126,-0.53428553499586957E+124,0.70710682754947640,-0.11284626160601296E+131,0.64520065041898900E+128,-0.42018968920786532E+126,0.28915324790436925E+124,0.92387949487412657,0.0000000000000000,0.0000000000000000,0.0000000000000000,0.0000000000000000,0.0000000000000000,
-0.91653519325745792E+132,0.52403074271628625E+130,-0.34127726742727924E+128,0.23484971870333459E+126,-1.0000000000000000,0.84676810587686809E+132,-0.48414127760228541E+130,0.31529908228746280E+128,-0.21697284832606181E+126,-0.38268340207704565,-0.64808825034853880E+132,0.37054569172496264E+130,-0.24131947006269259E+128,0.16606382865492758E+126,0.70710682754947640,0.35074283363922721E+132,-0.20053788328754519E+130,0.13060115608729474E+128,-0.89873096443410878E+125,0.92387949487412657,0.0000000000000000,0.0000000000000000,0.0000000000000000,0.0000000000000000,0.0000000000000000,
0.28487266324832261E+134,-0.16287648788588523E+132,0.10607401089813995E+130,-0.72994758218026133E+127,-1.0000000000000000,-0.26318802294711122E+134,0.15047825348509652E+132,-0.97999607600174808E+129,0.67438363098248374E+127,-0.38268340207704565,0.20143539195757567E+134,-0.11517106907996993E+132,0.75005652413741306E+129,-0.51615088527049074E+127,0.70710682754947640,-0.10901604855886628E+134,0.62330133435752528E+131,-0.40592766575242095E+129,0.27933884619543629E+127,0.92387949487412657,0.0000000000000000,0.0000000000000000,0.0000000000000000,0.0000000000000000,0.0000000000000000,
