  0.10000000149011612     
  0.32500000111758709     
  0.55000000074505806     
  0.77500000037252903     
   1.0000000000000000     
   9.2387954209625825E-002
  0.30026084773956446     
  0.50813374126950317     
  0.71600663479944182     
  0.92387952832938047     
   7.0710677626894911E-002
  0.22980969965323048     
  0.38890872167956603     
  0.54800774370590166     
  0.70710676573223719     
   3.8268340777947274E-002
  0.12437210610272187     
  0.21047587142749646     
  0.29657963675227106     
  0.38268340207704565     
  -4.3711390653212878E-009
  -1.4206201799456569E-008
  -2.4041264533591851E-008
  -3.3876327267727130E-008
  -4.3711390001862412E-008
