 -0.170101300    
 -0.169347227    
 -0.167752370    
 -0.165731937    
 -0.163559079    
 -0.161424816    
 -0.159470573    
 -0.157805890    
 -0.156519994    
 -0.155687988    
 -0.155375063    
 -0.155639738    
 -0.156535223    
 -0.158110991    
 -0.160413653    
 -0.163487628    
 -0.167375743    
 -0.172119349    
 -0.177758619    
 -0.184333101    
 -0.191881657    
 -0.200442538    
 -0.210053593    
 -0.220752224    
 -0.232575595    
 -0.245560616    
 -0.259744018    
 -0.275162399    
 -0.291852176    
 -0.309849650    
 -0.329191029    
 -0.349912614    
 -0.372050583    
 -0.395641059    
 -0.420720071    
 -0.447323561    
 -0.475487441    
 -0.505247772    
 -0.536640584    
 -0.569701672    
 -0.604467273    
 -0.640973151    
 -0.679255486    
 -0.719350278    
 -0.761293650    
 -0.805121601    
 -0.850870430    
 -0.898575723    
 -0.948273599    
  -1.00000000    
 -0.170124263    
 -0.169369042    
 -0.167771414    
 -0.165746629    
 -0.163567767    
 -0.161425710    
 -0.159461722    
 -0.157785177    
 -0.156485155    
 -0.155636564    
 -0.155304477    
 -0.155547187    
 -0.156417787    
 -0.157965541    
 -0.160236940    
 -0.163276240    
 -0.167126074    
 -0.171827614    
 -0.177420914    
 -0.183945328    
 -0.191439584    
 -0.199941725    
 -0.209489480    
 -0.220120043    
 -0.231870428    
 -0.244777396    
 -0.258877486    
 -0.274207085    
 -0.290802538    
 -0.308699876    
 -0.327935219    
 -0.348544687    
 -0.370564282    
 -0.394030005    
 -0.418977708    
 -0.445443034    
 -0.473461717    
 -0.503069878    
 -0.534303248    
 -0.567197323    
 -0.601788461    
 -0.638111949    
 -0.676203847    
 -0.716100156    
 -0.757836699    
 -0.801449537    
 -0.846974611    
 -0.894447386    
 -0.943903625    
 -0.995379090    
 -0.170193225    
 -0.169434592    
 -0.167828634    
 -0.165790841    
 -0.163594052    
 -0.161428690    
 -0.159435585    
 -0.157723591    
 -0.156381309    
 -0.155483171    
 -0.155093715    
 -0.155270755    
 -0.156066880    
 -0.157530919    
 -0.159708828    
 -0.162644356    
 -0.166379705    
 -0.170955464    
 -0.176411301    
 -0.182786018    
 -0.190117821    
 -0.198444337    
 -0.207802698    
 -0.218229666    
 -0.229761750    
 -0.242435247    
 -0.256286085    
 -0.271350205    
 -0.287663549    
 -0.305261642    
 -0.324179918    
 -0.344454020    
 -0.366119653    
 -0.389212072    
 -0.413766712    
 -0.439818859    
 -0.467403591    
 -0.496556371    
 -0.527312696    
 -0.559707642    
 -0.593776345    
 -0.629554391    
 -0.667077184    
 -0.706380069    
 -0.747498333    
 -0.790467680    
 -0.835323095    
 -0.882100105    
 -0.930833519    
 -0.981559157    
 -0.170308411    
 -0.169544131    
 -0.167924389    
 -0.165865093    
 -0.163638622    
 -0.161434710    
 -0.159393370    
 -0.157622725    
 -0.156210467    
 -0.155230239    
 -0.154745758    
 -0.154814065    
 -0.155486912    
 -0.156812221    
 -0.158835307    
 -0.161598936    
 -0.165144622    
 -0.169512063    
 -0.174740151    
 -0.180866927    
 -0.187929615    
 -0.195965141    
 -0.205009818    
 -0.215099588    
 -0.226270124    
 -0.238556758    
 -0.251994699    
 -0.266619235    
 -0.282465160    
 -0.299567312    
 -0.317960531    
 -0.337679297    
 -0.358758420    
 -0.381232589    
 -0.405136287    
 -0.430503726    
 -0.457369715    
 -0.485768110    
 -0.515734315    
 -0.547302186    
 -0.580506027    
 -0.615380645    
 -0.651960552    
 -0.690279961    
 -0.730374038    
 -0.772276878    
 -0.816023231    
 -0.861647666    
 -0.909184396    
 -0.958667874    
 -0.170470133    
 -0.169698074    
 -0.168059275    
 -0.165970221    
 -0.163702622    
 -0.161445320    
 -0.159337163    
 -0.157485172    
 -0.155975938    
 -0.154881865    
 -0.154265627    
 -0.154183090    
 -0.154684916    
 -0.155817896    
 -0.157626152    
 -0.160151452    
 -0.163433999    
 -0.167512521    
 -0.172424659    
 -0.178207368    
 -0.184896857    
 -0.192528725    
 -0.201138303    
 -0.210760221    
 -0.221429139    
 -0.233179227    
 -0.246044517    
 -0.260059118    
 -0.275256693    
 -0.291670948    
 -0.309335589    
 -0.328283936    
 -0.348549575    
 -0.370166153    
 -0.393166661    
 -0.417584598    
 -0.443453044    
 -0.470805317    
 -0.499675572    
 -0.530096114    
 -0.562100470    
 -0.595721900    
 -0.630994081    
 -0.667950332    
 -0.706623554    
 -0.747047126    
 -0.789255023    
 -0.833280385    
 -0.879156470    
 -0.926916778    
 -0.170678884    
 -0.169896975    
 -0.168234080    
 -0.166107357    
 -0.163787648    
 -0.161462620    
 -0.159269750    
 -0.157314584    
 -0.155682251    
 -0.154443696    
 -0.153660253    
 -0.153386205    
 -0.153670922    
 -0.154559657    
 -0.156095132    
 -0.158317730    
 -0.161266178    
 -0.164977714    
 -0.169488654    
 -0.174834445    
 -0.181049883    
 -0.188169196    
 -0.196226135    
 -0.205253959    
 -0.215285718    
 -0.226354375    
 -0.238492399    
 -0.251732379    
 -0.266106635    
 -0.281647235    
 -0.298386455    
 -0.316356421    
 -0.335589021    
 -0.356116205    
 -0.377969831    
 -0.401181817    
 -0.425783724    
 -0.451807588    
 -0.479285598    
 -0.508249402    
 -0.538730502    
 -0.570760548    
 -0.604372144    
 -0.639596522    
 -0.676465750    
 -0.715011299    
 -0.755265534    
 -0.797260344    
 -0.841027498    
 -0.886599302    
 -0.170935258    
 -0.170141608    
 -0.168449894    
 -0.166277930    
 -0.163895726    
 -0.161489397    
 -0.159194738    
 -0.157115579    
 -0.155335248    
 -0.153923005    
 -0.152938396    
 -0.152434006    
 -0.152457491    
 -0.153052360    
 -0.154259697    
 -0.156117991    
 -0.158664331    
 -0.161934286    
 -0.165962413    
 -0.170782417    
 -0.176427349    
 -0.182929724    
 -0.190321475    
 -0.198634267    
 -0.207899302    
 -0.218147755    
 -0.229410455    
 -0.241718188    
 -0.255101442    
 -0.269590795    
 -0.285216480    
 -0.302008837    
 -0.319997966    
 -0.339214265    
 -0.359687716    
 -0.381448478    
 -0.404526353    
 -0.428951800    
 -0.454754710    
 -0.481964886    
 -0.510612607    
 -0.540727794    
 -0.572340906    
 -0.605481327    
 -0.640179574    
 -0.676465213    
 -0.714368641    
 -0.753920555    
 -0.795150280    
 -0.838088095    
 -0.171239972    
 -0.170432806    
 -0.168707848    
 -0.166483685    
 -0.164029285    
 -0.161528930    
 -0.159116462    
 -0.156893700    
 -0.154941946    
 -0.153328419    
 -0.152110636    
 -0.151339263    
 -0.151059851    
 -0.151313961    
 -0.152140647    
 -0.153576449    
 -0.155656472    
 -0.158414274    
 -0.161882311    
 -0.166092426    
 -0.171075612    
 -0.176862329    
 -0.183482513    
 -0.190965861    
 -0.199341550    
 -0.208638623    
 -0.218886048    
 -0.230112314    
 -0.242346242    
 -0.255615979    
 -0.269949913    
 -0.285376310    
 -0.301923364    
 -0.319619298    
 -0.338491827    
 -0.358569413    
 -0.379879504    
 -0.402450502    
 -0.426310390    
 -0.451487005    
 -0.478008479    
 -0.505902767    
 -0.535197854    
 -0.565921664    
 -0.598102033    
 -0.631766319    
 -0.666943669    
 -0.703661442    
 -0.741948128    
 -0.781831443    
 -0.171593860    
 -0.170771554    
 -0.169009343    
 -0.166726634    
 -0.164191127    
 -0.161585033    
 -0.159039930    
 -0.156655386    
 -0.154510468    
 -0.152670056    
 -0.151189342    
 -0.150116771    
 -0.149495572    
 -0.149365172    
 -0.149762318    
 -0.150721297    
 -0.152275041    
 -0.154454753    
 -0.157290652    
 -0.160812348    
 -0.165048450    
 -0.170027331    
 -0.175776646    
 -0.182323590    
 -0.189695403    
 -0.197918519    
 -0.207019821    
 -0.217025533    
 -0.227961868    
 -0.239855096    
 -0.252731025    
 -0.266615570    
 -0.281535029    
 -0.297514707    
 -0.314580381    
 -0.332758129    
 -0.352073133    
 -0.372551233    
 -0.394218266    
 -0.417099863    
 -0.441221476    
 -0.466608912    
 -0.493287474    
 -0.521283150    
 -0.550621569    
 -0.581327915    
 -0.613428295    
 -0.646948099    
 -0.681913018    
 -0.718349338    
 -0.171997845    
 -0.171158969    
 -0.169355959    
 -0.167009026    
 -0.164384440    
 -0.161662012    
 -0.158970803    
 -0.156407997    
 -0.154049993    
 -0.151959181    
 -0.150188297    
 -0.148783162    
 -0.147784591    
 -0.147229552    
 -0.147152185    
 -0.147584394    
 -0.148556709    
 -0.150097683    
 -0.152235150    
 -0.154996082    
 -0.158406764    
 -0.162492961    
 -0.167279914    
 -0.172792256    
 -0.179054633    
 -0.186091051    
 -0.193925917    
 -0.202582881    
 -0.212085560    
 -0.222457647    
 -0.233722612    
 -0.245903760    
 -0.259024560    
 -0.273107946    
 -0.288177222    
 -0.304255724    
 -0.321366131    
 -0.339531988    
 -0.358776301    
 -0.379122108    
 -0.400592476    
 -0.423210174    
 -0.446998477    
 -0.471980393    
 -0.498178899    
 -0.525617123    
 -0.554317951    
 -0.584304690    
 -0.615600407    
 -0.648228407    
 -0.172452912    
 -0.171596348    
 -0.169749454    
 -0.167333394    
 -0.164612651    
 -0.161764503    
 -0.158915356    
 -0.156159505    
 -0.153570667    
 -0.151208401    
 -0.149122804    
 -0.147356942    
 -0.145948857    
 -0.144932970    
 -0.144340575    
 -0.144201010    
 -0.144541949    
 -0.145389378    
 -0.146768421    
 -0.148703337    
 -0.151217744    
 -0.154334649    
 -0.158076495    
 -0.162465304    
 -0.167522937    
 -0.173270836    
 -0.179730266    
 -0.186922565    
 -0.194868475    
 -0.203588963    
 -0.213104501    
 -0.223435834    
 -0.234603569    
 -0.246628001    
 -0.259529591    
 -0.273328781    
 -0.288045853    
 -0.303701222    
 -0.320314974    
 -0.337907523    
 -0.356499106    
 -0.376109660    
 -0.396759689    
 -0.418469548    
 -0.441259384    
 -0.465149432    
 -0.490159780    
 -0.516310930    
 -0.543623209    
 -0.572116613    
 -0.172960177    
 -0.172084898    
 -0.170191705    
 -0.167702451    
 -0.164879620    
 -0.161897734    
 -0.158880308    
 -0.155918628    
 -0.153083473    
 -0.150431350    
 -0.148009554    
 -0.145858094    
 -0.144012257    
 -0.142503560    
 -0.141360372    
 -0.140609190    
 -0.140274748    
 -0.140380248    
 -0.140947849    
 -0.141999006    
 -0.143554375    
 -0.145634070    
 -0.148257583    
 -0.151444182    
 -0.155212700    
 -0.159581706    
 -0.164569661    
 -0.170194641    
 -0.176474750    
 -0.183427796    
 -0.191071540    
 -0.199423745    
 -0.208501965    
 -0.218323439    
 -0.228905827    
 -0.240266487    
 -0.252422839    
 -0.265392065    
 -0.279191613    
 -0.293838799    
 -0.309350640    
 -0.325744271    
 -0.343037248    
 -0.361246526    
 -0.380390078    
 -0.400484443    
 -0.421547264    
 -0.443595439    
 -0.466646463    
 -0.490717441    
 -0.173520789    
 -0.172626078    
 -0.170684710    
 -0.168119058    
 -0.165189326    
 -0.162067220    
 -0.158872992    
 -0.155694798    
 -0.152600199    
 -0.149642676    
 -0.146866292    
 -0.144308135    
 -0.142000407    
 -0.139971495    
 -0.138246834    
 -0.136849836    
 -0.135802209    
 -0.135124147    
 -0.134834751    
 -0.134952366    
 -0.135494649    
 -0.136478677    
 -0.137920946    
 -0.139837548    
 -0.142244339    
 -0.145156801    
 -0.148590222    
 -0.152559698    
 -0.157080173    
 -0.162166372    
 -0.167832956    
 -0.174094558    
 -0.180965677    
 -0.188460425    
 -0.196593136    
 -0.205378294    
 -0.214829922    
 -0.224962220    
 -0.235789582    
 -0.247325882    
 -0.259585261    
 -0.272581786    
 -0.286329538    
 -0.300842673    
 -0.316135228    
 -0.332221419    
 -0.349115282    
 -0.366830826    
 -0.385382175    
 -0.404783368    
 -0.174135894    
 -0.173221365    
 -0.171230555    
 -0.168586224    
 -0.165546060    
 -0.162278697    
 -0.158901080    
 -0.155497834    
 -0.152133331    
 -0.148857757    
 -0.145711929    
 -0.142729789    
 -0.139940307    
 -0.137368709    
 -0.135037258    
 -0.132966176    
 -0.131174058    
 -0.129677922    
 -0.128493711    
 -0.127636626    
 -0.127121121    
 -0.126961038    
 -0.127169758    
 -0.127760187    
 -0.128744930    
 -0.130136341    
 -0.131946489    
 -0.134187177    
 -0.136870250    
 -0.140007138    
 -0.143609181    
 -0.147687897    
 -0.152254388    
 -0.157319605    
 -0.162894711    
 -0.168990761    
 -0.175618544    
 -0.182789043    
 -0.190513223    
 -0.198801875    
 -0.207665876    
 -0.217115805    
 -0.227162644    
 -0.237817064    
 -0.249090046    
 -0.260992169    
 -0.273534268    
 -0.286727160    
 -0.300581545    
 -0.315108091    
 -0.174806729    
 -0.173872232    
 -0.171831414    
 -0.169107124    
 -0.165954292    
 -0.162538290    
 -0.158972472    
 -0.155338034    
 -0.151695833    
 -0.148092762    
 -0.144566134    
 -0.141146749    
 -0.137860224    
 -0.134728476    
 -0.131770566    
 -0.129003361    
 -0.126442283    
 -0.124101110    
 -0.121992506    
 -0.120128378    
 -0.118519947    
 -0.117177755    
 -0.116111845    
 -0.115331963    
 -0.114847355    
 -0.114666991    
 -0.114799798    
 -0.115254253    
 -0.116038747    
 -0.117161438    
 -0.118630379    
 -0.120453641    
 -0.122639067    
 -0.125194207    
 -0.128126875    
 -0.131444767    
 -0.135155320    
 -0.139266223    
 -0.143784925    
 -0.148718730    
 -0.154075220    
 -0.159861818    
 -0.166085824    
 -0.172754645    
 -0.179875672    
 -0.187456176    
 -0.195503548    
 -0.204025298    
 -0.213028640    
 -0.222520858    
 -0.175534487    
 -0.174580142    
 -0.172489509    
 -0.169684947    
 -0.166418597    
 -0.162852213    
 -0.159095496    
 -0.155226052    
 -0.151301146    
 -0.147364303    
 -0.143449277    
 -0.139583543    
 -0.135789305    
 -0.132085249    
 -0.128486961    
 -0.125008047    
 -0.121660702    
 -0.118455246    
 -0.115401089    
 -0.112506770    
 -0.109780200    
 -0.107228607    
 -0.104858659    
 -0.102676712    
 -0.100688681    
  -9.89002734E-02
  -9.73169133E-02
  -9.59437490E-02
  -9.47857276E-02
  -9.38476995E-02
  -9.31342766E-02
  -9.26501229E-02
  -9.23996121E-02
  -9.23869759E-02
  -9.26165432E-02
  -9.30926278E-02
  -9.38192010E-02
  -9.48004574E-02
  -9.60403606E-02
  -9.75429118E-02
  -9.93119925E-02
 -0.101351723    
 -0.103665948    
 -0.106258601    
 -0.109133512    
 -0.112294488    
 -0.115745448    
 -0.119490318    
 -0.123532966    
 -0.127877146    
 -0.176320419    
 -0.175346673    
 -0.173207015    
 -0.170322984    
 -0.166943595    
 -0.163226783    
 -0.159278542    
 -0.155172750    
 -0.150963023    
 -0.146689385    
 -0.142382100    
 -0.138065204    
 -0.133757487    
 -0.129474208    
 -0.125227600    
 -0.121028051    
 -0.116884261    
 -0.112803191    
 -0.108791001    
 -0.104852773    
 -0.100993104    
  -9.72157270E-02
  -9.35241207E-02
  -8.99211392E-02
  -8.64093229E-02
  -8.29910040E-02
  -7.96681866E-02
  -7.64426664E-02
  -7.33158886E-02
  -7.02893063E-02
  -6.73641190E-02
  -6.45414963E-02
  -6.18223622E-02
  -5.92075810E-02
  -5.66979982E-02
  -5.42943515E-02
  -5.19972779E-02
  -4.98073623E-02
  -4.77251522E-02
  -4.57511283E-02
  -4.38857228E-02
  -4.21294682E-02
  -4.04827036E-02
  -3.89458351E-02
  -3.75192091E-02
  -3.62031572E-02
  -3.49980257E-02
  -3.39041799E-02
  -3.29219066E-02
  -3.20515111E-02
 -0.177165657    
 -0.176173314    
 -0.173986107    
 -0.171024501    
 -0.167533964    
 -0.163668498    
 -0.159530237    
 -0.155189246    
 -0.150695473    
 -0.146085337    
 -0.141385779    
 -0.136617184    
 -0.131795019    
 -0.126931161    
 -0.122034408    
 -0.117111906    
 -0.112168804    
 -0.107208952    
 -0.102234870    
  -9.72485095E-02
  -9.22509879E-02
  -8.72427747E-02
  -8.22238103E-02
  -7.71936774E-02
  -7.21515492E-02
  -6.70962781E-02
  -6.20265082E-02
  -5.69406003E-02
  -5.18366396E-02
  -4.67126220E-02
  -4.15663049E-02
  -3.63953896E-02
  -3.11973952E-02
  -2.59697344E-02
  -2.07097661E-02
  -1.54147325E-02
  -1.00818062E-02
  -4.70810430E-03
   7.09329033E-04
   6.17349939E-03
   1.16874585E-02
   1.72542688E-02
   2.28770562E-02
   2.85589676E-02
   3.43031734E-02
   4.01128381E-02
   4.59911823E-02
   5.19413799E-02
   5.79666607E-02
   6.40702248E-02
 -0.178071380    
 -0.177061543    
 -0.174829051    
 -0.171792835    
 -0.168194473    
 -0.164183825    
 -0.159859136    
 -0.155286610    
 -0.150512516    
 -0.145569637    
 -0.140481502    
 -0.135265082    
 -0.129932478    
 -0.124492027    
 -0.118949383    
 -0.113308214    
 -0.107570484    
 -0.101736538    
  -9.58056897E-02
  -8.97765383E-02
  -8.36468264E-02
  -7.74136931E-02
  -7.10738003E-02
  -6.46233559E-02
  -5.80581836E-02
  -5.13737984E-02
  -4.45653908E-02
  -3.76279727E-02
  -3.05562671E-02
  -2.33448725E-02
  -1.59881748E-02
  -8.48043151E-03
  -8.15761567E-04
   7.01183919E-03
   1.50084747E-02
   2.31803264E-02
   3.15336585E-02
   4.00748402E-02
   4.88102473E-02
   5.77463768E-02
   6.68897629E-02
   7.62469396E-02
   8.58245343E-02
   9.56291705E-02
  0.105667561    
  0.115946412    
  0.126472354    
  0.137252092    
  0.148292333    
  0.159599841    
 -0.179038599    
 -0.178012684    
 -0.175737992    
 -0.172631159    
 -0.168929666    
 -0.164779156    
 -0.160273671    
 -0.155475795    
 -0.150428012    
 -0.145159572    
 -0.139690503    
 -0.134034455    
 -0.128200233    
 -0.122192718    
 -0.116014421    
 -0.109665722    
 -0.103145182    
  -9.64500010E-02
  -8.95761624E-02
  -8.25190395E-02
  -7.52731115E-02
  -6.78322092E-02
  -6.01897687E-02
  -5.23387007E-02
  -4.42715324E-02
  -3.59804742E-02
  -2.74574514E-02
  -1.86941139E-02
  -9.68192425E-03
  -4.12123161E-04
   9.12422407E-03
   1.89362057E-02
   2.90330462E-02
   3.94241028E-02
   5.01188897E-02
   6.11269288E-02
   7.24578276E-02
   8.41213837E-02
   9.61274207E-02
  0.108485788    
  0.121206395    
  0.134299278    
  0.147774473    
  0.161641985    
  0.175912008    
  0.190594673    
  0.205700144    
  0.221238509    
  0.237219915    
  0.253654569    
 -0.180068389    
 -0.179028049    
 -0.176714927    
 -0.173542649    
 -0.169744208    
 -0.165460840    
 -0.160782412    
 -0.155767828    
 -0.150455788    
 -0.144872248    
 -0.139033645    
 -0.132950485    
 -0.126628250    
 -0.120068647    
 -0.113270916    
 -0.106232248    
  -9.89480987E-02
  -9.14124027E-02
  -8.36180225E-02
  -7.55571574E-02
  -6.72210827E-02
  -5.86005598E-02
  -4.96857427E-02
  -4.04663868E-02
  -3.09318509E-02
  -2.10711341E-02
  -1.08729620E-02
  -3.25799803E-04
   1.05821295E-02
   2.18628086E-02
   3.35283913E-02
   4.55912240E-02
   5.80637679E-02
   7.09586591E-02
   8.42886269E-02
   9.80665088E-02
  0.112305246    
  0.127017826    
  0.142217442    
  0.157917216    
  0.174130425    
  0.190870374    
  0.208150536    
  0.225984097    
  0.244384691    
  0.263365716    
  0.282940805    
  0.303123444    
  0.323927045    
  0.345365226    
 -0.181161582    
 -0.180108860    
 -0.177761823    
 -0.174530357    
 -0.170642406    
 -0.166234896    
 -0.161393508    
 -0.156173214    
 -0.150609314    
 -0.144724280    
 -0.138531402    
 -0.132037833    
 -0.125245973    
 -0.118154407    
 -0.110759348    
 -0.103054777    
  -9.50332060E-02
  -8.66854712E-02
  -7.80014098E-02
  -6.89701885E-02
  -5.95800281E-02
  -4.98186499E-02
  -3.96731459E-02
  -2.91302241E-02
  -1.81761943E-02
  -6.79699145E-03
   5.02172299E-03
   1.72945727E-02
   3.00364047E-02
   4.32623215E-02
   5.69875725E-02
   7.12275952E-02
   8.59979242E-02
  0.101314433    
  0.117192894    
  0.133649305    
  0.150699675    
  0.168360338    
  0.186647698    
  0.205577940    
  0.225167334    
  0.245432585    
  0.266390413    
  0.288057148    
  0.310449719    
  0.333584607    
  0.357478708    
  0.382148802    
  0.407611609    
  0.433883846    
 -0.182318926    
 -0.181256190    
 -0.178880543    
 -0.175597072    
 -0.171628520    
 -0.167107314    
 -0.162114814    
 -0.156702265    
 -0.150901616    
 -0.144732013    
 -0.138203546    
 -0.131320387    
 -0.124081843    
 -0.116483547    
 -0.108518869    
 -0.100178778    
  -9.14528295E-02
  -8.23290348E-02
  -7.27943629E-02
  -6.28350079E-02
  -5.24363890E-02
  -4.15832624E-02
  -3.02598961E-02
  -1.84500851E-02
  -6.13722904E-03
   6.69562258E-03
   2.00657155E-02
   3.39905880E-02
   4.84880470E-02
   6.35761023E-02
   7.92728737E-02
   9.55968350E-02
  0.112566464    
  0.130200490    
  0.148517728    
  0.167537272    
  0.187277958    
  0.207759246    
  0.229000404    
  0.251020670    
  0.273839504    
  0.297476619    
  0.321951479    
  0.347283691    
  0.373493165    
  0.400599480    
  0.428622842    
  0.457583010    
  0.487499803    
  0.518392801    
 -0.183541015    
 -0.182471007    
 -0.180072680    
 -0.176745459    
 -0.172706589    
 -0.168083608    
 -0.162953913    
 -0.157364875    
 -0.151345238    
 -0.144910917    
 -0.138069108    
 -0.130821064    
 -0.123163156    
 -0.115088351    
 -0.106587186    
  -9.76478606E-02
  -8.82571638E-02
  -7.84004703E-02
  -6.80620149E-02
  -5.72252683E-02
  -4.58729602E-02
  -3.39871459E-02
  -2.15493757E-02
  -8.54076445E-03
   5.05801383E-03
   1.92666110E-02
   3.41050029E-02
   4.95934412E-02
   6.57524839E-02
   8.26028138E-02
  0.100165382    
  0.118461341    
  0.137511984    
  0.157338768    
  0.177963287    
  0.199407399    
  0.221692815    
  0.244841710    
  0.268876344    
  0.293818593    
  0.319690853    
  0.346515507    
  0.374315292    
  0.403112411    
  0.432929367    
  0.463788956    
  0.495714188    
  0.528727710    
  0.562852383    
  0.598110497    
 -0.184828296    
 -0.183754042    
 -0.181339666    
 -0.177977964    
 -0.173880279    
 -0.169169098    
 -0.163917869    
 -0.158170283    
 -0.151951909    
 -0.145275712    
 -0.138146117    
 -0.130561635    
 -0.122515872    
 -0.113999397    
 -0.105000012    
  -9.55034494E-02
  -8.54938477E-02
  -7.49541894E-02
  -6.38662130E-02
  -5.22108413E-02
  -3.99683043E-02
  -2.71181930E-02
  -1.36395609E-02
   4.88980324E-04
   1.52892377E-02
   3.07833515E-02
   4.69938032E-02
   6.39433712E-02
   8.16550553E-02
  0.100152157    
  0.119458079    
  0.139596507    
  0.160591245    
  0.182466358    
  0.205245957    
  0.228954375    
  0.253616065    
  0.279255837    
  0.305898458    
  0.333568424    
  0.362290829    
  0.392090499    
  0.422992676    
  0.455022514    
  0.488205045    
  0.522565722    
  0.558130443    
  0.594924271    
  0.632972777    
  0.672300816    
 -0.186181054    
 -0.185105801    
 -0.182682723    
 -0.179296821    
 -0.175153002    
 -0.170368657    
 -0.165013313    
 -0.159127161    
 -0.152732730    
 -0.145840213    
 -0.138451457    
 -0.130562425    
 -0.122164264    
 -0.113245279    
 -0.103790827    
  -9.37842950E-02
  -8.32075104E-02
  -7.20412210E-02
  -6.02648631E-02
  -4.78571132E-02
  -3.47959548E-02
  -2.10586693E-02
  -6.62210304E-03
   8.53741076E-03
   2.44439226E-02
   4.11218107E-02
   5.85958362E-02
   7.68910572E-02
   9.60327238E-02
  0.116046332    
  0.136957690    
  0.158792585    
  0.181577191    
  0.205338016    
  0.230101377    
  0.255893916    
  0.282742381    
  0.310673892    
  0.339715779    
  0.369894683    
  0.401238173    
  0.433773279    
  0.467527837    
  0.502529562    
  0.538805485    
  0.576383531    
  0.615292132    
  0.655558884    
  0.697211623    
  0.740278065    
 -0.187599316    
 -0.186526656    
 -0.184102893    
 -0.180703908    
 -0.176527768    
 -0.171686724    
 -0.166246340    
 -0.160243466    
 -0.153697863    
 -0.146617115    
 -0.139000744    
 -0.130842298    
 -0.122130878    
 -0.112852536    
 -0.102990575    
  -9.25261974E-02
  -8.14393759E-02
  -6.97086677E-02
  -5.73115014E-02
  -4.42245491E-02
  -3.04237958E-02
  -1.58845223E-02
  -5.81578119E-04
   1.55106904E-02
   3.24183255E-02
   5.01677021E-02
   6.87855780E-02
   8.82989764E-02
  0.108735226    
  0.130121678    
  0.152486295    
  0.175856769    
  0.200261354    
  0.225728497    
  0.252286762    
  0.279964566    
  0.308790952    
  0.338795036    
  0.370005935    
  0.402452707    
  0.436164916    
  0.471171707    
  0.507503033    
  0.545188665    
  0.584257782    
  0.624740899    
  0.666668117    
  0.710069418    
  0.754974484    
  0.801413774    
 -0.189082935    
 -0.188016757    
 -0.185600892    
 -0.182200864    
 -0.178007290    
 -0.173127219    
 -0.167622343    
 -0.161526471    
 -0.154856592    
 -0.147618040    
 -0.139808103    
 -0.131418422    
 -0.122436069    
 -0.112845249    
 -0.102627404    
  -9.17619243E-02
  -8.02270025E-02
  -6.79993629E-02
  -5.50547391E-02
  -4.13680300E-02
  -2.69134976E-02
  -1.16646951E-02
   4.40525450E-03
   2.13237088E-02
   3.91184352E-02
   5.78175038E-02
   7.74493590E-02
   9.80427861E-02
  0.119626738    
  0.142230421    
  0.165883288    
  0.190614924    
  0.216455296    
  0.243434504    
  0.271582872    
  0.300930649    
  0.331508607    
  0.363347620    
  0.396478355    
  0.430931747    
  0.466739178    
  0.503932118    
  0.542541802    
  0.582599938    
  0.624137700    
  0.667187333    
  0.711780965    
  0.757950127    
  0.805726767    
  0.855142772    
 -0.190631554    
 -0.189576030    
 -0.187177241    
 -0.183788925    
 -0.179593772    
 -0.174693599    
 -0.169146165    
 -0.162982523    
 -0.156217039    
 -0.148853153    
 -0.140886173    
 -0.132306010    
 -0.123098083    
 -0.113244966    
 -0.102726519    
  -9.15205702E-02
  -7.96038359E-02
  -6.69515580E-02
  -5.35379425E-02
  -3.93364951E-02
  -2.43199766E-02
  -8.46054591E-03
   8.27012304E-03
   2.59008091E-02
   4.44606617E-02
   6.39791861E-02
   8.44862610E-02
  0.106012024    
  0.128586844    
  0.152241319    
  0.177006319    
  0.202912942    
  0.229992285    
  0.258276075    
  0.287796110    
  0.318583935    
  0.350672036    
  0.384092242    
  0.418876976    
  0.455058515    
  0.492669731    
  0.531743824    
  0.572313666    
  0.614412129    
  0.658071876    
  0.703327060    
  0.750210941    
  0.798756719    
  0.848998189    
  0.900968909    
 -0.192244470    
 -0.191204056    
 -0.188832074    
 -0.185468972    
 -0.181289017    
 -0.176388621    
 -0.170821816    
 -0.164616942    
 -0.157786250    
 -0.150331378    
 -0.142245948    
 -0.133518368    
 -0.124132834    
 -0.114070423    
 -0.103309721    
  -9.18274447E-02
  -7.95990154E-02
  -6.65984601E-02
  -5.27988262E-02
  -3.81724499E-02
  -2.26909425E-02
  -6.32534316E-03
   1.09538026E-02
   2.91763786E-02
   4.83726449E-02
   6.85732141E-02
   8.98090154E-02
  0.112111270    
  0.135511458    
  0.160041258    
  0.185732603    
  0.212617666    
  0.240728736    
  0.270098627    
  0.300759912    
  0.332745612    
  0.366089165    
  0.400823534    
  0.436982244    
  0.474598825    
  0.513707042    
  0.554341257    
  0.596535504    
  0.640323877    
  0.685740709    
  0.732821047    
  0.781599402    
  0.832109869    
  0.884387791    
  0.938468397    
 -0.193920776    
 -0.192900211    
 -0.190565348    
 -0.187241599    
 -0.183094427    
 -0.178214610    
 -0.172652617    
 -0.166434288    
 -0.159570083    
 -0.152060077    
 -0.143896535    
 -0.135066688    
 -0.125553668    
 -0.115337372    
 -0.104395546    
  -9.27039757E-02
  -8.02371129E-02
  -6.69680983E-02
  -5.28691262E-02
  -3.79116721E-02
  -2.20664907E-02
  -5.30381640E-03
   1.24066044E-02
   3.10954545E-02
   5.07937744E-02
   7.15329573E-02
   9.33447108E-02
  0.116260991    
  0.140314013    
  0.165536195    
  0.191960320    
  0.219619110    
  0.248545825    
  0.278773934    
  0.310336709    
  0.343268037    
  0.377601892    
  0.413372189    
  0.450613111    
  0.489359081    
  0.529644668    
  0.571504951    
  0.614974380    
  0.660088599    
  0.706882417    
  0.755391896    
  0.805652380    
  0.857698977    
  0.911567748    
  0.967294872    
 -0.195659280    
 -0.194663554    
 -0.192376629    
 -0.189107060    
 -0.185010821    
 -0.180173144    
 -0.174640998    
 -0.168438077    
 -0.161573216    
 -0.154045224    
 -0.145845354    
 -0.136959955    
 -0.127371222    
 -0.117058530    
 -0.105998859    
  -9.41673517E-02
  -8.15379247E-02
  -6.80830330E-02
  -5.37743643E-02
  -3.85828726E-02
  -2.24787686E-02
  -5.43180015E-03
   1.25887804E-02
   3.16141434E-02
   5.16757667E-02
   7.28054792E-02
   9.50354710E-02
  0.118398011    
  0.142925799    
  0.168651745    
  0.195608869    
  0.223830447    
  0.253349990    
  0.284201503    
  0.316418618    
  0.350035578    
  0.385086626    
  0.421606302    
  0.459629118    
  0.499189675    
  0.540323198    
  0.583065212    
  0.627450526    
  0.673515201    
  0.721294940    
  0.770825565    
  0.822143555    
  0.875284672    
  0.930285037    
  0.987181783    
 -0.197458446    
 -0.196492895    
 -0.194265127    
 -0.191065073    
 -0.187038586    
 -0.182265177    
 -0.176788673    
 -0.170630783    
 -0.163798988    
 -0.156291187    
 -0.148097873    
 -0.139204770    
 -0.129593670    
 -0.119243428    
 -0.108130783    
  -9.62305367E-02
  -8.35162550E-02
  -6.99601322E-02
  -5.55336624E-02
  -4.02075276E-02
  -2.39517838E-02
  -6.73596608E-03
   1.14708319E-02
   3.06999236E-02
   5.09829372E-02
   7.23517686E-02
   9.48387459E-02
  0.118476227    
  0.143297002    
  0.169334024    
  0.196620256    
  0.225189060    
  0.255074143    
  0.286309361    
  0.318928480    
  0.352965802    
  0.388455540    
  0.425432235    
  0.463930339    
  0.503984749    
  0.545630634    
  0.588903189    
  0.633838058    
  0.680470586    
  0.728837073    
  0.778973579    
  0.830916226    
  0.884701431    
  0.940365434    
  0.997945428    
 -0.199316457    
 -0.198386639    
 -0.196229756    
 -0.193115011    
 -0.189177543    
 -0.184491068    
 -0.179096505    
 -0.173013791    
 -0.166249484    
 -0.158800691    
 -0.150657579    
 -0.141805515    
 -0.132226154    
 -0.121898338    
 -0.110798664    
  -9.89020169E-02
  -8.61818567E-02
  -7.26105273E-02
  -5.81595525E-02
  -4.27997112E-02
  -2.65011694E-02
  -9.23362188E-03
   9.03369673E-03
   2.83319149E-02
   4.86924611E-02
   7.01470673E-02
   9.27277133E-02
  0.116466589    
  0.141396269    
  0.167549282    
  0.194958463    
  0.223656803    
  0.253677547    
  0.285054296    
  0.317820638    
  0.352010190    
  0.387657195    
  0.424795568    
  0.463459641    
  0.503683925    
  0.545502961    
  0.588952243    
  0.634066343    
  0.680880904    
  0.729431331    
  0.779753983    
  0.831884563    
  0.885859191    
  0.941714048    
  0.999486208    
 -0.201231167    
 -0.200343028    
 -0.198269188    
 -0.195255905    
 -0.191426978    
 -0.186850503    
 -0.181564480    
 -0.175587475    
 -0.168925330    
 -0.161574781    
 -0.153525904    
 -0.144764096    
 -0.135271206    
 -0.125026211    
 -0.114006065    
 -0.102185816    
  -8.95393789E-02
  -7.60394484E-02
  -6.16579168E-02
  -4.63659279E-02
  -3.01341098E-02
  -1.29326070E-02
   5.26888343E-03
   2.45009866E-02
   4.47946191E-02
   6.61809444E-02
   8.86914358E-02
  0.112357639    
  0.137211546    
  0.163285106    
  0.190610528    
  0.219220027    
  0.249146238    
  0.280422062    
  0.313080251    
  0.347154140    
  0.382676750    
  0.419681460    
  0.458202094    
  0.498272270    
  0.539925754    
  0.583197236    
  0.628120601    
  0.674730897    
  0.723062992    
  0.773152173    
  0.825033605    
  0.878743351    
  0.934316635    
  0.991789997    
 -0.203200072    
 -0.202359900    
 -0.200381652    
 -0.197486296    
 -0.193785757    
 -0.189342439    
 -0.184191748    
 -0.178351074    
 -0.171825960    
 -0.164612949    
 -0.156702384    
 -0.148080111    
 -0.138728365    
 -0.128626689    
 -0.117752552    
 -0.106081590    
  -9.35884044E-02
  -8.02463591E-02
  -6.60280138E-02
  -5.09052239E-02
  -3.48493420E-02
  -1.78312771E-02
   1.78477945E-04
   1.92097463E-02
   3.92926224E-02
   6.04574196E-02
   8.27347264E-02
  0.106155157    
  0.130749777    
  0.156549633    
  0.183585897    
  0.211889893    
  0.241493165    
  0.272427529    
  0.304724753    
  0.338417023    
  0.373536289    
  0.410114676    
  0.448184907    
  0.487780005    
  0.528932214    
  0.571675181    
  0.616041720    
  0.662065506    
  0.709780276    
  0.759220779    
  0.810421348    
  0.863416076    
  0.918239594    
  0.974927843    
 -0.205220208    
 -0.204434663    
 -0.202565014    
 -0.199804395    
 -0.196252123    
 -0.191965178    
 -0.186976552    
 -0.181302756    
 -0.174949318    
 -0.167912930    
 -0.160184562    
 -0.151750758    
 -0.142594457    
 -0.132696062    
 -0.122033827    
 -0.110584415    
  -9.83232632E-02
  -8.52247700E-02
  -7.12624043E-02
  -5.64090721E-02
  -4.06371430E-02
  -2.39185710E-02
  -6.22495078E-03
   1.24724526E-02
   3.22026014E-02
   5.29946536E-02
   7.48780370E-02
   9.78821442E-02
  0.122036733    
  0.147371709    
  0.173916817    
  0.201702178    
  0.230757892    
  0.261114329    
  0.292801946    
  0.325851470    
  0.360293448    
  0.396158427    
  0.433477879    
  0.472282946    
  0.512604654    
  0.554474950    
  0.597925365    
  0.642987967    
  0.689695120    
  0.738079727    
  0.788175106    
  0.840013862    
  0.893629253    
  0.949055791    
 -0.207288206    
 -0.206564516    
 -0.204816878    
 -0.202207893    
 -0.198823839    
 -0.194716424    
 -0.189916342    
 -0.184439629    
 -0.178292021    
 -0.171470940    
 -0.163967982    
 -0.155770868    
 -0.146863446    
 -0.137227342    
 -0.126841933    
 -0.115685023    
 -0.103733376    
  -9.09624994E-02
  -7.73471817E-02
  -6.28616586E-02
  -4.74795550E-02
  -3.11741978E-02
  -1.39185069E-02
   4.31483798E-03
   2.35533956E-02
   4.38249111E-02
   6.51572943E-02
   8.75784829E-02
  0.111116648    
  0.135800153    
  0.161657140    
  0.188716128    
  0.217005476    
  0.246554002    
  0.277390271    
  0.309543163    
  0.343041688    
  0.377914339    
  0.414190710    
  0.451900244    
  0.491072029    
  0.531735957    
  0.573921919    
  0.617659926    
  0.662980497    
  0.709914684    
  0.758493423    
  0.808748305    
  0.860710382    
  0.914412498    
 -0.209400386    
 -0.208746314    
 -0.207134426    
 -0.204694211    
 -0.201498225    
 -0.197593093    
 -0.193007663    
 -0.187757686    
 -0.181849480    
 -0.175281450    
 -0.168046266    
 -0.160132989    
 -0.151526615    
 -0.142210409    
 -0.132165089    
 -0.121369891    
 -0.109803051    
  -9.74416882E-02
  -8.42620656E-02
  -7.02399164E-02
  -5.53505458E-02
  -3.95688042E-02
  -2.28692628E-02
  -5.22625679E-03
   1.33861070E-02
   3.29938717E-02
   5.36232218E-02
   7.53002912E-02
   9.80515033E-02
  0.121903352    
  0.146882072    
  0.173014268    
  0.200326383    
  0.228845075    
  0.258597285    
  0.289609343    
  0.321908176    
  0.355520368    
  0.390473038    
  0.426793545    
  0.464508861    
  0.503646255    
  0.544233382    
  0.586298287    
  0.629868805    
  0.674973965    
  0.721642256    
  0.769902587    
  0.819784582    
  0.871318698    
 -0.211552426    
 -0.210976496    
 -0.209514752    
 -0.207260385    
 -0.204272091    
 -0.200591594    
 -0.196246296    
 -0.191251978    
 -0.185615763    
 -0.179337412    
 -0.172411054    
 -0.164827198    
 -0.156572551    
 -0.147631928    
 -0.137987792    
 -0.127621144    
 -0.116511963    
 -0.104639038    
  -9.19805020E-02
  -7.85138533E-02
  -6.42162412E-02
  -4.90643419E-02
  -3.30345854E-02
  -1.61032286E-02
   1.75373326E-03
   2.05603875E-02
   4.03409302E-02
   6.11195341E-02
   8.29205811E-02
  0.105768368    
  0.129687056    
  0.154701129    
  0.180834755    
  0.208112374    
  0.236558527    
  0.266197205    
  0.297052860    
  0.329149604    
  0.362512290    
  0.397165358    
  0.433133304    
  0.470440596    
  0.509112239    
  0.549173892    
  0.590650260    
  0.633567512    
  0.677951872    
  0.723829448    
  0.771227121    
  0.820172131    
 -0.213739544    
 -0.213251218    
 -0.211954549    
 -0.209903136    
 -0.207141861    
 -0.203707755    
 -0.199627206    
 -0.194916412    
 -0.189583659    
 -0.183630347    
 -0.177052245    
 -0.169841707    
 -0.161987185    
 -0.153475612    
 -0.144291222    
 -0.134417042    
 -0.123835042    
 -0.112526044    
 -0.100470066    
  -8.76467824E-02
  -7.40353093E-02
  -5.96144162E-02
  -4.43626195E-02
  -2.82582548E-02
  -1.12794740E-02
   6.59566186E-03
   2.53891405E-02
   4.51229662E-02
   6.58192113E-02
   8.74998346E-02
  0.110186800    
  0.133902013    
  0.158667356    
  0.184504673    
  0.211435944    
  0.239482567    
  0.268666327    
  0.299008608    
  0.330531359    
  0.363256067    
  0.397204340    
  0.432397693    
  0.468858093    
  0.506607771    
  0.545668423    
  0.586063385    
  0.627814889    
  0.670946658    
  0.715482056    
  0.761445761    
 -0.215956450    
 -0.215566397    
 -0.214450106    
 -0.212618843    
 -0.210103467    
 -0.206936732    
 -0.203144610    
 -0.198744044    
 -0.193744898    
 -0.188150257    
 -0.181957886    
 -0.175162375    
 -0.167754143    
 -0.159722239    
 -0.151053086    
 -0.141731963    
 -0.131742969    
 -0.121069171    
 -0.109692782    
  -9.75957587E-02
  -8.47593993E-02
  -7.11648241E-02
  -5.67927584E-02
  -4.16238420E-02
  -2.56386045E-02
  -8.81739333E-03
   8.85939319E-03
   2.74113640E-02
   4.68580909E-02
   6.72190934E-02
   8.85138512E-02
  0.110761672    
  0.133981884    
  0.158193603    
  0.183415905    
  0.209667593    
  0.236967430    
  0.265333802    
  0.294785649    
  0.325341016    
  0.357018650    
  0.389836639    
  0.423813432    
  0.458967566    
  0.495317400    
  0.532882452    
  0.571681499    
  0.611734331    
  0.653061092    
  0.695682526    
 -0.218197197    
 -0.217917532    
 -0.216997713    
 -0.215403602    
 -0.213152364    
 -0.210273191    
 -0.206792116    
 -0.202727124    
 -0.198089987    
 -0.192885756    
 -0.187114596    
 -0.180773303    
 -0.173854604    
 -0.166349903    
 -0.158248082    
 -0.149536744    
 -0.140202299    
 -0.130230308    
 -0.119605392    
 -0.108311892    
  -9.63335484E-02
  -8.36539716E-02
  -7.02562630E-02
  -5.61235659E-02
  -4.12388667E-02
  -2.55850330E-02
  -9.14497953E-03
   8.09834804E-03
   2.61619464E-02
   4.50627208E-02
   6.48174658E-02
   8.54428560E-02
  0.106955357    
  0.129371405    
  0.152707070    
  0.176978171    
  0.202200517    
  0.228389338    
  0.255560130    
  0.283727735    
  0.312907308    
  0.343113393    
  0.374360472    
  0.406663448    
  0.440036684    
  0.474495322    
  0.510054231    
  0.546728790    
  0.584534943    
  0.623489618    
 -0.220454961    
 -0.220299989    
 -0.219593376    
 -0.218253210    
 -0.216283739    
 -0.213711426    
 -0.210562587    
 -0.206856981    
 -0.202608421    
 -0.197824299    
 -0.192507312    
 -0.186656639    
 -0.180267662    
 -0.173334256    
 -0.165847898    
 -0.157798737    
 -0.149175733    
 -0.139966995    
 -0.130159721    
 -0.119740874    
 -0.108696714    
  -9.70135257E-02
  -8.46769214E-02
  -7.16726929E-02
  -5.79864196E-02
  -4.36035879E-02
  -2.85097715E-02
  -1.26905767E-02
   3.86829022E-03
   2.11810209E-02
   3.92616913E-02
   5.81241548E-02
   7.77820572E-02
   9.82488990E-02
  0.119537793    
  0.141661540    
  0.164632797    
  0.188463584    
  0.213165924    
  0.238751367    
  0.265231162    
  0.292616218    
  0.320916891    
  0.350143760    
  0.380306900    
  0.411416709    
  0.443483502    
  0.476517916    
  0.510531068    
  0.545534968    
 -0.222722188    
 -0.222708806    
 -0.222232953    
 -0.221163318    
 -0.219492480    
 -0.217245162    
 -0.214448467    
 -0.211124271    
 -0.207288787    
 -0.202952027    
 -0.198119521    
 -0.192792952    
 -0.186970502    
 -0.180648714    
 -0.173821747    
 -0.166482404    
 -0.158622503    
 -0.150232792    
 -0.141303182    
 -0.131823376    
 -0.121782325    
 -0.111168958    
  -9.99717265E-02
  -8.81790370E-02
  -7.57792145E-02
  -6.27604648E-02
  -4.91110720E-02
  -3.48194279E-02
  -1.98739991E-02
  -4.26334841E-03
   1.20237740E-02
   2.89984159E-02
   4.66713347E-02
   6.50530979E-02
   8.41538832E-02
  0.103983402    
  0.124551162    
  0.145866066    
  0.167936683    
  0.190771058    
  0.214376658    
  0.238760456    
  0.263928831    
  0.289887637    
  0.316642404    
  0.344198525    
  0.372560740    
  0.401734382    
  0.431724697    
  0.462537795    
 -0.224990249    
 -0.225139081    
 -0.224912301    
 -0.224129409    
 -0.222773224    
 -0.220867589    
 -0.218441352    
 -0.215518728    
 -0.212118715    
 -0.208254218    
 -0.203933552    
 -0.199161246    
 -0.193938464    
 -0.188264415    
 -0.182136118    
 -0.175549388    
 -0.168498769    
 -0.160977796    
 -0.152979270    
 -0.144495696    
 -0.135518789    
 -0.126040339    
 -0.116051614    
 -0.105543807    
  -9.45079476E-02
  -8.29351321E-02
  -7.08163977E-02
  -5.81429154E-02
  -4.49060313E-02
  -3.10970433E-02
  -1.67075302E-02
  -1.72927394E-03
   1.38456644E-02
   3.00249197E-02
   4.68157567E-02
   6.42249659E-02
   8.22589323E-02
  0.100923568    
  0.120224044    
  0.140165061    
  0.160750419    
  0.181983382    
  0.203866065    
  0.226399884    
  0.249585584    
  0.273422927    
  0.297910959    
  0.323048443    
  0.348833948    
  0.375266761    
 -0.227249250    
 -0.227585644    
 -0.227627173    
 -0.227146834    
 -0.226120189    
 -0.224571690    
 -0.222532466    
 -0.220029667    
 -0.217085153    
 -0.213715032    
 -0.209930539    
 -0.205739185    
 -0.201145321    
 -0.196150780    
 -0.190755799    
 -0.184958965    
 -0.178757980    
 -0.172149092    
 -0.165128022    
 -0.157690242    
 -0.149830326    
 -0.141542971    
 -0.132822320    
 -0.123662435    
 -0.114057116    
 -0.104000315    
  -9.34859291E-02
  -8.25079158E-02
  -7.10604638E-02
  -5.91376312E-02
  -4.67337929E-02
  -3.38435285E-02
  -2.04616431E-02
  -6.58337027E-03
   7.79577717E-03
   2.26798113E-02
   3.80722396E-02
   5.39760180E-02
   7.03933463E-02
   8.73257741E-02
  0.104773887    
  0.122737288    
  0.141214415    
  0.160202414    
  0.179697245    
  0.199693277    
  0.220183268    
  0.241158828    
  0.262610197    
  0.284527630    
 -0.229487792    
 -0.230043590    
 -0.230373472    
 -0.230210871    
 -0.229527593    
 -0.228350133    
 -0.226712748    
 -0.224645838    
 -0.222174376    
 -0.219317898    
 -0.216090605    
 -0.212503284    
 -0.208563358    
 -0.204275638    
 -0.199643463    
 -0.194668442    
 -0.189351186    
 -0.183690920    
 -0.177686468    
 -0.171336114    
 -0.164637491    
 -0.157588184    
 -0.150185198    
 -0.142425567    
 -0.134305954    
 -0.125823110    
 -0.116973795    
 -0.107754730    
  -9.81629342E-02
  -8.81952345E-02
  -7.78487474E-02
  -6.71207607E-02
  -5.60087338E-02
  -4.45106216E-02
  -3.26245502E-02
  -2.03491151E-02
  -7.68342195E-03
   5.37284091E-03
   1.88192856E-02
   3.26547436E-02
   4.68770489E-02
   6.14828877E-02
   7.64676109E-02
   9.18249488E-02
  0.107546777    
  0.123622663    
  0.140039489    
  0.156781137    
  0.173828289    
  0.191158488    
 -0.231692493    
 -0.232508257    
 -0.233147293    
 -0.233316749    
 -0.232989445    
 -0.232195348    
 -0.230972707    
 -0.229355380    
 -0.227372006    
 -0.225045428    
 -0.222393110    
 -0.219429106    
 -0.216163948    
 -0.212605685    
 -0.208760455    
 -0.204633147    
 -0.200227350    
 -0.195545450    
 -0.190589130    
 -0.185359746    
 -0.179857865    
 -0.174083978    
 -0.168038070    
 -0.161720082    
 -0.155129507    
 -0.148266062    
 -0.141129225    
 -0.133718476    
 -0.126033664    
 -0.118074283    
 -0.109840155    
 -0.101331115    
  -9.25472826E-02
  -8.34891126E-02
  -7.41571486E-02
  -6.45524189E-02
  -5.46762571E-02
  -4.45307121E-02
  -3.41182761E-02
  -2.34422591E-02
  -1.25068901E-02
  -1.31749897E-03
   1.01192435E-02
   2.17949525E-02
   3.36990990E-02
   4.58183996E-02
   5.81358932E-02
   7.06298202E-02
   8.32716227E-02
   9.60231870E-02
 -0.233847514    
 -0.234975711    
 -0.235944912    
 -0.236459777    
 -0.236499593    
 -0.236099556    
 -0.235302418    
 -0.234146267    
 -0.232663244    
 -0.230879799    
 -0.228816718    
 -0.226491332    
 -0.223917410    
 -0.221106082    
 -0.218066722    
 -0.214807227    
 -0.211334214    
 -0.207653165    
 -0.203768790    
 -0.199685499    
 -0.195406735    
 -0.190935865    
 -0.186276034    
 -0.181429863    
 -0.176399797    
 -0.171188369    
 -0.165797845    
 -0.160230577    
 -0.154488862    
 -0.148575053    
 -0.142491460    
 -0.136240512    
 -0.129824743    
 -0.123246886    
 -0.116509885    
 -0.109616861    
 -0.102571204    
  -9.53767672E-02
  -8.80379006E-02
  -8.05593282E-02
  -7.29465932E-02
  -6.52061328E-02
  -5.73452897E-02
  -4.93728779E-02
  -4.12993692E-02
  -3.31375189E-02
  -2.49032807E-02
  -1.66168064E-02
  -8.30418989E-03
  -1.19248806E-08
