 -0.941014230    
 -0.935574532    
 -0.923703730    
 -0.907871485    
 -0.889563560    
 -0.869736195    
 -0.849039197    
 -0.827931941    
 -0.806753516    
 -0.785762072    
 -0.765158653    
 -0.745104790    
 -0.725732744    
 -0.707153022    
 -0.689459622    
 -0.672733665    
 -0.657047153    
 -0.642463326    
 -0.629039288    
 -0.616827548    
 -0.605876803    
 -0.596232355    
 -0.587936580    
 -0.581029713    
 -0.575550199    
 -0.571535170    
 -0.569020391    
 -0.568040848    
 -0.568630457    
 -0.570822537    
 -0.574649870    
 -0.580144823    
 -0.587339520    
 -0.596265793    
 -0.606955111    
 -0.619438529    
 -0.633747160    
 -0.649912298    
 -0.667964756    
 -0.687935412    
 -0.709855616    
 -0.733756125    
 -0.759668291    
 -0.787623286    
 -0.817651987    
 -0.849785864    
 -0.884056330    
 -0.920494556    
 -0.959132016    
  -1.00000000    
 -0.941179991    
 -0.935740292    
 -0.923869550    
 -0.908036292    
 -0.889725745    
 -0.869893670    
 -0.849189699    
 -0.828072727    
 -0.806881845    
 -0.785874784    
 -0.765252590    
 -0.745176554    
 -0.725779057    
 -0.707169950    
 -0.689443588    
 -0.672680795    
 -0.656953394    
 -0.642324507    
 -0.628851235    
 -0.616585851    
 -0.605576932    
 -0.595869660    
 -0.587506294    
 -0.580526769    
 -0.574969590    
 -0.570871830    
 -0.568268716    
 -0.567195415    
 -0.567685485    
 -0.569772363    
 -0.573488414    
 -0.578865945    
 -0.585937023    
 -0.594733298    
 -0.605286121    
 -0.617626071    
 -0.631784320    
 -0.647792161    
 -0.665680051    
 -0.685478628    
 -0.707219124    
 -0.730932295    
 -0.756649077    
 -0.784400642    
 -0.814217925    
 -0.846131861    
 -0.880173922    
 -0.916375101    
 -0.954766333    
 -0.995379090    
 -0.941677094    
 -0.936237872    
 -0.924367011    
 -0.908530772    
 -0.890212536    
 -0.870366633    
 -0.849641621    
 -0.828495800    
 -0.807267547    
 -0.786213994    
 -0.765535653    
 -0.745393515    
 -0.725919247    
 -0.707222760    
 -0.689397693    
 -0.672524691    
 -0.656675100    
 -0.641911447    
 -0.628290892    
 -0.615865052    
 -0.604682088    
 -0.594786882    
 -0.586221099    
 -0.579024553    
 -0.573234975    
 -0.568889260    
 -0.566022158    
 -0.564668119    
 -0.564860940    
 -0.566632986    
 -0.570016384    
 -0.575042784    
 -0.581744194    
 -0.590151429    
 -0.600295305    
 -0.612206399    
 -0.625914931    
 -0.641451716    
 -0.658847213    
 -0.678131402    
 -0.699334502    
 -0.722487271    
 -0.747620046    
 -0.774763644    
 -0.803948283    
 -0.835204422    
 -0.868563175    
 -0.904054701    
 -0.941709697    
 -0.981559157    
 -0.942505479    
 -0.937067211    
 -0.925196469    
 -0.909355462    
 -0.891024649    
 -0.871155977    
 -0.850396454    
 -0.829203069    
 -0.807913005    
 -0.786782563    
 -0.766011119    
 -0.745759547    
 -0.726158559    
 -0.707317173    
 -0.689328790    
 -0.672273099    
 -0.656220913    
 -0.641234219    
 -0.627369463    
 -0.614677787    
 -0.603206396    
 -0.592999637    
 -0.584098577    
 -0.576542258    
 -0.570367754    
 -0.565611124    
 -0.562306464    
 -0.560487747    
 -0.560187578    
 -0.561437845    
 -0.564270020    
 -0.568714917    
 -0.574803472    
 -0.582566142    
 -0.592032671    
 -0.603232622    
 -0.616196454    
 -0.630952775    
 -0.647532105    
 -0.665963948    
 -0.686276913    
 -0.708501160    
 -0.732666552    
 -0.758802295    
 -0.786938429    
 -0.817104518    
 -0.849330783    
 -0.883646905    
 -0.920082629    
 -0.958667874    
 -0.943665028    
 -0.938228488    
 -0.926358044    
 -0.910510957    
 -0.892163038    
 -0.872263432    
 -0.851456463    
 -0.830197334    
 -0.808821917    
 -0.787584960    
 -0.766684830    
 -0.746281385    
 -0.726504683    
 -0.707462549    
 -0.689247429    
 -0.671938539    
 -0.655605316    
 -0.640309095    
 -0.626105487    
 -0.613044560    
 -0.601173043    
 -0.590533912    
 -0.581167459    
 -0.573111773    
 -0.566402912    
 -0.561075926    
 -0.557164073    
 -0.554700255    
 -0.553715765    
 -0.554241955    
 -0.556308985    
 -0.559946775    
 -0.565185010    
 -0.572053015    
 -0.580579340    
 -0.590793133    
 -0.602722466    
 -0.616396308    
 -0.631843567    
 -0.649091899    
 -0.668169975    
 -0.689105988    
 -0.711928964    
 -0.736667275    
 -0.763348758    
 -0.792002559    
 -0.822657526    
 -0.855342567    
 -0.890085876    
 -0.926916778    
 -0.945155740    
 -0.939721644    
 -0.927852333    
 -0.911998093    
 -0.893629372    
 -0.873691082    
 -0.852824628    
 -0.831482947    
 -0.809999466    
 -0.788627684    
 -0.767564714    
 -0.746968746    
 -0.726969123    
 -0.707672060    
 -0.689169109    
 -0.671538532    
 -0.654848337    
 -0.639159024    
 -0.624524534    
 -0.610994577    
 -0.598614216    
 -0.587425590    
 -0.577467680    
 -0.568777323    
 -0.561389208    
 -0.555337369    
 -0.550653815    
 -0.547369838    
 -0.545515954    
 -0.545121610    
 -0.546216130    
 -0.548828185    
 -0.552985668    
 -0.558716595    
 -0.566048443    
 -0.575008690    
 -0.585624099    
 -0.597922504    
 -0.611931086    
 -0.627676547    
 -0.645185411    
 -0.664484859    
 -0.685602248    
 -0.708564579    
 -0.733398497    
 -0.760131419    
 -0.788790524    
 -0.819403350    
 -0.851997077    
 -0.886599302    
 -0.946977496    
 -0.941546917    
 -0.929679871    
 -0.913818002    
 -0.895425498    
 -0.875441968    
 -0.854505062    
 -0.833064795    
 -0.811452389    
 -0.789919198    
 -0.768660784    
 -0.747833669    
 -0.727566063    
 -0.707962513    
 -0.689113438    
 -0.671095252    
 -0.653975189    
 -0.637812316    
 -0.622659385    
 -0.608564436    
 -0.595571280    
 -0.583720624    
 -0.573049963    
 -0.563594878    
 -0.555388570    
 -0.548463285    
 -0.542849839    
 -0.538577974    
 -0.535676599    
 -0.534173787    
 -0.534096956    
 -0.535473168    
 -0.538328707    
 -0.542690516    
 -0.548583567    
 -0.556034207    
 -0.565067708    
 -0.575709999    
 -0.587986112    
 -0.601921141    
 -0.617540479    
 -0.634869516    
 -0.653933465    
 -0.674757540    
 -0.697367251    
 -0.721787512    
 -0.748044014    
 -0.776162803    
 -0.806169033    
 -0.838088095    
 -0.949130118    
 -0.943704128    
 -0.931841195    
 -0.915972114    
 -0.897553861    
 -0.877519667    
 -0.856502593    
 -0.834949374    
 -0.813188791    
 -0.791469574    
 -0.769985199    
 -0.748890936    
 -0.728312731    
 -0.708353877    
 -0.689103127    
 -0.670635402    
 -0.653016627    
 -0.636304259    
 -0.620549083    
 -0.605797946    
 -0.592093229    
 -0.579473794    
 -0.567975342    
 -0.557631910    
 -0.548475385    
 -0.540535867    
 -0.533842564    
 -0.528423488    
 -0.524305880    
 -0.521515608    
 -0.520078540    
 -0.520019710    
 -0.521363854    
 -0.524135828    
 -0.528358877    
 -0.534057200    
 -0.541253984    
 -0.549973130    
 -0.560238123    
 -0.572072208    
 -0.585498393    
 -0.600540280    
 -0.617221296    
 -0.635564268    
 -0.655592561    
 -0.677329004    
 -0.700797558    
 -0.726021826    
 -0.753025413    
 -0.781831443    
 -0.951613188    
 -0.946193159    
 -0.934336722    
 -0.918462157    
 -0.900017083    
 -0.879928172    
 -0.858822703    
 -0.837143958    
 -0.815217853    
 -0.793290257    
 -0.771552324    
 -0.750157237    
 -0.729228795    
 -0.708869219    
 -0.689165354    
 -0.670190334    
 -0.652008474    
 -0.634674907    
 -0.618239522    
 -0.602746844    
 -0.588237584    
 -0.574748874    
 -0.562314928    
 -0.550967038    
 -0.540736318    
 -0.531650245    
 -0.523736298    
 -0.517020404    
 -0.511527598    
 -0.507282376    
 -0.504307806    
 -0.502627254    
 -0.502263784    
 -0.503238857    
 -0.505574584    
 -0.509292841    
 -0.514414668    
 -0.520961463    
 -0.528954625    
 -0.538415194    
 -0.549364328    
 -0.561822712    
 -0.575811327    
 -0.591351271    
 -0.608463824    
 -0.627169549    
 -0.647489846    
 -0.669445693    
 -0.693058312    
 -0.718349338    
 -0.954426527    
 -0.949014246    
 -0.937167048    
 -0.921289504    
 -0.902818143    
 -0.882671773    
 -0.861471713    
 -0.839657187    
 -0.817550480    
 -0.795394301    
 -0.773377836    
 -0.751651585    
 -0.730337501    
 -0.709535897    
 -0.689331174    
 -0.669795275    
 -0.650990725    
 -0.632970333    
 -0.615782082    
 -0.599468768    
 -0.584069073    
 -0.569618344    
 -0.556148708    
 -0.543689609    
 -0.532269359    
 -0.521914005    
 -0.512648880    
 -0.504497707    
 -0.497483164    
 -0.491627365    
 -0.486951560    
 -0.483476758    
 -0.481223166    
 -0.480210274    
 -0.480457902    
 -0.481985480    
 -0.484811544    
 -0.488955259    
 -0.494435787    
 -0.501271367    
 -0.509480536    
 -0.519081712    
 -0.530093610    
 -0.542534530    
 -0.556423008    
 -0.571777642    
 -0.588616669    
 -0.606959045    
 -0.626823366    
 -0.648228407    
 -0.957569540    
 -0.952167511    
 -0.940333068    
 -0.924456060    
 -0.905960321    
 -0.885755360    
 -0.864456713    
 -0.842498064    
 -0.820198059    
 -0.797796369    
 -0.775479555    
 -0.753395319    
 -0.731663465    
 -0.710382700    
 -0.689634621    
 -0.669489741    
 -0.650008082    
 -0.631241024    
 -0.613234103    
 -0.596028209    
 -0.579660058    
 -0.564162672    
 -0.549566031    
 -0.535897493    
 -0.523183227    
 -0.511446953    
 -0.500711262    
 -0.490998209    
 -0.482327968    
 -0.474720389    
 -0.468193799    
 -0.462766916    
 -0.458457530    
 -0.455282629    
 -0.453259379    
 -0.452404708    
 -0.452734828    
 -0.454266042    
 -0.457014561    
 -0.460996270    
 -0.466227025    
 -0.472722441    
 -0.480498612    
 -0.489571273    
 -0.499956131    
 -0.511669040    
 -0.524725616    
 -0.539141834    
 -0.554933488    
 -0.572116613    
 -0.961041570    
 -0.955652118    
 -0.943835735    
 -0.927964032    
 -0.909447193    
 -0.889184773    
 -0.867785037    
 -0.845676363    
 -0.823173583    
 -0.800512314    
 -0.777876794    
 -0.755411386    
 -0.733234107    
 -0.711441398    
 -0.690112650    
 -0.669315934    
 -0.649109304    
 -0.629542112    
 -0.610657930    
 -0.592495322    
 -0.575088680    
 -0.558468699    
 -0.542663336    
 -0.527697742    
 -0.513595283    
 -0.500377715    
 -0.488065481    
 -0.476677418    
 -0.466231614    
 -0.456744999    
 -0.448233902    
 -0.440714180    
 -0.434201032    
 -0.428708553    
 -0.424251407    
 -0.420843422    
 -0.418498605    
 -0.417230010    
 -0.417051256    
 -0.417975456    
 -0.420015335    
 -0.423183978    
 -0.427494407    
 -0.432959199    
 -0.439591855    
 -0.447404772    
 -0.456410944    
 -0.466623217    
 -0.478054404    
 -0.490717441    
 -0.964842141    
 -0.959468126    
 -0.947675645    
 -0.931815445    
 -0.913282275    
 -0.892965376    
 -0.871464789    
 -0.849203229    
 -0.826490641    
 -0.803559422    
 -0.780590057    
 -0.757724941    
 -0.735079050    
 -0.712746739    
 -0.690805078    
 -0.669319689    
 -0.648346782    
 -0.627933502    
 -0.608120799    
 -0.588945270    
 -0.570438862    
 -0.552630007    
 -0.535544515    
 -0.519204855    
 -0.503632367    
 -0.488846034    
 -0.474863678    
 -0.461701542    
 -0.449375272    
 -0.437899113    
 -0.427286744    
 -0.417551190    
 -0.408704817    
 -0.400759161    
 -0.393725604    
 -0.387615651    
 -0.382439613    
 -0.378208399    
 -0.374932557    
 -0.372621924    
 -0.371286511    
 -0.370936304    
 -0.371581256    
 -0.373231232    
 -0.375895798    
 -0.379585117    
 -0.384308606    
 -0.390076458    
 -0.396898121    
 -0.404783368    
 -0.968969941    
 -0.963615000    
 -0.951853156    
 -0.936012208    
 -0.917469561    
 -0.897103310    
 -0.875504851    
 -0.853090048    
 -0.830164135    
 -0.806955636    
 -0.783641696    
 -0.760362327    
 -0.737229705    
 -0.714335442    
 -0.691754222    
 -0.669549823    
 -0.647775888    
 -0.626477480    
 -0.605693161    
 -0.585457325    
 -0.565799713    
 -0.546745956    
 -0.528319418    
 -0.510540783    
 -0.493428200    
 -0.476998419    
 -0.461266726    
 -0.446246535    
 -0.431951016    
 -0.418391436    
 -0.405578554    
 -0.393522978    
 -0.382233918    
 -0.371720076    
 -0.361989975    
 -0.353051960    
 -0.344913632    
 -0.337582618    
 -0.331066549    
 -0.325372010    
 -0.320506275    
 -0.316475928    
 -0.313287944    
 -0.310948670    
 -0.309465021    
 -0.308843344    
 -0.309090257    
 -0.310212344    
 -0.312216163    
 -0.315108091    
 -0.973424077    
 -0.968092203    
 -0.956368804    
 -0.940556347    
 -0.922013283    
 -0.901605070    
 -0.879913568    
 -0.857348323    
 -0.834208727    
 -0.810720026    
 -0.787055135    
 -0.763351619    
 -0.739718735    
 -0.716245651    
 -0.693004906    
 -0.670057356    
 -0.647454977    
 -0.625240445    
 -0.603449941    
 -0.582115591    
 -0.561264515    
 -0.540920317    
 -0.521103561    
 -0.501832724    
 -0.483123273    
 -0.464989275    
 -0.447443634    
 -0.430497020    
 -0.414159656    
 -0.398440003    
 -0.383346260    
 -0.368885934    
 -0.355065465    
 -0.341890275    
 -0.329366237    
 -0.317498624    
 -0.306291997    
 -0.295750946    
 -0.285879582    
 -0.276681602    
 -0.268160909    
 -0.260321259    
 -0.253166139    
 -0.246698707    
 -0.240922436    
 -0.235840440    
 -0.231456041    
 -0.227772579    
 -0.224793151    
 -0.222520858    
 -0.978203118    
 -0.972898543    
 -0.961223066    
 -0.945449948    
 -0.926917374    
 -0.906476736    
 -0.884700358    
 -0.861990213    
 -0.838640571    
 -0.814872324    
 -0.790854394    
 -0.766721547    
 -0.742580414    
 -0.718517601    
 -0.694603145    
 -0.670895576    
 -0.647445023    
 -0.624291360    
 -0.601468921    
 -0.579007030    
 -0.556930721    
 -0.535261333    
 -0.514016926    
 -0.493213087    
 -0.472863108    
 -0.452978551    
 -0.433569312    
 -0.414643884    
 -0.396209002    
 -0.378271103    
 -0.360834986    
 -0.343905568    
 -0.327486008    
 -0.311579138    
 -0.296187729    
 -0.281314045    
 -0.266959369    
 -0.253125042    
 -0.239812106    
 -0.227021173    
 -0.214752778    
 -0.203007519    
 -0.191785529    
 -0.181086823    
 -0.170911342    
 -0.161258936    
 -0.152129486    
 -0.143522844    
 -0.135438845    
 -0.127877146    
 -0.983305514    
 -0.978033245    
 -0.966416001    
 -0.950694561    
 -0.932185590    
 -0.911725044    
 -0.889874518    
 -0.867028773    
 -0.843475938    
 -0.819432497    
 -0.795063972    
 -0.770501912    
 -0.745850027    
 -0.721192360    
 -0.696596444    
 -0.672119498    
 -0.647808254    
 -0.623700857    
 -0.599829495    
 -0.576221168    
 -0.552898467    
 -0.529880047    
 -0.507182121    
 -0.484817594    
 -0.462796986    
 -0.441129655    
 -0.419822872    
 -0.398882478    
 -0.378312409    
 -0.358116210    
 -0.338296026    
 -0.318853676    
 -0.299789459    
 -0.281103492    
 -0.262795448    
 -0.244864225    
 -0.227308318    
 -0.210125849    
 -0.193314716    
 -0.176872298    
 -0.160795793    
 -0.145082593    
 -0.129729360    
 -0.114732951    
 -0.100089952    
  -8.57968181E-02
  -7.18500391E-02
  -5.82460240E-02
  -4.49810885E-02
  -3.20515111E-02
 -0.988728881    
 -0.983494937    
 -0.971947134    
 -0.956292093    
 -0.937822104    
 -0.917356431    
 -0.895445943    
 -0.872476935    
 -0.848731577    
 -0.824421763    
 -0.799709737    
 -0.774723113    
 -0.749563456    
 -0.724312127    
 -0.699034274    
 -0.673785090    
 -0.648608863    
 -0.623541892    
 -0.598613501    
 -0.573849142    
 -0.549269021    
 -0.524889708    
 -0.500724554    
 -0.476784319    
 -0.453077227    
 -0.429609984    
 -0.406387240    
 -0.383412302    
 -0.360686719    
 -0.338211089    
 -0.315984756    
 -0.294006586    
 -0.272274405    
 -0.250785112    
 -0.229535535    
 -0.208521366    
 -0.187738195    
 -0.167181090    
 -0.146844625    
 -0.126723111    
 -0.106810600    
  -8.71010199E-02
  -6.75879419E-02
  -4.82647680E-02
  -2.91247889E-02
  -1.01611288E-02
   8.63315165E-03
   2.72650644E-02
   4.57417145E-02
   6.40702248E-02
 -0.994471192    
 -0.989281893    
 -0.977816463    
 -0.962244093    
 -0.943830729    
 -0.923377693    
 -0.901423991    
 -0.878347754    
 -0.854424477    
 -0.829861403    
 -0.804817140    
 -0.779416382    
 -0.753757894    
 -0.727919698    
 -0.701965988    
 -0.675949037    
 -0.649911642    
 -0.623887420    
 -0.597903728    
 -0.571984053    
 -0.546146274    
 -0.520404756    
 -0.494770944    
 -0.469253033    
 -0.443857312    
 -0.418587774    
 -0.393446654    
 -0.368434638    
 -0.343550622    
 -0.318792969    
 -0.294158220    
 -0.269642472    
 -0.245240778    
 -0.220947191    
 -0.196755618    
 -0.172659010    
 -0.148649707    
 -0.124719799    
 -0.100860760    
  -7.70638883E-02
  -5.33201247E-02
  -2.96200421E-02
  -5.95404673E-03
   1.76877156E-02
   4.13152725E-02
   6.49388433E-02
   8.85686427E-02
  0.112215079    
  0.135888636    
  0.159599841    
  -1.00052965    
 -0.995391905    
 -0.984023452    
 -0.968551934    
 -0.950214863    
 -0.929794908    
 -0.907817960    
 -0.884653747    
 -0.860571265    
 -0.835772574    
 -0.810412526    
 -0.784612894    
 -0.758469820    
 -0.732058644    
 -0.705441773    
 -0.678669512    
 -0.651782274    
 -0.624811709    
 -0.597783506    
 -0.570718825    
 -0.543633878    
 -0.516540706    
 -0.489448905    
 -0.462364614    
 -0.435291767    
 -0.408231974    
 -0.381185323    
 -0.354149908    
 -0.327122748    
 -0.300099134    
 -0.273073405    
 -0.246039033    
 -0.218988180    
 -0.191912487    
 -0.164802998    
 -0.137649700    
 -0.110442109    
  -8.31694230E-02
  -5.58202527E-02
  -2.83827577E-02
  -8.44817318E-04
   2.68060453E-02
   5.45826070E-02
   8.24978724E-02
  0.110565096    
  0.138797700    
  0.167209208    
  0.195813268    
  0.224623814    
  0.253654569    
  -1.00690138    
  -1.00182247    
 -0.990566969    
 -0.975216627    
 -0.956978500    
 -0.936614633    
 -0.914637685    
 -0.891408503    
 -0.867188811    
 -0.842176437    
 -0.816521823    
 -0.790343881    
 -0.763736308    
 -0.736772239    
 -0.709511817    
 -0.682003438    
 -0.654285789    
 -0.626388550    
 -0.598335505    
 -0.570146382    
 -0.541834950    
 -0.513412356    
 -0.484885305    
 -0.456258357    
 -0.427533418    
 -0.398710042    
 -0.369786084    
 -0.340757817    
 -0.311619639    
 -0.282364607    
 -0.252984703    
 -0.223470896    
 -0.193813026    
 -0.164000094    
 -0.134020358    
 -0.103861302    
  -7.35098198E-02
  -4.29521166E-02
  -1.21740680E-02
   1.88389979E-02
   5.01021408E-02
   8.16308185E-02
  0.113440879    
  0.145548284    
  0.177969456    
  0.210720792    
  0.243819103    
  0.277281195    
  0.311124235    
  0.345365226    
  -1.01358283    
  -1.00857079    
 -0.997445703    
 -0.982239127    
 -0.964124262    
 -0.943842649    
 -0.921892345    
 -0.898624539    
 -0.874293983    
 -0.849093735    
 -0.823170722    
 -0.796640635    
 -0.769594610    
 -0.742103577    
 -0.714226127    
 -0.686008036    
 -0.657487094    
 -0.628691137    
 -0.599642098    
 -0.570358336    
 -0.540852189    
 -0.511132658    
 -0.481204957    
 -0.451071769    
 -0.420733243    
 -0.390187174    
 -0.359429479    
 -0.328454405    
 -0.297254145    
 -0.265820026    
 -0.234141633    
 -0.202207699    
 -0.170005620    
 -0.137522355    
 -0.104743443    
  -7.16540813E-02
  -3.82385105E-02
  -4.48048441E-03
   2.96368711E-02
   6.41309172E-02
   9.90193933E-02
  0.134320602    
  0.170053244    
  0.206236124    
  0.242888674    
  0.280030221    
  0.317680418    
  0.355859280    
  0.394587129    
  0.433883846    
  -1.02056968    
  -1.01563370    
  -1.00465822    
 -0.989619672    
 -0.971655250    
 -0.951484740    
 -0.929590702    
 -0.906313956    
 -0.881903172    
 -0.856545746    
 -0.830384970    
 -0.803533792    
 -0.776080549    
 -0.748094618    
 -0.719632983    
 -0.690739512    
 -0.661449969    
 -0.631791294    
 -0.601784408    
 -0.571445525    
 -0.540785968    
 -0.509812713    
 -0.478530377    
 -0.446939766    
 -0.415039182    
 -0.382825017    
 -0.350291431    
 -0.317430913    
 -0.284234196    
 -0.250690430    
 -0.216787189    
 -0.182511359    
 -0.147848338    
 -0.112782724    
  -7.72980899E-02
  -4.13772725E-02
  -5.00225369E-03
   3.18456069E-02
   6.91856071E-02
  0.107037537    
  0.145421773    
  0.184359208    
  0.223870978    
  0.263978779    
  0.304704607    
  0.346070707    
  0.388099819    
  0.430814475    
  0.474237889    
  0.518392801    
  -1.02785718    
  -1.02300751    
  -1.01220202    
 -0.997357666    
 -0.979573905    
 -0.959545910    
 -0.937741280    
 -0.914489210    
 -0.890032232    
 -0.864552379    
 -0.838189244    
 -0.811053216    
 -0.783229828    
 -0.754787385    
 -0.725780964    
 -0.696252763    
 -0.666236937    
 -0.635759950    
 -0.604841173    
 -0.573495746    
 -0.541733801    
 -0.509561300    
 -0.476981103    
 -0.443993241    
 -0.410594434    
 -0.376779944    
 -0.342542470    
 -0.307872832    
 -0.272760451    
 -0.237192720    
 -0.201155782    
 -0.164634585    
 -0.127612844    
  -9.00732428E-02
  -5.19974753E-02
  -1.33663835E-02
   2.58400720E-02
   6.56426772E-02
  0.106062889    
  0.147122726    
  0.188844934    
  0.231252566    
  0.274369419    
  0.318219483    
  0.362827092    
  0.408217043    
  0.454414994    
  0.501446128    
  0.549336135    
  0.598110497    
  -1.03544033    
  -1.03068733    
  -1.02007425    
  -1.00545275    
 -0.987882018    
 -0.968031049    
 -0.946351469    
 -0.923161566    
 -0.898696363    
 -0.873133123    
 -0.846607745    
 -0.819228172    
 -0.791077256    
 -0.762222469    
 -0.732716620    
 -0.702601254    
 -0.671908736    
 -0.640665233    
 -0.608889341    
 -0.576594710    
 -0.543790698    
 -0.510482550    
 -0.476672202    
 -0.442358375    
 -0.407537162    
 -0.372202516    
 -0.336346030    
 -0.299957544    
 -0.263024867    
 -0.225534633    
 -0.187471226    
 -0.148818284    
 -0.109558098    
  -6.96718246E-02
  -2.91394982E-02
   1.20597342E-02
   5.39476238E-02
   9.65467989E-02
  0.139880657    
  0.183973148    
  0.228848964    
  0.274533302    
  0.321051896    
  0.368431151    
  0.416697562    
  0.465878218    
  0.516001225    
  0.567093849    
  0.619184434    
  0.672300816    
  -1.04331291    
  -1.03866804    
  -1.02827144    
  -1.01390398    
 -0.996580958    
 -0.976944268    
 -0.955429018    
 -0.932341754    
 -0.907910287    
 -0.882306695    
 -0.855663955    
 -0.828086674    
 -0.799655914    
 -0.770438373    
 -0.740484953    
 -0.709836304    
 -0.678523719    
 -0.646573126    
 -0.614002228    
 -0.580823898    
 -0.547047496    
 -0.512676716    
 -0.477713555    
 -0.442155838    
 -0.405998915    
 -0.369235635    
 -0.331857443    
 -0.293853164    
 -0.255209655    
 -0.215912327    
 -0.175944939    
 -0.135289922    
  -9.39282998E-02
  -5.18401936E-02
  -9.00431070E-03
   3.46015692E-02
   7.90005997E-02
  0.124216966    
  0.170275554    
  0.217202008    
  0.265022635    
  0.313764334    
  0.363454998    
  0.414122671    
  0.465795577    
  0.518503129    
  0.572275221    
  0.627141535    
  0.683132529    
  0.740278065    
  -1.05146861    
  -1.04694414    
  -1.03678977    
  -1.02270925    
  -1.00567138    
 -0.986289322    
 -0.964980662    
 -0.942039788    
 -0.917687654    
 -0.892090857    
 -0.865379691    
 -0.837655425    
 -0.808997929    
 -0.779472470    
 -0.749128878    
 -0.718006551    
 -0.686137557    
 -0.653546274    
 -0.620250285    
 -0.586261988    
 -0.551590323    
 -0.516238987    
 -0.480209559    
 -0.443499446    
 -0.406103522    
 -0.368014544    
 -0.329223305    
 -0.289718062    
 -0.249485329    
 -0.208509862    
 -0.166774794    
 -0.124261707    
  -8.09510350E-02
  -3.68219279E-02
   8.14775471E-03
   5.39812334E-02
  0.100702748    
  0.148337558    
  0.196911797    
  0.246452287    
  0.296986848    
  0.348543614    
  0.401152104    
  0.454841793    
  0.509642601    
  0.565585852    
  0.622702718    
  0.681025147    
  0.740584850    
  0.801413774    
  -1.05990005    
  -1.05550921    
  -1.04562449    
  -1.03186667    
  -1.01515388    
 -0.996069491    
 -0.975011945    
 -0.952265084    
 -0.928041399    
 -0.902503014    
 -0.875775874    
 -0.847960055    
 -0.819133282    
 -0.789359927    
 -0.758689165    
 -0.727159679    
 -0.694803476    
 -0.661644220    
 -0.627699554    
 -0.592982173    
 -0.557500720    
 -0.521258891    
 -0.484258026    
 -0.446495950    
 -0.407967627    
 -0.368665308    
 -0.328579843    
 -0.287699491    
 -0.246010602    
 -0.203497633    
 -0.160143375    
 -0.115929358    
  -7.08355084E-02
  -2.48404760E-02
   2.20783390E-02
   6.99447468E-02
  0.118783653    
  0.168621078    
  0.219483852    
  0.271399707    
  0.324397415    
  0.378506571    
  0.433757186    
  0.490180284    
  0.547806859    
  0.606669843    
  0.666801631    
  0.728235483    
  0.791004479    
  0.855142772    
  -1.06859922    
  -1.06435609    
  -1.05477047    
  -1.04137278    
  -1.02502751    
  -1.00628638    
 -0.985528767    
 -0.963026166    
 -0.938983440    
 -0.913557827    
 -0.886872053    
 -0.859024167    
 -0.830090523    
 -0.800134420    
 -0.769204617    
 -0.737339258    
 -0.704570949    
 -0.670922756    
 -0.636412621    
 -0.601053715    
 -0.564854443    
 -0.527819574    
 -0.489950240    
 -0.451244771    
 -0.411698312    
 -0.371304035    
 -0.330052465    
 -0.287932366    
 -0.244930208    
 -0.201030761    
 -0.156216979    
 -0.110470451    
  -6.37710765E-02
  -1.60975792E-02
   3.25727686E-02
   8.22639018E-02
  0.133001059    
  0.184810400    
  0.237719223    
  0.291755676    
  0.346949130    
  0.403329790    
  0.460928708    
  0.519777298    
  0.579907477    
  0.641353190    
  0.704147816    
  0.768325388    
  0.833920658    
  0.900968909    
  -1.07755685    
  -1.07347691    
  -1.06422150    
  -1.05122364    
  -1.03529096    
  -1.01694155    
 -0.996534646    
 -0.974329889    
 -0.950523913    
 -0.925269723    
 -0.898686349    
 -0.870869696    
 -0.841895998    
 -0.811826646    
 -0.780710340    
 -0.748585999    
 -0.715485930    
 -0.681433499    
 -0.646446884    
 -0.610540032    
 -0.573721945    
 -0.535997808    
 -0.497369766    
 -0.457836449    
 -0.417394191    
 -0.376036555    
 -0.333754987    
 -0.290538579    
 -0.246374711    
 -0.201248735    
 -0.155144155    
 -0.108043090    
  -5.99259883E-02
  -1.07719451E-02
   3.94414254E-02
   9.07378122E-02
  0.143142134    
  0.196680486    
  0.251380116    
  0.307269216    
  0.364377052    
  0.422734171    
  0.482371658    
  0.543321609    
  0.605616331    
  0.669290423    
  0.734377384    
  0.800912261    
  0.868930399    
  0.938468397    
  -1.08676291    
  -1.08286250    
  -1.07397115    
  -1.06141531    
  -1.04594254    
  -1.02803588    
  -1.00803339    
 -0.986182272    
 -0.962672174    
 -0.937651038    
 -0.911234617    
 -0.883517027    
 -0.854573905    
 -0.824464917    
 -0.793239772    
 -0.760937810    
 -0.727590978    
 -0.693223774    
 -0.657855034    
 -0.621499538    
 -0.584166765    
 -0.545863032    
 -0.506591797    
 -0.466352850    
 -0.425143152    
 -0.382957578    
 -0.339788705    
 -0.295626611    
 -0.250459731    
 -0.204274446    
 -0.157055423    
 -0.108785659    
  -5.94465770E-02
  -9.01816599E-03
   4.25211564E-02
   9.51943025E-02
  0.149025545    
  0.204040289    
  0.260265291    
  0.317728251    
  0.376458198    
  0.436485171    
  0.497839898    
  0.560554564    
  0.624661922    
  0.690195858    
  0.757190764    
  0.825681448    
  0.895703971    
  0.967294872    
  -1.09620678    
  -1.09250355    
  -1.08401179    
  -1.07194257    
  -1.05697954    
  -1.03956866    
  -1.02002692    
 -0.998588979    
 -0.975436628    
 -0.950713277    
 -0.924531698    
 -0.896984398    
 -0.868145466    
 -0.838075101    
 -0.806822836    
 -0.774428368    
 -0.740924895    
 -0.706336915    
 -0.670684814    
 -0.633984268    
 -0.596245885    
 -0.557477653    
 -0.517684102    
 -0.476866663    
 -0.435023427    
 -0.392150640    
 -0.348242700    
 -0.303290874    
 -0.257285118    
 -0.210213646    
 -0.162062317    
 -0.112815641    
  -6.24563657E-02
  -1.09659284E-02
   4.16759700E-02
   9.54909921E-02
  0.150502145    
  0.206733882    
  0.264211684    
  0.322962373    
  0.383014083    
  0.444396168    
  0.507138610    
  0.571272910    
  0.636831284    
  0.703847289    
  0.772355139    
  0.842389524    
  0.913986206    
  0.987181783    
  -1.10587633    
  -1.10238934    
  -1.09433472    
  -1.08279920    
  -1.06839824    
  -1.05153894    
  -1.03251660    
  -1.01155376    
 -0.988823891    
 -0.964466333    
 -0.938590348    
 -0.911287427    
 -0.882630587    
 -0.852679789    
 -0.821485698    
 -0.789088309    
 -0.755521595    
 -0.720811069    
 -0.684978485    
 -0.648040831    
 -0.610010624    
 -0.570897043    
 -0.530706108    
 -0.489441305    
 -0.447102427    
 -0.403687507    
 -0.359192759    
 -0.313611478    
 -0.266935527    
 -0.219154909    
 -0.170257404    
 -0.120229423    
  -6.90557808E-02
  -1.67196151E-02
   3.67975086E-02
   9.15154815E-02
  0.147455648    
  0.204640687    
  0.263094574    
  0.322842777    
  0.383911848    
  0.446329564    
  0.510125160    
  0.575328827    
  0.641971767    
  0.710086882    
  0.779707074    
  0.850866497    
  0.923600495    
  0.997945428    
  -1.11575842    
  -1.11250818    
  -1.10493100    
  -1.09397840    
  -1.08019423    
  -1.06394410    
  -1.04550266    
  -1.02507877    
  -1.00283933    
 -0.978917599    
 -0.953421354    
 -0.926439583    
 -0.898045361    
 -0.868299186    
 -0.837251484    
 -0.804944098    
 -0.771410942    
 -0.736679673    
 -0.700773358    
 -0.663710237    
 -0.625504732    
 -0.586168289    
 -0.545708418    
 -0.504130840    
 -0.461437494    
 -0.417628646    
 -0.372702271    
 -0.326654375    
 -0.279479235    
 -0.231168866    
 -0.181713641    
 -0.131102279    
  -7.93218911E-02
  -2.63580196E-02
   2.78054085E-02
   8.31860080E-02
  0.139802903    
  0.197676480    
  0.256828725    
  0.317283005    
  0.379063785    
  0.442197353    
  0.506710649    
  0.572632372    
  0.639992237    
  0.708821356    
  0.779151797    
  0.851016521    
  0.924449444    
  0.999486208    
  -1.12583888    
  -1.12284803    
  -1.11579061    
  -1.10547292    
  -1.09236169    
  -1.07678175    
  -1.05898440    
  -1.03916621    
  -1.01748621    
 -0.994073391    
 -0.969032824    
 -0.942451954    
 -0.914404333    
 -0.884949982    
 -0.854140759    
 -0.822018147    
 -0.788618505    
 -0.753971159    
 -0.718100309    
 -0.681026161    
 -0.642765403    
 -0.603331327    
 -0.562733531    
 -0.520979822    
 -0.478075296    
 -0.434022188    
 -0.388821304    
 -0.342471153    
 -0.294968814    
 -0.246309027    
 -0.196484998    
 -0.145488203    
  -9.33085829E-02
  -3.99345905E-02
   1.46470387E-02
   7.04510808E-02
  0.127493814    
  0.185792923    
  0.245367870    
  0.306239158    
  0.368428677    
  0.431960434    
  0.496858746    
  0.563150108    
  0.630862117    
  0.700024009    
  0.770665765    
  0.842819095    
  0.916515827    
  0.991789997    
  -1.13610172    
  -1.13339484    
  -1.12690270    
  -1.11727405    
  -1.10489476    
  -1.09004724    
  -1.07295954    
  -1.05381560    
  -1.03276694    
  -1.00993800    
 -0.985431254    
 -0.959333897    
 -0.931718588    
 -0.902646244    
 -0.872169137    
 -0.840329468    
 -0.807165921    
 -0.772709310    
 -0.736985803    
 -0.700017333    
 -0.661822677    
 -0.622417569    
 -0.581814349    
 -0.540023208    
 -0.497051686    
 -0.452905029    
 -0.407587379    
 -0.361099392    
 -0.313441455    
 -0.264611781    
 -0.214606598    
 -0.163420677    
 -0.111047231    
  -5.74779995E-02
  -2.70310952E-03
   5.32888845E-02
  0.110510878    
  0.168977186    
  0.228703961    
  0.289708704    
  0.352010101    
  0.415628731    
  0.480586201    
  0.546906054    
  0.614613056    
  0.683733761    
  0.754296124    
  0.826328993    
  0.899862170    
  0.974927843    
  -1.14653003    
  -1.14413357    
  -1.13825524    
  -1.12937260    
  -1.11778617    
  -1.10373545    
  -1.08742499    
  -1.06902552    
  -1.04868197    
  -1.02651370    
  -1.00262141    
 -0.977091730    
 -0.949996769    
 -0.921398282    
 -0.891348600    
 -0.859892845    
 -0.827069938    
 -0.792912960    
 -0.757449925    
 -0.720705211    
 -0.682699859    
 -0.643451750    
 -0.602976620    
 -0.561286747    
 -0.518392861    
 -0.474303216    
 -0.429025263    
 -0.382562757    
 -0.334919423    
 -0.286097229    
 -0.236095697    
 -0.184913471    
 -0.132547379    
  -7.89929256E-02
  -2.42442042E-02
   3.17063630E-02
   8.88678208E-02
  0.147250623    
  0.206866995    
  0.267730415    
  0.329855889    
  0.393260449    
  0.457961828    
  0.523979962    
  0.591336489    
  0.660054624    
  0.730158925    
  0.801675439    
  0.874631047    
  0.949055791    
  -1.15710461    
  -1.15504861    
  -1.14983547    
  -1.14175832    
  -1.13102770    
  -1.11784029    
  -1.10237622    
  -1.08479297    
  -1.06522965    
  -1.04380119    
  -1.02060580    
 -0.995729685    
 -0.969244540    
 -0.941213369    
 -0.911689639    
 -0.880719066    
 -0.848343015    
 -0.814595997    
 -0.779507935    
 -0.743106186    
 -0.705413759    
 -0.666451454    
 -0.626237512    
 -0.584787548    
 -0.542115092    
 -0.498231977    
 -0.453148574    
 -0.406872451    
 -0.359410942    
 -0.310769707    
 -0.260952204    
 -0.209961250    
 -0.157797709    
 -0.104461372    
  -4.99505922E-02
   5.73777966E-03
   6.26084059E-02
  0.120667249    
  0.179921940    
  0.240381613    
  0.302056789    
  0.364959866    
  0.429104626    
  0.494506687    
  0.561183274    
  0.629153550    
  0.698438585    
  0.769060552    
  0.841043115    
  0.914412498    
  -1.16780460    
  -1.16612256    
  -1.16162956    
  -1.15442002    
  -1.14461052    
  -1.13235390    
  -1.11780691    
  -1.10111403    
  -1.08240724    
  -1.06179857    
  -1.03938401    
  -1.01524937    
 -0.989465237    
 -0.962096512    
 -0.933197498    
 -0.902815342    
 -0.870992780    
 -0.837767005    
 -0.803169549    
 -0.767230213    
 -0.729974806    
 -0.691426694    
 -0.651606798    
 -0.610534430    
 -0.568225563    
 -0.524696112    
 -0.479959458    
 -0.434027106    
 -0.386910409    
 -0.338618785    
 -0.289160073    
 -0.238541275    
 -0.186767802    
 -0.133844152    
  -7.97734261E-02
  -2.45572086E-02
   3.18041369E-02
   8.93115923E-02
  0.147967666    
  0.207776442    
  0.268743247    
  0.330875158    
  0.394181132    
  0.458671898    
  0.524359405    
  0.591258407    
  0.659384966    
  0.728757083    
  0.799394131    
  0.871318698    
  -1.17860723    
  -1.17733693    
  -1.17362380    
  -1.16734624    
  -1.15852499    
  -1.14726830    
  -1.13371027    
  -1.11798251    
  -1.10021019    
  -1.08050239    
  -1.05895376    
  -1.03564870    
  -1.01065850    
 -0.984048367    
 -0.955873728    
 -0.926183939    
 -0.895023286    
 -0.862430155    
 -0.828439057    
 -0.793081760    
 -0.756386936    
 -0.718380749    
 -0.679086745    
 -0.638527513    
 -0.596722603    
 -0.553690910    
 -0.509449601    
 -0.464014351    
 -0.417400151    
 -0.369620830    
 -0.320688576    
 -0.270614803    
 -0.219409823    
 -0.167083129    
 -0.113642894    
  -5.90959713E-02
  -3.44811613E-03
   5.32961339E-02
  0.111133590    
  0.170062497    
  0.230082542    
  0.291194737    
  0.353402287    
  0.416710138    
  0.481124341    
  0.546654403    
  0.613310397    
  0.681105077    
  0.750053108    
  0.820172131    
  -1.18948734    
  -1.18867195    
  -1.18580294    
  -1.18052435    
  -1.17276061    
  -1.16257441    
  -1.15007758    
  -1.13539076    
  -1.11863184    
  -1.09990752    
  -1.07931054    
  -1.05692470    
  -1.03282094    
  -1.00706685    
 -0.979717731    
 -0.950824261    
 -0.920433342    
 -0.888584912    
 -0.855315566    
 -0.820659697    
 -0.784648240    
 -0.747310400    
 -0.708672583    
 -0.668760061    
 -0.627596378    
 -0.585203409    
 -0.541601837    
 -0.496811479    
 -0.450851649    
 -0.403740078    
 -0.355493754    
 -0.306128740    
 -0.255660266    
 -0.204103068    
 -0.151470646    
  -9.77754444E-02
  -4.30290475E-02
   1.27579812E-02
   6.95762262E-02
  0.127417594    
  0.186275229    
  0.246143669    
  0.307019353    
  0.368900359    
  0.431786418    
  0.495679945    
  0.560585022    
  0.626508057    
  0.693457842    
  0.761445761    
  -1.20041716    
  -1.20010710    
  -1.19815028    
  -1.19394183    
  -1.18730581    
  -1.17826128    
  -1.16689956    
  -1.15332973    
  -1.13766432    
  -1.12000620    
  -1.10044682    
  -1.07907033    
  -1.05594754    
  -1.03114629    
  -1.00472355    
 -0.976731360    
 -0.947218359    
 -0.916226387    
 -0.883793652    
 -0.849957705    
 -0.814751208    
 -0.778206646    
 -0.740352750    
 -0.701217949    
 -0.660829544    
 -0.619211972    
 -0.576389849    
 -0.532387078    
 -0.487226486    
 -0.440930605    
 -0.393520951    
 -0.345018148    
 -0.295442849    
 -0.244814694    
 -0.193152860    
 -0.140475616    
  -8.68007764E-02
  -3.21451426E-02
   2.34751180E-02
   8.00449178E-02
  0.137550354    
  0.195978656    
  0.255318671    
  0.315560818    
  0.376697242    
  0.438722610    
  0.501633406    
  0.565428734    
  0.630110323    
  0.695682526    
  -1.21136630    
  -1.21161997    
  -1.21064997    
  -1.20758426    
  -1.20214796    
  -1.19431770    
  -1.18416548    
  -1.17178941    
  -1.15729749    
  -1.14078879    
  -1.12235391    
  -1.10207701    
  -1.08002889    
  -1.05627799    
  -1.03088295    
  -1.00389695    
 -0.975369513    
 -0.945345044    
 -0.913863361    
 -0.880964398    
 -0.846683085    
 -0.811054707    
 -0.774110317    
 -0.735881329    
 -0.696397901    
 -0.655687928    
 -0.613779843    
 -0.570700884    
 -0.526478052    
 -0.481137902    
 -0.434706211    
 -0.387208760    
 -0.338670731    
 -0.289117545    
 -0.238573685    
 -0.187063321    
 -0.134610683    
  -8.12392309E-02
  -2.69721299E-02
   2.81681791E-02
   8.41600001E-02
  0.140982583    
  0.198616371    
  0.257043183    
  0.316246510    
  0.376212031    
  0.436927229    
  0.498382509    
  0.560571074    
  0.623489618    
  -1.22230005    
  -1.22318757    
  -1.22328448    
  -1.22143757    
  -1.21727419    
  -1.21073163    
  -1.20186293    
  -1.19075847    
  -1.17751968    
  -1.16224360    
  -1.14502025    
  -1.12593317    
  -1.10505354    
  -1.08245075    
  -1.05818391    
  -1.03230822    
  -1.00487375    
 -0.975926936    
 -0.945509672    
 -0.913663626    
 -0.880425870    
 -0.845834374    
 -0.809922278    
 -0.772724032    
 -0.734272242    
 -0.694597960    
 -0.653732777    
 -0.611707449    
 -0.568553209    
 -0.524300098    
 -0.478978485    
 -0.432618231    
 -0.385249406    
 -0.336902827    
 -0.287608266    
 -0.237395793    
 -0.186296061    
 -0.134339124    
  -8.15553740E-02
  -2.79749539E-02
   2.63723154E-02
   8.14570487E-02
  0.137250528    
  0.193725079    
  0.250854135    
  0.308613062    
  0.366979182    
  0.425932199    
  0.485455215    
  0.545534968    
  -1.23317969    
  -1.23478532    
  -1.23603618    
  -1.23548687    
  -1.23267066    
  -1.22748983    
  -1.21998000    
  -1.21022344    
  -1.19831765    
  -1.18435705    
  -1.16843200    
  -1.15062475    
  -1.13100767    
  -1.10965002    
  -1.08661187    
  -1.06194925    
  -1.03571427    
  -1.00795448    
 -0.978713393    
 -0.948034763    
 -0.915957212    
 -0.882520735    
 -0.847761214    
 -0.811715007    
 -0.774417102    
 -0.735902071    
 -0.696203649    
 -0.655356169    
 -0.613393962    
 -0.570351005    
 -0.526261568    
 -0.481159568    
 -0.435079515    
 -0.388057083    
 -0.340127319    
 -0.291325718    
 -0.241689041    
 -0.191254169    
 -0.140058324    
  -8.81394967E-02
  -3.55358161E-02
   1.77143384E-02
   7.15725198E-02
  0.126000568    
  0.180960879    
  0.236416966    
  0.292333782    
  0.348678708    
  0.405421942    
  0.462537795    
  -1.24396169    
  -1.24638939    
  -1.24888825    
  -1.24971700    
  -1.24832344    
  -1.24457765    
  -1.23850131    
  -1.23016930    
  -1.21967578    
  -1.20711410    
  -1.19257331    
  -1.17613566    
  -1.15787435    
  -1.13785779    
  -1.11614728    
  -1.09280050    
  -1.06787074    
  -1.04140604    
  -1.01345181    
 -0.984052837    
 -0.953249753    
 -0.921084523    
 -0.887594759    
 -0.852818727    
 -0.816793561    
 -0.779556036    
 -0.741142929    
 -0.701590955    
 -0.660938084    
 -0.619220793    
 -0.576476812    
 -0.532743573    
 -0.488059819    
 -0.442465633    
 -0.396000743    
 -0.348705620    
 -0.300622553    
 -0.251794666    
 -0.202265844    
 -0.152081445    
 -0.101287819    
  -4.99323644E-02
   1.93652709E-03
   5.42696156E-02
  0.107017197    
  0.160129443    
  0.213557094    
  0.267252147    
  0.321169227    
  0.375266761    
  -1.25459588    
  -1.25797415    
  -1.26182234    
  -1.26411283    
  -1.26421702    
  -1.26197982    
  -1.25741076    
  -1.25057971    
  -1.24157751    
  -1.23049700    
  -1.21742606    
  -1.20244658    
  -1.18563306    
  -1.16705287    
  -1.14676940    
  -1.12483990    
  -1.10131943    
  -1.07625639    
  -1.04969764    
  -1.02168930    
 -0.992273152    
 -0.961492181    
 -0.929386437    
 -0.895995498    
 -0.861358047    
 -0.825512826    
 -0.788498938    
 -0.750355065    
 -0.711121678    
 -0.670837820    
 -0.629543841    
 -0.587280989    
 -0.544090390    
 -0.500016153    
 -0.455101997    
 -0.409392715    
 -0.362935245    
 -0.315778136    
 -0.267971247    
 -0.219566464    
 -0.170617566    
 -0.121180639    
  -7.13135526E-02
  -2.10765507E-02
   2.94680018E-02
   8.02558884E-02
  0.131221503    
  0.182298586    
  0.233421549    
  0.284527630    
  -1.26502442    
  -1.26951516    
  -1.27482200    
  -1.27865887    
  -1.28033614    
  -1.27968001    
  -1.27669191    
  -1.27143741    
  -1.26400459    
  -1.25448644    
  -1.24296963    
  -1.22953606    
  -1.21426129    
  -1.19721246    
  -1.17845309    
  -1.15804136    
  -1.13603294    
  -1.11247647    
  -1.08742046    
  -1.06091130    
  -1.03299224    
  -1.00370681    
 -0.973096490    
 -0.941202641    
 -0.908064485    
 -0.873722315    
 -0.838216901    
 -0.801588476    
 -0.763879478    
 -0.725130558    
 -0.685384393    
 -0.644684553    
 -0.603074670    
 -0.560601413    
 -0.517311454    
 -0.473253250    
 -0.428477257    
 -0.383036256    
 -0.336984575    
 -0.290379494    
 -0.243281096    
 -0.195752397    
 -0.147859722    
  -9.96731669E-02
  -5.12669832E-02
  -2.71968963E-03
   4.58856076E-02
   9.44614187E-02
  0.142916620    
  0.191158488    
  -1.27517915    
  -1.28098881    
  -1.28787100    
  -1.29333925    
  -1.29666495    
  -1.29766142    
  -1.29632688    
  -1.29272282    
  -1.28693664    
  -1.27906060    
  -1.26918137    
  -1.25738096    
  -1.24373448    
  -1.22831023    
  -1.21117043    
  -1.19237518    
  -1.17197943    
  -1.15003347    
  -1.12658548    
  -1.10168278    
  -1.07536876    
  -1.04768813    
  -1.01868236    
 -0.988394320    
 -0.956863880    
 -0.924132228    
 -0.890240848    
 -0.855231285    
 -0.819146574    
 -0.782028854    
 -0.743922412    
 -0.704871535    
 -0.664921999    
 -0.624122202    
 -0.582520306    
 -0.540167332    
 -0.497115582    
 -0.453420818    
 -0.409140110    
 -0.364334434    
 -0.319067925    
 -0.273408353    
 -0.227427989    
 -0.181204021    
 -0.134819716    
  -8.83651897E-02
  -4.19389158E-02
   4.35058353E-03
   5.03828265E-02
   9.60231870E-02
  -1.28498018    
  -1.29237509    
  -1.30095410    
  -1.30813873    
  -1.31318688    
  -1.31590712    
  -1.31629646    
  -1.31441593    
  -1.31035149    
  -1.30419636    
  -1.29603660    
  -1.28595424    
  -1.27402449    
  -1.26031590    
  -1.24489069    
  -1.22780895    
  -1.20912552    
  -1.18889153    
  -1.16715479    
  -1.14396369    
  -1.11936140    
  -1.09339178    
  -1.06609797    
  -1.03752255    
  -1.00770581    
 -0.976688981    
 -0.944513857    
 -0.911223114    
 -0.876859307    
 -0.841465294    
 -0.805085421    
 -0.767764986    
 -0.729550481    
 -0.690490186    
 -0.650633216    
 -0.610031366    
 -0.568737924    
 -0.526808977    
 -0.484303325    
 -0.441282630    
 -0.397812515    
 -0.353962749    
 -0.309807658    
 -0.265427053    
 -0.220907718    
 -0.176344350    
 -0.131842360    
  -8.75208899E-02
  -4.35180441E-02
  -1.19248806E-08
