   1.3152670457915832     
   1.2489593167204425     
   1.2007323140389687     
   1.1620244807736895     
   1.1284328888688122     
   1.0974229351968352     
   1.0674897146765330     
   1.0396043722577495     
   1.0141541010555744     
   1.0050369409679327     
  0.99046856489131951     
  0.97066255480712327     
  0.94715097349144095     
  0.92054714602478438     
  0.89107237299915276     
  0.85911101883025798     
  0.82541958636558732     
  0.79092393304861541     
  0.75639170293543923     
  0.72263823510030845     
  0.69005108263531223     
  0.65864699507916558     
  0.62836091373520997     
  0.59914749173587545     
  0.57097978221603163     
  0.54383537587535569     
  0.51768825597789692     
  0.49250541110492668     
  0.46827660477886585     
  0.44496800082976135     
  0.42254758156718619     
  0.40098360648348086     
  0.38024450212052563     
  0.36029925452338596     
  0.34111775697372826     
  0.32267091891057598     
  0.30493058912988225     
  0.28786995798494941     
  0.27146300239815668     
  0.25568471610826704     
  0.24051104038335380     
  0.22591882690333531     
  0.21188580574690097     
  0.20007460663256804     
  0.18898339895382543     
  0.17831723294242341     
  0.16805982017784649     
  0.15819549641830966     
  0.14872093999331182     
  0.13977625394675353     
  0.13117435019906032     
  0.12290209250851936     
  0.11494684803954525     
  0.10729646807409021     
   9.9939269457468338E-002
   9.2864016763352764E-002
   8.6059905132660486E-002
   7.9516543774511783E-002
   7.3223940098368523E-002
   6.7172484454155912E-002
   6.1352935457090974E-002
   5.5756405874864745E-002
   5.0374349055686496E-002
   4.5198545876415919E-002
   4.0221092190883878E-002
   3.5434386759200853E-002
   3.0831119639656235E-002
   2.6404261025466669E-002
   2.2147050509306210E-002
   1.9106947714124467E-002
   2.3714667183702520E-002
   2.8145807522936384E-002
   3.2407135677916310E-002
   3.6505159268735765E-002
   4.0446136527500398E-002
   4.4236085855485774E-002
   4.7880795014045741E-002
   5.1385829963299212E-002
   5.4756543362098453E-002
   5.7998082742260482E-002
   6.1115398369535057E-002
   6.4113250803325861E-002
   6.6996218166704646E-002
   6.9768703137821464E-002
   7.2434939673381771E-002
   7.4998999474466976E-002
   7.7464798204572527E-002
   7.9836101469345944E-002
   8.2116530567175494E-002
   8.4309568019400039E-002
   8.6418562888583073E-002
   8.8446735892983130E-002
   9.0397184325022972E-002
   9.2272886781269547E-002
   9.4105132584692330E-002
   9.5874077501204025E-002
   9.7575232102557030E-002
   9.9211194280175330E-002
  0.10078446236790251     
  0.10229743895729004     
  0.10375243456667771     
  0.10515167116966995     
  0.10649728558837912     
  0.10779133275664721     
  0.10903578885820153     
  0.11023255434455514     
  0.11138345683724815     
  0.11249025391887446     
  0.11355463581714387     
  0.11457822798609019     
  0.11556259358835275     
  0.11650923588233819     
  0.11741960051790057     
  0.11829507774403780     
  0.11913700453198828     
  0.11994666661697362     
  0.12072530046167673     
  0.12147409514449781     
  0.12219419417542710     
  0.12288669724234647     
  0.12355266189039449     
  0.12419310513698212     
  0.12480900502491366     
  0.12540130211599265     
  0.12597090092738028     
  0.12651867131292016     
  0.12704544979152044     
  0.12755204082462634     
  0.12803921804474727     
  0.12850772543689326     
  0.12895827847473840     
  0.12939156521325124     
  0.12980824733944141     
  0.13020896118284797     
  0.13059431868729809     
  0.13096490834542862     
  0.13132129609739163     
  0.13166402619512219     
  0.13199362203348819     
  0.13231058694957232     
  0.13261540499135005     
  0.13290854165688859     
  0.13319044460522222     
  0.13346154433999391     
  0.13372225486688871     
  0.13397297432587718     
  0.13421408559922943     
  0.13444595689622163     
  0.13466894231545046     
  0.13488338238558073     
  0.13508960458538677     
  0.13528792384384658     
  0.13547864302109136     
  0.13566205337090309     
  0.13583843498550652     
  0.13600805722330234     
  0.13617117912021481     
  0.13632804978527913     
  0.13647890878105795     
  0.13662398648948659     
  0.13676350446370023     
  0.13689767576637302     
  0.13702670529509320     
  0.13715079009527364     
  0.13727011966105829     
  0.13738487622471085     
  0.13749523503490979     
  0.13760136462437178     
  0.13770342706722583     
  0.13780157822652217     
  0.13789596799225501     
  0.13798674051026827     
  0.13807403440237931     
  0.13815798297808113     
  0.13823871443811642     
  0.13831635207026183     
  0.13839101443760249     
  0.13846281555959494     
  0.13853186508619231     
  0.13859826846528767     
  0.13866212710375636     
  0.13872353852231079     
  0.13878259650443014     
  0.13883939123957967     
  0.13889400946094488     
  0.13894653457788120     
  0.13899704680329206     
  0.13904562327612646     
  0.13909233817917988     
  0.13913726285237782     
  0.13918046590172761     
  0.13922201330408324     
  0.13926196850790828     
  0.13930039253015980     
  0.13933734404947840     
  0.13937287949579436     
  0.13940705313650359     
  0.13943991715934223     
  0.13947152175208533     
  0.13950191517918842     
  0.13953114385549392     
  0.13955925241711353     
  0.13958628378959481     
  0.13961227925347186     
  0.13963727850730800     
  0.13966131972831730     
  0.13968443963067390     
  0.13970667352157162     
  0.13972805535514510     
  0.13974861778432446     
  0.13976839221069992     
  0.13978740883247409     
  0.13980569669058285     
  0.13982328371304009     
  0.13984019675758674     
  0.13985646165271437     
  0.13987210323710164     
  0.13988714539754665     
  0.13990161110544663     
  0.13991552245188366     
  0.13992890068134545     
  0.13994176622418608     
  0.13995413872781748     
  0.13996603708671207     
  0.13997747947126282     
  0.13998848335552661     
  0.13999906554390951     
  0.14000924219683542     
  0.14001902885541939     
