   1.3152670457915832     
   1.3107649746168446     
   1.3008627383546938     
   1.2898558975124632     
   1.2772357617345611     
   1.2643105601429481     
   1.2507840737136535     
   1.2430388781996047     
   1.2352122708689000     
   1.2273662893674306     
   1.2194472169372867     
   1.2115760772574551     
   1.2037089225911433     
   1.1959273736751626     
   1.1881948233298587     
   1.1805674247757383     
   1.1730145163112089     
   1.1655751660421436     
   1.1582237207752002     
   1.1509874776853530     
   1.1438450677055509     
   1.1368155022255737     
   1.1298810859449504     
   1.1230548885799256     
   1.1163223569733571     
   1.1096922298991629     
   1.1031526318267297     
   1.0967090991099178     
   1.0903520314591055     
   1.0840845679113558     
   1.0778990387333764     
   1.0717967697188280     
   1.0657717293470559     
   1.0598238604024657     
   1.0539485234526649     
   1.0481445995192553     
   1.0424086350145911     
   1.0367386919153829     
   1.0311323300343773     
   1.0255869775405402     
   1.0201010634736547     
   1.0146715247496609     
   1.0092975388959440     
   1.0039756620293356     
  0.99870571873964642     
  0.99348397038684388     
  0.98831080307012464     
  0.98318225069468324     
  0.97809918835060361     
  0.97305747529089537     
  0.96805841379476254     
  0.96309772997553267     
  0.95817710033447656     
  0.95329215052244853     
  0.94844488560741258     
  0.94363085651435918     
  0.93885235730330951     
  0.93410488444297424     
  0.92939098649621199     
  0.92470612143129804     
  0.92005306210378346     
  0.91542724053079982     
  0.91083162727421896     
  0.90626163825919270     
  0.90172041825651750     
  0.89720337483584589     
  0.89271380612979345     
  0.88824711741666273     
  0.88380674163213557     
  0.87938808651282052     
  0.87499470322653550     
  0.87062200568779624     
  0.86627364846221644     
  0.86194505455776427     
  0.85763996862860137     
  0.85335382506700119     
  0.84909044665220512     
  0.84484528096902967     
  0.84062221815101190     
  0.83641672041336423     
  0.83223273553422028     
  0.82806574151499079     
  0.82391973501592575     
  0.81979021076759639     
  0.81568120639798269     
  0.81158823415084846     
  0.80751536546883451     
  0.80345813077569161     
  0.79942062886060450     
  0.79539840890883107     
  0.79139559120541758     
  0.78740774421760873     
  0.78343900443312353     
  0.77948496007874812     
  0.77554975905576684     
  0.77162900979843907     
  0.76772686728883865     
  0.76383896059653944     
  0.75996944786515686     
  0.75611397921393519     
  0.75227671240384264     
  0.74845331900902068     
  0.74464795320401977     
  0.74085630841661665     
  0.73708253234034193     
  0.73332234065021673     
  0.72957987194508289     
  0.72585086453610514     
  0.72213944556915710     
  0.71844137637548222     
  0.71476077052196418     
  0.71109341273818050     
  0.70744340109729031     
  0.70380654409876997     
  0.70018692259958148     
  0.69658036923279110     
  0.69299094609168421     
  0.68941451029747414     
  0.68585510379159520     
  0.68230860852756992     
  0.67877904505185716     
  0.67526232048283830     
  0.67176243286096193     
  0.66827531478927571     
  0.66480494081148500     
  0.66134726932134702     
  0.65790625048466933     
  0.65447786877729841     
  0.65106604920581024     
  0.64766680260409226     
  0.64428402812909202     
  0.64091376323262839     
  0.63755988061447411     
  0.63421844458771182     
  0.63089330086287698     
  0.62758054084071968     
  0.62428398277925246     
  0.62099974537611724     
  0.61773161903618212     
  0.61447574994589338     
  0.61123590031344754     
  0.60800824398866116     
  0.60479651469155127     
  0.60159691409258931     
  0.59841314717949656     
  0.59524144358354836     
  0.59208547935922617     
  0.58894151222184721     
  0.58581318913103408     
  0.58269679599276047     
  0.57959595054598656     
  0.57650696697768000     
  0.57343343371294797     
  0.57037169329420645     
  0.56732530476921039     
  0.56429063909483168     
  0.56127122590499734     
  0.55826346461506404     
  0.55527085543324439     
  0.55228982626292533     
  0.54932384789708522     
  0.54636937674271913     
  0.54342985420838652     
  0.54050176520683624     
  0.53758852181150196     
  0.53468663743013778     
  0.53179949486713174     
  0.52892363600215320     
  0.52606241445185564     
  0.52321240053294304     
  0.52037691876946446     
  0.51755256786903514     
  0.51474264337075093     
  0.51194377231632249     
  0.50915922137887948     
  0.50638564586725565     
  0.50362628371785423     
  0.50087781843003798     
  0.49814345934198323     
  0.49541991805788332     
  0.49271037546453900     
  0.49001157117668492     
  0.48732665778411510     
  0.48465240280971955     
  0.48199193070741253     
  0.47934203679823850     
  0.47670581756741814     
  0.47408009601700141     
  0.47146794083612387     
  0.46886620258399392     
  0.46627792233110377     
  0.46369997806371399     
  0.46113538341541294     
  0.45858104366356423     
  0.45603994519039692     
  0.45350902042298991     
  0.45099122868111152     
  0.44848352939511571     
  0.44598885501414831     
  0.44350419182071432     
  0.44103244558773746     
  0.43857062929442114     
  0.43612162223407802     
  0.43368246392316701     
  0.43125600737389536     
  0.42883931847686385     
  0.42643522416328028     
  0.42404081653141368     
  0.42165889663290812     
  0.41928658260415752     
  0.41692664981976357     
  0.41457624228190948     
  0.41223810989153431     
  0.40990942234174521     
  0.40759290426385020     
  0.40528575086473695     
  0.40299066171057418     
  0.40070485734284333     
  0.39843101246735224     
  0.39616637277917188     
  0.39391358832865331     
  0.39166992978184434     
  0.38943802273852590     
  0.38721516265170086     
  0.38500395087531181     
  0.38280170746407882     
  0.38061100973055806     
  0.37842920214490794     
  0.37625883818236161     
  0.37409728654136287     
  0.37194707706339158     
  0.36980560248730909     
  0.36767536922382416     
  0.36555379386378040     
  0.36344335958942375     
  0.36134150665471643     
  0.35925069521499875     
  0.35716838899818959     
  0.35509702533345666     
  0.35303409123334017     
  0.35098200140067770     
  0.34893826594323563     
  0.34690527713641583     
  0.34488056799386335     
  0.34286650856143563     
  0.34086065456945758     
  0.33886535403108087     
  0.33687818520435442     
  0.33490147426546635     
  0.33293282181156503     
  0.33097453237647934     
  0.32902422870824466     
  0.32708419389176302     
  0.32515207263823187     
  0.32323012677585361     
  0.32131602279182458     
  0.31941200144863702     
  0.31751575082294858     
  0.31562949080127078     
  0.31375093086387329     
  0.31188227020973081     
  0.31002123953761895     
  0.30817001754611439     
  0.30632635596819091     
  0.30449241318784115     
  0.30266596178877470     
  0.30084914002487517     
  0.29903974114801646     
  0.29723988346509389     
  0.29544738071450649     
  0.29366433143791670     
  0.29188856967957999     
  0.29012217439630483     
  0.28836299975854041     
  0.28661310531723649     
  0.28487036519040965     
  0.28313681970075488     
  0.28141036273629805     
  0.27969301556768467     
  0.27798269167648604     
  0.27628139345610325     
  0.27458705380630710     
  0.27290165641665354     
  0.27122315343090664     
  0.26955351000677230     
  0.26789069735896232     
  0.26623666228391674     
  0.26458939489542810     
  0.26295082379785084     
  0.26131895783338344     
  0.25969570758206606     
  0.25807910044503846     
  0.25647102914439435     
  0.25486953947196911     
  0.25327650645687494     
  0.25168999411462933     
  0.25011185994492946     
  0.24854018602120198     
  0.24697681247589909     
  0.24541983927583533     
  0.24387108934699486     
  0.24232868038631428     
  0.24079441827270243     
  0.23926643827121286     
  0.23774652937169094     
  0.23623284424656932     
  0.23472715515326437     
  0.23322763201212227     
  0.23173603050339553     
  0.23025053763714864     
  0.22877289267037582     
  0.22730129954593847     
  0.22583748125012026     
  0.22437965850293540     
  0.22292953817115579     
  0.22148535759757948     
  0.22004880767932500     
  0.21861814222887821     
  0.21719503632223036     
  0.21577776008973415     
  0.21436797293345267     
  0.21296396115105454     
  0.21156736861655867     
  0.21017649764566793     
  0.20879297672893071     
  0.20741512405206786     
  0.20604455286543266     
  0.20467959707800887     
  0.20332185484193799     
  0.20196967564396950     
  0.20062464267873481     
  0.19928512086650541     
  0.19795267858382970     
  0.19662569604150559     
  0.19530572693616310     
  0.19399116662737259     
  0.19268355426875550     
  0.19138130022813860     
  0.19008592925179668     
  0.18879586657652947     
  0.18751262267569158     
  0.18623463751699654     
  0.18496340743407758     
  0.18369738698872129     
  0.18243805850682215     
  0.18118389100860988     
  0.17993635294301402     
  0.17869392765428271     
  0.17745806984395762     
  0.17622727704707608     
  0.17500299034617894     
  0.17378372133505660     
  0.17257089760445532     
  0.17136304467606367     
  0.17016157677487209     
  0.16896503322078660     
  0.16777481499791902     
  0.16658947509587985     
  0.16541040138162955     
  0.16423616038712852     
  0.16306812698477202     
  0.16190488112266732     
  0.16074778480009910     
  0.15959543125625975     
  0.15844916973765688     
  0.15730760665064136     
  0.15617207860816484     
  0.15504120506093688     
  0.15391631010646956     
  0.15279602611814846     
  0.15168166479507206     
  0.15057187131272687     
  0.14946794508773853     
  0.14836854397822208     
  0.14727495523319711     
  0.14618584927502565     
  0.14510250129892133     
  0.14402359417419741     
  0.14295039115500696     
  0.14188158744139145     
  0.14081843445814135     
  0.13975963962087246     
  0.13870644263567233     
  0.13765756301963372     
  0.13661422886977470     
  0.13557517169161515     
  0.13454160808171833     
  0.13351228142202332     
  0.13248839691624181     
  0.13146870971175617     
  0.13045441372602928     
  0.12944427576193451     
  0.12843947855629545     
  0.12743880045853917     
  0.12644341312947782     
  0.12545210635716053     
  0.12446604083004087     
  0.12348401766785488     
  0.12250718668938543     
  0.12153436024011266     
  0.12056667737087712     
  0.11960296154793926     
  0.11864434115498068     
  0.11768965067504911     
  0.11674000792451023     
  0.11579425830017076     
  0.11485350914999226     
  0.11391661668246811     
  0.11298467787514421     
  0.11205655964707439     
  0.11113334870246416     
  0.11021392257074125     
  0.10929935777893918     
  0.10838854236760276     
  0.10748254278186509     
  0.10658025747505362     
  0.10568274290478330     
  0.10478890783974371     
  0.10389979884353218     
  0.10301433490368628     
  0.10213355278241254     
  0.10125638159048034     
  0.10038384838046865     
   9.9514892291651114E-002
   9.8650530757884436E-002
   9.7789712853101785E-002
   9.6933446482493135E-002
   9.6080690561680449E-002
   9.5232443556401813E-002
   9.4387674131862775E-002
   9.3547371402729285E-002
   9.2710513692544794E-002
   9.1878080852458188E-002
   9.1049060773953805E-002
   9.0224424131399417E-002
   8.9403168294667656E-002
   8.8586254847270673E-002
   8.7772690548750365E-002
   8.6963427976884944E-002
   8.6157483192995654E-002
   8.5355799853452874E-002
   8.4557403234285289E-002
   8.3763228153994840E-002
   8.2972309017058654E-002
   8.2185571886865372E-002
   8.1402060210888250E-002
   8.0622691379385270E-002
   7.9846517798170202E-002
   7.9074448265585628E-002
   7.8305544061919807E-002
   7.7540705474057559E-002
   7.6779002573679422E-002
   7.6021327215914702E-002
   7.5266758181530502E-002
   7.4516178972858782E-002
   7.3768676998214877E-002
   7.3025127485353059E-002
   7.2284626389361950E-002
   7.1548040740904151E-002
   7.0814474961822027E-002
   7.0084787962447770E-002
   6.9358092552104011E-002
   6.8635239596837927E-002
   6.7915350214918568E-002
   6.7199267303441612E-002
   6.6486120211823652E-002
   6.5776743942836502E-002
   6.5070275999973726E-002
   6.4367543565611474E-002
   6.3667692220970906E-002
   6.2971541401268150E-002
   6.2278244689816686E-002
   6.1588613847224360E-002
   6.0901810383966470E-002
   6.0218638457915974E-002
   5.9538267432480918E-002
   5.8861493933999531E-002
   5.8187495105278764E-002
   5.7517060111655693E-002
   5.6849373802488001E-002
   5.6185217951985278E-002
   5.5523785043891438E-002
   5.4865849530507660E-002
   5.4210611458473723E-002
   5.3558838026753541E-002
   5.2909736774060745E-002
   5.2264067713950757E-002
   5.1621045807054733E-002
   5.0981423948811333E-002
   5.0344424452265946E-002
   4.9710793161404698E-002
   4.9079759672835843E-002
   4.8452062845131039E-002
   4.7826939490253517E-002
   4.7205121546782136E-002
   4.6585852974465158E-002
   4.5969858856697243E-002
   4.5356390234074340E-002
   4.4746165399007332E-002
   4.4138442406631118E-002
   4.3533932821973043E-002
   4.2931901649014836E-002
   4.2333053788406794E-002
   4.1736661127901753E-002
   4.1143421966188365E-002
   4.0552615010324145E-002
   3.9964932018865973E-002
   3.9379658454313349E-002
   3.8797479596344386E-002
   3.8217687599635397E-002
   3.7640961325661193E-002
   3.7066599558604141E-002
   3.6495274801846556E-002
   3.5926292406988747E-002
   3.5360318578868233E-002
   3.4796665174998243E-002
   3.4235992160661199E-002
   3.3677617838354434E-002
   3.3122195992241643E-002
   3.2569051309445207E-002
   3.2018831450901342E-002
   3.1470867428561755E-002
   3.0925800837483752E-002
   3.0382968955216194E-002
   2.9843007367745811E-002
   2.9305259559539998E-002
   2.8770355163793893E-002
   2.8237643813762814E-002
   2.7761801752767212E-002
   2.8289726622828804E-002
   2.8815487061938705E-002
   2.9338467472551866E-002
   2.9859303723632769E-002
   3.0377385983221705E-002
   3.0893344164859560E-002
   3.1406574148172939E-002
   3.1917699947055067E-002
   3.2426123099226434E-002
   3.2932461774184518E-002
   3.3436123114751304E-002
   3.3937719500765962E-002
   3.4436663627655628E-002
   3.4933562139823460E-002
   3.5427833233298345E-002
   3.5920077870762790E-002
   3.6409719697330201E-002
   3.6897354047175646E-002
   3.7382409963461760E-002
   3.7865477204570119E-002
   3.8345990161156362E-002
   3.8824533068028577E-002
   3.9300545613252580E-002
   3.9774606559795367E-002
   4.0246160843517620E-002
   4.0715781806792362E-002
   4.1182919584126121E-002
   4.1648142148065226E-002
   4.2110904783072778E-002
   4.2571770142159959E-002
   4.3030198611512693E-002
   4.3486747574429163E-002
   4.3940882471036335E-002
   4.4393155464273026E-002
   4.4843037000873220E-002
   4.5291074072308923E-002
   4.5736742085030646E-002
   4.6180582907477730E-002
   4.6622076859365036E-002
   4.7061760734080527E-002
   4.7499119718586669E-002
   4.7934685578751246E-002
   4.8367948323199683E-002
   4.8799434737364478E-002
   4.9228639606375912E-002
   4.9656084781877663E-002
   5.0081269780767212E-002
   5.0504711567108229E-002
   5.0925914345249956E-002
   5.1345390237451216E-002
   5.1762648091610464E-002
   5.2178195233529512E-002
   5.2591545111165705E-002
   5.3003200298785580E-002
   5.3412678801322055E-002
   5.3820478486008572E-002
   5.4226121872073652E-002
   5.4630102163802818E-002
   5.5031946352440131E-002
   5.5432143022994596E-002
   5.5830223596842088E-002
   5.6226672082978157E-002
   5.6621024291418687E-002
   5.7013759698004707E-002
   5.7404418460287321E-002
   5.7793475563409857E-002
   5.8180475471741322E-002
   5.8565888721785475E-002
   5.8949264044392158E-002
   5.9331067569091567E-002
   5.9710852253254010E-002
   6.0089079860710992E-002
   6.0465307535769619E-002
   6.0839992717450109E-002
   6.1212696697783064E-002
   6.1583872631481351E-002
   6.1953085919452255E-002
   6.2320785472228524E-002
   6.2686540761110354E-002
   6.3050796492200356E-002
   6.3413126169069245E-002
   6.3773970332767660E-002
   6.4132906481371266E-002
   6.4490371029886639E-002
   6.4845945433483210E-002
   6.5200062019768690E-002
   6.5552306163942808E-002
   6.5903106144496237E-002
   6.6252051219946151E-002
   6.6599565657588733E-002
   6.6945242562887253E-002
   6.7289502229512688E-002
   6.7631941573843890E-002
   6.7972976953143083E-002
   6.8312209059012585E-002
   6.8650050349172820E-002
   6.8986105255092078E-002
   6.9320782371470879E-002
   6.9653689834617061E-002
   6.9985232412391851E-002
   7.0315021911242392E-002
   7.0643459308032619E-002
   7.0970160044976027E-002
   7.1295521343444412E-002
   7.1619162247365309E-002
   7.1941476257792014E-002
   7.2262085986632640E-002
   7.2581381249465893E-002
   7.2898988192764524E-002
   7.3215292981149704E-002
   7.3529925262552420E-002
   7.3843267584832950E-002
   7.4154953064586526E-002
   7.4465360666784775E-002
   7.4774126944201824E-002
   7.5081627312476251E-002
   7.5387501728378825E-002
   7.5692122091458036E-002
   7.5995131730599019E-002
   7.6296899062192280E-002
   7.6597070755654140E-002
   7.6896011776839024E-002
   7.7193372104409019E-002
   7.7489513285999512E-002
   7.7784088578522481E-002
   7.8077456143410218E-002
   7.8369272485121821E-002
   7.8659892410600007E-002
   7.8948975641435992E-002
   7.9236873661498675E-002
   7.9523249379380601E-002
   7.9808450987002399E-002
   8.0092144550107158E-002
   8.0374674999499462E-002
   8.0655711528503038E-002
   8.0935595837349772E-002
   8.1214000217652349E-002
   8.1491263169326866E-002
   8.1767060053255958E-002
   8.2041726199013953E-002
   8.2314940008007542E-002
   8.2587033669162202E-002
   8.2857688595930790E-002
   8.3127233866005068E-002
   8.3395353876674627E-002
   8.3662374623535540E-002
   8.3927983459768929E-002
   8.4192503327741419E-002
   8.4455624508840477E-002
   8.4717666920800183E-002
   8.4978323745788731E-002
   8.5237911905236330E-002
   8.5496127454923632E-002
   8.5753284348039194E-002
   8.6009081487062766E-002
   8.6263829884741905E-002
   8.6517231263593009E-002
   8.6769593723462157E-002
   8.7020621780490415E-002
   8.7270620648905006E-002
   8.7519297612306812E-002
   8.7766955026329252E-002
   8.8013302916114644E-002
   8.8258640805475408E-002
   8.8502681435418284E-002
   8.8745721524457699E-002
   8.8987476504027385E-002
   8.9228240313617868E-002
   8.9467731049892918E-002
   8.9706239899346563E-002
   8.9943487598909910E-002
   9.0179762607864533E-002
   9.0414788278681102E-002
   9.0648850368972300E-002
   9.0881674822249958E-002
   9.1113544719761630E-002
   9.1344188571793716E-002
   9.1573886808293925E-002
   9.1802370482284235E-002
   9.2029917397244421E-002
   9.2256261125115979E-002
   9.2481676867510187E-002
   9.2705900691697596E-002
   9.2929205221788158E-002
   9.3151328997010618E-002
   9.3372542088115185E-002
   9.3592585483135315E-002
   9.3811726723377231E-002
   9.4029709222743452E-002
   9.4246798016786593E-002
   9.4462738922557965E-002
   9.4677794493324918E-002
   9.4891712926780003E-002
   9.5104754317153595E-002
   9.5316669220484207E-002
   9.5527715294995486E-002
   9.5737645432982910E-002
   9.5946714879479811E-002
   9.6154678841157915E-002
   9.6361790172460604E-002
   9.6567806372760523E-002
   9.6772977928301418E-002
   9.6977064609682695E-002
   9.7180314557129166E-002
   9.7382489791194904E-002
   9.7583836128058876E-002
   9.7784117817156901E-002
   9.7983578372387581E-002
   9.8181984251194288E-002
   9.8379576686758008E-002
   9.8576124323849323E-002
   9.8771866136293407E-002
   9.8966572935700436E-002
   9.9160481457701288E-002
   9.9353364660452193E-002
   9.9545457062350517E-002
   9.9736533747995959E-002
   9.9926827039318433E-002
  0.10011611412744392     
  0.10030462515840866     
  0.10049213941013357     
  0.10067888487314114     
  0.10086464289260311     
  0.10104963932371536     
  0.10123365755953972     
  0.10141692133994462     
  0.10159921608670153     
  0.10178076344416198     
  0.10196135084380875     
  0.10214119785410214     
  0.10232009389741237     
  0.10249825648575206     
  0.10267547701373247     
  0.10285197095617848     
  0.10302753166147094     
  0.10320237258632725     
  0.10337628901459894     
  0.10354949240379685     
  0.10372177995511589     
  0.10389336114558534     
  0.10406403507578543     
  0.10423400926081239     
  0.10440308468284287     
  0.10457146691341535     
  0.10473895879867989     
  0.10490576398482088     
  0.10507168716450310     
  0.10523693007658974     
  0.10540129924296682     
  0.10556499451303958     
  0.10572782422078253     
  0.10588998634383973     
  0.10605129101130306     
  0.10621193434658494     
  0.10637172825708208     
  0.10653086702934289     
  0.10668916433241205     
  0.10684681263317841     
  0.10700362734583602     
  0.10715979913465501     
  0.10731514514263540     
  0.10746985424831179     
  0.10762374530729735     
  0.10777700542911661     
  0.10792945516595587     
  0.10808127987489857     
  0.10823230178881305     
  0.10838270452875476     
  0.10853231199253466     
  0.10868130608143878     
  0.10882951234262583     
  0.10897711097372065     
  0.10912392915578317     
  0.10927014539873114     
  0.10941558850222355     
  0.10956043530427884     
  0.10970451620799471     
  0.10984800639514913     
  0.10999073785726099     
  0.11013288413538025     
  0.11027427879456952     
  0.11041509375051761     
  0.11055516412709354     
  0.11069466022984786     
  0.11083341872685637     
  0.11097160832861153     
  0.11110906723293323     
  0.11124596257019415     
  0.11138213405363173     
  0.11151774724830010     
  0.11165264336865788     
  0.11178698642910112     
  0.11192061913125173     
  0.11205370395336944     
  0.11218608507031058     
  0.11231792343858704     
  0.11244906469249150     
  0.11257966828103882     
  0.11270958128429009     
  0.11283896165788321     
  0.11296765791410512     
  0.11309582652920358     
  0.11322331743427883     
  0.11335028564004335     
  0.11347658248312265     
  0.11360236152241920     
  0.11372747548691986     
  0.11385207649731577     
  0.11397601866191287     
  0.11409945267666177     
  0.11422223401626985     
  0.11434451196529005     
  0.11446614335203320     
  0.11458727606287467     
  0.11470776826705131     
  0.11482776646585446     
  0.11494713015688907     
  0.11506600446933513     
  0.11518425021672363     
  0.11530201116897565     
  0.11541914944322207     
  0.11553580746285552     
  0.11565184863639855     
  0.11576741405332591     
  0.11588236840145771     
  0.11599685144884353     
  0.11611072915061837     
  0.11622413996578451     
  0.11633695110492204     
  0.11644929973024543     
  0.11656105429602193     
  0.11667235067982451     
  0.11678305856795890     
  0.11689331256538693     
  0.11700298357891536     
  0.11711220495281471     
  0.11722084880295924     
  0.11732904722473736     
  0.11743667353176723     
  0.11754385858225047     
  0.11765047687633212     
  0.11775665804661439     
  0.11786227776865654     
  0.11796746446093953     
  0.11807209496342785     
  0.11817629649185346     
  0.11827994703968037     
  0.11838317263115516     
  0.11848585240243936     
  0.11858811119745283     
  0.11868982928435090     
  0.11879113033778366     
  0.11889189574729742     
  0.11899224802922326     
  0.11909206968399577     
  0.11919148208047570     
  0.11929036881958266     
  0.11938885013345246     
  0.11948681071318268     
  0.11958436966483210     
  0.11968141275946509     
  0.11977805798760965     
  0.11987419219018214     
  0.11996993225262853     
  0.12006516607569695     
  0.12016000945010041     
  0.12025435132649320     
  0.12034830641110872     
  0.12044176469467394     
  0.12053483980909940     
  0.12062742277544392     
  0.12071962616135734     
  0.12081134200857979     
  0.12090268183046826     
  0.12099353867988538     
  0.12108402302576871     
  0.12117402892263363     
  0.12126366580478110     
  0.12135282871899611     
  0.12144162607463460     
  0.12152995390145771     
  0.12161791959347468     
  0.12170542015421792     
  0.12179256197185884     
  0.12187924301458086     
  0.12196556867413755     
  0.12205143787432926     
  0.12213695501982469     
  0.12222201998108961     
  0.12230673618495336     
  0.12239100443968109     
  0.12247492720342057     
  0.12255840621345315     
  0.12264154296831731     
  0.12272424012561067     
  0.12280659823324902     
  0.12288852086052582     
  0.12297010761363991     
  0.12305126296504010     
  0.12313208558802813     
  0.12321248084975045     
  0.12329254649934873     
  0.12337218879028689     
  0.12345150455620224     
  0.12353040092857570     
  0.12360897383411362     
  0.12368713127409070     
  0.12376496827677774     
  0.12384239370509642     
  0.12391950169729593     
  0.12399620196987537     
  0.12407258777939745     
  0.12414856968794485     
  0.12422424007865140     
  0.12429951035126330     
  0.12437447202366758     
  0.12444903732542689     
  0.12452329691728548     
  0.12459716385085040     
  0.12467072793775114     
  0.12474390304394112     
  0.12481677813988645     
  0.12488926789825971     
  0.12496146045624223     
  0.12503327128567110     
  0.12510478769824640     
  0.12517592595748395     
  0.12524677255733552     
  0.12531724454558002     
  0.12538742760607968     
  0.12545723956353239     
  0.12552676529929718     
  0.12559592340771453     
  0.12566479797515584     
  0.12573330835839613     
  0.12580153785626591     
  0.12586940658083268     
  0.12593699705076211     
  0.12600423012634077     
  0.12607118755337632     
  0.12613779093336663     
  0.12620412124649938     
  0.12627010082854218     
  0.12633580990123316     
  0.12640117152773278     
  0.12646626517843351     
  0.12653101463707517     
  0.12659549862974184     
  0.12665964165400412     
  0.12672352169860857     
  0.12678706396827144     
  0.12685034572130671     
  0.12691329286295339     
  0.12697598192793469     
  0.12703833951545118     
  0.12710044144341215     
  0.12716221499848002     
  0.12722373528846365     
  0.12728493028104937     
  0.12734587438059608     
  0.12740649622943445     
  0.12746686953506303     
  0.12752692360813878     
  0.12758673146582511     
  0.12764622308084694     
  0.12770547078649763     
  0.12776440521136812     
  0.12782309801128899     
  0.12788148046457370     
  0.12793962355593436     
  0.12799745920732220     
  0.12805505773861581     
  0.12811235170937685     
  0.12816941078087674     
  0.12822616814431631     
  0.12828269280852778     
  0.12833891859043434     
  0.12839491385254165     
  0.12845061303163352     
  0.12850608384994266     
  0.12856126135830859     
  0.12861621264468670     
  0.12867087336822169     
  0.12872530998853204     
  0.12877945876737107     
  0.12883338554190427     
  0.12888702717084899     
  0.12894044887474976     
  0.12899358810369532     
  0.12904650946738394     
  0.12909915100173930     
  0.12915157671133237     
  0.12920372521243484     
  0.12925565991015986     
  0.12930731999568967     
  0.12935876828029491     
  0.12940994452468424     
  0.12946091095184709     
  0.12951160788668503     
  0.12956209696941456     
  0.12961231908384641     
  0.12966233529288484     
  0.12971208703401238     
  0.12976163479822767     
  0.12981092057150223     
  0.12986000427828348     
  0.12990882844789409     
  0.12995745244353840     
  0.13000581933280053     
  0.13005398792289802     
  0.13010190181463599     
  0.13014961926445145     
  0.13019708440137612     
  0.13024435493622633     
  0.13029137552131298     
  0.13033820332694124     
  0.13038478352380023     
  0.13043117274674587     
  0.13047731667999207     
  0.13052327142795928     
  0.13056898318357646     
  0.13061450752579773     
  0.13065979115150095     
  0.13070488911909572     
  0.13074974862469035     
  0.13079442421102405     
  0.13083886356875973     
  0.13088312072979635     
  0.13092714387471871     
  0.13097098652937145     
  0.13101459735967158     
  0.13105802939014877     
  0.13110123176750788     
  0.13114425701965826     
  0.13118705476958958     
  0.13122967705324207     
  0.13127207396542950     
  0.13131429705473108     
  0.13135629688336514     
  0.13139812451711375     
  0.13143973098122308     
  0.13148116686320022     
  0.13152238364698243     
  0.13156343144628069     
  0.13160426219942678     
  0.13164492555077445     
  0.13168537388879342     
  0.13172565639287603     
  0.13176572589741509     
  0.13180563112119492     
  0.13184532534035498     
  0.13188485681738638     
  0.13192417926603828     
  0.13196334049678116     
  0.13200229465687519     
  0.13204108910900481     
  0.13207967842988022     
  0.13211810953859338     
  0.13215633743728328     
  0.13219440860560383     
  0.13223227846713781     
  0.13226999306621756     
  0.13230750824392168     
  0.13234486961333747     
  0.13238203342913135     
  0.13241904487718303     
  0.13245586062187298     
  0.13249252542587542     
  0.13252899635944615     
  0.13256531776601943     
  0.13260144711792365     
  0.13263742834327996     
  0.13267321931272391     
  0.13270886354295286     
  0.13274431929917963     
  0.13277962969053048     
  0.13281475337310045     
  0.13284973305226144     
  0.13288452777132942     
  0.13291917983570489     
  0.13295364867229720     
  0.13298797619028091     
  0.13302212219656828     
  0.13305612820781632     
  0.13308995440738169     
  0.13312364192308135     
  0.13315715131118944     
  0.13319052331432568     
  0.13322371885818896     
  0.13325677830380800     
  0.13328966294284716     
  0.13332241275831980     
  0.13335498940442581     
  0.13338743248970453     
  0.13341970402749637     
  0.13345184325537296     
  0.13348381254245278     
  0.13351565075881322     
  0.13354732062601860     
  0.13357886065009483     
  0.13361023390175031     
  0.13364147852636987     
  0.13367255794053567     
  0.13370350993236768     
  0.13373429826108463     
  0.13376496036088759     
  0.13379546033042089     
  0.13382583525328295     
  0.13385604956436470     
  0.13388613999994481     
  0.13391607132801242     
  0.13394587994077856     
  0.13397553093621128     
  0.13400506036567694     
  0.13403443365403056     
  0.13406368651498701     
  0.13409278469722785     
  0.13412176357997729     
  0.13415058923271028     
  0.13417929670329454     
  0.13420785237899324     
  0.13423629097942047     
  0.13426457920665158     
  0.13429275145512232     
  0.13432077473877124     
  0.13434868312990067     
  0.13437644395139159     
  0.13440409095643069     
  0.13443159177394792     
  0.13445897984100197     
  0.13448622308970604     
  0.13451335464395264     
  0.13454034273619719     
  0.13456722018009903     
  0.13459395550564357     
  0.13462058121916265     
  0.13464706614538502     
  0.13467344248619251     
  0.13469967935829807     
  0.13472580866198436     
  0.13475179980321317     
  0.13477768438349302     
  0.13480343209532630     
  0.13482907424424495     
  0.13485458080660828     
  0.13487998279474411     
  0.13490525046620927     
  0.13493041454287524     
  0.13495544556086114     
  0.13498037395430240     
  0.13500517053527206     
  0.13502986545286466     
  0.13505442979252302     
  0.13507889342096935     
  0.13510322769445560     
  0.13512746219997751     
  0.13515156856205957     
  0.13517557609058983     
  0.13519945667585442     
  0.13522323935322789     
  0.13524689627626907     
  0.13527045620841005     
  0.13529389156401683     
  0.13531723083712655     
  0.13534044670046808     
  0.13536356738120825     
  0.13538656580801856     
  0.13540946994369485     
  0.13543225297045425     
  0.13545494258919677     
  0.13547751223331217     
  0.13549998934425711     
  0.13552234760424031     
  0.13554461419770580     
  0.13556676305335091     
  0.13558882110101489     
  0.13561076251357351     
  0.13563261396864579     
  0.13565434988100133     
  0.13567599667839991     
  0.13569752901523835     
  0.13571897307175840     
  0.13574030373973944     
  0.13576154695422360     
  0.13578267784214970     
  0.13580372209565639     
  0.13582465507463992     
  0.13584550223060943     
  0.13586623915423790     
  0.13588689105865825     
  0.13590743376315861     
  0.13592789224472834     
  0.13594824254912996     
  0.13596850941942085     
  0.13598866912571583     
  0.13600874617933234     
  0.13602871707263586     
  0.13604860608737457     
  0.13606838993608295     
  0.13608809267308952     
  0.13610769122903588     
  0.13612720943296164     
  0.13614662443157266     
  0.13616595983072866     
  0.13618519299117604     
  0.13620434729768605     
  0.13622340032304125     
  0.13624237523299410     
  0.13626124981037646     
  0.13628004700397500     
  0.13629874480470361     
  0.13631736594641419     
  0.13633588862615487     
  0.13635433536485497     
  0.13637268456376572     
  0.13639095853289007     
  0.13640913587576875     
  0.13642723869345208     
  0.13644524578987804     
  0.13646317905910166     
  0.13648101750357922     
  0.13649878281230954     
  0.13651645418440983     
  0.13653405310574163     
  0.13655155897024052     
  0.13656899306253523     
  0.13658633496955408     
  0.13660360577657682     
  0.13662078526171884     
  0.13663789431277718     
  0.13665491289726217     
  0.13667186170733980     
  0.13668872089814144     
  0.13670551096803296     
  0.13672221225800996     
  0.13673884507445389     
  0.13675538994248304     
  0.13677186697829324     
  0.13678825688940088     
  0.13680457960359693     
  0.13682081600908791     
  0.13683698584702408     
  0.13685307018461079     
  0.13686908857810465     
  0.13688502227203381     
  0.13690089063949318     
  0.13691667510067218     
  0.13693239484721997     
  0.13694803147334189     
  0.13696360399094065     
  0.13697909416660770     
  0.13699452083418351     
  0.13700986593103026     
  0.13702514811459376     
  0.13704034949140820     
  0.13705548854417671     
  0.13707054754702075     
  0.13708554480953683     
  0.13710046277186516     
  0.13711531957211676     
  0.13713009781489516     
  0.13714481546843194     
  0.13715945530025431     
  0.13717403511030513     
  0.13718853782750895     
  0.13720298108509665     
  0.13721734797187846     
  0.13723165595593423     
  0.13724588828446238     
  0.13726006226193965     
  0.13727416129246783     
  0.13728820251845331     
  0.13730216949943241     
  0.13731607921725775     
  0.13732991538544537     
  0.13734369482679731     
  0.13735740140736785     
  0.13737105179239839     
  0.13738462999905099     
  0.13739815253648324     
  0.13741160357155013     
  0.13742499945878695     
  0.13743832451333959     
  0.13745159493656878     
  0.13746479519052290     
  0.13747794132482316     
  0.13749101794704377     
  0.13750404095648772     
  0.13751699510489257     
  0.13752989614264999     
  0.13754272896431174     
  0.13755550917275239     
  0.13756822180400052     
  0.13758088231479515     
  0.13759347588131587     
  0.13760601781553594     
  0.13761849343247279     
  0.13763091790069015     
  0.13764327667274256     
  0.13765558477512740     
  0.13766782779664799     
  0.13768002062306628     
  0.13769214897815873     
  0.13770422760826861     
  0.13771624237088231     
  0.13772820787423135     
  0.13774011010825793     
  0.13775196354437502     
  0.13776375430374099     
  0.13777549672223210     
  0.13778717705099408     
  0.13779880949163481     
  0.13781038042407012     
  0.13782190391689764     
  0.13783336647759759     
  0.13784478204300166     
  0.13785613724695989     
  0.13786744589577460     
  0.13787869474847947     
  0.13788989748207003     
  0.13790104097959277     
  0.13791213878994657     
  0.13792317791902875     
  0.13793417178884237     
  0.13794510752698430     
  0.13795599842974993     
  0.13796683174529678     
  0.13797762064538988     
  0.13798835249761721     
  0.13799904035037980     
  0.13800967168957967     
  0.13802025944140695     
  0.13803079120896988     
  0.13804127979739322     
  0.13805171292589347     
  0.13806210327966351     
  0.13807243869294028     
  0.13808273173210950     
  0.13809297034535029     
  0.13810316698135339     
  0.13811330970117319     
  0.13812341083690904     
  0.13813345856143278     
  0.13814346509134279     
  0.13815341871028319     
