  0.95064568511969205     
  0.92643316160671818     
  0.91115329359619524     
  0.89846385035369680     
  0.88567208241302675     
  0.87236679704567999     
  0.85923216350896781     
  0.84785612476467576     
  0.84036283081795637     
  0.83281570513835479     
  0.82534178575528572     
  0.81788960227220320     
  0.81054506453290542     
  0.80326603494827653     
  0.79611192909564787     
  0.78904771936941398     
  0.78211509823674541     
  0.77528476875347940     
  0.76858624523261176     
  0.76199498521951847     
  0.75553195233889947     
  0.74917659731562769     
  0.74294376719898503     
  0.73681627988354526     
  0.73080453461057271     
  0.72489419093607732     
  0.71909236690362088     
  0.71338712092510281     
  0.70778312037707425     
  0.70227045050937575     
  0.69685192936506157     
  0.69151935786560537     
  0.68627414685292454     
  0.68110955358216463     
  0.67602591124992273     
  0.67101771770983665     
  0.66608447708804464     
  0.66122174837692249     
  0.65642839601472069     
  0.65170089059292957     
  0.64703760234349406     
  0.64253318763802658     
  0.63814909327165581     
  0.63381156638542258     
  0.62951939091643550     
  0.62527055974259516     
  0.62106436861989867     
  0.61689858753595228     
  0.61277295794628173     
  0.60868507196529842     
  0.60463506038995618     
  0.60062037354011699     
  0.59664148319813148     
  0.59269572686159055     
  0.58878387554952361     
  0.58490317724503449     
  0.58105466595144306     
  0.57723551892126590     
  0.57344700149634287     
  0.56968623536468710     
  0.56595468945067995     
  0.56224944214823003     
  0.55857214151671297     
  0.55491983260762967     
  0.55129432100137943     
  0.54769262650189354     
  0.54412228657377582     
  0.54061101948420165     
  0.53711727472431059     
  0.53364346047394151     
  0.53018677386909419     
  0.52674969900104385     
  0.52332940134711747     
  0.51992843012453771     
  0.51654392463252685     
  0.51317848959899071     
  0.50982924296122056     
  0.50649883637206772     
  0.50318437066305743     
  0.49988853673507844     
  0.49660842209593731     
  0.49334675002239092     
  0.49010059807720435     
  0.48687271575535918     
  0.48366017370822528     
  0.48046574212735560     
  0.47728648748951630     
  0.47412519572851253     
  0.47097893162629317     
  0.46785049241168830     
  0.46473694342764205     
  0.46164108920483066     
  0.45855999770648070     
  0.45549647717913705     
  0.45246147624052446     
  0.44945493123071478     
  0.44646658940040906     
  0.44349351648816349     
  0.44053841975181601     
  0.43759837984386368     
  0.43467610356772257     
  0.43176868721841483     
  0.42887883440747904     
  0.42600365775725152     
  0.42314585522987003     
  0.42030255641969660     
  0.41747645143515322     
  0.41466468745006613     
  0.41186994474395483     
  0.40908938864239752     
  0.40632568782823114     
  0.40357602631754230     
  0.40084305961650635     
  0.39812399093819911     
  0.39542146120225358     
  0.39273269329393828     
  0.39006031229056176     
  0.38740156119433983     
  0.38475904812411155     
  0.38213003661406364     
  0.37951711683497569     
  0.37691757323895353     
  0.37433397717384814     
  0.37176363436718396     
  0.36922755027970205     
  0.36672673269736222     
  0.36423889489141781     
  0.36176650949034195     
  0.35930697366718378     
  0.35686274004206631     
  0.35443122845586705     
  0.35201487097046447     
  0.34961111024720182     
  0.34722235731397316     
  0.34484607778957460     
  0.34248466125936816     
  0.34013559642078994     
  0.33780125106900283     
  0.33547913708543486     
  0.33317160018254066     
  0.33087617551531967     
  0.32859518647097830     
  0.32632619155205245     
  0.32407149162321980     
  0.32182866859313897     
  0.31960000064766669     
  0.31738309314509727     
  0.31518020147328496     
  0.31298895446896380     
  0.31081158463639535     
  0.30864574430526281     
  0.30649364304104032     
  0.30435295666702966     
  0.30222587178221583     
  0.30011008769083702     
  0.29800776802254314     
  0.29591663553698788     
  0.29383883091410035     
  0.29177210033112333     
  0.28971856155816045     
  0.28767598414045792     
  0.28564646299648999     
  0.28362779097871493     
  0.28162204022867310     
  0.27962702683459684     
  0.27764480025064764     
  0.27567319971930393     
  0.27371425211027267     
  0.27176581972921299     
  0.26982990697631370     
  0.26790439912035913     
  0.26599127821773139     
  0.26408845239183176     
  0.26219788149059675     
  0.26031749637560886     
  0.25844923483034410     
  0.25659105033071727     
  0.25474485874741737     
  0.25290863603992653     
  0.25108427632465813     
  0.24926977790746307     
  0.24746701331505150     
  0.24567400305647702     
  0.24389259823867204     
  0.24212084142520862     
  0.24036056247787374     
  0.23860982586098711     
  0.23687044036994032     
  0.23514049221135713     
  0.23342176929656377     
  0.23171237941176803     
  0.23001408976965110     
  0.22832502956938527     
  0.22664694551306985     
  0.22497798804268332     
  0.22331988354004173     
  0.22167080351657531     
  0.22003245422597650     
  0.21840302807290368     
  0.21678421137660853     
  0.21517421725619112     
  0.21357471229135816     
  0.21198393013459749     
  0.21040351782189459     
  0.20883172935607985     
  0.20727019242591305     
  0.20571718119979066     
  0.20417430421617966     
  0.20263985562278197     
  0.20111542500492607     
  0.19959932630210642     
  0.19809313034369502     
  0.19659517067243304     
  0.19510699955876454     
  0.19362696995930440     
  0.19215661578228616     
  0.19069430920818775     
  0.18924156597928865     
  0.18779677730946576     
  0.18636144097070573     
  0.18493396701953435     
  0.18351583545259087     
  0.18212338542574324     
  0.18074550107813181     
  0.17937663904192458     
  0.17801528208086559     
  0.17666284199816273     
  0.17531781942071523     
  0.17398160934589280     
  0.17265273007677884     
  0.17133255999199815     
  0.17001963488430660     
  0.16871531669950379     
  0.16741815853407072     
  0.16612950608566612     
  0.16484792956920635     
  0.16357475861760340     
  0.16230858037966689     
  0.16105070860561455     
  0.15979974719443701     
  0.15855699419432168     
  0.15732107007163831     
  0.15609325735177837     
  0.15487219288666421     
  0.15365914385666546     
  0.15245276331847191     
  0.15125430328370881     
  0.15006243283415177     
  0.14887838898743710     
  0.14770085667189747     
  0.14653105808439237     
  0.14536769382248760     
  0.14421197143391051     
  0.14306260700938767     
  0.14192079361757459     
  0.14078526266757607     
  0.13965719291743994     
  0.13853533092119386     
  0.13742084129313159     
  0.13631248556010989     
  0.13521141435790274     
  0.13411640401549252     
  0.13302859135374034     
  0.13194676733446931     
  0.13087205512560218     
  0.12980326015395804     
  0.12874149209486030     
  0.12768557067374176     
  0.12663659223202683     
  0.12559339062886021     
  0.12455704902882880     
  0.12352641526138353     
  0.12250255946969857     
  0.12148434329163482     
  0.12047282400274195     
  0.11946687688891655     
  0.11846754651024027     
  0.11747372164180014     
  0.11648643427874072     
  0.11550458652803097     
  0.11452919796878713     
  0.11355918388409658     
  0.11259555158433943     
  0.11163722937450538     
  0.11068521244192331     
  0.10973844196081917     
  0.10879790113955590     
  0.10786254387048100     
  0.10693334152548473     
  0.10600926056547377     
  0.10509126066677721     
  0.10417832071084743     
  0.10327138881779274     
  0.10236945614314674     
  0.10147345938857388     
  0.10058240183876987     
   9.9697208913182234E-002
   9.8816895882289146E-002
   9.7942377018008009E-002
   9.7072679434755615E-002
   9.6208706390078613E-002
   9.5349496702018310E-002
   9.4495942745392636E-002
   9.3647094903076433E-002
   9.2803834797297480E-002
   9.1965224238488186E-002
   9.1132134224934047E-002
   9.0303637858855534E-002
   8.9480595641766025E-002
   8.8662091833403678E-002
   8.7848976564212755E-002
   8.7040345118669982E-002
   8.6237037380400783E-002
   8.5438159527320590E-002
   8.4644541319048860E-002
   8.3855299697110031E-002
   8.3071254418501383E-002
   8.2291533059989708E-002
   8.1516945495922921E-002
   8.0746629811389581E-002
   7.9981386116662723E-002
   7.9220362879671713E-002
   7.8464350563803853E-002
   7.7712507895775107E-002
   7.6965615807903953E-002
   7.6222843163055054E-002
   7.5484961476937285E-002
   7.4751149627329649E-002
   7.4022169826446382E-002
   7.3297210847138361E-002
   7.2577025709909981E-002
   7.1860812964220866E-002
   7.1149316549334318E-002
   7.0441744674222373E-002
   6.9738832306073140E-002
   6.9039797197630204E-002
   6.8345365451882301E-002
   6.7654764250947186E-002
   6.6968710940215059E-002
   6.6286442018107850E-002
   6.5608666177757291E-002
   6.4934629122137988E-002
   6.4265030996213168E-002
   6.3599126597063349E-002
   6.2937607624339420E-002
   6.2279737860071127E-002
   6.1626200660232833E-002
   6.0976268683925250E-002
   6.0330617043873547E-002
   5.9688527169636907E-002
   5.9050666029925147E-002
   5.8416323719396201E-002
   5.7786159160795436E-002
   5.7159471009760154E-002
   5.6536910239955662E-002
   5.5917783965104939E-002
   5.5302735305522766E-002
   5.4691079731338577E-002
   5.4083452604103521E-002
   5.3479177649875975E-002
   5.2878882564901364E-002
   5.2281899231877538E-002
   5.1688847774085667E-002
   5.1099068132749892E-002
   5.0513172949425700E-002
   4.9930510126911631E-002
   4.9351684915185490E-002
   4.8776053082819848E-002
   4.8204212577283023E-002
   4.7635526938258677E-002
   4.7070586898709799E-002
   4.6508763675892295E-002
   4.5950640875213056E-002
   4.5395597299075163E-002
   4.4844209511237243E-002
   4.4295863807924607E-002
   4.3751129796126276E-002
   4.3209401175652196E-002
   4.2671240680582367E-002
   4.2136049325151026E-002
   4.1604383053383431E-002
   4.1075650105841244E-002
   4.0550399718355723E-002
   4.0028047270769918E-002
   3.9509135371600168E-002
   3.8993086453964376E-002
   3.8480436578972488E-002
   3.7970615148038123E-002
   3.7464151753813457E-002
   3.6960482682045659E-002
   3.6460131134928853E-002
   3.5962540199587334E-002
   3.5468226764818644E-002
   3.4976640637159773E-002
   3.4488292468149329E-002
   3.4002638702753107E-002
   3.3520183830472283E-002
   3.3040390854688795E-002
   3.2563758177183821E-002
   3.2089755280700683E-002
   3.1618874552724274E-002
   3.1150591877253442E-002
   3.0685393700017549E-002
   3.0222762229100808E-002
   2.9763178040144056E-002
   2.9306129589074525E-002
   2.8852091652250111E-002
   2.8400558858111324E-002
   2.7952000253687270E-002
   2.7505916565507382E-002
   2.7062771180382916E-002
   2.6622070849401935E-002
   2.6184273367437894E-002
   2.5748891437489596E-002
   2.5316377329950068E-002
   2.4886249627954493E-002
   2.4458955144060823E-002
   2.4034018270628232E-002
   2.3611880428223264E-002
   2.3192071748368570E-002
   2.2775028324688806E-002
   2.2360285958653470E-002
   2.1948275481211366E-002
   2.1538538295394316E-002
   2.1131500032966488E-002
   2.0726707630959518E-002
   2.0324581584681312E-002
   1.9924674298412937E-002
   1.9527401192976579E-002
   1.9132320073957154E-002
   1.8739841348916153E-002
   1.8349528159588235E-002
   1.7961785960761700E-002
   1.7747578672971054E-002
   1.8168175176106582E-002
   1.8586001204946356E-002
   1.9001521832468504E-002
   1.9414305418133604E-002
   1.9824811422568756E-002
   2.0232613414301936E-002
   2.0638165309317280E-002
   2.1041045822355775E-002
   2.1441703391651301E-002
   2.1839721816062529E-002
   2.2235544122159556E-002
   2.2628759131571030E-002
   2.3019804524493592E-002
   2.3408274084718683E-002
   2.3794600210573558E-002
   2.4178381588135678E-002
   2.4560045397589492E-002
   2.4939195168143025E-002
   2.5316252924797333E-002
   2.5690826981449755E-002
   2.6063334270117533E-002
   2.6433387831650723E-002
   2.6801399566533268E-002
   2.7166987185527458E-002
   2.7530557618294038E-002
   2.7891733189154388E-002
   2.8250915916923858E-002
   2.8607732683811227E-002
   2.8962580657040937E-002
   2.9315091221707390E-002
   2.9665656751984293E-002
   3.0013913081515464E-002
   3.0360247849257949E-002
   3.0704301283720814E-002
   3.1046456345783957E-002
   3.1386357605786896E-002
   3.1724383402979228E-002
   3.2060182597136833E-002
   3.2394128961647284E-002
   3.2725875593958675E-002
   3.3055791756692154E-002
   3.3383534733830489E-002
   3.3709469331658526E-002
   3.4033256970171122E-002
   3.4355258053092697E-002
   3.4675138086517454E-002
   3.4993253124735002E-002
   3.5309272710630002E-002
   3.5623548601541044E-002
   3.5935754328428549E-002
   3.6246237403533166E-002
   3.6554675297762573E-002
   3.6861411329486282E-002
   3.7166126862013149E-002
   3.7469161070450396E-002
   3.7770199163534635E-002
   3.8069576223108914E-002
   3.8366981256931498E-002
   3.8662745302976753E-002
   3.8956561122178268E-002
   3.9248755757440801E-002
   3.9539025677580164E-002
   3.9827693978642165E-002
   4.0114460792578077E-002
   4.0399645316204436E-002
   4.0682951300400561E-002
   4.0964694089808185E-002
   4.1244581010562054E-002
   4.1522923601615025E-002
   4.1799432721211005E-002
   4.2074416148540572E-002
   4.2347588231330557E-002
   4.2619253034381410E-002
   4.2889128352791350E-002
   4.3157514581795176E-002
   4.3424132922259329E-002
   4.3689280144136755E-002
   4.3952680812960332E-002
   4.4214628117151267E-002
   4.4474849946303241E-002
   4.4733635950526596E-002
   4.4990717303361460E-002
   4.5246380159307820E-002
   4.5500358936220175E-002
   4.5752936335172301E-002
   4.6003849979181166E-002
   4.6253379157570662E-002
   4.6501264659838060E-002
   4.6747782404731764E-002
   4.6992676310014914E-002
   4.7236218964536669E-002
   4.7478157376573460E-002
   4.7718760845260833E-002
   4.7957779432091341E-002
   4.8195479186187162E-002
   4.8431613185410005E-002
   4.8666444268090747E-002
   4.8899728492057370E-002
   4.9131725523597458E-002
   4.9362194364542922E-002
   4.9591391547417318E-002
   4.9819078982528908E-002
   5.0045510106456081E-002
   5.0270449702881415E-002
   5.0494148149801910E-002
   5.0716373069597531E-002
   5.0937371818594701E-002
   5.1156914823613064E-002
   5.1375246455775181E-002
   5.1592139912494117E-002
   5.1807836615715197E-002
   5.2022112500008877E-002
   5.2235206073734664E-002
   5.2446895975586716E-002
   5.2657417835500930E-002
   5.2866552963661273E-002
   5.3074534146316688E-002
   5.3281145332901625E-002
   5.3486616500295736E-002
   5.3690734205332324E-002
   5.3893725649426516E-002
   5.4095379965342860E-002
   5.4295921612527720E-002
   5.4495142268589314E-002
   5.4693263684095883E-002
   5.4890080050787438E-002
   5.5085810443046168E-002
   5.5280251536401481E-002
   5.5473619761346904E-002
   5.5665714247225995E-002
   5.5856748812550538E-002
   5.6046525010865489E-002
   5.6235254080222563E-002
   5.6422739969111513E-002
   5.6609191366267186E-002
   5.6794414586220032E-002
   5.6978615799153198E-002
   5.7161603657085225E-002
   5.7343581842041913E-002
   5.7524361315319128E-002
   5.7704143300813970E-002
   5.7882741041230812E-002
   5.8060353332002879E-002
   5.8236795669709962E-002
   5.8412264450630080E-002
   5.8586577398017092E-002
   5.8759928537947093E-002
   5.8932137793476613E-002
   5.9103396849084056E-002
   5.9273527801079862E-002
   5.9442720020604467E-002
   5.9610797750994760E-002
   5.9777948077971321E-002
   5.9943997365985879E-002
   6.0109130442920988E-002
   6.0273175768744247E-002
   6.0436315940749052E-002
   6.0598381489129438E-002
   6.0759552807508554E-002
   6.0919662471322966E-002
   6.1078888697120637E-002
   6.1237066080897296E-002
   6.1394370688399480E-002
   6.1550639111797589E-002
   6.1706045291993639E-002
   6.1860427793241191E-002
   6.2013958457241558E-002
   6.2166477796531505E-002
   6.2318155578946266E-002
   6.2468834241792393E-002
   6.2618681504066909E-002
   6.2767541704618623E-002
   6.2915580538331461E-002
   6.3062644222647846E-002
   6.3208896452767172E-002
   6.3354185302052946E-002
   6.3498672490153618E-002
   6.3642207923955807E-002
   6.3784951371398391E-002
   6.3926754550763576E-002
   6.4067775301834384E-002
   6.4207867132428209E-002
   6.4347185977442378E-002
   6.4485587112631415E-002
   6.4623224590997452E-002
   6.4759955434895211E-002
   6.4895931838142129E-002
   6.5031012548615652E-002
   6.5165347923386241E-002
   6.5298798415028947E-002
   6.5431512566033634E-002
   6.5563352513100748E-002
   6.5694465006037928E-002
   6.5824713845346383E-002
   6.5954244009786778E-002
   6.6082920943582035E-002
   6.6210887875818858E-002
   6.6338011874603975E-002
   6.6464434440467568E-002
   6.6590024245802071E-002
   6.6714921083441014E-002
   6.6838995210701801E-002
   6.6962384733331493E-002
   6.7084961474444094E-002
   6.7206861873060464E-002
   6.7327959299194995E-002
   6.7448388545257032E-002
   6.7568024509492175E-002
   6.7687000357570581E-002
   6.7805192497526257E-002
   6.7922732487922133E-002
   6.8039498228358863E-002
   6.8155619689687863E-002
   6.8270976245076609E-002
   6.8385696296825782E-002
   6.8499660673884799E-002
   6.8612996228934464E-002
   6.8725585229137631E-002
   6.8837552996255602E-002
   6.8948783218308329E-002
   6.9059399704613611E-002
   6.9169287546900549E-002
   6.9278569060296502E-002
   6.9387130723298829E-002
   6.9495093374877248E-002
   6.9602344863561427E-002
   6.9709004569977973E-002
   6.9814961696154865E-002
   6.9920334181975852E-002
   7.0025012566631850E-002
   7.0129113366651730E-002
   7.0232528442251807E-002
   7.0335372903783999E-002
   7.0437539916547331E-002
   7.0539143201686749E-002
   7.0640077213833474E-002
   7.0740454301691513E-002
   7.0840170193664065E-002
   7.0939335882577059E-002
   7.1037848355233746E-002
   7.1135817264945000E-002
   7.1233140841726827E-002
   7.1329927415541894E-002
   7.1426076444614406E-002
   7.1521694951529602E-002
   7.1616683607897746E-002
   7.1711148144705028E-002
   7.1804990432303595E-002
   7.1898314925667228E-002
   7.1991024679424642E-002
   7.2083222887936005E-002
   7.2174813775813584E-002
   7.2265899292018987E-002
   7.2356384817027219E-002
   7.2446371069431081E-002
   7.2535764571619699E-002
   7.2624664826665408E-002
   7.2712979485089924E-002
   7.2800806849114608E-002
   7.2888055683779429E-002
   7.2974823104947073E-002
   7.3061018978724968E-002
   7.3146739248935111E-002
   7.3231894869463798E-002
   7.3316580626236805E-002
   7.3400708547791682E-002
   7.3484372276132692E-002
   7.3567484901478575E-002
   7.3650138935717369E-002
   7.3732248517936472E-002
   7.3813905043546568E-002
   7.3895023687845507E-002
   7.3975694743239839E-002
   7.4055834408733201E-002
   7.4135531887039696E-002
   7.4214704388514074E-002
   7.4293440039329028E-002
   7.4371657048983963E-002
   7.4449442480103545E-002
   7.4526715529273924E-002
   7.4603562208405916E-002
   7.4679902689260058E-002
   7.4755821945714285E-002
   7.4831241112935043E-002
   7.4906244139294365E-002
   7.4980753111737242E-002
   7.5054850965506348E-002
   7.5128460727839297E-002
   7.5201664333076068E-002
   7.5274385737398974E-002
   7.5346705886324417E-002
   7.5418549653768485E-002
   7.5489997008358123E-002
   7.5560973730666836E-002
   7.5631558824222345E-002
   7.5701678965313213E-002
   7.5771412204014954E-002
   7.5840686101521726E-002
   7.5909577765963632E-002
   7.5978015632761076E-002
   7.6046075879465547E-002
   7.6113687805174024E-002
   7.6180926668089954E-002
   7.6247722620563230E-002
   7.6314150012545490E-002
   7.6380139839341110E-002
   7.6445765553610601E-002
   7.6510958983440736E-002
   7.6575792695029676E-002
   7.6640199339195525E-002
   7.6704250606372759E-002
   7.6767879960182084E-002
   7.6831158225863061E-002
   7.6894019670029734E-002
   7.6956534263168286E-002
   7.7018637065194739E-002
   7.7080397202158202E-002
   7.7141750517702778E-002
   7.7202765303631127E-002
   7.7263378177856668E-002
   7.7323656608004332E-002
   7.7383537976912997E-002
   7.7443088937975690E-002
   7.7502247629725241E-002
   7.7561079901149688E-002
   7.7619524637355886E-002
   7.7677646892633789E-002
   7.7735386289655262E-002
   7.7792807097603389E-002
   7.7849849667812276E-002
   7.7906577493834006E-002
   7.7962931646871625E-002
   7.8018974854206058E-002
   7.8074648898221688E-002
   7.8130015749176662E-002
   7.8185017892053232E-002
   7.8239716549222238E-002
   7.8294054899785692E-002
   7.8348093427253240E-002
   7.8401775996468137E-002
   7.8455162360996367E-002
   7.8508197063147711E-002
   7.8560939135352892E-002
   7.8613333789211648E-002
   7.8665439344723143E-002
   7.8717201674700421E-002
   7.8768678395307878E-002
   7.8819816032591916E-002
   7.8870671507377477E-002
   7.8921191991060069E-002
   7.8971433717517026E-002
   7.9021344495704748E-002
   7.9070979880843106E-002
   7.9120288311754661E-002
   7.9169324673193153E-002
   7.9218038026245718E-002
   7.9266482593290055E-002
   7.9314608050169211E-002
   7.9362467964878891E-002
   7.9410012620598325E-002
   7.9457294938838907E-002
   7.9504265802786245E-002
   7.9550977495269959E-002
   7.9597381492240493E-002
   7.9643529445552974E-002
   7.9689373416770071E-002
   7.9734964434386768E-002
   7.9780255138510392E-002
   7.9825295941799213E-002
   7.9870040055922797E-002
   7.9914537285134868E-002
   7.9958741405769307E-002
   8.0002701621017858E-002
   8.0046372265064170E-002
   8.0089801947292538E-002
   8.0132945553002766E-002
   8.0175851104938189E-002
   8.0218474032864417E-002
   8.0260861779963277E-002
   8.0302970313895550E-002
   8.0344846505276069E-002
   8.0386446853168314E-002
   8.0427817662530376E-002
   8.0468915957416232E-002
   8.0509787483953432E-002
   8.0550389784850185E-002
   8.0590768054147555E-002
   8.0630880346948874E-002
   8.0670771311872169E-002
   8.0710399510231734E-002
   8.0749809051804400E-002
   8.0788958998006755E-002
   8.0827892926277123E-002
   8.0866570392099324E-002
   8.0905034446997925E-002
   8.0943245134560193E-002
   8.0981244986744860E-002
   8.1018994529351462E-002
   8.1056535781043770E-002
   8.1093829744014023E-002
   8.1130917929825297E-002
   8.1167761811313577E-002
   8.1204402399060460E-002
   8.1240801630866555E-002
   8.1277000022377810E-002
   8.1312959970747722E-002
   8.1348721502660370E-002
   8.1384247469078241E-002
   8.1419577413623934E-002
   8.1454674635592306E-002
   8.1489578201374813E-002
   8.1524251853188345E-002
   8.1558734185951720E-002
   8.1592989379458691E-002
   8.1627055562845663E-002
   8.1660897348201811E-002
   8.1694552404503074E-002
   8.1727985770917000E-002
   8.1761234661812177E-002
   8.1794264538279982E-002
   8.1827112165568372E-002
   8.1859743421600739E-002
   8.1892194627924741E-002
   8.1924432074264919E-002
   8.1956491643823348E-002
   8.1988340033156137E-002
   8.2020012692409772E-002
   8.2051476720062300E-002
   8.2082767138430657E-002
   8.2113851443064378E-002
   8.2144764233614498E-002
   8.2175473397909538E-002
   8.2206013118035548E-002
   8.2236351669365937E-002
   8.2266522821461074E-002
   8.2296495232562439E-002
   8.2326302264682738E-002
   8.2355912954311328E-002
   8.2385360260831875E-002
   8.2414613594416486E-002
   8.2443705516679233E-002
   8.2472605806964250E-002
   8.2501346633917061E-002
   8.2529898141598834E-002
   8.2558292110428644E-002
   8.2586499044783657E-002
   8.2614550341541193E-002
   8.2642416861045898E-002
   8.2670129621262523E-002
   8.2697659834207293E-002
   8.2725038143504737E-002
   8.2752236108598720E-002
   8.2779284003291820E-002
   8.2806153730261900E-002
   8.2832875197952682E-002
   8.2859420648134341E-002
   8.2885819628301105E-002
   8.2912044715222399E-002
   8.2938125099799809E-002
   8.2964033689759020E-002
   8.2989799323711533E-002
   8.3015395236345935E-002
   8.3040849918235793E-002
   8.3066136927085754E-002
   8.3091284409631649E-002
   8.3116266242696857E-002
   8.3141110233328375E-002
   8.3165790573616949E-002
   8.3190334735020577E-002
   8.3214717221092194E-002
   8.3238965171751333E-002
   8.3263053398253906E-002
   8.3287008712982114E-002
   8.3310806231181811E-002
   8.3334472441650043E-002
   8.3357982759954430E-002
   8.3381363355212179E-002
   8.3404589939687801E-002
   8.3427688366676911E-002
   8.3450634641559773E-002
   8.3473454305622696E-002
   8.3496123653823751E-002
   8.3518667919205258E-002
   8.3541063682809336E-002
   8.3563335873153233E-002
   8.3585461353910651E-002
   8.3607464752749161E-002
   8.3629323212563556E-002
   8.3651061063802046E-002
   8.3672655725210210E-002
   8.3694131233605140E-002
   8.3715465280253087E-002
   8.3736681611883745E-002
   8.3757758188995890E-002
   8.3778718471732128E-002
   8.3799540686574581E-002
   8.3820248010537668E-002
   8.3840818932876426E-002
   8.3861276350894687E-002
   8.3881599013449049E-002
   8.3901809541507166E-002
   8.3921886940395485E-002
   8.3941853558080370E-002
   8.3961688653262478E-002
   8.3981414304202140E-002
   8.4001010019915556E-002
   8.4020497612212752E-002
   8.4039856837403781E-002
   8.4059109244064234E-002
   8.4078234832814736E-002
   8.4097254892171791E-002
   8.4116149664118733E-002
   8.4134940180251472E-002
   8.4153606921002710E-002
   8.4172170664149393E-002
   8.4190612125695452E-002
   8.4208951832661083E-002
   8.4227170733779722E-002
   8.4245289108340837E-002
   8.4263288134998060E-002
   8.4281187848300854E-002
   8.4298969654047484E-002
   8.4316653345001047E-002
   8.4334220551363637E-002
   8.4351690827029535E-002
   8.4369046023896610E-002
   8.4386305459873356E-002
   8.4403451205877111E-002
   8.4420502346679527E-002
   8.4437441169573968E-002
   8.4454286529008549E-002
   8.4471020926040974E-002
   8.4487662987575929E-002
   8.4504195425856521E-002
   8.4520636642988700E-002
   8.4536969559852571E-002
   8.4553212356468732E-002
   8.4569348159836633E-002
   8.4585394930570823E-002
   8.4601335999302973E-002
   8.4617189109890134E-002
   8.4632937794137608E-002
   8.4648599581761519E-002
   8.4664158203312967E-002
   8.4679630976951081E-002
   8.4695001829574457E-002
   8.4710287870338408E-002
   8.4725473220119696E-002
   8.4740574781591915E-002
   8.4755576867268312E-002
   8.4770496175833432E-002
   8.4785317209124300E-002
   8.4800056464297890E-002
   8.4814698630230834E-002
   8.4829260004983920E-002
   8.4843725462216080E-002
   8.4858111103295220E-002
   8.4872401984432133E-002
   8.4886614012675721E-002
   8.4900732424585734E-002
   8.4914772935236749E-002
   8.4928720959361548E-002
   8.4942592022377417E-002
   8.4956371715038337E-002
   8.4970075375394249E-002
   8.4983688768096588E-002
   8.4997227046088475E-002
   8.5010676145820030E-002
   8.5024051037361659E-002
   8.5037337826889381E-002
   8.5050551303807009E-002
   8.5063677741968213E-002
   8.5076731752291246E-002
   8.5089699774283489E-002
   8.5102596242531359E-002
   8.5115407760197215E-002
   8.5128148587663266E-002
   8.5140805489772098E-002
   8.5153392554804586E-002
   8.5165896707331101E-002
   8.5178331865608858E-002
   8.5190685112008890E-002
   8.5202970196815553E-002
   8.5215174358296397E-002
   8.5227311180791299E-002
   8.5239368056581388E-002
   8.5251358406065125E-002
   8.5263269773679373E-002
   8.5275115417858482E-002
   8.5286883033359517E-002
   8.5298585718607489E-002
   8.5310211316864892E-002
   8.5321772768478743E-002
   8.5333258063424955E-002
   8.5344679985880023E-002
   8.5356026670762697E-002
   8.5367310747963998E-002
   8.5378520495596133E-002
   8.5389668391126605E-002
   8.5400742854132905E-002
   8.5411756211498435E-002
   8.5422697022558669E-002
   8.5433577465430455E-002
   8.5444386237520931E-002
   8.5455135369975066E-002
   8.5465813696604997E-002
   8.5476433103359062E-002
   8.5486982558807267E-002
   8.5497473805453028E-002
   8.5507895944998968E-002
   8.5518260578234417E-002
   8.5528556938387679E-002
   8.5538796486244295E-002
   8.5548968584970964E-002
   8.5559084557039089E-002
   8.5569133893986127E-002
   8.5579127781637898E-002
