  0.95194942940624883     
  0.92213185851612833     
  0.89550105102334743     
  0.87589004843350837     
  0.85895001780304892     
  0.84619438038980732     
  0.83461419689783511     
  0.82357359967980004     
  0.81260128066624226     
  0.80179767749886854     
  0.79120365096446588     
  0.78146442070189504     
  0.77191725259523414     
  0.76253710018461929     
  0.75357576394337189     
  0.74513081426441530     
  0.73678530585218971     
  0.72888650284469114     
  0.72132200321835527     
  0.71395152381110938     
  0.70706295000072195     
  0.70036657219134069     
  0.69402989579314722     
  0.68807673697470917     
  0.68242152686998903     
  0.67715263119716229     
  0.67265441024175077     
  0.67030531090653600     
  0.66756366779385090     
  0.66445409796516430     
  0.66099863284595883     
  0.65721772336549988     
  0.65313112316904209     
  0.64875849110865114     
  0.64411968784207196     
  0.63923481726094789     
  0.63412408935158227     
  0.62880757952222222     
  0.62330494648011670     
  0.61763562624409007     
  0.61181876663532231     
  0.60587281896432033     
  0.59981522049523361     
  0.59366228875623550     
  0.58742921699453843     
  0.58113009455783515     
  0.57477793426344437     
  0.56838470774282823     
  0.56196138930050132     
  0.55551800640460614     
  0.54906369427462465     
  0.54260675238682043     
  0.53615470126877129     
  0.52971433841895643     
  0.52329179253433344     
  0.51689257548588952     
  0.51052163167600551     
  0.50418338455940170     
  0.49788178117753107     
  0.49162033260190718     
  0.48540215205288517     
  0.47922999011607348     
  0.47310626724019872     
  0.46703310366291623     
  0.46101234690583903     
  0.45504559698723912     
  0.44913422950366710     
  0.44327941673052379     
  0.43748214688782727     
  0.43174324171189193     
  0.42606337246697645     
  0.42044307452360252     
  0.41488276062252449     
  0.40938273293546446     
  0.40394319402592027     
  0.39856425680572460     
  0.39324595357569170     
  0.38798824423180428     
  0.38279102371154794     
  0.37765412874899140     
  0.37257734400128811     
  0.36756040760391079     
  0.36260301620690649     
  0.35770482953985555     
  0.35286547454894901     
  0.34808454914569359     
  0.34336162560317546     
  0.33869625363252914     
  0.33408796316926775     
  0.32953626689640270     
  0.32504066252878255     
  0.32060063488082746     
  0.31621565773776283     
  0.31188519554859384     
  0.30760870495736176     
  0.30338563618766318     
  0.29921543429404096     
  0.29509754029256285     
  0.29103139218175966     
  0.28701642586405718     
  0.28305207597688425     
  0.27913777664178341     
  0.27527296213907826     
  0.27145706751494458     
  0.26768952912710253     
  0.26396978513475816     
  0.26029727593791785     
  0.25667144457071112     
  0.25309173705293309     
  0.24955760270363725     
  0.24606849442024614     
  0.24262386892633570     
  0.23922318699095946     
  0.23586591362211640     
  0.23255151823672382     
  0.22927947480925548     
  0.22604926200098963     
  0.22286036327165581     
  0.21971226697508922     
  0.21660446644037151     
  0.21353646003979393     
  0.21050775124486049     
  0.20751784867144696     
  0.20456626611512296     
  0.20165252257755362     
  0.19877614228482726     
  0.19593665469846905     
  0.19313359451983747     
  0.19036650168853508     
  0.18763492137541898     
  0.18493840397073319     
  0.18227650506784226     
  0.17964878544301277     
  0.17705481103163190     
  0.17449415290123604     
  0.17196638722167940     
  0.16947109523274262     
  0.16700786320946703     
  0.16457628242545602     
  0.16217594911438143     
  0.15980646442990504     
  0.15746743440420063     
  0.15515846990525706     
  0.15287918659312216     
  0.15062920487522530     
  0.14840814986092155     
  0.14621565131536779     
  0.14405134361284960     
  0.14191486568965339     
  0.13980586099657466     
  0.13772397745114873     
  0.13566886738967732     
  0.13364018751911955     
  0.13163759886891091     
  0.12966076674276150     
  0.12770936067049310     
  0.12578305435995629     
  0.12388152564906818     
  0.12200445645801428     
  0.12015153274164048     
  0.11832244444207785     
  0.11651688544161420     
  0.11473455351584916     
  0.11297515028714822     
  0.11123838117841700     
  0.10952395536721937     
  0.10784228609772928     
  0.10625344783870527     
  0.10468505181783971     
  0.10313683519344119     
  0.10160853849012264     
  0.10009990555671999     
   9.8610683524656073E-002
   9.7140622766751950E-002
   9.5689476856483990E-002
   9.4257002527689648E-002
   9.2842959634727551E-002
   9.1447111113074797E-002
   9.0069222940383886E-002
   8.8709064097979518E-002
   8.7366406532803143E-002
   8.6041025119799497E-002
   8.4732697624746556E-002
   8.3441204667520696E-002
   8.2166329685804063E-002
   8.0907858899220253E-002
   7.9665581273903774E-002
   7.8439288487494041E-002
   7.7228774894559704E-002
   7.6033837492435863E-002
   7.4854275887484500E-002
   7.3689892261767254E-002
   7.2540491340125302E-002
   7.1405880357669038E-002
   7.0285869027669756E-002
   6.9180269509846237E-002
   6.8088896379047803E-002
   6.7011566594331717E-002
   6.5948099468418953E-002
   6.4898316637536757E-002
   6.3862042031641364E-002
   6.2839101845010070E-002
   6.1829324507206573E-002
   6.0832540654410572E-002
   5.9848583101109964E-002
   5.8877286812150098E-002
   5.7918488875136731E-002
   5.6972028473189607E-002
   5.6037746858038195E-002
   5.5115487323463164E-002
   5.4205095179070906E-002
   5.3306417724405586E-002
   5.2419304223387142E-002
   5.1543605879076582E-002
   5.0679175808760135E-002
   4.9825869019357150E-002
   4.8983542383134404E-002
   4.8152054613734951E-002
   4.7331266242511161E-002
   4.6521039595160074E-002
   4.5721238768660744E-002
   4.4931729608501669E-002
   4.4254706582590786E-002
   4.3601553421264927E-002
   4.2956804904171086E-002
   4.2320352883499113E-002
   4.1692090602931109E-002
   4.1071912679749301E-002
   4.0459715087166503E-002
   3.9855395136890182E-002
   3.9258851461905331E-002
   3.8669983999480517E-002
   3.8088693974390742E-002
   3.7514883882356798E-002
   3.6948457473698348E-002
   3.6389319737192394E-002
   3.5837376884143901E-002
   3.5292743824110517E-002
   3.4762885135892319E-002
   3.4239844575378431E-002
   3.3723534408537592E-002
   3.3213868030245064E-002
   3.2710759949761692E-002
   3.2214125776394931E-002
   3.1723882205344833E-002
   3.1239947003741109E-002
   3.0762238996840274E-002
   3.0290678054421760E-002
   2.9825185077342664E-002
   2.9365681984274583E-002
   2.8912091698608422E-002
   2.8464338135525735E-002
   2.8022346189239156E-002
   2.7586041720393251E-002
   2.7155351543635020E-002
   2.6730203415332277E-002
   2.6310526021462111E-002
   2.5896248965647350E-002
   2.5487302757350117E-002
   2.5083618800214702E-002
   2.4685129380563886E-002
   2.4291767656041130E-002
   2.3903467644398546E-002
   2.3520164212430195E-002
   2.3141793065048044E-002
   2.2768290734494823E-002
   2.2399594569703085E-002
   2.2035642725782179E-002
   2.1676374153646760E-002
   2.1321728589778655E-002
   2.0971646546113831E-002
   2.0626069300071159E-002
   2.0284938884694625E-002
   1.9948198078936663E-002
   1.9615790398057498E-002
   1.9287660084150948E-002
   1.8963752096792685E-002
   1.8644012103805285E-002
   1.8328386472148739E-002
   1.8016822258921428E-002
   1.7709267202480117E-002
   1.7405669713675187E-002
   1.7105978867195226E-002
   1.6810144393026416E-002
   1.6518116668019944E-002
   1.6229846707568441E-002
   1.5945286157389549E-002
   1.5664387285413639E-002
   1.5387102973779765E-002
   1.5113386710930321E-002
   1.4843192583809839E-002
   1.4576475270164480E-002
   1.4313190030939116E-002
   1.4053292702771447E-002
   1.3796739690586590E-002
   1.3543487960283263E-002
   1.3293495031513780E-002
   1.3046718970564086E-002
   1.2803118383313827E-002
   1.2562652408291686E-002
   1.2325280709829745E-002
   1.2090963471289906E-002
   1.1859661388387233E-002
   1.1631335662598330E-002
   1.1405947994652554E-002
   1.1183460578110038E-002
   1.0963836093013324E-002
   1.0747037699634698E-002
   1.0533029032292918E-002
   1.0321774193254529E-002
   1.0113237746711690E-002
   9.9073847128398063E-003
   9.7041805619260124E-003
   9.5035912085827956E-003
   9.3055830060260192E-003
   9.1101227404329910E-003
   8.9171776253718082E-003
   8.7267152963008687E-003
   8.5387038051389919E-003
   8.3531116149077045E-003
   8.1699075944410282E-003
   7.9890610131653217E-003
   7.8105415359418506E-003
   7.6343192179779695E-003
   7.4603644998078034E-003
   7.2886482023293286E-003
   7.1191415219150622E-003
   6.9518160255760408E-003
   6.7866436461949675E-003
   6.6235966778178668E-003
   6.5361601706013239E-003
   6.7345303077878116E-003
   6.9303478506870242E-003
   7.1236456456621466E-003
   7.3144561164135702E-003
   7.5028112694198734E-003
   7.6887426993058616E-003
   7.8722815941411062E-003
   8.0534587406734248E-003
   8.2323045294903086E-003
   8.4088489601190641E-003
   8.5831216460582338E-003
   8.7551518197441780E-003
   8.9249683374560407E-003
   9.0925996841541012E-003
   9.2580739782592847E-003
   9.4214189763696110E-003
   9.5826620779153604E-003
   9.7418303297547304E-003
   9.8989504307126497E-003
   1.0054048736058196E-002
   1.0207151261924063E-002
   1.0358283689672954E-002
   1.0507471370202248E-002
   1.0654739328199603E-002
   1.0800112266338924E-002
   1.0943614569423166E-002
   1.1085270308477280E-002
   1.1225103244783097E-002
   1.1363136833866361E-002
   1.1499394229431026E-002
   1.1633898287243150E-002
   1.1766671568964049E-002
   1.1897736345936161E-002
   1.2027114602917499E-002
   1.2154828041769927E-002
   1.2280898085099579E-002
   1.2405345879849539E-002
   1.2528192300846563E-002
   1.2649457954305388E-002
   1.2769163181282406E-002
   1.2887328061089387E-002
   1.3003972414659892E-002
   1.3119115807875281E-002
   1.3232777554847086E-002
   1.3344976721155200E-002
   1.3455732127047315E-002
   1.3565062350594737E-002
   1.3672985730808773E-002
   1.3779520370718390E-002
   1.3884684140405779E-002
   1.3988494680002850E-002
   1.4090969402652198E-002
   1.4192125497426988E-002
   1.4291979932213095E-002
   1.4390549456557378E-002
   1.4487850604475994E-002
   1.4583899697228397E-002
   1.4678712846054043E-002
   1.4772305954876441E-002
   1.4864694722969252E-002
   1.4955894647591172E-002
   1.5046412155999667E-002
   1.5135888191776359E-002
   1.5224212864642372E-002
   1.5311400990145940E-002
   1.5397467193191794E-002
   1.5482425910494646E-002
   1.5566291392997811E-002
   1.5649077708266734E-002
   1.5730798742848995E-002
   1.5811468204599999E-002
   1.5891099624986138E-002
   1.5969706361353198E-002
   1.6047301599166452E-002
   1.6123898354222899E-002
   1.6199509474835061E-002
   1.6274147643984493E-002
   1.6347825381450298E-002
   1.6420555045908780E-002
   1.6492348837008119E-002
   1.6563218797413515E-002
   1.6633176814825568E-002
   1.6702234623976908E-002
   1.6770403808599510E-002
   1.6837695803366914E-002
   1.6904121895814139E-002
   1.6969693228230165E-002
   1.7034420799526773E-002
   1.7098315467083181E-002
   1.7161387948567142E-002
   1.7223648823733617E-002
   1.7285108536200244E-002
   1.7345777395195494E-002
   1.7405665577292284E-002
   1.7464783128114059E-002
   1.7523139964015888E-002
   1.7580745873751136E-002
   1.7637610520115810E-002
   1.7693743441565157E-002
   1.7749154053813720E-002
   1.7803851651418956E-002
   1.7857845409335105E-002
   1.7911144384455735E-002
   1.7963757517131085E-002
   1.8015693632669860E-002
   1.8066961442816609E-002
   1.8117569547215440E-002
   1.8167526434851311E-002
   1.8216840485474339E-002
   1.8265519971005562E-002
   1.8313573056924382E-002
   1.8361007803636697E-002
   1.8407832167831151E-002
   1.8454054003809839E-002
   1.8499681064806150E-002
   1.8544721004285947E-002
   1.8589181377232977E-002
   1.8633069641414757E-002
   1.8676393158631899E-002
   1.8719159195955681E-002
   1.8761374926945962E-002
   1.8803047432853104E-002
   1.8844183703809469E-002
   1.8884790639997373E-002
   1.8924875052809265E-002
   1.8964443665991593E-002
   1.9003503116767684E-002
   1.9042059956956403E-002
   1.9080120654066612E-002
   1.9117691592387409E-002
   1.9154779074054273E-002
   1.9191389320107444E-002
   1.9227528471535749E-002
   1.9263202590308337E-002
   1.9298417660388756E-002
   1.9333179588739147E-002
   1.9367494206313673E-002
   1.9401367269033853E-002
   1.9434804458754007E-002
   1.9467811384217826E-002
   1.9500393581993625E-002
   1.9532556517407595E-002
   1.9564305585458852E-002
   1.9595646111725262E-002
   1.9626583353254734E-002
   1.9657122499449065E-002
   1.9687268672933467E-002
   1.9717026930416215E-002
   1.9746402263536744E-002
   1.9775399599701982E-002
   1.9804023802916015E-002
   1.9832279674590003E-002
   1.9860171954356520E-002
   1.9887705320854154E-002
   1.9914884392520205E-002
   1.9941713728363064E-002
   1.9968197828725387E-002
   1.9994341136040816E-002
   2.0020148035577945E-002
   2.0045622856176948E-002
   2.0070769870975225E-002
   2.0095593298122383E-002
   2.0120097301492113E-002
   2.0144285991378519E-002
   2.0168163425180907E-002
   2.0191733608093010E-002
   2.0215000493768454E-002
   2.0237967984986005E-002
   2.0260639934304825E-002
   2.0283020144708397E-002
   2.0305112370245904E-002
   2.0326920316659614E-002
   2.0348447642005274E-002
   2.0369697957270061E-002
   2.0390674826973099E-002
   2.0411381769767090E-002
   2.0431822259027177E-002
   2.0451999723434922E-002
   2.0471917547548735E-002
   2.0491579072378086E-002
   2.0510987595939723E-002
   2.0530146373813229E-002
   2.0549058619684479E-002
   2.0567727505886424E-002
   2.0586156163931557E-002
   2.0604347685035718E-002
   2.0622305120638673E-002
   2.0640031482914933E-002
   2.0657529745276682E-002
   2.0674802842876483E-002
   2.0691853673098448E-002
   2.0708685096041179E-002
   2.0725299935002051E-002
   2.0741700976947719E-002
   2.0757890972983306E-002
   2.0773872638814028E-002
   2.0789648655196613E-002
   2.0805221668395824E-002
   2.0820594290622774E-002
   2.0835769100475354E-002
   2.0850748643370443E-002
   2.0865535431972226E-002
   2.0880131946610758E-002
   2.0894540635699399E-002
   2.0908763916147377E-002
   2.0922804173761134E-002
   2.0936663763649999E-002
   2.0950345010615434E-002
   2.0963850209545276E-002
   2.0977181625797092E-002
   2.0990341495577880E-002
   2.1003332026318766E-002
   2.1016155397046488E-002
   2.1028813758748988E-002
   2.1041309234734684E-002
   2.1053643920991627E-002
   2.1065819886533887E-002
   2.1077839173755275E-002
   2.1089703798765402E-002
   2.1101415751732411E-002
   2.1112976997215149E-002
   2.1124389474493244E-002
   2.1135655097890726E-002
   2.1146775757099445E-002
   2.1157753317494143E-002
   2.1168589620447431E-002
   2.1179286483637094E-002
   2.1189845701350185E-002
   2.1200269044788334E-002
   2.1210558262355850E-002
   2.1220715079964481E-002
   2.1230741201315628E-002
   2.1240638308185122E-002
