  0.95279127208400749     
  0.94331721382286116     
  0.93440501185382274     
  0.92635801190036526     
  0.91869614921419074     
  0.91136980222948416     
  0.90472900832629199     
  0.89886143931044149     
  0.89278599029156958     
  0.88680175572263986     
  0.88128364219731514     
  0.87600102763489396     
  0.87079323594279079     
  0.86595560154790596     
  0.86143055865327844     
  0.85816133019827334     
  0.85494893131651750     
  0.85171867887534869     
  0.84847533412424125     
  0.84522301875278372     
  0.84196531419174936     
  0.83870534466956292     
  0.83544584508496822     
  0.83218921610488772     
  0.82893756913212702     
  0.82569276342190323     
  0.82245643710534222     
  0.81923003341723333     
  0.81601482308132089     
  0.81285574636593405     
  0.80973006730328978     
  0.80661769573795772     
  0.80351935302993294     
  0.80043566689850187     
  0.79736718083358959     
  0.79431436244947551     
  0.79127761092774540     
  0.78825726367155025     
  0.78525360227326391     
  0.78226685788145989     
  0.77935582741697773     
  0.77646918725630365     
  0.77359878036500640     
  0.77074467914930922     
  0.76790692725835386     
  0.76508554226140901     
  0.76228051806638875     
  0.75949182711325103     
  0.75671974941323816     
  0.75403106611920212     
  0.75135728018581249     
  0.74869830659202763     
  0.74605404841059175     
  0.74342439813636907     
  0.74080923897441808     
  0.73820844609300762     
  0.73565745053106590     
  0.73315203385656702     
  0.73065927256432461     
  0.72817903586735899     
  0.72571119053067867     
  0.72325560168835079     
  0.72081213357926288     
  0.71844448078994638     
  0.71609103866688806     
  0.71374797850070149     
  0.71141518318435815     
  0.70909253718026810     
  0.70679879953898794     
  0.70456283454356072     
  0.70233531238666269     
  0.70011614413872025     
  0.69790524331141879     
  0.69570524193060690     
  0.69357681947952332     
  0.69145502973240136     
  0.68933981556350798     
  0.68723112226265537     
  0.68516617290482262     
  0.68313512547671695     
  0.68110905944206834     
  0.67908794934643035     
  0.67708873862513386     
  0.67514143284870343     
  0.67319762656058324     
  0.67125732255049042     
  0.66935709223635520     
  0.66748631325370378     
  0.66561767413757178     
  0.66375208902549010     
  0.66194968522756703     
  0.66014813683012297     
  0.65834749758427336     
  0.65660380600555479     
  0.65486449400877156     
  0.65312491638587156     
  0.65144337122540641     
  0.64976124265595470     
  0.64809899149572814     
  0.64647132414972353     
  0.64484120435125880     
  0.64326401832862878     
  0.64168403774500293     
  0.64014230217913037     
  0.63860900331592041     
  0.63711982200757855     
  0.63563218853885706     
  0.63418733075213851     
  0.63303897878311888     
  0.63210056038950990     
  0.63114463126166265     
  0.63017157623502806     
  0.62918177580059620     
  0.62817560608751410     
  0.62715343884554253     
  0.62611564142771037     
  0.62506257677349419     
  0.62399460339280610     
  0.62291207535104032     
  0.62181534225539647     
  0.62070474924266505     
  0.61958063696863452     
  0.61844334159925318     
  0.61729319480365297     
  0.61613052374912491     
  0.61495565109811168     
  0.61376889500726861     
  0.61257056912862529     
  0.61136098261286687     
  0.61014044011474111     
  0.60890924180058559     
  0.60766768335795585     
  0.60641605600733317     
  0.60515464651587370     
  0.60388373721316146     
  0.60260360600891549     
  0.60131452641260064     
  0.60001676755488476     
  0.59871059421088035     
  0.59739626682510893     
  0.59607404153812049     
  0.59474417021470050     
  0.59340690047359468     
  0.59206247571868076     
  0.59071113517151641     
  0.58935311390519085     
  0.58798864287941011     
  0.58661794897674380     
  0.58524125503996260     
  0.58385877991039847     
  0.58247073846725661     
  0.58107734166781300     
  0.57967879658843235     
  0.57827530646633907     
  0.57686707074208066     
  0.57545428510262053     
  0.57403714152500085     
  0.57261582832051816     
  0.57119053017935428     
  0.56976142821560960     
  0.56832870001268421     
  0.56689251966895970     
  0.56545305784372957     
  0.56401048180333313     
  0.56256495546744811     
  0.56111663945549939     
  0.55966569113314057     
  0.55821226465877127     
  0.55675651103005364     
  0.55529857813038763     
  0.55383861077531571     
  0.55237675075882442     
  0.55091313689950705     
  0.54944790508656727     
  0.54798118832562548     
  0.54651311678431225     
  0.54504381783761702     
  0.54357341611297250     
  0.54210203353505237     
  0.54062978937026263     
  0.53915680027090518     
  0.53768318031899986     
  0.53620904106974476     
  0.53473449159460129     
  0.53325963852399072     
  0.53178458608958545     
  0.53030943616618753     
  0.52883428831318002     
  0.52735923981554145     
  0.52588438572441609     
  0.52440981889722993     
  0.52293563003734367     
  0.52146190773324042     
  0.51998873849723648     
  0.51851620680371435     
  0.51704439512687173     
  0.51557338397798147     
  0.51410325194216200     
  0.51263407571465314     
  0.51116593013659561     
  0.50969888823031484     
  0.50823302123410363     
  0.50676839863650869     
  0.50530508821011610     
  0.50384315604483820     
  0.50238266658070252     
  0.50092368264014464     
  0.49946626545980333     
  0.49801047472182391     
  0.49655636858466984     
  0.49510400371344332     
  0.49365343530972161     
  0.49220471714090785     
  0.49075790156910359     
  0.48931303957950284     
  0.48787018080831290     
  0.48642937357020721     
  0.48499066488531084     
  0.48355410050572628     
  0.48211972494160166     
  0.48068758148674728     
  0.47925771224380265     
  0.47783015814896324     
  0.47640495899626589     
  0.47498215346144423     
  0.47356177912535258     
  0.47214387249696932     
  0.47072846903598098     
  0.46931560317495374     
  0.46790530834109700     
  0.46649761697762643     
  0.46509256056472803     
  0.46369016964013177     
  0.46229047381930011     
  0.46089350181523375     
  0.45949928145790397     
  0.45810783971331515     
  0.45671920270220073     
  0.45533339571836406     
  0.45395044324666262     
  0.45257036898064540     
  0.45119319583984729     
  0.44981894598674699     
  0.44844764084339200     
  0.44707930110769806     
  0.44571394676942544     
  0.44435159712584127     
  0.44299227079706949     
  0.44163598574113616     
  0.44028275926871252     
  0.43893260805756606     
  0.43758554816671641     
  0.43624159505031013     
  0.43490076357121255     
  0.43356306801432498     
  0.43222852209963047     
  0.43089713899497517     
  0.42956893132858676     
  0.42824391120133720     
  0.42692209019875460     
  0.42560347940278631     
  0.42428808940331975     
  0.42297593030946479     
  0.42166701176060389     
  0.42036134293720950     
  0.41905893257144000     
  0.41775978895751142     
  0.41646391996185367     
  0.41517133303305476     
  0.41388203521159528     
  0.41259603313937776     
  0.41131333306905637     
  0.41003394087316969     
  0.40875786205307951     
  0.40748510174772035     
  0.40621566474216431     
  0.40494955547600298     
  0.40368677805155156     
  0.40242733624187721     
  0.40117123349865580     
  0.39991847295986244     
  0.39866905745729547     
  0.39742298952393829     
  0.39618027140116652     
  0.39494090504579571     
  0.39370489213697968     
  0.39247223408296017     
  0.39124293202766985     
  0.39001698685719111     
  0.38879439920607761     
  0.38757516946353798     
  0.38635929777948241     
  0.38514678407044228     
  0.38393762802535758     
  0.38273182911123838     
  0.38152938657870306     
  0.38033029946739783     
  0.37913456661129308     
  0.37794218664386892     
  0.37675315800318177     
  0.37556747893682263     
  0.37438514750676716     
  0.37320616159411657     
  0.37203051890373545     
  0.37085821696878818     
  0.36968925315517231     
  0.36852362466585720     
  0.36736132854512427     
  0.36620236168271514     
  0.36504672081788636     
  0.36389440254337468     
  0.36274540330927479     
  0.36159971942683045     
  0.36045734707213994     
  0.35931828228978147     
  0.35818252099635595     
  0.35705005898395148     
  0.35592089192352916     
  0.35479501536823449     
  0.35367242475663502     
  0.35255311541588408     
  0.35143708256481326     
  0.35032432131695773     
  0.34921482668351156     
  0.34810859357621671     
  0.34700561681018866     
  0.34590589110667591     
  0.34480941109575902     
  0.34371617131898857     
  0.34262616623196196     
  0.34153939020684426     
  0.34045583753482966     
  0.33937550242854930     
  0.33829837902442239     
  0.33722446138495615     
  0.33615374350099103     
  0.33508621929389715     
  0.33402188261771959     
  0.33296072726127368     
  0.33190274695019600     
  0.33084793534894352     
  0.32979628606275169     
  0.32874779263954540     
  0.32770244857180625     
  0.32666024729839649     
  0.32562118220634451     
  0.32458524663258387     
  0.32355243386565569     
  0.32252273714737278     
  0.32149614967444329     
  0.32047266460005597     
  0.31945227503543283     
  0.31843497405134208     
  0.31742075467957731     
  0.31640960991440348     
  0.31540153271396654     
  0.31439651600167373     
  0.31339455266754029     
  0.31239563556950323     
  0.31139975753470700     
  0.31040691136075804     
  0.30941708981694982     
  0.30843028564545838     
  0.30744649156251358     
  0.30646570025953801     
  0.30548790440426099     
  0.30451309664180859     
  0.30354126959576394     
  0.30257241586920680     
  0.30160652804572441     
  0.30064359869040214     
  0.29968362035078766     
  0.29872658555783443     
  0.29777248682682089     
  0.29682131665824929     
  0.29587306753872278     
  0.29492773194180100     
  0.29398530232883513     
  0.29304577114978414     
  0.29210913084401047     
  0.29117537384105519     
  0.29024449256139812     
  0.28931647941719613     
  0.28839132681300517     
  0.28746902714648592     
  0.28654957280908810     
  0.28563295618672357     
  0.28471916966041966     
  0.28380820560695691     
  0.28290005639949212     
  0.28199471440816576     
  0.28109217200069336     
  0.28019242154294477     
  0.27929545539950607     
  0.27840126593423026     
  0.27750984551077240     
  0.27662118649311257     
  0.27573528124606561     
  0.27485212213577748     
  0.27397170153020911     
  0.27309401179960963     
  0.27221904531697705     
  0.27134679445850396     
  0.27047725160401881     
  0.26961040913740864     
  0.26874625944703601     
  0.26788479492614337     
  0.26702600797324683     
  0.26616989099252075     
  0.26531643639417224     
  0.26446563659480438     
  0.26361748401777163     
  0.26277197109352668     
  0.26192909025995526     
  0.26108883396270555     
  0.26025119465550517     
  0.25941616480047469     
  0.25858373686842728     
  0.25775390333916481     
  0.25692665670176373     
  0.25610198945485230     
  0.25527989410688345     
  0.25446036317639953     
  0.25364338919228485     
  0.25282896469401855     
  0.25201708223191654     
  0.25120773436736632     
  0.25040091367305595     
  0.24959661273319905     
  0.24879482414375020     
  0.24799554051261263     
  0.24719875445984685     
  0.24640445861786614     
  0.24561264563163121     
  0.24482330815883624     
  0.24403643887009019     
  0.24325203044909405     
  0.24247007559281158     
  0.24169056701163472     
  0.24091349742954482     
  0.24013885958426950     
  0.23936664622743209     
  0.23859685012470044     
  0.23782946405592775     
  0.23706448081528936     
  0.23630189321141859     
  0.23554169406753256     
  0.23478387622155888     
  0.23402843252625682     
  0.23327535584933234     
  0.23252463907355259     
  0.23177627509685422     
  0.23103025683244871     
  0.23028657720892598     
  0.22954522917034947     
  0.22880620567635335     
  0.22806949970223378     
  0.22733510423903563     
  0.22660301229363855     
  0.22587321688883999     
  0.22514571106342984     
  0.22442048787227131     
  0.22369754038636880     
  0.22297686169294256     
  0.22225844489549162     
  0.22154228311386093     
  0.22082836948430046     
  0.22011669715952809     
  0.21940725930878274     
  0.21870004911787855     
  0.21799505978926037     
  0.21729228454204785     
  0.21659171661208504     
  0.21589334925198606     
  0.21519717573117514     
  0.21450318933592777     
  0.21381138336940969     
  0.21312175115171200     
  0.21243428601988673     
  0.21174898132797765     
  0.21106583044704919     
  0.21038482676521819     
  0.20970596368767824     
  0.20902923463672507     
  0.20835463305177804     
  0.20768215238940463     
  0.20701178612333726     
  0.20634352774449211     
  0.20567737076098547     
  0.20501330869814982     
  0.20435133509854536     
  0.20369144352197316     
  0.20303362754548498     
  0.20237788076339314     
  0.20172419678727788     
  0.20107256924599304     
  0.20042299178567186     
  0.19977545806973113     
  0.19912996177887249     
  0.19848649661108531     
  0.19784505628164500     
  0.19720563452311574     
  0.19656822508534233     
  0.19593282173545268     
  0.19529941825785119     
  0.19466800845421278     
  0.19403858614347830     
  0.19341114516184543     
  0.19278567936276220     
  0.19216218261691653     
  0.19154064881222599     
  0.19092107185382790     
  0.19030344566406732     
  0.18968776418248262     
  0.18907402136579371     
  0.18846221118788692     
  0.18785232763979953     
  0.18724436472970474     
  0.18663831648289442     
  0.18603417694176205     
  0.18543194016578435     
  0.18483160023150169     
  0.18423315123250039     
  0.18363658727939058     
  0.18304190249978786     
  0.18244909103828927     
  0.18185814705645320     
  0.18126906473277643     
  0.18068183826266943     
  0.18009646185843570     
  0.17951292974924454     
  0.17893123618110812     
  0.17835137541685542     
  0.17777334173610621     
  0.17719712943524646     
  0.17662273282739910     
  0.17605014624239879     
  0.17547936402676323     
  0.17491038054366598     
  0.17434319017290700     
  0.17377778731088367     
  0.17321416637056380     
  0.17265232178145257     
  0.17209224798956407     
  0.17153393945739226     
  0.17097739066387840     
  0.17042259610437882     
  0.16986955029063772     
  0.16931824775075105     
  0.16876868302913695     
  0.16822085068650205     
  0.16767474529981058     
  0.16713036146224836     
  0.16658769378319344     
  0.16604673688817972     
  0.16550748541886412     
  0.16496993403299309     
  0.16443407740436766     
  0.16389991022280959     
  0.16336742719412622     
  0.16283662304007585     
  0.16230749249833187     
  0.16178003032244892     
  0.16125423128182759     
  0.16073009016167583     
  0.16020760176297627     
  0.15968676090244899     
  0.15916756241251434     
  0.15865000114125910     
  0.15813407195239670     
  0.15761976972523362     
  0.15710708935463086     
  0.15659602575096687     
  0.15608657384010155     
  0.15557872856333810     
  0.15507248487738673     
  0.15456783775432575     
  0.15406478218156572     
  0.15356331316180993     
  0.15306342571301829     
  0.15256511486836855     
  0.15206837567622028     
  0.15157320320007300     
  0.15107959251853154     
  0.15058753872526692     
  0.15009703692897663     
  0.14960808225334854     
  0.14912066983702199     
  0.14863479483354769     
  0.14815045241135155     
  0.14766763775369474     
  0.14718634605863457     
  0.14670657253898711     
  0.14622831242228923     
  0.14575156095075747     
  0.14527631338125108     
  0.14480256498523186     
  0.14433031104872746     
  0.14385954687229069     
  0.14339026777096153     
  0.14292246907422768     
  0.14245614612598634     
  0.14199129428450508     
  0.14152790892238232     
  0.14106598542650906     
  0.14060551919803044     
  0.14014650565230558     
  0.13968894021886924     
  0.13923281834139378     
  0.13877813547764850     
  0.13832488709946222     
  0.13787306869268312     
  0.13742267575714195     
  0.13697370380661078     
  0.13652614836876520     
  0.13608000498514583     
  0.13563526921111890     
  0.13519193661583762     
  0.13475000278220395     
  0.13430946330682902     
  0.13387031379999526     
  0.13343254988561737     
  0.13299616720120366     
  0.13256116139781637     
  0.13212752814003470     
  0.13169526310591673     
  0.13126436198695934     
  0.13083482048805961     
  0.13040663432747879     
  0.12997979923680014     
  0.12955431096089431     
  0.12913016525787979     
  0.12870735789908405     
  0.12828588466900492     
  0.12786574136527429     
  0.12744692379861911     
  0.12702942779282289     
  0.12661324918468753     
  0.12619838382399762     
  0.12578482757347964     
  0.12537257630876586     
  0.12496162591835680     
  0.12455197230358328     
  0.12414361137856755     
  0.12373653907018756     
  0.12333075131803772     
  0.12292624407439345     
  0.12252301330417215     
  0.12212105498489678     
  0.12172036510665807     
  0.12132093967207846     
  0.12092277469627399     
  0.12052586620681538     
  0.12013021024369719     
  0.11973580285929297     
  0.11934264011832485     
  0.11895071809782332     
  0.11856003288709205     
  0.11817058058767105     
  0.11778235731329856     
  0.11739535918987687     
  0.11700958235543557     
  0.11662502296009403     
  0.11624167716602551     
  0.11585954114742170     
  0.11547861109045632     
  0.11509888319324912     
  0.11472035366583055     
  0.11434301873010266     
  0.11396687461980926     
  0.11359191758049492     
  0.11321814386947238     
  0.11284554975578565     
  0.11247413152017460     
  0.11210388545504024     
  0.11173480786440881     
  0.11136689506389730     
  0.11100014338067821     
  0.11063454915344340     
  0.11027010873237086     
  0.10990681847908879     
  0.10954467476664087     
  0.10918367397945050     
  0.10882381251328965     
  0.10846508677523969     
  0.10810749318366053     
  0.10775102816815529     
  0.10739568816953504     
  0.10704146963978522     
  0.10668836904203149     
  0.10633638285050639     
  0.10598550755051428     
  0.10563573963839834     
  0.10528707562150696     
  0.10493951201815777     
  0.10459304535760738     
  0.10424767218001585     
  0.10390338903641383     
  0.10356019248866821     
  0.10321807910945102     
  0.10287704548220444     
  0.10253708820110874     
  0.10219820387104717     
  0.10186038910757733     
  0.10152364053689356     
  0.10118795479579590     
  0.10085332853166062     
  0.10051975840240268     
  0.10018724107644628     
   9.9855773232691458E-002
   9.9525351560482145E-002
   9.9195972759573703E-002
   9.8867633540101307E-002
   9.8540330622546413E-002
   9.8214060737707554E-002
   9.7888820626665707E-002
   9.7564607040754092E-002
   9.7241416741525644E-002
   9.6919246500722256E-002
   9.6598093100242144E-002
   9.6277953332110089E-002
   9.5958823998444687E-002
   9.5640701911426484E-002
   9.5323583893269115E-002
   9.5007466776185878E-002
   9.4692347402360877E-002
   9.4378222623916486E-002
   9.4065089302882821E-002
   9.3752944311167541E-002
   9.3441784530525318E-002
   9.3131606852525861E-002
   9.2822408178524496E-002
   9.2514185419632633E-002
   9.2206935496686349E-002
   9.1900655340215742E-002
   9.1595341890414961E-002
   9.1290992097114110E-002
   9.0987602919747390E-002
   9.0685171327323122E-002
   9.0383694298394879E-002
   9.0083168821030846E-002
   8.9783591892785841E-002
   8.9484960520669787E-002
   8.9187271721118844E-002
   8.8890522519966764E-002
   8.8594709952416251E-002
   8.8299831063007650E-002
   8.8005882905590083E-002
   8.7712862543295023E-002
   8.7420767048505210E-002
   8.7129593502826563E-002
   8.6839338997057425E-002
   8.6550000631163249E-002
   8.6261575514245070E-002
   8.5974060764512306E-002
   8.5687453509255440E-002
   8.5401750884815275E-002
   8.5116950036556727E-002
   8.4833048118838184E-002
   8.4550042294986860E-002
   8.4267929737268044E-002
   8.3986707626857227E-002
   8.3706373153814351E-002
   8.3426923517054385E-002
   8.3148355924318684E-002
   8.2870667592152003E-002
   8.2593855745868194E-002
   8.2317917619528336E-002
   8.2042850455909644E-002
   8.1768651506481493E-002
   8.1495318031375774E-002
   8.1222847299360579E-002
   8.0951236587813113E-002
   8.0680483182693719E-002
   8.0410584378517669E-002
   8.0141537478327862E-002
   7.9873339793669396E-002
   7.9605988644563364E-002
   7.9339481359478992E-002
   7.9073815275308990E-002
   7.8808987737339686E-002
   7.8544996099228936E-002
   7.8281837722975922E-002
   7.8019509978899060E-002
   7.7758010245607245E-002
   7.7497335909973208E-002
   7.7237484367110310E-002
   7.6978453020344784E-002
   7.6720239281190095E-002
   7.6462840569321511E-002
   7.6206254312551569E-002
   7.5950477946804318E-002
   7.5695508916086895E-002
   7.5441344672466881E-002
   7.5187982676047760E-002
   7.4935420394941166E-002
   7.4683655305244345E-002
   7.4432684891013290E-002
   7.4182506644238755E-002
   7.3933118064818837E-002
   7.3684516660538879E-002
   7.3436699947042605E-002
   7.3189665447808694E-002
   7.2943410694127131E-002
   7.2697933225073230E-002
   7.2453230587484208E-002
   7.2209300335934534E-002
   7.1966140032710957E-002
   7.1723747247789627E-002
   7.1482119558810231E-002
   7.1241254551053013E-002
   7.1001149817416342E-002
   7.0761802958388298E-002
   7.0523211582028011E-002
   7.0285373303936804E-002
   7.0048285747239092E-002
   6.9811946542555736E-002
   6.9576353327982510E-002
   6.9341503749064781E-002
   6.9107395458775089E-002
   6.8874026117489384E-002
   6.8641393392963490E-002
   6.8409494960311124E-002
   6.8178328501979246E-002
   6.7947891707727193E-002
   6.7718182274600247E-002
   6.7489197906910658E-002
   6.7260936316210662E-002
   6.7033395221273162E-002
   6.6806572348067639E-002
   6.6580465429738278E-002
   6.6355072206579213E-002
   6.6130390426013985E-002
   6.5906417842573006E-002
   6.5683152217870910E-002
   6.5460591320583572E-002
   6.5238732926427012E-002
   6.5017574818134416E-002
   6.4797114785434151E-002
   6.4577350625028895E-002
   6.4358280140572544E-002
   6.4139901142647338E-002
   6.3922211448744215E-002
   6.3705208883240383E-002
   6.3488891277376558E-002
   6.3273256469236427E-002
   6.3058302303725222E-002
   6.2844026632547179E-002
   6.2630427314185333E-002
   6.2417502213879761E-002
   6.2205249203605595E-002
   6.1993666162052374E-002
   6.1782750974604284E-002
   6.1572501533315838E-002
   6.1362915736894008E-002
   6.1153991490675130E-002
   6.0945726706605696E-002
   6.0738119303220928E-002
   6.0531167205623237E-002
   6.0324868345461025E-002
   6.0119220660911576E-002
   5.9914222096657532E-002
   5.9709870603866011E-002
   5.9506164140169737E-002
   5.9303100669644948E-002
   5.9100678162793630E-002
   5.8898894596522422E-002
   5.8697747954120194E-002
   5.8497236225240168E-002
   5.8297357405879380E-002
   5.8098109498358141E-002
   5.7899490511302831E-002
   5.7701498459621026E-002
   5.7504238444541222E-002
   5.7309864739505945E-002
   5.7116104570308801E-002
   5.6922956000404645E-002
   5.6730417099361774E-002
   5.6538485942838279E-002
   5.6347160612566838E-002
   5.6156439196332175E-002
   5.5966319787953744E-002
   5.5776800487267075E-002
   5.5587879400104012E-002
   5.5399554638273285E-002
   5.5211824319544411E-002
   5.5024686567624936E-002
   5.4838139512144779E-002
   5.4652181288634916E-002
   5.4466810038513058E-002
   5.4282023909060340E-002
   5.4097821053403661E-002
   5.3914199630501591E-002
   5.3731157805121055E-002
   5.3548693747821008E-002
   5.3366805634933456E-002
   5.3185491648547356E-002
   5.3004749976487742E-002
   5.2824578812298184E-002
   5.2644976355223361E-002
   5.2465940810193179E-002
   5.2287470387800794E-002
   5.2109563304287065E-002
   5.1932217781522128E-002
   5.1755432046988736E-002
   5.1579204333762951E-002
   5.1403532880497593E-002
   5.1228415931403704E-002
   5.1053851736235445E-002
   5.0879838550269230E-002
   5.0706374634286955E-002
   5.0533458254561014E-002
   5.0361087682835759E-002
   5.0189261196310064E-002
   5.0017977077619458E-002
   4.9847233614818909E-002
   4.9677029101368286E-002
   4.9507361836111596E-002
   4.9338230123262439E-002
   4.9169632272387465E-002
   4.9001566598387503E-002
   4.8834031421481905E-002
   4.8667025067192227E-002
   4.8500545866323130E-002
   4.8334592154949063E-002
   4.8169162274396049E-002
   4.8004254571225036E-002
   4.7839867397214131E-002
   4.7675999109345057E-002
   4.7512648069784391E-002
   4.7349812645868350E-002
   4.7187491210086363E-002
   4.7025682140063307E-002
   4.6864383818546629E-002
   4.6703594633385692E-002
   4.6543312977519680E-002
   4.6383537248959161E-002
   4.6224265850771773E-002
   4.6065497191065785E-002
   4.5907229682971562E-002
   4.5749461744630127E-002
   4.5592191799174286E-002
   4.5435418274713979E-002
   4.5279139604320284E-002
   4.5123354226009105E-002
   4.4968060582728842E-002
   4.4813257122339079E-002
   4.4658942297599924E-002
   4.4505114566155801E-002
   4.4351772390518351E-002
   4.4198914238051112E-002
   4.4046538580955530E-002
   4.3894643896255525E-002
   4.3743228665782286E-002
   4.3592291376158276E-002
   4.3441830518782365E-002
   4.3291844589815165E-002
   4.3142332090164159E-002
   4.2993291525466604E-002
   4.2844721406078867E-002
   4.2696620247058337E-002
   4.2548986568149316E-002
   4.2401818893767040E-002
   4.2255115752985017E-002
   4.2108875679519153E-002
   4.1963097211714651E-002
   4.1817778892529023E-002
   4.1672919269517883E-002
   4.1528516894823064E-002
   4.1384570325154635E-002
   4.1241078121780128E-002
   4.1098038850505003E-002
   4.0955451081665095E-002
   4.0813313390106187E-002
   4.0671624355173575E-002
   4.0530382560695632E-002
   4.0389586594972715E-002
   4.0249235050757171E-002
   4.0109326525246680E-002
   3.9969859620065162E-002
   3.9830832941251226E-002
   3.9692245099241408E-002
   3.9554094708860066E-002
   3.9416380389302952E-002
   3.9279100764124109E-002
   3.9142254461221326E-002
   3.9005840112825152E-002
   3.8869856355481569E-002
   3.8734301830041007E-002
   3.8599175181643353E-002
   3.8464475059705516E-002
   3.8330200117906443E-002
   3.8196349014176012E-002
   3.8062920410679157E-002
   3.7929912973802993E-002
   3.7797325374145152E-002
   3.7665156286499024E-002
   3.7533404389839764E-002
   3.7402068367314079E-002
   3.7271146906224462E-002
   3.7140638698016537E-002
   3.7010542438265737E-002
   3.6880856826664754E-002
   3.6751580567011888E-002
   3.6622712367195609E-002
   3.6494250939183570E-002
   3.6366194999008616E-002
   3.6238543266755463E-002
   3.6111294466549926E-002
   3.5984447326544600E-002
   3.5858000578906202E-002
   3.5731952959804247E-002
   3.5606303209395618E-002
   3.5481050071816234E-002
   3.5356192295163846E-002
   3.5231728631488157E-002
   3.5107657836779160E-002
   3.4983978670952487E-002
   3.4860689897837971E-002
   3.4737790285167103E-002
   3.4615278604561817E-002
   3.4493153631519280E-002
   3.4371414145404011E-002
   3.4250058929433780E-002
   3.4129086770664840E-002
   3.4008496459982163E-002
   3.3888286792088884E-002
   3.3768456565491767E-002
   3.3649004582489206E-002
   3.3529929649161350E-002
   3.3411230575355888E-002
   3.3292906174677506E-002
   3.3174955264475670E-002
   3.3057376665833194E-002
   3.2940169203552472E-002
   3.2823331706148040E-002
   3.2706863005829367E-002
   3.2590761938494306E-002
   3.2475027343713214E-002
   3.2359658064720631E-002
   3.2244652948401620E-002
   3.2130010845281221E-002
   3.2015730609513349E-002
   3.1901811098866584E-002
   3.1788251174717286E-002
   3.1675049702035385E-002
   3.1562205549371947E-002
   3.1449717588850512E-002
   3.1337584696155441E-002
   3.1225805750518032E-002
   3.1114379634708866E-002
   3.1003305235025147E-002
   3.0892581441277600E-002
   3.0782207146783036E-002
   3.0672181248349806E-002
   3.0562502646269474E-002
   3.0453170244305494E-002
   3.0344182949680443E-002
   3.0235539673066358E-002
   3.0127239328572752E-002
   3.0019280833739836E-002
   2.9911663109520648E-002
   2.9804385080277496E-002
   2.9697445673765199E-002
   2.9590843821123536E-002
   2.9484578456869248E-002
   2.9378648518877948E-002
   2.9273052948380118E-002
   2.9167790689947126E-002
   2.9062860691482784E-002
   2.8958261904212801E-002
   2.8853993282670021E-002
   2.8750053784689533E-002
   2.8646442371396241E-002
   2.8543158007192315E-002
   2.8440199659751753E-002
   2.8337566300004502E-002
   2.8235256902128136E-002
   2.8133270443542080E-002
   2.8031605904888290E-002
   2.7930262270030703E-002
   2.7829238526038358E-002
   2.7728533663178845E-002
   2.7628146674906096E-002
   2.7528076557850722E-002
   2.7428322311811359E-002
   2.7328882939743226E-002
   2.7229757447749692E-002
   2.7130944845069949E-002
   2.7032444144071244E-002
   2.6934254360237220E-002
   2.6836374512161032E-002
   2.6738803621532137E-002
   2.6641540713128742E-002
   2.6544584814806149E-002
   2.6447934957490538E-002
   2.6351590175164530E-002
   2.6255549504860753E-002
   2.6159811986652182E-002
   2.6064376663640809E-002
   2.5969242581949548E-002
   2.5874408790711456E-002
   2.5779874342062081E-002
   2.5685638291128243E-002
   2.5591699696019377E-002
   2.5498057617817760E-002
   2.5404711120570189E-002
   2.5311659271276876E-002
   2.5218901139882788E-002
   2.5126435799268987E-002
   2.5034262325243972E-002
   2.4942379796531355E-002
   2.4850787294764531E-002
   2.4759483904475355E-002
   2.4668468713083702E-002
   2.4578912910259043E-002
   2.4490566949148751E-002
   2.4402499851829851E-002
   2.4314710738069567E-002
   2.4227198730414790E-002
   2.4139962954180860E-002
   2.4053002537444468E-002
   2.3966316611035210E-002
   2.3879904308525379E-002
   2.3793764766222303E-002
   2.3707897123159460E-002
   2.3622300521087936E-002
   2.3536974104468866E-002
   2.3451917020463120E-002
   2.3367128418922634E-002
   2.3282607452383863E-002
   2.3198353276058459E-002
   2.3114365047823715E-002
   2.3030641928216355E-002
   2.2947183080421540E-002
   2.2863987670266650E-002
   2.2781054866212291E-002
   2.2698383839342418E-002
   2.2615973763359443E-002
   2.2533823814572029E-002
   2.2451933171890315E-002
   2.2370301016815586E-002
   2.2288926533432840E-002
   2.2207808908401572E-002
   2.2126947330950109E-002
   2.2046340992865288E-002
   2.1965989088484905E-002
   2.1885890814690501E-002
   2.1806045370897142E-002
   2.1726451959048654E-002
   2.1647109783607177E-002
   2.1568018051545290E-002
   2.1489175972339680E-002
   2.1410582757961927E-002
   2.1332237622871841E-002
   2.1254139784007253E-002
   2.1176288460778570E-002
   2.1098682875060226E-002
   2.1021322251183139E-002
   2.0944205815926042E-002
   2.0867332798507499E-002
   2.0790702430581454E-002
   2.0714313946223695E-002
   2.0638166581931294E-002
   2.0562259576609176E-002
   2.0486592171564566E-002
   2.0411163610500327E-002
   2.0335973139506636E-002
   2.0266982290320090E-002
   2.0201529528861673E-002
   2.0136283368885732E-002
   2.0071243158254592E-002
   2.0006408246891261E-002
   1.9941777986768550E-002
   1.9877351731905635E-002
   1.9813128838359950E-002
   1.9749108664222748E-002
   1.9685290569611436E-002
   1.9621673916661697E-002
   1.9558258069524714E-002
   1.9495042394357398E-002
   1.9432026259316837E-002
   1.9369209034555079E-002
   1.9306590092213027E-002
   1.9244168806413553E-002
   1.9181944553253949E-002
   1.9119916710800711E-002
   1.9058084659083985E-002
   1.8996447780091130E-002
   1.8935005457760501E-002
   1.8873757077974340E-002
   1.8812702028553674E-002
   1.8751839699251427E-002
   1.8691169481748648E-002
   1.8630690769643854E-002
   1.8570402958450694E-002
   1.8510305445590514E-002
   1.8450397630388027E-002
   1.8390678914063097E-002
   1.8331148699725852E-002
   1.8271806392370360E-002
   1.8212651398868518E-002
   1.8153683127964504E-002
   1.8094900990269669E-002
   1.8036304398255099E-002
   1.7977892766245174E-002
   1.7919665510414573E-002
   1.7861622048781722E-002
   1.7803761801199358E-002
   1.7746084189353417E-002
   1.7688588636754710E-002
   1.7631274568733368E-002
   1.7574141412434185E-002
   1.7517188596810729E-002
   1.7460415552616682E-002
   1.7403821712404732E-002
   1.7347406510517915E-002
   1.7291169383084615E-002
   1.7235109768014123E-002
   1.7179227104988648E-002
   1.7123520835458983E-002
   1.7067990402639843E-002
   1.7012635251503760E-002
   1.6957454828774310E-002
   1.6902448582921559E-002
   1.6847615964157292E-002
   1.6792956424427241E-002
   1.6738469417408086E-002
   1.6684154398501017E-002
   1.6630010824826180E-002
   1.6576038155216910E-002
   1.6522235850214728E-002
   1.6468603372064461E-002
   1.6415140184709132E-002
   1.6361845753781745E-002
   1.6308719546602624E-002
   1.6255761032174409E-002
   1.6202969681175294E-002
   1.6150344965955021E-002
   1.6097886360527780E-002
   1.6045593340567987E-002
   1.5993465383406291E-002
   1.5941501968022020E-002
   1.5889702575039411E-002
   1.5838066686722496E-002
   1.5786593786969338E-002
   1.5735283361306251E-002
   1.5684134896884916E-002
   1.5633147882474163E-002
   1.5582321808458088E-002
   1.5531656166829277E-002
   1.5481150451182479E-002
   1.5430804156712052E-002
   1.5380616780205747E-002
   1.5330587820039265E-002
   1.5280716776170711E-002
   1.5231003150138811E-002
   1.5181446445054703E-002
   1.5132046165597712E-002
   1.5082850307727602E-002
   1.5034040600898524E-002
   1.4985384961799020E-002
   1.4936882904113880E-002
   1.4888533943063775E-002
   1.4840337595399822E-002
   1.4792293379397137E-002
   1.4744400814854508E-002
   1.4696659423082181E-002
   1.4649068726905856E-002
   1.4601628250653698E-002
   1.4554337520157001E-002
   1.4507196062745420E-002
   1.4460203407236416E-002
   1.4413359083938149E-002
   1.4366662624640592E-002
   1.4320113562611425E-002
   1.4273711432590930E-002
   1.4227455770788877E-002
   1.4181346114879423E-002
   1.4135382003994446E-002
   1.4089562978722214E-002
   1.4043888581100061E-002
   1.3998358354609941E-002
   1.3952971844177098E-002
   1.3907728596162849E-002
   1.3862628158358259E-002
   1.3817670079984801E-002
   1.3772853911684257E-002
   1.3728179205517388E-002
   1.3683645514960485E-002
   1.3639252394897938E-002
   1.3594999401618013E-002
   1.3550886092811965E-002
   1.3506912027565487E-002
   1.3463076766357163E-002
   1.3419379871052572E-002
   1.3375820904899971E-002
   1.3332399432525621E-002
   1.3289115019931796E-002
   1.3245967234488898E-002
   1.3202955644933678E-002
   1.3160079821364246E-002
   1.3117339335235512E-002
   1.3074733759355306E-002
   1.3032262667879602E-002
   1.2989925636308963E-002
   1.2947722241483661E-002
   1.2905652061579453E-002
   1.2863714676103477E-002
   1.2821909665890252E-002
   1.2780236613097573E-002
   1.2738695101203401E-002
   1.2697284714997870E-002
   1.2656005040583396E-002
   1.2614855665369018E-002
   1.2573836178065734E-002
   1.2532946168681836E-002
   1.2492185228521469E-002
   1.2451552950176636E-002
   1.2411048927527757E-002
   1.2370672755735890E-002
   1.2330424031240184E-002
   1.2290302351753324E-002
   1.2250307316256759E-002
   1.2210438525001144E-002
   1.2170695579494906E-002
   1.2131078082508573E-002
   1.2091585638062119E-002
   1.2052217851427960E-002
   1.2012974329125070E-002
   1.1973854678912210E-002
   1.1934858509787150E-002
   1.1895985431984113E-002
   1.1857235056963122E-002
   1.1818606997414438E-002
   1.1780100867249454E-002
   1.1741716281598591E-002
   1.1703452856806629E-002
   1.1665310210428714E-002
   1.1627287961229249E-002
   1.1589385729174673E-002
   1.1551603135431465E-002
   1.1513939802359929E-002
   1.1476395353515190E-002
   1.1438969413639644E-002
   1.1401661608660074E-002
   1.1364471565683432E-002
   1.1327398912994391E-002
   1.1290443280050688E-002
   1.1253604297479902E-002
   1.1216881597075568E-002
   1.1180274811792956E-002
   1.1143783575746857E-002
   1.1107407524205248E-002
   1.1071146293588741E-002
   1.1034999521467026E-002
   1.0998966846550551E-002
   1.0963047908691737E-002
   1.0927242348880539E-002
   1.0891549809239010E-002
   1.0855969933018961E-002
   1.0820502364598972E-002
   1.0785146749479280E-002
   1.0749902734280226E-002
   1.0714769966736704E-002
   1.0679748095695718E-002
   1.0644836771112165E-002
   1.0610035644046723E-002
   1.0575344366662631E-002
   1.0540762592216590E-002
   1.0506289975065641E-002
   1.0471926170653290E-002
   1.0437670835513946E-002
   1.0403523627263045E-002
   1.0369484204599821E-002
   1.0335552227297540E-002
   1.0301727356206158E-002
   1.0268009253244781E-002
   1.0234397581399657E-002
   1.0200892004722850E-002
   1.0167492188323912E-002
   1.0134197798371103E-002
   1.0101008502086062E-002
   1.0067923967740589E-002
   1.0034943864653312E-002
   1.0002067863189690E-002
   9.9692956347505746E-003
   9.9366268517782075E-003
   9.9040611877458939E-003
   9.8715983171605570E-003
   9.8392379155531895E-003
   9.8069796594819625E-003
   9.7748232265237878E-003
   9.7427682952745398E-003
   9.7108145453448369E-003
   9.6789616573560444E-003
   9.6472093129372771E-003
   9.6155571947221796E-003
   9.5840049863483712E-003
   9.5525523724506733E-003
   9.5211990386574463E-003
   9.4899446715935865E-003
   9.4587889588693130E-003
   9.4277315890830549E-003
   9.3967722518157881E-003
   9.3659106376268175E-003
   9.3351464380552196E-003
   9.3044793456102948E-003
   9.2739090537756752E-003
   9.2434352569991107E-003
   9.2130576506941342E-003
   9.1827759312358426E-003
   9.1525897959585656E-003
   9.1224989431493153E-003
   9.0925030720504507E-003
   9.0626018828512400E-003
   9.0327950766897480E-003
   9.0030823556457307E-003
   8.9734634227393029E-003
   8.9439379819282738E-003
   8.9145057381057047E-003
   8.8851663970955785E-003
   8.8559196656503580E-003
   8.8267652514472106E-003
   8.7977028630885634E-003
   8.7687322100946652E-003
   8.7398530029013655E-003
   8.7110649528618911E-003
   8.6823677722381865E-003
   8.6537611742010245E-003
   8.6252448728268982E-003
   8.5968185830955779E-003
   8.5684820208844492E-003
   8.5402349029684022E-003
   8.5120769470178326E-003
   8.4840078715928691E-003
   8.4560273961414856E-003
   8.4281352409992794E-003
   8.4003311273820325E-003
   8.3726147773878212E-003
   8.3449859139912430E-003
   8.3174442610404187E-003
   8.2899895432556603E-003
   8.2626214862270286E-003
   8.2353398164093372E-003
   8.2081442611221522E-003
   8.1810345485443525E-003
   8.1540104077141295E-003
   8.1270715685248796E-003
   8.1002177617214288E-003
   8.0734487188998116E-003
   8.0467641725023853E-003
   8.0201638558151656E-003
   7.9936475029700471E-003
   7.9672148489328132E-003
   7.9408656295102409E-003
   7.9145995813393322E-003
   7.8884164418911995E-003
   7.8623159494644046E-003
   7.8362978431837371E-003
   7.8103618629983274E-003
   7.7845077496772053E-003
   7.7587352448075242E-003
   7.7330440907922293E-003
   7.7074340308476152E-003
   7.6819048089993291E-003
   7.6564561700840361E-003
   7.6310878597400933E-003
   7.6057996244121018E-003
   7.5805912113421359E-003
   7.5554623685726297E-003
   7.5304128449401597E-003
   7.5054423900715594E-003
   7.4805507543892480E-003
   7.4557376891009053E-003
   7.4310029461971405E-003
   7.4063462784534906E-003
   7.3817674394274224E-003
   7.3572661834521158E-003
   7.3328422656372405E-003
   7.3084954418645154E-003
   7.2842254687871533E-003
   7.2600321038251980E-003
   7.2359151051664128E-003
   7.2118742317598405E-003
   7.1879092433180247E-003
   7.1640199003085714E-003
   7.1402059639574800E-003
   7.1164671962427040E-003
   7.0928033598961493E-003
   7.0692142183963469E-003
   7.0456995359704511E-003
   7.0222590775858018E-003
   6.9988926089572523E-003
   6.9755998965350674E-003
   6.9523807075068111E-003
   6.9292348097981238E-003
   6.9061619720641731E-003
   6.8831619636914310E-003
   6.8602345547935650E-003
   6.8373795162112172E-003
   6.8145966195066743E-003
   6.7918856369648672E-003
   6.7692463415898185E-003
   6.7466785071006452E-003
   6.7241819079306708E-003
   6.7017563192250940E-003
   6.6794015168413212E-003
   6.6571172773419729E-003
   6.6349033779945499E-003
   6.6127595967716557E-003
   6.5906857123453344E-003
   6.5686815040857383E-003
   6.5467467520603506E-003
   6.5248812370310993E-003
   6.5030847404513592E-003
   6.4813570444651747E-003
   6.4596979319028192E-003
   6.4381071862816830E-003
   6.4165845918005004E-003
   6.3951299333414591E-003
   6.3737429964640935E-003
   6.3524235674052854E-003
   6.3311714330779312E-003
   6.3099863810649470E-003
   6.2888681996214890E-003
   6.2678166776707345E-003
   6.2468316048025496E-003
   6.2259127712709361E-003
   6.2050599679889240E-003
   6.1842729865355661E-003
   6.1635516191426154E-003
   6.1428956586999650E-003
   6.1223048987512074E-003
   6.1017791334907479E-003
   6.0813181577619169E-003
   6.0609217670573035E-003
   6.0405897575148693E-003
   6.0203219259148399E-003
   6.0001180696809264E-003
   5.9799779868745517E-003
   5.9599014761959612E-003
   5.9398883369781164E-003
   5.9199383691893592E-003
   5.9000513734293047E-003
   5.8802271509281745E-003
   5.8604655035410236E-003
   5.8407662337495170E-003
   5.8211291446599311E-003
   5.8015540399981580E-003
   5.7820407241111482E-003
   5.7625890019613601E-003
   5.7431986791308676E-003
   5.7238695618102575E-003
   5.7046014568062908E-003
   5.6853941715325762E-003
   5.6662475140124569E-003
   5.6471612928743475E-003
   5.6281353173499582E-003
   5.6091693972766254E-003
   5.5902633430867654E-003
   5.5714169658156454E-003
   5.5526300770925019E-003
   5.5339024891414290E-003
   5.5152340147812673E-003
   5.4966244674180542E-003
   5.4780736610504643E-003
   5.4595814102619267E-003
   5.4411475302215129E-003
   5.4227718366827160E-003
   5.4044541459794537E-003
   5.3861942750261793E-003
   5.3679920413149951E-003
   5.3498472629145422E-003
   5.3317597584672249E-003
   5.3137293471864355E-003
   5.2957558488595513E-003
   5.2778390838411626E-003
   5.2599788730515185E-003
   5.2421750379773036E-003
   5.2244274006673086E-003
   5.2067357837368711E-003
   5.1891000103558849E-003
   5.1715199042544624E-003
   5.1539952897192709E-003
   5.1365259915896466E-003
   5.1191118352619247E-003
   5.1017526466791141E-003
   5.0844482523372259E-003
   5.0671984792777236E-003
   5.0500031550885227E-003
   5.0328621079019920E-003
   5.0157751663928440E-003
   4.9987421597765813E-003
   4.9817629178081635E-003
   4.9648372707788990E-003
   4.9479650495165561E-003
   4.9311460853841416E-003
   4.9143802102742384E-003
   4.8976672566116708E-003
   4.8810070573507280E-003
   4.8643994459726114E-003
   4.8478442564823254E-003
   4.8313413234105651E-003
   4.8148904818101634E-003
   4.7984915672539818E-003
   4.7821444158362425E-003
   4.7658488641662000E-003
   4.7496047493683635E-003
   4.7334119090824966E-003
   4.7172701814619522E-003
   4.7011794051677880E-003
   4.6851394193735407E-003
   4.6691500637597860E-003
   4.6532111785105856E-003
   4.6373226043178173E-003
   4.6214841823741803E-003
   4.6056957543737509E-003
   4.5899571625113156E-003
   4.5742682494800402E-003
   4.5586288584672507E-003
   4.5430388331586524E-003
   4.5274980177293367E-003
   4.5120062568488883E-003
   4.4965633956776108E-003
   4.4811692798639724E-003
   4.4658237555422753E-003
   4.4505266693343204E-003
   4.4352778683444116E-003
   4.4200772001622424E-003
   4.4049245128546799E-003
   4.3898196549713164E-003
   4.3747624755380299E-003
   4.3597528240582051E-003
   4.3447905505092921E-003
   4.3298755053444715E-003
   4.3150075394869924E-003
   4.3001865043299503E-003
   4.2854122517375082E-003
   4.2706846340412330E-003
   4.2560035040368760E-003
   4.2413687149868151E-003
   4.2267801206165023E-003
   4.2122375751123542E-003
   4.1977409331200866E-003
   4.1832900497463799E-003
   4.1688847805539941E-003
   4.1545249815616581E-003
   4.1402105092429586E-003
   4.1259412205244539E-003
   4.1117169727843406E-003
   4.0975376238500116E-003
   4.0834030319996106E-003
   4.0693130559572577E-003
   4.0552675548923833E-003
   4.0412663884207278E-003
   4.0273094166004553E-003
   4.0133964999299332E-003
   3.9995274993499530E-003
   3.9857022762397332E-003
   3.9719206924166972E-003
   3.9581826101314777E-003
   3.9444878920724680E-003
   3.9308364013614927E-003
   3.9172280015501437E-003
   3.9036625566224448E-003
   3.8901399309919649E-003
   3.8766599894988207E-003
   3.8632225974105650E-003
   3.8498276204218529E-003
   3.8364749246474483E-003
   3.8231643766281076E-003
   3.8098958433239183E-003
   3.7966691921159645E-003
   3.7834842908014421E-003
   3.7703410075994315E-003
   3.7572392111426822E-003
   3.7441787704767249E-003
   3.7311595550634236E-003
   3.7181814347746478E-003
   3.7052442798929386E-003
   3.6923479611126186E-003
   3.6794923495340193E-003
   3.6666773166641464E-003
   3.6539027344171249E-003
   3.6411684751105344E-003
   3.6284744114654099E-003
   3.6158204166040209E-003
   3.6032063640493162E-003
   3.5906321277237030E-003
   3.5780975819476035E-003
   3.5656026014376785E-003
   3.5531470613048288E-003
   3.5407308370569712E-003
   3.5283538045934870E-003
   3.5160158402056663E-003
   3.5037168205752645E-003
   3.4914566227728372E-003
   3.4792351242571851E-003
   3.4670522028747985E-003
   3.4549077368569714E-003
   3.4428016048184684E-003
   3.4307336857596349E-003
   3.4187038590608454E-003
   3.4067120044831700E-003
   3.3947580021682633E-003
   3.3828417326344784E-003
   3.3709630767791987E-003
   3.3591219158747299E-003
   3.3473181315679668E-003
   3.3355516058800605E-003
   3.3238222212046420E-003
   3.3121298603059346E-003
   3.3004744063180880E-003
   3.2888557427462883E-003
   3.2772737534588758E-003
   3.2657283226958933E-003
   3.2542193350589832E-003
   3.2427466755158285E-003
   3.2313102293979323E-003
   3.2199098823961769E-003
   3.2085455205642655E-003
   3.1972170303159464E-003
   3.1859242984214609E-003
   3.1746672120097630E-003
   3.1634456585675208E-003
   3.1522595259334540E-003
   3.1411087023022199E-003
   3.1299930762200834E-003
   3.1189125365879145E-003
   3.1078669726544161E-003
   3.0968562740195660E-003
   3.0858803306286209E-003
   3.0749390327804438E-003
   3.0640322711144030E-003
   3.0531599366168116E-003
   3.0423219206187069E-003
   3.0315181147938519E-003
   3.0207484111586247E-003
   3.0100127020683543E-003
   2.9993108802207624E-003
   2.9886428386510788E-003
   2.9780084707310417E-003
   2.9674076701681207E-003
   2.9568403310094027E-003
   2.9463063476324880E-003
   2.9358056147512634E-003
   2.9253380274103513E-003
   2.9149034809851093E-003
   2.9045018711829629E-003
   2.8941330940401855E-003
   2.8837970459179019E-003
   2.8734936235088604E-003
   2.8632227238302166E-003
   2.8529842442234221E-003
   2.8427780823546689E-003
   2.8326041362128906E-003
   2.8224623041099850E-003
   2.8123524846773718E-003
   2.8022745768668811E-003
   2.7922284799506425E-003
   2.7822140935177542E-003
   2.7722313174726176E-003
