  0.39503409737799811     
  0.33751830454981824     
  0.28664803961533147     
  0.24399039771614145     
  0.20771828837837658     
  0.17646874046559402     
  0.14975983097227508     
  0.12743067703967195     
  0.11020330389746191     
   9.5590298332140278E-002
   8.3265854516884036E-002
   7.3333504488865886E-002
   6.5263519628802918E-002
   5.8389579258465309E-002
   5.2530611152024793E-002
   4.7528121313749873E-002
   4.3245686384637889E-002
   4.0467441925161447E-002
   3.8190707495584578E-002
   3.6130874821903108E-002
   3.5100591202646761E-002
   3.4476058222091557E-002
   3.4126328568089975E-002
   3.3758479840910467E-002
   3.3263068032508156E-002
   3.2667638763026238E-002
   3.1995132830493281E-002
   3.1328335161510838E-002
   3.0677158544435937E-002
   2.9999215652955186E-002
   2.9301381557395121E-002
   2.8589478861824801E-002
   2.7868434287087934E-002
   2.7142411155793241E-002
   2.6414921748211612E-002
   2.5688922750230270E-002
   2.4966896438843200E-002
   2.4250919799775051E-002
   2.3542723412469137E-002
   2.2843741646529008E-002
   2.2155155474450305E-002
   2.1477929006556911E-002
   2.0812840687164567E-002
   2.0160509950055538E-002
   1.9521420011793293E-002
   1.8895937379713207E-002
   1.8284328564802634E-002
   1.7686774415864949E-002
   1.7103382428470010E-002
   1.6534197328647828E-002
   1.5979210185738717E-002
   1.5438366270119266E-002
   1.4911571838687358E-002
   1.4398700003155851E-002
   1.3899595812635867E-002
   1.3414080662051950E-002
   1.2941956121076221E-002
   1.2483007264028494E-002
   1.2037005569163331E-002
   1.1603711445610426E-002
   1.1182876437660437E-002
   1.0774245148846369E-002
   1.0377556922151121E-002
   9.9925473074972283E-003
   9.6189493432951891E-003
   9.2564946751156185E-003
   8.9049145314018096E-003
   8.5639405734631111E-003
   8.2333056347114672E-003
   7.9127443621600131E-003
   7.6019937715412818E-003
   7.3007937259790493E-003
   7.0088873469250565E-003
   6.7260213650186841E-003
   6.4519464176184330E-003
   6.1864172989663860E-003
   5.9291931682631041E-003
   5.6800377203347560E-003
   5.4387193230541614E-003
   5.2916514790082858E-003
   5.2609132604801712E-003
   5.2312573793504846E-003
   5.2026425219454109E-003
   5.1750292082823335E-003
   5.1483796904951973E-003
   5.1226578584636639E-003
   5.0978291520010210E-003
   5.0738604790286912E-003
   5.0507201392246959E-003
   5.0283777526906048E-003
   5.0068041932250784E-003
   4.9859715258354087E-003
   4.9658529481536040E-003
   4.9464227354562018E-003
   4.9276561890131410E-003
   4.9095295875192235E-003
   4.8920201413803488E-003
   4.8751059496491278E-003
   4.8587659594219734E-003
   4.8429799275229723E-003
   4.8277283843192187E-003
   4.8129925995198941E-003
   4.7987545498271444E-003
   4.7849968883147964E-003
   4.7717029154227264E-003
   4.7588565514609660E-003
   4.7464423105283426E-003
   4.7344452757553945E-003
   4.7228510757898468E-003
   4.7116458624478774E-003
   4.7008162894588978E-003
   4.6903494922403977E-003
   4.6802330686404048E-003
   4.6704550605901618E-003
