   1.3152670457915832     
   1.2894901413633200     
   1.2622362575708514     
   1.2406194061435003     
   1.2259231802011825     
   1.2115095199125445     
   1.1974363692271743     
   1.1837279733673711     
   1.1703881984755360     
   1.1574084546410164     
   1.1447728218231727     
   1.1324615234373705     
   1.1204532340898021     
   1.1087265319405997     
   1.0972607482824364     
   1.0860364158322893     
   1.0750354648949885     
   1.0642412704120676     
   1.0536386169316332     
   1.0432136228670141     
   1.0329536482497657     
   1.0228471992804471     
   1.0128838363655133     
   1.0030540885034618     
  0.99334937480003738     
  0.98376193285458369     
  0.97428475332255804     
  0.96491151984775492     
  0.95563655360753486     
  0.94645476183100707     
  0.93736158978231798     
  0.92835297582347875     
  0.91942530927274713     
  0.91057539085295991     
  0.90180039558092007     
  0.89309783798734388     
  0.88446553958081164     
  0.87590159848229610     
  0.86740436116234454     
  0.85897239621344168     
  0.85060447008749707     
  0.84229952472426795     
  0.83405665699191900     
  0.82587509985654850     
  0.81775420519383391     
  0.80969342815321932     
  0.80169231298339161     
  0.79375048022718420     
  0.78586761519444648     
  0.77804345762271954     
  0.77027779243765537     
  0.76257044152786402     
  0.75492125645215324     
  0.74733011200080179     
  0.73979690053648961     
  0.73232152704466635     
  0.72490390482741285     
  0.71754395177915176     
  0.71024158718683095     
  0.70299672900139121     
  0.69580929153139826     
  0.68867918351362978     
  0.68160630651915310     
  0.67459055365697584     
  0.66763180854070148     
  0.66072994448676980     
  0.65388482391579406     
  0.64709629793124646     
  0.64036420605226996     
  0.63368837607973827     
  0.62706862407683528     
  0.62050475444740127     
  0.61399656009709813     
  0.60754382266409868     
  0.60114631280749919     
  0.59480379054302035     
  0.58851600561679485     
  0.58228269790914977     
  0.57610359786130338     
  0.56997842691879153     
  0.56390689798625437     
  0.55788871588894240     
  0.55192357783694246     
  0.54601117388870690     
  0.54015118741098633     
  0.53434329553271842     
  0.52858716959082785     
  0.52288247556625667     
  0.51722887450885124     
  0.51162602295001014     
  0.50607357330223934     
  0.50057117424497100     
  0.49511847109618512     
  0.48971510616952740     
  0.48436071911676359     
  0.47905494725551323     
  0.47379742588231666     
  0.46858778857116545     
  0.46342566745770264     
  0.45831069350935294     
  0.45324249678169404     
  0.44822070666141700     
  0.44324495209625658     
  0.43831486181229229     
  0.43343006451904442     
  0.42859018910279334     
  0.42379486480856621     
  0.41904372141123569     
  0.41433638937617157     
  0.40967250000988931     
  0.40505168560113736     
  0.40047357955284713     
  0.39593781650537196     
  0.39144403245142656     
  0.38699186484312997     
  0.38258095269153969     
  0.37821093665905692     
  0.37388145914506765     
  0.36959216436517073     
  0.36534269842433165     
  0.36113270938428910     
  0.35696184732552561     
  0.35282976440409974     
  0.34873611490362877     
  0.34468055528269226     
  0.34066274421791964     
  0.33668234264300856     
  0.33273901378391002     
  0.32883242319040906     
  0.32496223876431074     
  0.32112813078443625     
  0.31732977192862366     
  0.31356683729291157     
  0.30983900440808543     
  0.30614595325374516     
  0.30248736627005157     
  0.29886292836729922     
  0.29527232693345329     
  0.29171525183978164     
  0.28819139544470829     
  0.28470045259600285     
  0.28124212063141729     
  0.27781609937787399     
  0.27442209114930449     
  0.27105980074323011     
  0.26772893543617093     
  0.26442920497796885     
  0.26116032158509794     
  0.25792199993303622     
  0.25471395714776990     
  0.25153591279648957     
  0.24838758887754264     
  0.24526870980969839     
  0.24217900242077728     
  0.23911819593569716     
  0.23608602196398043     
  0.23308221448677058     
  0.23010650984339409     
  0.22715864671751307     
  0.22423836612290016     
  0.22134541138887087     
  0.21847952814540861     
  0.21564046430800632     
  0.21282797006226106     
  0.21004179784824029     
  0.20728170234464782     
  0.20454744045281426     
  0.20183877128053007     
  0.19915545612574337     
  0.19649725846014010     
  0.19386394391262796     
  0.19125528025273320     
  0.18867103737393442     
  0.18611098727694086     
  0.18357490405293131     
  0.18106256386676600     
  0.17857374494018297     
  0.17610822753499145     
  0.17366579393626536     
  0.17124622843555737     
  0.16884931731413255     
  0.16647484882623531     
  0.16412261318239318     
  0.16179240253276639     
  0.15948401095055242     
  0.15719723441544620     
  0.15493187079716342     
  0.15268771983903351     
  0.15046458314166622     
  0.14826226414669530     
  0.14608056812060233     
  0.14391930213862913     
  0.14177827506877394     
  0.13965729755588363     
  0.13755618200583619     
  0.13547474256982417     
  0.13341279512873316     
  0.13137015727762358     
  0.12934664831031428     
  0.12734208920407264     
  0.12535630260440866     
  0.12338911280997755     
  0.12144034575759100     
  0.11950982900733731     
  0.11759739172781281     
  0.11570286468146529     
  0.11382608021004614     
  0.11196687222017920     
  0.11012507616903933     
  0.10830052905014576     
  0.10649306937926806     
  0.10470253718044598     
  0.10292877397212341     
  0.10117162275339520     
   9.9430927990368012E-002
   9.7706535602634537E-002
   9.5998292949862396E-002
   9.4306048818493693E-002
   9.2629653408559554E-002
   9.0968958320604809E-002
   8.9323816542727474E-002
   8.7694082437729248E-002
   8.6079611730375705E-002
   8.4480261494767728E-002
   8.2895890141825967E-002
   8.1326357406881655E-002
   7.9771524337376887E-002
   7.8231253280677482E-002
   7.6705407871987541E-002
   7.5193853022377022E-002
   7.3696454906912789E-002
   7.2213080952897357E-002
   7.0743599828211323E-002
   6.9287881429762832E-002
   6.7845796872038511E-002
   6.6417218475759654E-002
   6.5002019756640106E-002
   6.3600075414246726E-002
   6.2211261320958444E-002
   6.0835454511029674E-002
   5.9472533169750541E-002
   5.8122376622706140E-002
   5.6784865325134826E-002
   5.5459880851383536E-002
   5.4147305884458818E-002
   5.2847024205674664E-002
   5.1558920684395604E-002
   5.0282881267872837E-002
   4.9018792971174951E-002
   4.7766543867209688E-002
   4.6526023076841172E-002
   4.5297120759093756E-002
   4.4079728101450000E-002
   4.2873737310235693E-002
   4.1679041601096145E-002
   4.0495535189557730E-002
   3.9323113281680921E-002
   3.8161672064794372E-002
   3.7011108698321804E-002
   3.5871321304684844E-002
   3.4742208960300891E-002
   3.3623671686655587E-002
   3.2515610441463672E-002
   3.1417927109909538E-002
   3.0330524495969513E-002
   2.9253306313816285E-002
   2.8186177179299721E-002
   2.7129042601513165E-002
   2.6081808974430576E-002
   2.5676700607829450E-002
   2.6749914609504710E-002
   2.7813077065275804E-002
   2.8866282114867747E-002
   2.9909623016409204E-002
   3.0943192154682997E-002
   3.1967081049299240E-002
   3.2981380362792301E-002
   3.3986179908644276E-002
   3.4981568659231188E-002
   3.5967634753695688E-002
   3.6944465505747037E-002
   3.7912147411388264E-002
   3.8870766156570591E-002
   3.9820406624776039E-002
   4.0761152904530529E-002
   4.1693088296846925E-002
   4.2616295322595921E-002
   4.3530855729811635E-002
   4.4436850500926384E-002
   4.5334359859938944E-002
   4.6223463279516097E-002
   4.7104239488027222E-002
   4.7976766476511945E-002
   4.8841121505585949E-002
   4.9697381112279171E-002
   5.0545621116811268E-002
   5.1385916629304140E-002
   5.2218342056430278E-002
   5.3042971107999937E-002
   5.3859876803487694E-002
   5.4669131478494948E-002
   5.5470806791156013E-002
   5.6264973728480383E-002
   5.7051702612638366E-002
   5.7831063107185887E-002
   5.8603124223233660E-002
   5.9367954325555639E-002
   6.0125621138643170E-002
   6.0876191752699094E-002
   6.1619732629580315E-002
   6.2356309608679439E-002
   6.3085987912756436E-002
   6.3808832153711692E-002
   6.4524906338307431E-002
   6.5234273873835513E-002
   6.5936997573729950E-002
   6.6633139663130003E-002
   6.7322761784388896E-002
   6.8005925002531220E-002
   6.8682689810661057E-002
   6.9353116135318138E-002
   7.0017263341782043E-002
   7.0675190239329999E-002
   7.1326955086444044E-002
   7.1972615595969791E-002
   7.2612228940225232E-002
   7.3245851756064240E-002
   7.3873540149891226E-002
   7.4495349702628055E-002
   7.5111335474637442E-002
   7.5721552010595938E-002
   7.6326053344324962E-002
   7.6924893003575412E-002
   7.7518124014766765E-002
   7.8105798907681989E-002
   7.8687969720120265E-002
   7.9264688002503525E-002
   7.9836004822440132E-002
   8.0401970769249487E-002
   8.0962635958439333E-002
   8.1518050036143985E-002
   8.2068262183520146E-002
   8.2613321121102312E-002
   8.3153275113115765E-002
   8.3688171971750935E-002
   8.4218059061397788E-002
   8.4742983302838026E-002
   8.5262991177401770E-002
   8.5778128731080927E-002
   8.6288441578609265E-002
   8.6793974907498739E-002
   8.7294773482043175E-002
   8.7790881647279551E-002
   8.8282343332918400E-002
   8.8769202057228491E-002
   8.9251500930895511E-002
   8.9729282660835019E-002
   9.0202589553976753E-002
   9.0671463521010742E-002
   9.1135946080097008E-002
   9.1596078360542843E-002
   9.2051901106444789E-002
   9.2503454680296193E-002
   9.2950779066560574E-002
   9.3393913875213452E-002
   9.3832898345249549E-002
   9.4267771348155560E-002
   9.4698571391354736E-002
   9.5125336621614820E-002
   9.5548104828427127E-002
   9.5966913447351199E-002
   9.6381799563330817E-002
   9.6792799913978045E-002
   9.7199950892825515E-002
   9.7603288552548739E-002
   9.8002848608159554E-002
   9.8398666440167815E-002
   9.8790777097715110E-002
   9.9179215301677615E-002
   9.9564015447740295E-002
   9.9945211609443585E-002
  0.10032283754119986     
  0.10069692668128194     
  0.10106751215478582     
  0.10143462677656101     
  0.10179830305411863     
  0.10215857319050892     
  0.10251546908717313     
  0.10286902234676820     
  0.10321926427596428     
  0.10356622588821895     
  0.10390993790652081     
  0.10425043076611173     
  0.10458773461718229     
  0.10492187932753960     
  0.10525289448525277     
  0.10558080940127501     
  0.10590565311203515     
  0.10622745438201242     
  0.10654624170628157     
  0.10686204331303661     
  0.10717488716608925     
  0.10748480096734736     
  0.10779181215926592     
  0.10809594792727839     
  0.10839723520220257     
  0.10869570066262579     
  0.10899137073726883     
  0.10928427160732335     
  0.10957442920877247     
  0.10986186923468633     
  0.11014661713749707     
  0.11042869813125356     
  0.11070813719385264     
  0.11098495906925254     
  0.11125918826966241     
  0.11153084907771349     
  0.11179996554860960     
  0.11206656151225680     
  0.11233066057537366     
  0.11259228612358074     
  0.11285146132347357     
  0.11310820912467190     
  0.11336255226185254     
  0.11361451325676175     
  0.11386411442021183     
  0.11411137785405356     
  0.11435632545313623     
  0.11459897890724424     
  0.11483935970301851     
  0.11507748912585980     
  0.11531338826181170     
  0.11554707799942932     
  0.11577857903162914     
  0.11600791185752002     
  0.11623509678421862     
  0.11646015392864884     
  0.11668310321932218     
  0.11690396439810191     
  0.11712275702195274     
  0.11733950046467034     
  0.11755421391859910     
  0.11776691639632986     
  0.11797762673238499     
  0.11818636358488466     
  0.11839314543719992     
  0.11859799059958964     
  0.11880091721082053     
  0.11900194323977498     
  0.11920108648704064     
  0.11939836458648745     
  0.11959379500682943     
  0.11978739505317082     
  0.11997918186853862     
  0.12016917243540071     
  0.12035738357716930     
  0.12054383195969154     
  0.12072853409272344     
  0.12091150633139425     
  0.12109276487765219     
  0.12127232578170155     
  0.12145020494342151     
  0.12162641811377572     
  0.12180098089620628     
  0.12197390874801661     
  0.12214521698173753     
  0.12231492076648565     
  0.12248303512930636     
  0.12264957495650275     
  0.12281455499495542     
  0.12297798985342812     
  0.12313989400386005     
  0.12330028178264951     
  0.12345916739192064     
  0.12361656490078354     
  0.12377248824657838     
  0.12392695123611064     
  0.12407996754687256     
  0.12423155072825554     
  0.12438171420274935     
  0.12453047126713035     
  0.12467783509363828     
  0.12482381873114468     
  0.12496843510630706     
  0.12511169702471314     
  0.12525361717201589     
  0.12539420811505575     
  0.12553348230297401     
  0.12567145206831543     
  0.12580812962811871     
  0.12594352708500101     
  0.12607765642822721     
  0.12621052953477274     
  0.12634215817037397     
  0.12647255399057278     
  0.12660172854174545     
  0.12672969326212746     
  0.12685645948282420     
  0.12698203842881639     
  0.12710644121995307     
  0.12722967887193615     
  0.12735176229729628     
  0.12747270230635854     
  0.12759250960820034     
  0.12771119481159865     
  0.12782876842597124     
  0.12794524086230552     
  0.12806062243408067     
  0.12817492335818204     
  0.12828815375580438     
  0.12840032365334897     
  0.12851144298331219     
  0.12862152158516216     
  0.12873056920621317     
  0.12883859550248788     
  0.12894561003957083     
  0.12905162229345690     
  0.12915664165139085     
  0.12926067741269731     
  0.12936373878960505     
  0.12946583490806163     
  0.12956697480854340     
  0.12966716744685403     
  0.12976642169491870     
  0.12986474634156908     
  0.12996215009332202     
  0.13005864157515024     
  0.13015422933124687     
  0.13024892182578063     
  0.13034272744364606     
  0.13043565449120587     
  0.13052771119702722     
  0.13061890571260892     
  0.13070924611310419     
  0.13079874039803585     
  0.13088739649200354     
  0.13097522224538738     
  0.13106222543504031     
  0.13114841376497977     
  0.13123379486706821     
  0.13131837630168841     
  0.13140216555841400     
  0.13148517005667271     
  0.13156739714640275     
  0.13164885410870342     
  0.13172954815648075     
  0.13180948643508572     
  0.13188867602294641     
  0.13196712393219567     
  0.13204483710929205     
  0.13212182243563386     
  0.13219808672816991     
  0.13227363674000137     
  0.13234847916098225     
  0.13242262061830912     
  0.13249606767710975     
  0.13256882684102356     
  0.13264090455277822     
  0.13271230719475879     
  0.13278304108957484     
  0.13285311250061904     
  0.13292252763262169     
  0.13299129263220022     
  0.13305941358840412     
  0.13312689653325382     
  0.13319374744227430     
  0.13325997223502484     
  0.13332557677562307     
  0.13339056687326367     
  0.13345494828273397     
  0.13351872670492215     
  0.13358190778732226     
  0.13364449712453597     
  0.13370650025876551     
  0.13376792268030624     
  0.13382876982803216     
  0.13388904708987714     
  0.13394875980331278     
  0.13400791325582084     
  0.13406651268536096     
  0.13412456328083422     
  0.13418207018254458     
  0.13423903848265140     
  0.13429547322562219     
  0.13435137940867825     
  0.13440676198223811     
  0.13446162585035493     
  0.13451597587115172     
  0.13456981685725056     
  0.13462315357619892     
  0.13467599075089243     
  0.13472833305999321     
  0.13478018513834333     
  0.13483155157737470     
  0.13488243692551805     
  0.13493284568860309     
  0.13498278233025862     
  0.13503225127230867     
  0.13508125689516193     
  0.13512980353820081     
  0.13517789550016712     
  0.13522553703953932     
  0.13527273237491266     
  0.13531948568537200     
  0.13536580111085994     
  0.13541168275254656     
  0.13545713467319043     
  0.13550216089749834     
  0.13554676541248278     
  0.13559095216781458     
  0.13563472507617214     
  0.13567808801358805     
  0.13572104481979352     
  0.13576359929855608     
  0.13580575521801863     
  0.13584751631103187     
  0.13588888627548468     
  0.13592986877463320     
  0.13597046743742303     
  0.13601068585881138     
  0.13605052760008685     
  0.13608999618918183     
  0.13612909512098847     
  0.13616782785766468     
  0.13620619782894339     
  0.13624420843243390     
  0.13628186303392520     
  0.13631916496768193     
  0.13635611753674082     
  0.13639272401320290     
  0.13642898763852307     
  0.13646491162379737     
  0.13650049915004658     
  0.13653575336849932     
  0.13657067740086959     
  0.13660527433963410     
  0.13663954724830629     
  0.13667349916170590     
  0.13670713308623028     
  0.13674045200011886     
  0.13677345885371672     
  0.13680615656973749     
  0.13683854804352047     
  0.13687063614328709     
  0.13690242371039651     
  0.13693391355959561     
  0.13696510847926835     
  0.13699601123168359     
  0.13702662455323933     
  0.13705695115470407     
  0.13708699372145861     
  0.13711675491373188     
  0.13714623736683806     
  0.13717544369140955     
  0.13720437647362738     
  0.13723303827545108     
  0.13726143163484472     
  0.13728955906600315     
  0.13731742305957295     
  0.13734502608287336     
  0.13737237058011609     
  0.13739945897261963     
  0.13742629365902526     
  0.13745287701550846     
  0.13747921139599051     
  0.13750529913234610     
  0.13753114253460941     
  0.13755674389117922     
  0.13758210546902172     
  0.13760722951387117     
  0.13763211825042798     
  0.13765677388255726     
  0.13768119859348171     
  0.13770539454597797     
  0.13772936388256529     
  0.13775310872569657     
  0.13777663117794547     
  0.13779993332219453     
  0.13782301722181745     
  0.13784588492086314     
  0.13786853844423586     
  0.13789097979787568     
  0.13791321096893350     
  0.13793523392595042     
  0.13795705061903030     
  0.13797866298001205     
  0.13800007292264194     
  0.13802128234274147     
  0.13804229311837724     
  0.13806310711002479     
  0.13808372616073583     
  0.13810415209630011     
  0.13812438672540683     
  0.13814443183980540     
  0.13816428921446422     
  0.13818396060772764     
  0.13820344776147142     
  0.13822275240125703     
  0.13824187623648487     
  0.13826082096054459     
  0.13827958825096676     
  0.13829817976957004     
  0.13831659716260913     
  0.13833484206091928     
  0.13835291608006173     
  0.13837082082046692     
  0.13838855786757620     
  0.13840612879198144     
  0.13842353514956496     
  0.13844077848163583     
  0.13845786031506890     
  0.13847478216243780     
  0.13849154552214926     
  0.13850815187857679     
  0.13852460270219125     
  0.13854089944969095     
  0.13855704356413179     
  0.13857303647505292     
  0.13858887959860577     
  0.13860457433767792     
  0.13862012208201746     
  0.13863552420835690     
  0.13865078208053394     
  0.13866589704961274     
  0.13868087045400357     
  0.13869570361958206     
  0.13871039785980488     
  0.13872495447582789     
  0.13873937475662002     
  0.13875365997907763     
  0.13876781140813821     
  0.13878183029689251     
  0.13879571788669420     
  0.13880947540727073     
  0.13882310407683229     
  0.13883660510217977     
  0.13884997967881130     
  0.13886322899102732     
  0.13887635421203670     
  0.13888935650406131     
  0.13890223701843574     
  0.13891499689571296     
  0.13892763726576296     
  0.13894015924787417     
  0.13895256395085098     
  0.13896485247311363     
  0.13897702590279437     
  0.13898908531783405     
  0.13900103178607848     
  0.13901286636537058     
  0.13902459010364765     
  0.13903620403903061     
  0.13904770919991771     
  0.13905910660507625     
  0.13907039726373138     
  0.13908158217565558     
  0.13909266233125817     
  0.13910363871167186     
  0.13911451228884075     
  0.13912528402560598     
  0.13913595487579011     
  0.13914652578428333     
  0.13915699768712442     
  0.13916737151158765     
  0.13917764817626088     
  0.13918782859112910     
  0.13919791365765455     
  0.13920790426885665     
