  0.95064568511969205     
  0.87769059087493118     
  0.83224084097987194     
  0.80147751220183305     
  0.77404744130460668     
  0.75368555690618433     
  0.73674095340411216     
  0.72419578054072531     
  0.71719552601479120     
  0.71171265624009128     
  0.69732300873231912     
  0.67811555459608686     
  0.65576478375402847     
  0.63094779700724890     
  0.60390965467678337     
  0.57503746986806314     
  0.54507949020735635     
  0.51494741958699797     
  0.48539114140975148     
  0.45710286852838922     
  0.43028195718101137     
  0.40481072225558157     
  0.38055800562877679     
  0.35744581421868860     
  0.33542592232347518     
  0.31445912151669825     
  0.29450566954308133     
  0.27552166589118854     
  0.25748176646763221     
  0.24033738471581534     
  0.22404507746261326     
  0.20856322604142036     
  0.19385163888781504     
  0.17987186155082313     
  0.16658738418740066     
  0.15396357881771994     
  0.14196750248839596     
  0.13056811447087058     
  0.11973569513325610     
  0.10944205516219641     
  0.10070652420829329     
   9.3119604683171819E-002
   8.5910046191661538E-002
   7.9059079702388457E-002
   7.2548868493361507E-002
   6.6362464506592778E-002
   6.0483762681272091E-002
   5.4897457739073507E-002
   4.9589006224699528E-002
   4.4544588190738255E-002
   3.9751071068974686E-002
   3.5195975482450459E-002
   3.0867442761149722E-002
   2.6754204051169461E-002
   2.2845550984629592E-002
   1.9131307810207110E-002
   1.5728505754406652E-002
   1.3058604053087897E-002
   1.4053855809139315E-002
   1.7561818170670818E-002
   2.0978533151413292E-002
   2.4240530865026089E-002
   2.7340282244717518E-002
   3.0285857152999585E-002
   3.3084924070824751E-002
   3.5744770061665210E-002
   3.8272319742563732E-002
   4.0674153311643035E-002
   4.2956523678936320E-002
   4.5125372745148495E-002
   4.7186346870741303E-002
   4.9144811575609904E-002
   5.1005865507624093E-002
   5.2774353716401268E-002
   5.4454880266859962E-002
   5.6051820225395566E-002
   5.7569331049887595E-002
   5.9011363413184914E-002
   6.0381671488248467E-002
   6.1683822721726678E-002
   6.2937464382404107E-002
   6.4145231075190656E-002
   6.5292925464055074E-002
   6.6383535445352360E-002
   6.7419900302448821E-002
   6.8404718097482053E-002
   6.9340552695474900E-002
   7.0229840439073987E-002
   7.1074896491298389E-002
   7.1877920862815525E-002
   7.2641004139425425E-002
   7.3366132924671534E-002
   7.4055195011746733E-002
   7.4709984298153120E-002
   7.5332205455919343E-002
   7.5923478369526176E-002
   7.6485342353098673E-002
   7.7019260157837222E-002
   7.7526621780139582E-002
   7.8008748080291790E-002
   7.8466894221193906E-002
   7.8902252936029815E-002
   7.9315957633421474E-002
   7.9709085348135922E-002
   8.0082659545023915E-002
   8.0437652783497682E-002
   8.0774989249484674E-002
   8.1095547161442516E-002
   8.1400161056707221E-002
   8.1689623964115610E-002
   8.1964689468571938E-002
   8.2226073672921784E-002
   8.2474457062248652E-002
   8.2710486275439976E-002
   8.2934775788643611E-002
   8.3147909514986074E-002
   8.3350442324725882E-002
   8.3542901489801258E-002
   8.3725788056520978E-002
   8.3899578149985388E-002
   8.4064724213625874E-002
   8.4221656187088989E-002
   8.4370782625542207E-002
   8.4512491763297337E-002
   8.4647152524538471E-002
   8.4775115483775920E-002
   8.4896713778525701E-002
   8.5012263976601443E-002
   8.5122066900257809E-002
   8.5226408409354470E-002
   8.5325560145556256E-002
   8.5419780239522791E-002
   8.5509313982926827E-002
   8.5594394467040757E-002
   8.5675243189565431E-002
   8.5752070631274213E-002
   8.5825076803978328E-002
   8.5894451771234670E-002
   8.5960376143154549E-002
   8.6023021546603129E-002
   8.6082551072012459E-002
   8.6139119697966393E-002
   8.6192874694672406E-002
   8.6243956007364675E-002
   8.6292496620632653E-002
   8.6338622904634899E-002
   8.6382454944088138E-002
   8.6424106850895410E-002
   8.6463687061224093E-002
   8.6501298617806421E-002
   8.6537039438201679E-002
   8.6571002569712174E-002
   8.6603276431622245E-002
   8.6633945045389460E-002
   8.6663088253382314E-002
   8.6690781926743066E-002
   8.6717098162911621E-002
   8.6742105473319064E-002
   8.6765868961753090E-002
   8.6788450493847202E-002
   8.6809908858142659E-002
   8.6830299919133713E-002
   8.6849676762709938E-002
   8.6868089834355677E-002
   8.6885587070482773E-002
   8.6902214023224067E-002
   8.6918013979024988E-002
   8.6933028071338181E-002
   8.6947295387704182E-002
   8.6960853071514133E-002
   8.6973736418709091E-002
   8.6985978969670752E-002
   8.6997612596535934E-002
   8.7008667586174981E-002
   8.7019172719039695E-002
   8.7029155344091391E-002
