  0.39666058416758460     
  0.38354652844926557     
  0.37079679703226026     
  0.35840065664490667     
  0.34634775718554239     
  0.33462811649907487     
  0.32323210237608890     
  0.31215041393890558     
  0.30139519258761371     
  0.29120567210758430     
  0.28128573502578363     
  0.27171699388219694     
  0.26246438484761681     
  0.25346218205530247     
  0.24470373372356055     
  0.23618616383790705     
  0.22791736188642561     
  0.21988966340107893     
  0.21209803911183719     
  0.20453641669053782     
  0.19733831938767971     
  0.19039518104760372     
  0.18366465841510110     
  0.17726577341560851     
  0.17109845182768274     
  0.16512820857184624     
  0.15935388300381081     
  0.15383321870248756     
  0.14856680163481245     
  0.14347843987344461     
  0.13856519582479340     
  0.13382382271679966     
  0.12925079569540185     
  0.12484235042114025     
  0.12059452423242092     
  0.11650319663617983     
  0.11262292027675856     
  0.10893955507754520     
  0.10544057666656907     
  0.10206817646160897     
   9.8818610090907852E-002
   9.5688071611453637E-002
   9.2672845944816354E-002
   8.9769169293312009E-002
   8.6995158894830490E-002
   8.4359292438638198E-002
   8.1819879541955701E-002
   7.9373642566332378E-002
   7.7017357833332731E-002
   7.4747865367795693E-002
   7.2570133938831327E-002
   7.0523790468720066E-002
   6.8551595918898006E-002
   6.6685238283635442E-002
   6.4895125902820774E-002
   6.3168777501147022E-002
   6.1503906446236295E-002
   5.9898288590733970E-002
   5.8349763105205288E-002
   5.6883690145974150E-002
   5.5533483820676702E-002
   5.4229210347120652E-002
   5.2969225677056878E-002
   5.1751934293964560E-002
   5.0575789088026998E-002
   4.9439291055154641E-002
   4.8361934552089661E-002
   4.7380409638463780E-002
   4.6430087123303959E-002
   4.5509856565473669E-002
   4.4618726706737562E-002
   4.3798191989894361E-002
   4.3036890530058575E-002
   4.2297780293786356E-002
   4.1580092046811797E-002
   4.0899598188278444E-002
   4.0293241951253222E-002
   3.9702678384256007E-002
   3.9138344677654979E-002
   3.8642669428842279E-002
   3.8160576865140003E-002
   3.7717530333649059E-002
   3.7318574997539301E-002
   3.6948317718616924E-002
   3.6621558141985415E-002
   3.6337713996215881E-002
   3.6090324842831055E-002
   3.5895318217556163E-002
   3.5820697707000942E-002
   3.5791921148475278E-002
   3.5768311010180437E-002
   3.5751307007985192E-002
   3.5740364707779117E-002
   3.5732935061845321E-002
