   1.2665807817562678     
   1.2583052129562180     
   1.2484321465435386     
   1.2374643289114802     
   1.2248965881328961     
   1.2120318711787466     
   1.1997561524218139     
   1.1921594338803436     
   1.1843607131669891     
   1.1765452979329878     
   1.1686596216252860     
   1.1608243697930947     
   1.1529956708338851     
   1.1452549043398461     
   1.1375654837858928     
   1.1299833974509332     
   1.1224779613615392     
   1.1150881387301330     
   1.1077882200154032     
   1.1006054449375449     
   1.0935183605736887     
   1.0865459584743657     
   1.0796704370989390     
   1.0729048763094466     
   1.0662345984779678     
   1.0596683765908264     
   1.0531941958650535     
   1.0468176463399499     
   1.0405289765876098     
   1.0343313952279722     
   1.0282170719390049     
   1.0221874151978443     
   1.0162362254848540     
   1.0103635391663910     
   1.0045645430971879     
  0.99883822103155873     
  0.99318094135213708     
  0.98759087651950250     
  0.98206540513795981     
  0.97660207247973663     
  0.97119912411367770     
  0.96585361975391759     
  0.96056455192248924     
  0.95532860446651746     
  0.95014541600639835     
  0.94501137992874717     
  0.93992669583889443     
  0.93488753343018161     
  0.92989458110686840     
  0.92494383721765883     
  0.92003641740974285     
  0.91516818981130887     
  0.91034064452184360     
  0.90554955179156171     
  0.90079673063858468     
  0.89607787888155388     
  0.89139510496178465     
  0.88674405428288616     
  0.88212709026687408     
  0.87753982163647604     
  0.87298483660671000     
  0.86845771957368068     
  0.86396125696380932     
  0.85949101853354337     
  0.85504996541567202     
  0.85063366031093945     
  0.84624521819549470     
  0.84188020064303459     
  0.83754185789336177     
  0.83322575502209384     
  0.82893526093821435     
  0.82466594783107827     
  0.82042128842021556     
  0.81619686482775589     
  0.81199624025082207     
  0.80781500894852953     
  0.80365681260995525     
  0.79951725936143592     
  0.79540005859321683     
  0.79130083366627813     
  0.78722335194488968     
  0.78316325311668300     
  0.77912435374278965     
  0.77510231072247360     
  0.77110098188748744     
  0.76711604207987005     
  0.76315138323985943     
  0.75920269877063573     
  0.75527390824641194     
  0.75136072416850697     
  0.74746708789054606     
  0.74358873149135896     
  0.73972961280923122     
  0.73588548393994313     
  0.73206031441787200     
  0.72824987676818131     
  0.72445814789098839     
  0.72068092113547444     
  0.71692217685233239     
  0.71317772959792181     
  0.70945155963485307     
  0.70573950310245925     
  0.70204553697827121     
  0.69836551935545432     
  0.69470342103968130     
  0.69105512244504941     
  0.68742458560040076     
  0.68380771360436576     
  0.68020845736008440     
  0.67662274301043446     
  0.67305450821680257     
  0.66949970252131308     
  0.66596224843926533     
  0.66243811926120433     
  0.65893122064458476     
  0.65543754997045522     
  0.65196099450187095     
  0.64849757604404856     
  0.64505116208851354     
  0.64161779918857442     
  0.63820133383218769     
  0.63479783763367270     
  0.63141113497744050     
  0.62803732283956415     
  0.62468020252115031     
  0.62133589664753697     
  0.61800818256621282     
  0.61469320882513456     
  0.61139472804750572     
  0.60810891496230923     
  0.60483949678852578     
  0.60158267467897575     
  0.59834214985109568     
  0.59511415010824364     
  0.59190235014421899     
  0.58870300462312497     
  0.58551976126153349     
  0.58234890177774867     
  0.57919404651990358     
  0.57605150443706143     
  0.57292486817450583     
  0.56981047407168262     
  0.56671188678833373     
  0.56362547019703024     
  0.56055476073637034     
  0.55749614993805696     
  0.55445314582680949     
  0.55142216770295083     
  0.54840669502360917     
  0.54540317495097979     
  0.54241505825640213     
  0.53943882004130339     
  0.53647788230535376     
  0.53352874815106999     
  0.53059481074996984     
  0.52767260125244431     
  0.52476548397211698     
  0.52187001813942968     
  0.51898953920467805     
  0.51612063449641465     
  0.51326661061826806     
  0.51042408300135744     
  0.50759632943937316     
  0.50477999345738045     
  0.50197832409408172     
  0.49918799294732696     
  0.49641222037231691     
  0.49364770600652830     
  0.49089764160813609     
  0.48815875480963766     
  0.48543420887224009     
  0.48272075936795000     
  0.48002154117335893     
  0.47733333773410480     
  0.47465925566563327     
  0.47199610621150612     
  0.46934696785953167     
  0.46670867956618245     
  0.46408429183419131     
  0.46147067123913854     
  0.45887084044939641     
  0.45628169355756121     
  0.45370622555568796     
  0.45114135794349963     
  0.44859005820134801     
  0.44604927511886994     
  0.44352194883521145     
  0.44100505530584688     
  0.43850150750446026     
  0.43600830842187011     
  0.43352834404671037     
  0.43105864426866014     
  0.42860206827585168     
  0.42615567271476462     
  0.42372229016122831     
  0.42129900387128061     
  0.41888861999985094     
  0.41648824826049180     
  0.41410066858142969     
  0.41172301697725133     
  0.40935804734609749     
  0.40700292184301723     
  0.40466036853475962     
  0.40232757555250498     
  0.40000724533206633     
  0.39769659181298023     
  0.39539829200205334     
  0.39310958547626018     
  0.39083312401653825     
  0.38856617266352467     
  0.38631135817639140     
  0.38406597088307648     
  0.38183261272583280     
  0.37960859914120981     
  0.37739650745992737     
  0.37519367804637105     
  0.37300266382546621     
  0.37082082990680532     
  0.36865070501544017     
  0.36648967882190442     
  0.36434025605732057     
  0.36219985076746941     
  0.36007094389536920     
  0.35795097367511730     
  0.35584239746720348     
  0.35374267750605803     
  0.35165424777484822     
  0.34957459431947424     
  0.34750612795050495     
  0.34544635833573101     
  0.34339767331726656     
  0.34135760599464837     
  0.33932852144500625     
  0.33730797600905937     
  0.33529831220166662     
  0.33329710941387869     
  0.33130668780016437     
  0.32932464961089603     
  0.32735329284113046     
  0.32539024240950964     
  0.32343777435169219     
  0.32149353606360587     
  0.31955978182050115     
  0.31763418130478238     
  0.31571896722920556     
  0.31381183137211177     
  0.31191498508055449     
  0.31002614203863044     
  0.30814749242331807     
  0.30627677163473366     
  0.30441614887420310     
  0.30256338106864888     
  0.30072061663692851     
  0.29888563384415257     
  0.29706056051862639     
  0.29524319607569238     
  0.29343564794372246     
  0.29163573650106167     
  0.28984554896544579     
  0.28806292649177645     
  0.28628993627510790     
  0.28452444006129007     
  0.28276848520928732     
  0.28101995387117840     
  0.27928087375504962     
  0.27754914723542135     
  0.27582678255332049     
  0.27411170212289915     
  0.27240589490053624     
  0.27070730315821911     
  0.26901789674867393     
  0.26733563762097712     
  0.26566247670377141     
  0.26399639544355946     
  0.26233932602303500     
  0.26068926920757740     
  0.25904813861062881     
  0.25741395413903312     
  0.25578861101223371     
  0.25417014810229388     
  0.25256044240846387     
  0.25095755159296562     
  0.24936333460721594     
  0.24777586772973959     
  0.24619699203502887     
  0.24462480224528216     
  0.24306112172752625     
  0.24150406347624287     
  0.23995543331900482     
  0.23841336235244148     
  0.23687963903123666     
  0.23535241238529736     
  0.23383345366153985     
  0.23232092965555751     
  0.23081659457017989     
  0.22931863280038089     
  0.22782878166714848     
  0.22634524299982561     
  0.22486973739837257     
  0.22340048396279166     
  0.22193918673140223     
  0.22048408191246227     
  0.21903685714061738     
  0.21759576557128701     
  0.21616247859199689     
  0.21473526614554816     
  0.21331578352749081     
  0.21190231730954445     
  0.21049650684902788     
  0.20909665518943199     
  0.20770438590219586     
  0.20631801834675256     
  0.20493916045962646     
  0.20356614776168080     
  0.20220057270411429     
  0.20084078681602269     
  0.19948836721149776     
  0.19814168127598575     
  0.19680229093332935     
  0.19546857927475436     
  0.19414209317936115     
  0.19282123129489026     
  0.19150752559986417     
  0.19019939015057963     
  0.18889834216781054     
  0.18760281096975051     
  0.18631429916093101     
  0.18503125117607944     
  0.18375515514367424     
  0.18248447047090344     
  0.18122067094907801     
  0.17996223081505880     
  0.17871060966057706     
  0.17746429641065853     
  0.17622473659375637     
  0.17499043368282496     
  0.17376281927806625     
  0.17254041126139286     
  0.17132462743851562     
  0.17011399996259469     
  0.16890993297735268     
  0.16771097277073777     
  0.16651850995574358     
  0.16533110481989177     
  0.16415013457546590     
  0.16297417337558628     
  0.16180458516062002     
  0.16063995781653917     
  0.15948164213937233     
  0.15832823961641740     
  0.15718108802573605     
  0.15603880232564071     
  0.15490270740140244     
  0.15377143155323925     
  0.15264628689762216     
  0.15152591494876488     
  0.15041161517715174     
  0.14930204218427079     
  0.14819848291626725     
  0.14709960493636065     
  0.14600668278685047     
  0.14491839686831476     
  0.14383600943855579     
  0.14275821361229890     
  0.14168625948106084     
  0.14061885275165698     
  0.13955723146640553     
  0.13850011380329952     
  0.13744872587142742     
  0.13640179820018239     
  0.13536054508028883     
  0.13432370927388804     
  0.13329249336710935     
  0.13226565223730713     
  0.13124437687869950     
  0.13022743416742655     
  0.12921600361740238     
  0.12820886398822506     
  0.12720718342404491     
  0.12620975245367938     
  0.12521772796099984     
  0.12422991213088475     
  0.12324745069536358     
  0.12226915738328903     
  0.12129616688224809     
  0.12032730435404426     
  0.11936369354819276     
  0.11840417094947742     
  0.11744984947469406     
  0.11649957682268042     
  0.11555445518185636     
  0.11461334335722184     
  0.11367733291216453     
  0.11274529365098185     
  0.11181830661438119     
  0.11089525250010901     
  0.10997720192756444     
  0.10906304638310327     
  0.10815384616521428     
  0.10724850344502235     
  0.10634806829954191     
  0.10545145348181451     
  0.10455969894586348     
  0.10367172792477741     
  0.10278857034712430     
  0.10190915982514337     
  0.10103451635854643     
  0.10016358383879020     
   9.9297372432402664E-002
   9.8434836211080290E-002
   9.7576975602919225E-002
   9.6722754761825458E-002
   9.5873164471305339E-002
   9.5027178870379592E-002
   9.4185779190906205E-002
   9.3347949460856672E-002
   9.2514661452487434E-002
   9.1684908987476499E-002
   9.0859654469642281E-002
   9.0037901420037203E-002
   8.9220602964327211E-002
   8.8406772229511432E-002
   8.7597353152522039E-002
   8.6791368373771549E-002
   8.5989752730016189E-002
   8.5191538283437174E-002
   8.4397650858320405E-002
   8.3607131847849736E-002
   8.2820898150703037E-002
   8.2038000401170263E-002
   8.1259346658348885E-002
   8.0483996708601069E-002
   7.9712849856644175E-002
   7.8944974952732450E-002
   7.8181262631582538E-002
   7.7420790720009958E-002
   7.6664441266295569E-002
   7.5911300987323571E-002
   7.5162243427702391E-002
   7.4416364108720989E-002
   7.3674528153282459E-002
   7.2935839802239721E-002
   7.2201155837967823E-002
   7.1469589136859302E-002
   7.0741988221155516E-002
   7.0017474519572520E-002
   6.9296888373839183E-002
   6.8579359682577445E-002
   6.7865720685858610E-002
   6.7155109670584023E-002
   6.6448350853265392E-002
   6.5744590828241467E-002
   6.5044645865807382E-002
   6.4347670787677558E-002
   6.3654473994528171E-002
   6.2964218456157184E-002
   6.2277704779482024E-002
   6.1594104003853456E-002
   6.0914209017561394E-002
   6.0237198851732954E-002
   5.9563858750438570E-002
   5.8893375659554881E-002
   5.8226527252621896E-002
   5.7562508313981464E-002
   5.6902089019621238E-002
   5.6244471916798267E-002
   5.5590419756225140E-002
   5.4939142773247962E-002
   5.4291396364886557E-002
   5.3646398380472027E-002
   5.3004896934221390E-002
   5.2366117416059677E-002
   5.1730800727610271E-002
   5.1098179726707826E-002
   5.0468988171912477E-002
   4.9842466316984080E-002
   4.9219340846281989E-002
   4.8598859338199407E-002
   4.7981741471092354E-002
   4.7367242077383631E-002
   4.6756073896965233E-002
   4.6147498946365051E-002
   4.5542223093901990E-002
   4.4939515470956648E-002
   4.4340075140520296E-002
   4.3743178280240214E-002
   4.3149517213388222E-002
   4.2558375095954837E-002
   4.1970437576466013E-002
   4.1384994721986423E-002
   4.0802725570643794E-002
   4.0222927033955358E-002
   3.9646271603379191E-002
   3.9072062968904753E-002
   3.8500967138435094E-002
   3.7932294515085951E-002
   3.7366704685713126E-002
   3.6803514701842399E-002
   3.6243377791185472E-002
   3.5685617589587437E-002
   3.5130881026922411E-002
   3.4578498259881130E-002
   3.4029109981214889E-002
   3.3482052805598350E-002
   3.2937961248791003E-002
   3.2396178321193680E-002
   3.1857332421125983E-002
   3.1320772893057569E-002
   3.0787122076845197E-002
   3.0255735589964861E-002
   2.9727229772219310E-002
   2.9200966453615251E-002
   2.8677556031747375E-002
   2.8156366489263229E-002
   2.7638002338836065E-002
   2.7121837656438608E-002
   2.6608471126560618E-002
   2.6790689383684452E-002
   2.7304395631575051E-002
   2.7815317053530353E-002
   2.8324070586591255E-002
   2.8830066142231270E-002
   2.9333914709545161E-002
   2.9835031889130725E-002
   3.0334022779479164E-002
   3.0830308615462765E-002
   3.1324488661758743E-002
   3.1815989733195105E-002
   3.2305405316876756E-002
   3.2792167753790902E-002
   3.3276864809170137E-002
   3.3758934296883480E-002
   3.4238958315454537E-002
   3.4716380098869459E-002
   3.5191776133574604E-002
   3.5664595021419165E-002
   3.6135407690875643E-002
   3.6603668059904115E-002
   3.7069941552588692E-002
   3.7533687351746448E-002
   3.7995465430139652E-002
   3.8454740184684089E-002
   3.8912066189375372E-002
   3.9366913004959758E-002
   3.9819829858714129E-002
   4.0270291425430593E-002
   4.0718841637214398E-002
   4.1164960233598169E-002
   4.1609185902567014E-002
   4.2051003399563469E-002
   4.2490946219011394E-002
   4.2928504083904695E-002
   4.3364205345175932E-002
   4.3797544645478137E-002
   4.4229045241840792E-002
   4.4658206649145549E-002
   4.5085547079628419E-002
   4.5510570873426137E-002
   4.5933791246618449E-002
   4.6354717318076388E-002
   4.6773857355890902E-002
   4.7190725211594842E-002
   4.7605824252994533E-002
   4.8018673018657032E-002
   4.8429770023346475E-002
   4.8838638447476157E-002
   4.9245771999557153E-002
   4.9650698457095910E-002
   5.0053906768687040E-002
   5.0454929264610371E-002
   5.0854250179433902E-002
   5.1251406352316176E-002
   5.1646877349247888E-002
   5.2040204474795404E-002
   5.2431862671382223E-002
   5.2821397665930636E-002
   5.3209279821872180E-002
   5.3595059245850396E-002
   5.3979201766450102E-002
   5.4361261827810425E-002
   5.4741700767391377E-002
   5.5120077325008121E-002
   5.5496848390295561E-002
   5.5871576957329694E-002
   5.6244715510802124E-002
   5.6615831258034266E-002
   5.6985372321241567E-002
   5.7352910080371688E-002
   5.7718888337222829E-002
   5.8082882604139185E-002
   5.8445332404155614E-002
   5.8805817342171940E-002
   5.9164772703712232E-002
   5.9521782146774393E-002
   5.9877276760225473E-002
   6.0230844216085266E-002
   6.0582911447025212E-002
   6.0933070100386399E-002
   6.1281742992714938E-002
   6.1628525708346427E-002
   6.1973836987385789E-002
   6.2317276313206493E-002
   6.2659258388773398E-002
   6.2999386558906467E-002
   6.3338071528352469E-002
   6.3674920466150864E-002
   6.4010340117376052E-002
   6.4343941438417152E-002
   6.4676127252852988E-002
   6.5006512267906658E-002
   6.5335495423470058E-002
   6.5662695141437410E-002
   6.5988506515456402E-002
   6.6312551646279361E-002
   6.6635221818391877E-002
   6.6956142775935756E-002
   6.7275702030958784E-002
   6.7593528935865899E-002
   6.7910007266638428E-002
   6.8224769949155939E-002
   6.8538197059353045E-002
   6.8849925062131723E-002
   6.9160330369052558E-002
   6.9469052949919674E-002
   6.9776465587248593E-002
   7.0082211721954168E-002
   7.0386660542494539E-002
   7.0689458927430393E-002
   7.0990972505813210E-002
   7.1290851560705804E-002
   7.1589458196070321E-002
   7.1886446066649068E-002
   7.2182173785299675E-002
   7.2476298345937606E-002
   7.2769174903973832E-002
   7.3060463760303951E-002
   7.3350516646226160E-002
   7.3638997137732032E-002
   7.3926253575019807E-002
   7.4211952777602175E-002
   7.4496439727270714E-002
   7.4779384455787801E-002
   7.5061128618917672E-002
   7.5341345429702389E-002
   7.5620373249945971E-002
   7.5897888443298589E-002
   7.6174226109361309E-002
   7.6449065732016708E-002
   7.6722739180115407E-002
   7.6994929027689007E-002
   7.7265963943985660E-002
   7.7535529563394268E-002
   7.7803951386407277E-002
   7.8070918078265383E-002
   7.8336752001257226E-002
   7.8601144822253444E-002
   7.8864415795594223E-002
   7.9126259560841850E-002
   7.9386992294352199E-002
   7.9646311579718798E-002
   7.9904530544987917E-002
   8.0161349689400918E-002
   8.0417079122084734E-002
   8.0671422229816936E-002
   8.0924686131911172E-002
   8.1176577074842937E-002
   8.1427399216936758E-002
   8.1676861636795439E-002
   8.1925265560301996E-002
   8.2172322870882164E-002
   8.2418331890248830E-002
   8.2663007279608625E-002
   8.2906644484504799E-002
   8.3148960917143189E-002
   8.3390249174626563E-002
   8.3630229393638178E-002
   8.3869191350302574E-002
   8.4106857879512220E-002
   8.4343515963611337E-002
   8.4578891109688525E-002
   8.4813267533242698E-002
   8.5046373387794416E-002
   8.5278490148673947E-002
   8.5509348590319445E-002
   8.5739227474309621E-002
   8.5967860170731991E-002
   8.6195522753578113E-002
   8.6421951163559552E-002
   8.6647418812992094E-002
   8.6871664188426956E-002
   8.7094958066166406E-002
   8.7317041454056499E-002
   8.7538182517799656E-002
   8.7758124762229439E-002
   8.7977133767616955E-002
   8.8194955511709305E-002
   8.8411853014273123E-002
   8.8627574702127676E-002
   8.8842381059221043E-002
   8.9056022937831991E-002
   8.9268758310539487E-002
   8.9480340431697059E-002
   8.9691024786726747E-002
   8.9900567008898813E-002
   9.0109220120456857E-002
   9.0316742110652104E-002
   9.0523383562298054E-002
   9.0728904797912291E-002
   9.0933553984397508E-002
   9.1137093755042198E-002
   9.1339769884130173E-002
   9.1541347293442321E-002
   9.1742069387711345E-002
   9.1941703355146731E-002
   9.2140490253775242E-002
   9.2338199516384112E-002
   9.2535069876919396E-002
   9.2730872991104940E-002
   9.2925845291212839E-002
   9.3119760634473248E-002
   9.3312853173674215E-002
   9.3504898946326631E-002
   9.3696129847712140E-002
   9.3886324074602179E-002
   9.4075711286536134E-002
   9.4264071818728090E-002
   9.4451633116531375E-002
   9.4638177632984877E-002
   9.4823930620603014E-002
   9.5008676629832478E-002
   9.5192638741488422E-002
   9.5375603583205293E-002
   9.5557792085037008E-002
   9.5738992931776568E-002
   9.5919424923455399E-002
   9.6098878782191588E-002
   9.6277571198527978E-002
   9.6455294912266676E-002
   9.6632264524800005E-002
   9.6808274774160874E-002
   9.6983538192733754E-002
   9.7157851497515768E-002
   9.7331425171831909E-002
   9.7504057892564333E-002
   9.7675958113733086E-002
   9.7846926453210359E-002
   9.8017169355276157E-002
   9.8186489360079232E-002
   9.8355090921535049E-002
   9.8522778483536966E-002
   9.8689754528824669E-002
   9.8855825386681917E-002
   9.9021191587677748E-002
   9.9185661328307417E-002
   9.9349433205792259E-002
   9.9512317265836203E-002
   9.9674510190951748E-002
   9.9835823858224648E-002
   9.9996453053917689E-002
  0.10015621146884124     
  0.10031529201129108     
  0.10047351016831607     
  0.10063105698835018     
  0.10078774973736326     
  0.10094377762185869     
  0.10109895966957616     
  0.10125348326284667     
  0.10140716917419534     
  0.10156020297936696     
  0.10171240717884977     
  0.10186396555922173     
  0.10201470233227328     
  0.10216479951266511     
  0.10231408300699152     
  0.10246273307507936     
  0.10261057730198653     
  0.10275779420962494     
  0.10290421304533304     
  0.10305001060986352     
  0.10319501779681040     
  0.10333940970236033     
  0.10348301885049005     
  0.10362601864925503     
  0.10376824323729639     
  0.10390986435081295     
  0.10405071772754404     
  0.10419097344795003     
  0.10433046883345010     
  0.10446937232473119     
  0.10460752281162411     
  0.10474508711084995     
  0.10488190566552946     
  0.10501814368407736     
  0.10515364314792786     
  0.10528856767269379     
  0.10542276076329293     
  0.10555638445789284     
  0.10568928377020592     
  0.10582161917616295     
  0.10595323718372551     
  0.10608429672164821     
  0.10621464577773554     
  0.10634444174848379     
  0.10647353408727200     
  0.10660207867311011     
  0.10672992641082324     
  0.10685723167656502     
  0.10698384681261230     
  0.10710992470675218     
  0.10723531912485496     
  0.10736018148068993     
  0.10748436694999630     
  0.10760802548673687     
  0.10773101366292659     
  0.10785347998679651     
  0.10797528241317478     
  0.10809656801849998     
  0.10821719612708125     
  0.10833731239736832     
  0.10845677750994942     
  0.10857573571895562     
  0.10869404904817759     
  0.10881186036096735     
  0.10892903301136836     
  0.10904570848536244     
  0.10916175145441964     
  0.10927730204043185     
  0.10939222621959432     
  0.10950666276286003     
  0.10962047893856997     
  0.10973381217976397     
  0.10984653103447006     
  0.10995877161071399     
  0.11007040372387400     
  0.11018156216973529     
  0.11029211801880812     
  0.11040220476728901     
  0.11051169472871880     
  0.11062072011223512     
  0.11072915446242493     
  0.11083712871377549     
  0.11094451763005186     
  0.11105145088337953     
  0.11115780444494772     
  0.11126370673669084     
  0.11136903492558092     
  0.11147391619541414     
  0.11157822889741720     
  0.11168209898918580     
  0.11178540599478271     
  0.11188827465742568     
  0.11199058566270526     
  0.11209246255117011     
  0.11219378715874062     
  0.11229468183488933     
  0.11239502955477754     
  0.11249495148828559     
  0.11259433173883093     
  0.11269329030807462     
  0.11279171241681274     
  0.11288971690975025     
  0.11298719011428826     
  0.11308424972933029     
  0.11318078317821390     
  0.11327690702508786     
  0.11337250977866087     
  0.11346770687926644     
  0.11356238791051942     
  0.11365666719977341     
  0.11375043539518770     
  0.11384380572186514     
  0.11393666988224460     
  0.11402914000980768     
  0.11412110885110738     
  0.11421268745852786     
  0.11430376961267052     
  0.11439446529524444     
  0.11448466931093115     
  0.11457449058108660     
  0.11466382492459859     
  0.11475278021269419     
  0.11484125326868733     
  0.11492935092380230     
  0.11501697099609554     
  0.11510421928681458     
  0.11519099459916848     
  0.11527740171435696     
  0.11536334041124485     
  0.11544891446081862     
  0.11553402460819173     
  0.11561877362387740     
  0.11570306320992185     
  0.11578699514601043     
  0.11587047208189727     
  0.11595359481599110     
  0.11603626693661706     
  0.11611858827037014     
  0.11620046333509615     
  0.11628199099494396     
  0.11636307668832035     
  0.11644381832620776     
  0.11652412225869724     
  0.11660408545279499     
  0.11668361516148651     
  0.11676280741690270     
  0.11684157036621912     
  0.11691999911570394     
  0.11699800269810168     
  0.11707567530274532     
  0.11715292683940937     
  0.11722985058933189     
  0.11730635733086237     
  0.11738253944589916     
  0.11745830857299189     
  0.11753375620336981     
  0.11760879482749065     
  0.11768351505450125     
  0.11775783021855246     
  0.11783183005521414     
  0.11790542873419718     
  0.11797871512591507     
  0.11805160422758343     
  0.11812418405280112     
  0.11819637041830999     
  0.11826825048915457     
  0.11833974089370192     
  0.11841092795662367     
  0.11848172911008703     
  0.11855222984649250     
  0.11862234839405805     
  0.11869216942093708     
  0.11876161194372403     
  0.11883075981427127     
  0.11889953282994825     
  0.11896801403417823     
  0.11903612399757701     
  0.11910394496293186     
  0.11917139826665135     
  0.11923856535860633     
  0.11930536833361383     
  0.11937188785627284     
  0.11943804677249736     
  0.11950392496918538     
  0.11956944603610653     
  0.11963468908995578     
  0.11969957845718682     
  0.11976419249171655     
  0.11982845624958105     
  0.11989244732927307     
  0.11995609150937669     
  0.12001946564024424     
  0.12008249621604095     
  0.12014525934619202     
  0.12020768223354472     
  0.12026984025374032     
  0.12033166131147621     
  0.12039322005568387     
  0.12045444508614378     
  0.12051541033208490     
  0.12057604508166908     
  0.12063642255136031     
  0.12069647271106643     
  0.12075626807135875     
  0.12081573927731593     
  0.12087495814042448     
  0.12093385597442463     
  0.12099250389845584     
  0.12105083388847482     
  0.12110891637794907     
  0.12116668399866670     
  0.12122420650503418     
  0.12128141717834806     
  0.12133838510050055     
  0.12139504419603475     
  0.12145146288081277     
  0.12150757571642190     
  0.12156345045911587     
  0.12161902230138422     
  0.12167435834623186     
  0.12172939441096808     
  0.12178419695164555     
  0.12183870240437145     
  0.12189297658448361     
  0.12194695654091880     
  0.12200070745447933     
  0.12205416698102334     
  0.12210739967293316     
  0.12216034378713769     
  0.12221306325365955     
  0.12226549692470279     
  0.12231770811392906     
  0.12236963626307951     
  0.12242134407539851     
  0.12247277157647862     
  0.12252398086503158     
  0.12257491254487363     
  0.12262562811601252     
  0.12267606875491333     
  0.12272629536865143     
  0.12277624970081980     
  0.12282599207127798     
  0.12287546478527922     
  0.12292472758112893     
  0.12297372332032497     
  0.12302251116522656     
  0.12307103452821244     
  0.12311935200124791     
  0.12316740754228284     
  0.12321525917838705     
  0.12326285140782089     
  0.12331024169820681     
  0.12335737508290556     
  0.12340430847548478     
  0.12345098743924821     
  0.12349746833904995     
  0.12354369726302705     
  0.12358973003261076     
  0.12363551325571120     
  0.12368110221557638     
  0.12372644403487776     
  0.12377159346386857     
  0.12381649813501983     
  0.12386121227072766     
  0.12390568400834789     
  0.12394996704750949     
  0.12399401002558386     
  0.12403786612447365     
  0.12408148447674594     
  0.12412491775156664     
  0.12416811557192631     
  0.12421113009919682     
  0.12425391144206310     
  0.12429651125899932     
  0.12433888013970162     
  0.12438106924459613     
  0.12442302963975238     
  0.12446481199234904     
  0.12450636784023761     
  0.12454774736210461     
  0.12458890256303357     
  0.12462988313793022     
  0.12467064155460461     
  0.12471122702884685     
  0.12475159248673062     
  0.12479178666954982     
  0.12483176295722576     
  0.12487156962112889     
  0.12491116049065254     
  0.12495058337177500     
  0.12498979253902798     
  0.12502883533748421     
  0.12506766648252277     
  0.12510633286275441     
  0.12514478963015452     
  0.12518308322127325     
  0.12522116922047322     
  0.12525909361660204     
  0.12529681242224089     
  0.12533437118285073     
  0.12537172633510396     
  0.12540892298534900     
  0.12544591799025984     
  0.12548275602130721     
  0.12551939435111747     
  0.12555587722047590     
  0.12559216231394998     
  0.12562829344579352     
  0.12566422870854321     
  0.12570001149403209     
  0.12573560029883457     
  0.12577103809643519     
  0.12580628378355030     
  0.12584137991934918     
  0.12587628579683252     
  0.12591104356484850     
  0.12594561290886208     
  0.12598003557135717     
  0.12601427162647671     
  0.12604836241425987     
  0.12608226839378012     
  0.12611603050651121     
  0.12614960959274701     
  0.12618304619923770     
  0.12621630154382268     
  0.12624941578233395     
  0.12628235050651604     
  0.12631514548505152     
  0.12634776267998649     
  0.12638024147658600     
  0.12641254420362658     
  0.12644470986665390     
  0.12647670115763865     
  0.12650855670606709     
  0.12654023956360372     
  0.12657178798730095     
  0.12660316538504834     
  0.12663440964505535     
  0.12666548452800330     
  0.12669642755681410     
  0.12672720284155847     
  0.12675784754339392     
  0.12678832611841195     
  0.12681867536949287     
  0.12684886009541296     
  0.12687891674423035     
  0.12690881045410096     
  0.12693857732168290     
  0.12696818282123945     
  0.12699766270141555     
  0.12702698276934266     
  0.12705617842900674     
  0.12708521581719912     
  0.12711412999656924     
  0.12714288743038971     
  0.12717152284326549     
  0.12720000302180168     
  0.12722836235581769     
  0.12725656795213447     
  0.12728465386901400     
  0.12731258753040486     
  0.12734040266620883     
  0.12736806701444481     
  0.12739561397981891     
  0.12742301161139347     
  0.12745029299181443     
  0.12747742647818794     
  0.12750444483420531     
  0.12753131672204643     
  0.12755807458952262     
  0.12758468740094764     
  0.12761118729129683     
  0.12763754352410484     
  0.12766378792452815     
  0.12768989005243703     
  0.12771588142615586     
  0.12774173189903415     
  0.12776747268552202     
  0.12779307392961825     
  0.12781856654482926     
  0.12784392096300001     
  0.12786916779959512     
  0.12789427777153151     
  0.12791928119910390     
  0.12794414908155316     
  0.12796891144685052     
  0.12799353957383808     
  0.12801806320098241     
  0.12804245388403190     
  0.12806674107473803     
  0.12809089660308604     
  0.12811494963687786     
  0.12813887227769061     
  0.12816269341211495     
  0.12818638541070060     
  0.12820997688153790     
  0.12823344046155749     
  0.12825680448303323     
  0.12828004184670916     
  0.12830318061170098     
  0.12832619394002243     
  0.12834910962026691     
  0.12837190107319696     
  0.12839459581949120     
  0.12841716753616828     
  0.12843964347857417     
  0.12846199757751231     
  0.12848425682555531     
  0.12850639540484399     
  0.12852844004771113     
  0.12855036518521135     
  0.12857219729194780     
  0.12859391104548856     
  0.12861553266519055     
  0.12863703707275986     
  0.12865845023476896     
  0.12867974731470677     
  0.12870095402879866     
  0.12872204577998581     
  0.12874304803655945     
  0.12876393643860551     
  0.12878473620887076     
  0.12880542322229926     
  0.12882602245846031     
  0.12884651002489278     
  0.12886691066033329     
  0.12888720070267179     
  0.12890740465213524     
  0.12892749907474288     
  0.12894750823451151     
  0.12896740892339187     
  0.12898722517146610     
  0.12900693399443841     
  0.12902655919071271     
  0.12904607799758883     
  0.12906551398402555     
  0.12908484460678249     
  0.12910409320758642     
  0.12912323746053911     
  0.12914230048232644     
  0.12916126016229756     
  0.12918013939426709     
  0.12919891628075630     
  0.12921761349485661     
  0.12923620935020663     
  0.12925472630130264     
  0.12927314287086578     
  0.12929148129690393     
  0.12930972030920440     
  0.12932788193137457     
  0.12934594509827191     
  0.12936393162117055     
  0.12938182063802017     
  0.12939963374980845     
  0.12941735029562040     
  0.12943499166818473     
  0.12945253740578133     
  0.12947000869488878     
  0.12948738527106096     
  0.12950468811651428     
  0.12952189716217610     
  0.12953903318796933     
  0.12955607631831101     
  0.12957304713278028     
  0.12958992594741936     
  0.12960673314339521     
  0.12962344922652691     
  0.12964009438148327     
  0.12965664930202969     
  0.12967313397823110     
  0.12968952928998823     
  0.12970585503463772     
  0.12972209227642018     
  0.12973826062180405     
  0.12975434131759167     
  0.12977035378122270     
  0.12978627944030152     
  0.12980213752506198     
  0.12981790964216766     
  0.12983361483645028     
  0.12984923489190670     
  0.12986478866975459     
  0.12988025812961390     
  0.12989566195085844     
  0.12991098226703790     
  0.12992623757743615     
  0.12994141018785577     
  0.12995651841922573     
  0.12997154474794148     
  0.12998650731829664     
  0.13000138877563550     
  0.13001620708931871     
  0.13003094507201007     
  0.13004562051982393     
  0.13006021641113086     
  0.13007475037047000     
  0.13008920554031933     
  0.13010359937529814     
  0.13011791518040972     
  0.13013217024199042     
  0.13014634802600300     
  0.13016046565212336     
  0.13017450674572206     
  0.13018848826142082     
  0.13020239398246081     
  0.13021624070000182     
  0.13023001235363241     
  0.13024372557262720     
  0.13025736445141556     
  0.13027094545894591     
  0.13028445284299695     
  0.13029790291373589     
  0.13031128007081239     
  0.13032460046714411     
  0.13033784865278641     
  0.13035104062492331     
  0.13036416108256699     
  0.13037722586866884     
  0.13039021982976062     
  0.13040315865604946     
  0.13041602734016444     
  0.13042884142104016     
  0.13044158603599443     
  0.13045427657414876     
  0.13046689831611413     
  0.13047946650264364     
  0.13049196655625916     
  0.13050441357077647     
  0.13051679310926034     
  0.13052912012000495     
  0.13054138030526441     
  0.13055358846921261     
  0.13056573045195208     
  0.13057782091492665     
  0.13058984583475630     
  0.13060181973153240     
  0.13061372871707522     
  0.13062558717148698     
  0.13063738134048575     
  0.13064912546553220     
  0.13066080592495233     
  0.13067243682290286     
  0.13068400466903785     
  0.13069552343153346     
  0.13070697975010703     
  0.13071838745826470     
  0.13072973332453275     
  0.13074103104904644     
  0.13075226752789848     
  0.13076345632913888     
  0.13077458447519708     
  0.13078566540331238     
  0.13079668626103214     
  0.13080766035604441     
  0.13081857495981053     
  0.13082944325171630     
  0.13084025262594134     
  0.13085101613480621     
  0.13086172129402573     
  0.13087238103008092     
  0.13088298297904921     
  0.13089353994278596     
  0.13090403967657038     
  0.13091449485883411     
  0.13092489336290924     
  0.13093524774499188     
  0.13094554599532993     
  0.13095580054906342     
  0.13096599951222765     
  0.13097615520007366     
  0.13098625583330925     
  0.13099631360845043     
  0.13100631685977215     
  0.13101627766620183     
  0.13102618447448533     
  0.13103604924709522     
  0.13104586054216427     
  0.13105563020683220     
  0.13106534690954619     
  0.13107502238322399     
  0.13108464540556319     
  0.13109422759636269     
  0.13110375784151551     
  0.13111324764879306     
  0.13112268601124022     
  0.13113208432568002     
  0.13114143169127823     
  0.13115073939497868     
  0.13115999664104350     
  0.13116921460759823     
  0.13117838260298775     
  0.13118751169756737     
  0.13119659130276240     
  0.13120563238219729     
  0.13121462444938259     
  0.13122357836224086     
  0.13123248373538554     
  0.13124135132205494     
  0.13125017083699086     
  0.13125895292975676     
  0.13126768741425732     
  0.13127638483738147     
  0.13128503511123912     
  0.13129364868103544     
  0.13130221555613963     
  0.13131074608105253     
  0.13131923036146431     
  0.13132767864214334     
  0.13133608112417261     
  0.13134444795354883     
  0.13135276942582697     
  0.13136105558918576     
  0.13136929683274223     
  0.13137750310779794     
  0.13138566489613135     
  0.13139379205310120     
  0.13140187515225255     
  0.13140992395392703     
  0.13141792912255190     
  0.13142590032436763     
  0.13143382831380768     
  0.13144172266391840     
  0.13144957421827130     
  0.13145739245761678     
  0.13146516831380595     
  0.13147291117618343     
  0.13148061206402772     
  0.13148828027615944     
  0.13149590691844071     
  0.13150350120004228     
  0.13151105431257548     
  0.13151857537642320     
  0.13152605566812059     
  0.13153350422011956     
  0.13154091239305910     
  0.13154828913230854     
  0.13155562588179892     
  0.13156293150065768     
  0.13157019751530519     
  0.13157743269945654     
  0.13158462866122766     
  0.13159179408974464     
  0.13159892067403112     
  0.13160601701943930     
  0.13161307489512142     
  0.13162010282346248     
  0.13162709265297168     
  0.13163405282386687     
  0.13164097526324703     
  0.13164786832995734     
  0.13165472402892808     
  0.13166155063841622     
  0.13166834024043350     
  0.13167510103342472     
  0.13168182517574056     
  0.13168852078678284     
  0.13169518010050485     
  0.13170181115802837     
  0.13170840626818037     
  0.13171497339455662     
  0.13172150492013568     
  0.13172800873173540     
  0.13173447728577159     
  0.13174091839302360     
  0.13174732458263616     
  0.13175370359008332     
  0.13176004801653818     
  0.13176636552289533     
  0.13177264878166173     
  0.13177890537987103     
  0.13178512806067699     
  0.13179132433796492     
  0.13179748702485217     
  0.13180362356278263     
  0.13180972683416292     
  0.13181580420869321     
  0.13182184863740143     
  0.13182786741893571     
  0.13183385357228428     
  0.13183981432572778     
  0.13184574276555905     
  0.13185164605037025     
  0.13185751733311002     
  0.13186336370335416     
  0.13186917838006385     
  0.13187496838446333     
  0.13188072700089104     
  0.13188646118287872     
  0.13189216427951123     
  0.13189784317728015     
  0.13190349128939305     
  0.13190911543594841     
  0.13191470909365699     
  0.13192027901686387     
  0.13192581874517240     
  0.13193133496780729     
  0.13193682128665785     
  0.13194228432645727     
  0.13194771775077974     
  0.13195312812048776     
  0.13195850916024732     
  0.13196386736766574     
  0.13196919652791084     
  0.13197450307594516     
  0.13197978085685458     
  0.13198503624356195     
  0.13199026314049278     
  0.13199546785912775     
  0.13200064436266090     
  0.13200579890172315     
  0.13201092549771021     
  0.13201603034098919     
  0.13202110751059704     
  0.13202616313721838     
  0.13203119135697516     
  0.13203619824144508     
  0.13204117798328485     
  0.13204613659553455     
  0.13205106832684033     
  0.13205597913227085     
  0.13206086331592082     
  0.13206572677544504     
  0.13207056386985427     
  0.13207538043994260     
  0.13208017089910640     
  0.13208494103182744     
  0.13208968530536436     
  0.13209440944842910     
  0.13209910798162205     
  0.13210378657842403     
  0.13210843981226383     
  0.13211307330192246     
  0.13211768167314797     
  0.13212227049054870     
  0.13212683443168771     
  0.13213137900752359     
  0.13213589894693389     
  0.13214039970774549     
  0.13214487606965508     
  0.13214933343787050     
  0.13215376664241751     
  0.13215818103639188     
  0.13216257149966393     
  0.13216694333371959     
  0.13217129146779238     
  0.13217562115225645     
  0.13217992736523310     
  0.13218421530647628     
  0.13218848000252525     
  0.13219272660300163     
  0.13219695018239497     
  0.13220115584067771     
  0.13220533869982742     
  0.13220950381064700     
  0.13221364634214394     
  0.13221777129642587     
  0.13222187388907569     
  0.13222595907397539     
  0.13223002211283563     
  0.13223406791177683     
  0.13223809177819179     
  0.13224209857090119     
  0.13224608364253920     
  0.13225005180508220     
  0.13225399845597052     
  0.13225792836078720     
  0.13226183696134641     
  0.13226572897728617     
  0.13226959989436615     
  0.13227345438672167     
  0.13227728798363558     
  0.13228110531417814     
  0.13228490195073528     
  0.13228868247774872     
  0.13229244251029026     
  0.13229618658860320     
  0.13229991037003530     
  0.13230361835105531     
  0.13230730623088105     
  0.13231097846262885     
  0.13231463078698114     
  0.13231826761412147     
  0.13232188472579698     
  0.13232548648967191     
  0.13232906872816153     
  0.13233263576682130     
  0.13233618346834386     
  0.13233971611658046     
  0.13234322961411249     
  0.13234672820349003     
  0.13235020782679774     
  0.13235367268568310     
  0.13235711876135414     
  0.13236055021494875     
  0.13236396306642151     
  0.13236736143679129     
  0.13237074138438554     
  0.13237410699049201     
  0.13237745435143955     
  0.13238078750916826     
  0.13238410259764266     
  0.13238740361983359     
  0.13239068674697929     
  0.13239395594345682     
  0.13239720741741845     
  0.13240044509501936     
  0.13240366522097058     
  0.13240687168357423     
  0.13241006076374617     
  0.13241323631230162     
  0.13241639464601196     
  0.13241953957856678     
  0.13242266746224751     
  0.13242578207397582     
  0.13242887980120077     
  0.13243196438443006     
  0.13243503224594311     
  0.13243808709018356     
  0.13244112537392483     
  0.13244415076589511     
  0.13244715975702892     
  0.13245015598068366     
  0.13245313596162478     
  0.13245610329818036     
  0.13245905454862084     
  0.13246199327658292     
  0.13246491607351873     
  0.13246782646870736     
  0.13247072108646352     
  0.13247360342203951     
  0.13247647013229624     
  0.13247932467878765     
  0.13248216375060551     
  0.13248499077593134     
  0.13248780247577763     
  0.13249060224527409     
  0.13249338683704659     
  0.13249615961349148     
  0.13249891735854402     
  0.13250166340218184     
  0.13250439455934782     
  0.13250711412791438     
  0.13250981895353209     
  0.13251251230227812     
  0.13251519105021448     
  0.13251785843192976     
  0.13252051135360388     
  0.13252315301864059     
  0.13252578036304841     
  0.13252839655934534     
  0.13253099857308137     
  0.13253358954618721     
  0.13253616647346855     
  0.13253873246656434     
  0.13254128454925374     
  0.13254382580317614     
  0.13254635328080466     
  0.13254887003406823     
  0.13255137314385745     
  0.13255386563267701     
  0.13255634460956145     
  0.13255881306787454     
  0.13256126814452318     
  0.13256371280401225     
  0.13256614421085189     
  0.13256856530096495     
  0.13257097326619993     
  0.13257337101417388     
  0.13257575576380853     
  0.13257813039468869     
  0.13258049215254819     
  0.13258284388921049     
  0.13258518287696353     
  0.13258751194013452     
  0.13258982837731081     
  0.13259213498559008     
  0.13259442908960350     
  0.13259671345948210     
  0.13259898544565041     
  0.13260124779153259     
  0.13260349787309789     
  0.13260573840732071     
  0.13260796679546938     
  0.13261018572832262     
  0.13261239263220426     
  0.13261459017194999     
  0.13261677579869824     
  0.13261895215159170     
  0.13262111670634247     
  0.13262327207664959     
  0.13262541576256193     
  0.13262755035257912     
  0.13262967337085318     
  0.13263178738092707     
  0.13263388993082215     
  0.13263598355936757     
  0.13263806583822380     
  0.13264013928174201     
  0.13264220148499550     
  0.13264425493809395     
  0.13264629725929722     
  0.13264833091470685     
  0.13265035354554566     
  0.13265236759413979     
  0.13265437072445230     
  0.13265636535526326     
  0.13265834917305774     
  0.13266032457329535     
  0.13266228926476686     
  0.13266424561983681     
  0.13266619136938540     
  0.13266812886290502     
  0.13267005585315328     
  0.13267197466697023     
  0.13267388307877970     
  0.13267578339298747     
  0.13267767340547598     
  0.13267955539843324     
  0.13268142718899134     
  0.13268329103733656     
  0.13268514478164506     
  0.13268699066031275     
  0.13268882653235892     
  0.13269065461459828     
  0.13269247278669138     
  0.13269428324408072     
  0.13269608388686915     
  0.13269787688933232     
  0.13269966017181911     
  0.13270143588764216     
  0.13270320197720054     
  0.13270496057304726     
  0.13270670963543729     
  0.13270845127636410     
  0.13271018347574781     
  0.13271190832521995     
  0.13271362382417617     
  0.13271533204408281     
  0.13271703100362320     
  0.13271872275429275     
  0.13272040533387686     
  0.13272208077409187     
  0.13272374713164181     
  0.13272540641865405     
  0.13272705671056917     
  0.13272870000011472     
  0.13273033438128601     
  0.13273196182759905     
  0.13273358045142514     
  0.13273519220725305     
  0.13273679522565307     
  0.13273839144227018     
  0.13273997900569867     
  0.13274155983292135     
  0.13274313209038224     
  0.13274469767658204     
  0.13274625477564284     
  0.13274780526776131     
  0.13274934735456645     
  0.13275088289812853     
  0.13275241011741379     
  0.13275393085654041     
  0.13275544335164624     
  0.13275694942906990     
  0.13275844734195474     
  0.13275993889903082     
  0.13276142237028399     
  0.13276289954700626     
  0.13276436871586217     
  0.13276583165087397     
  0.13276728665522408     
  0.13276873548583201     
  0.13277017646223910     
  0.13277161132442616     
  0.13277303840813603     
  0.13277445943657384     
  0.13277587276152825     
  0.13277728008959033     
  0.13277867978844005     
  0.13278007354821408     
  0.13278145975233002     
  0.13278284007463070     
  0.13278421291411835     
  0.13278557992849804     
  0.13278693953220788     
  0.13278829336697040     
  0.13278963986251102     
  0.13279098064472361     
  0.13279231415847303     
  0.13279364201397748     
  0.13279496267109536     
  0.13279627772452041     
  0.13279758564895916     
  0.13279888802373163     
  0.13280018333824994     
  0.13280147315660673     
  0.13280275598277869     
  0.13280403336577895     
  0.13280530382400646     
  0.13280656889154074     
  0.13280782710106553     
  0.13280907997187019     
  0.13281032605078402     
  0.13281156684244921     
  0.13281280090770564     
  0.13281402973668821     
  0.13281525190411281     
  0.13281646888574739     
  0.13281767927004906     
  0.13281888451855783     
  0.13282008323333971     
  0.13282127686184353     
  0.13282246401961340     
  0.13282364614014308     
  0.13282482185232403     
  0.13282599257582972     
  0.13282715695277014     
  0.13282831638913306     
  0.13282946954011843     
  0.13283061779815886     
  0.13283175983142081     
  0.13283289701891121     
  0.13283402804163713     
  0.13283515426531056     
  0.13283627438365531     
  0.13283738974921588     
  0.13283849906831002     
  0.13283960368044245     
  0.13284070230440315     
  0.13284179626678361     
  0.13284288429872482     
  0.13284396771402873     
  0.13284504525606988     
  0.13284611822598369     
  0.13284718537925988     
  0.13284824800448902     
  0.13284930486915991     
  0.13285035724943950     
  0.13285140392469930     
  0.13285244615880298     
  0.13285348274288933     
  0.13285451492863798     
  0.13285554151884127     
  0.13285656375311250     
  0.13285758044578633     
  0.13285859282452406     
  0.13285959971509143     
  0.13286060233331454     
  0.13286159951627963     
  0.13286259246809085     
  0.13286358003704635     
  0.13286456341564135     
  0.13286554146327734     
  0.13286651536095295     
  0.13286748397906600     
  0.13286844848722934     
  0.13286940776673206     
  0.13287036297590848     
  0.13287131300683530     
  0.13287225900667843     
  0.13287319987819646     
  0.13287413675749504     
  0.13287506855791142     
  0.13287599640459824     
  0.13287691922136946     
  0.13287783812252929     
  0.13287875204226807     
  0.13287966208414637     
  0.13288056719262986     
  0.13288146846064075     
  0.13288236484282034     
  0.13288325742155371     
  0.13288414516156100     
  0.13288502913479183     
  0.13288590831594749     
  0.13288678376664298     
  0.13288765447146433     
  0.13288852148179142     
  0.13288938379200066     
  0.13289024244333425     
  0.13289109643986508     
  0.13289194681279604     
  0.13289279257580167     
  0.13289363475014326     
  0.13289447235900487     
  0.13289530641380076     
  0.13289613594713390     
  0.13289696196066636     
  0.13289778349632786     
  0.13289860154612465     
  0.13289941516122195     
  0.13290022532406209     
  0.13290103109495854     
  0.13290183344688211     
  0.13290263144920478     
  0.13290342606551753     
  0.13290421637416494     
  0.13290500332944721     
  0.13290578601859537     
  0.13290656538670897     
  0.13290734052981823     
  0.13290811238391220     
  0.13290888005373547     
  0.13290964446625342     
  0.13291040473484195     
  0.13291116177752960     
  0.13291191471624053     
  0.13291266446015126     
  0.13291341013965274     
  0.13291415265515583     
  0.13291489114543475     
  0.13291562650222022     
  0.13291635787258960     
  0.13291708613967579     
  0.13291781045878004     
  0.13291853170452006     
  0.13291924904034080     
  0.13291996333242895     
  0.13292067375229366     
  0.13292138115777075     
  0.13292208472835743     
  0.13292278531361879     
  0.13292348210096239     
  0.13292417593176276     
  0.13292486600126163     
  0.13292555314272203     
  0.13292623655914415     
  0.13292691707575743     
  0.13292759390324616     
  0.13292826785888345     
  0.13292893816096374     
  0.13292960561888090     
  0.13293026945846553     
  0.13293093048130800     
  0.13293158792070314     
  0.13293224257051195     
  0.13293289367142291     
  0.13293354200964225     
  0.13293418683317904     
  0.13293482892066022     
  0.13293546752734375     
  0.13293610342435125     
  0.13293673587412003     
  0.13293736564033654     
  0.13293799199255041     
  0.13293861568708398     
  0.13293923600053015     
  0.13293985368191930     
  0.13294046801481851     
  0.13294107974103708     
  0.13294168815104879     
  0.13294229397951129     
  0.13294289652373936     
  0.13294349651130721     
  0.13294409324630441     
  0.13294468744929056     
  0.13294527843106452     
  0.13294586690523968     
  0.13294645218925782     
  0.13294703498985450     
  0.13294761463104998     
  0.13294819181276751     
  0.13294876586554438     
  0.13294933748255500     
  0.13294990600079215     
  0.13295047210674604     
  0.13295103514380324     
  0.13295159579183324     
  0.13295215340055511     
  0.13295270864328290     
  0.13295326087600468     
  0.13295381076554347     
  0.13295435767409636     
  0.13295490226205686     
  0.13295544389777203     
  0.13295598323526736     
  0.13295651964898103     
  0.13295705378663247     
  0.13295758502869082     
  0.13295811401663093     
  0.13295864013689473     
  0.13295916402477270     
  0.13295968507262179     
  0.13296020390960828     
  0.13296071993394731     
  0.13296123376873825     
  0.13296174481799894     
  0.13296225369882197     
  0.13296275982097039     
  0.13296326379558732     
  0.13296376503812635     
  0.13296426415383911     
  0.13296476056381379     
  0.13296525486746757     
  0.13296574649146953     
  0.13296623602945812     
  0.13296672291363043     
  0.13296720773190041     
  0.13296768992193986     
  0.13296817006599504     
  0.13296864760715854     
  0.13296912312206377     
  0.13296959605917213     
  0.13297006698955749     
  0.13297053536699943     
  0.13297100175706511     
  0.13297146561880080     
  0.13297192751232112     
  0.13297238690188706     
  0.13297284434221379     
  0.13297329930272750     
  0.13297375233279451     
  0.13297420290695716     
  0.13297465156928445     
  0.13297509779938532     
  0.13297554213608320     
  0.13297598406400413     
  0.13297642411677701     
  0.13297686178399593     
  0.13297729759414567     
  0.13297773104174082     
  0.13297816265017137     
  0.13297859191882511     
  0.13297901936604539     
  0.13297944449604748     
  0.13297986782217674     
  0.13298028885342839     
  0.13298070809819906     
  0.13298112507021709     
  0.13298154027297837     
  0.13298195322489859     
  0.13298236442461953     
  0.13298277339520048     
  0.13298318063047532     
  0.13298358565810164     
  0.13298398896715247     
  0.13298439008983931     
  0.13298478951051895     
  0.13298518676591398     
  0.13298558233571112     
  0.13298597576110027     
  0.13298636751714188     
  0.13298675714945007     
  0.13298714512850518     
  0.13298753100430294     
  0.13298791524278641     
  0.13298829739828988     
  0.13298867793226532     
  0.13298905640334313     
  0.13298943326852597     
  0.13298980809069993     
  0.13299018132246210     
  0.13299055253091208     
  0.13299092216428376     
  0.13299128979385011     
  0.13299165586352357     
  0.13299201994871135     
  0.13299238248904532     
  0.13299274306402564     
  0.13299310210904736     
  0.13299345920766314     
  0.13299381479107120     
  0.13299416844683898     
  0.13299452060200667     
  0.13299487084811967     
  0.13299521960809968     
  0.13299556647743072     
  0.13299591187495707     
  0.13299625540006232     
  0.13299659746755244     
  0.13299693768067389     
  0.13299727645023363     
  0.13299761338330285     
  0.13299794888672789     
  0.13299828257136848     
  0.13299861484014808     
  0.13299894530767853     
  0.13299927437299885     
  0.13299960165443570     
  0.13299992754718182     
  0.13300025167324292     
  0.13300057442400193     
  0.13300089542510896     
  0.13300121506417328     
  0.13300153297045414     
  0.13300184952782423     
  0.13300216436911638     
  0.13300247787450403     
  0.13300278968035784     
  0.13300310016318706     
  0.13300340896286800     
  0.13300371645227949     
  0.13300402227477082     
  0.13300432679962415     
  0.13300462967362958     
  0.13300493126250723     
  0.13300523121645313     
  0.13300552989766157     
  0.13300582695970053     
  0.13300612276127310     
  0.13300641695928661     
  0.13300670990898600     
  0.13300700127058662     
  0.13300729139590861     
  0.13300757994844292     
  0.13300786727661729     
  0.13300815304716784     
  0.13300843760516257     
  0.13300872062055102     
  0.13300900243507408     
  0.13300928272186319     
  0.13300956181936496     
  0.13300983940386191     
  0.13301011581053723     
  0.13301039071879495     
  0.13301066446058663     
  0.13301093671840736     
  0.13301120782100817     
  0.13301147745394548     
  0.13301174594280019     
  0.13301201297616072     
  0.13301227887646894     
  0.13301254333531531     
  0.13301280667203375     
  0.13301306858118767     
  0.13301332937903254     
  0.13301358876307612     
  0.13301384704652430     
  0.13301410392980295     
  0.13301435972309639     
  0.13301461412971993     
  0.13301486745686719     
  0.13301511941071320     
  0.13301537029549060     
  0.13301561982020682     
  0.13301586828616196     
  0.13301611540516811     
  0.13301636147562101     
  0.13301660621211098     
  0.13301684991015672     
  0.13301709228710101     
  0.13301733363561286     
  0.13301757367575973     
  0.13301781269738977     
  0.13301805042326897     
  0.13301828714045083     
  0.13301852257437496     
  0.13301875700932664     
  0.13301899017339225     
  0.13301922234811658     
  0.13301945326420839     
  0.13301968320049684     
  0.13301991189028750     
  0.13302013960972126     
  0.13302036609467494     
  0.13302059161862712     
  0.13302081592000126     
  0.13302103926963849     
  0.13302126140848514     
  0.13302148260477109     
  0.13302170260193913     
  0.13302192166563476     
  0.13302213954177278     
  0.13302235649343808     
  0.13302257226899550     
  0.13302278712899307     
  0.13302300082422169     
  0.13302321361271807     
  0.13302342524767474     
  0.13302363598464106     
  0.13302384557918923     
  0.13302405428440500     
  0.13302426185821670     
  0.13302446855127004     
  0.13302467412382746     
  0.13302487882411795     
  0.13302508241471589     
  0.13302528514145640     
  0.13302548676920267     
  0.13302568754142019     
  0.13302588722523945     
  0.13302608606177801     
  0.13302628382041193     
  0.13302648073993395     
  0.13302667659194323     
  0.13302687161293081     
  0.13302706557669763     
  0.13302725871745480     
  0.13302745081118417     
  0.13302764208983864     
  0.13302783233155990     
  0.13302802176606443     
  0.13302821017363331     
  0.13302839778176767     
  0.13302858437286735     
  0.13302877017223991     
  0.13302895496438327     
  0.13302913897243251     
  0.13302932198296369     
  0.13302950421696003     
  0.13302968546305571     
  0.13302986594010346     
  0.13303004543877472     
  0.13303022417581278     
  0.13303040194390703     
  0.13303057895771087     
  0.13303075501191297     
  0.13303093031909685     
  0.13303110467593071     
  0.13303127829294858     
  0.13303145096877822     
  0.13303162291192505     
  0.13303179392295794     
  0.13303196420837193     
  0.13303213357065835     
  0.13303230221432183     
  0.13303246994375773     
  0.13303263696149936     
  0.13303280307382725     
  0.13303296848132251     
  0.13303313299213348     
  0.13303329680490683     
  0.13303345972964142     
  0.13303362196306812     
  0.13303378331701765     
  0.13303394398632462     
  0.13303410378463343     
  0.13303426290490039     
  0.13303442116256692     
  0.13303457874872815     
  0.13303473548060585     
  0.13303489154745218     
  0.13303504676825151     
  0.13303520133043101     
  0.13303535505472008     
  0.13303550812673959     
  0.13303566036894687     
  0.13303581196517333     
  0.13303596273958740     
  0.13303611287424899     
  0.13303626219502140     
  0.13303641088220974     
  0.13303655876335485     
  0.13303670601702522     
  0.13303685247242281     
  0.13303699830639570     
  0.13303714334979211     
  0.13303728777775525     
  0.13303743142276359     
  0.13303757445827213     
  0.13303771671837494     
  0.13303785837485371     
  0.13303799926340298     
  0.13303813955414756     
  0.13303827908436627     
  0.13303841802254412     
  0.13303855620752891     
  0.13303869380617983     
  0.13303883065889988     
  0.13303896693093886     
  0.13303910246423856     
  0.13303923742245582     
  0.13303937164905610     
  0.13303950530611863     
  0.13303963823861742     
  0.13303977060706940     
  0.13303990225794360     
  0.13304003335020909     
  0.13304016373181460     
  0.13304029356019753     
  0.13304042268477190     
  0.13304055126145720     
  0.13304067914112006     
  0.13304080647817584     
  0.13304093312492893     
  0.13304105923430676     
  0.13304118466003745     
  0.13304130955357296     
  0.13304143377005295     
  0.13304155745946922     
  0.13304168047835696     
  0.13304180297526247     
  0.13304192480810428     
  0.13304204612399628     
  0.13304216678222702     
  0.13304228692849240     
  0.13304240642343679     
  0.13304252541135142     
  0.13304264375422470     
  0.13304276159495698     
  0.13304287879686627     
  0.13304299550147647     
  0.13304311157342208     
  0.13304322715286365     
  0.13304334210573976     
  0.13304345657086025     
  0.13304357041545667     
  0.13304368377699949     
  0.13304379652400100     
  0.13304390879260586     
  0.13304402045259422     
  0.13304413163879869     
  0.13304424222225419     
  0.13304435233649303     
  0.13304446185379515     
  0.13304457090640431     
  0.13304467936783126     
  0.13304478736904590     
  0.13304489478477799     
  0.13304500174473466     
  0.13304510812485315     
  0.13304521405359093     
  0.13304531940808073     
  0.13304542431554167     
  0.13304552865429109     
  0.13304563255032131     
  0.13304573588312341     
  0.13304583877747422     
  0.13304594111402746     
  0.13304604301635670     
  0.13304614436626538     
  0.13304624528613718     
  0.13304634565891460     
  0.13304644560580048     
  0.13304654501086732     
  0.13304664399414778     
  0.13304674244083370     
  0.13304684046979998     
  0.13304693796734424     
  0.13304703505119697     
  0.13304713160875092     
  0.13304722775660172     
  0.13304732338322789     
  0.13304741860410108     
  0.13304751330877473     
  0.13304760761160739     
  0.13304770140321742     
  0.13304779479686069     
  0.13304788768420983     
  0.13304798017742892     
  0.13304807216923553     
  0.13304816377071194     
  0.13304825487561001     
  0.13304834559394085     
  0.13304843582048109     
  0.13304852566418135     
  0.13304861502083232     
  0.13304870399833435     
  0.13304879249348245     
  0.13304888061313713     
  0.13304896825508883     
  0.13304905552516688     
  0.13304914232214782     
  0.13304922875084046     
  0.13304931471099701     
  0.13304940030641599     
  0.13304948543781592     
  0.13304957020799502     
  0.13304965451862838     
  0.13304973847152479     
  0.13304982196930437     
  0.13304990511279691     
  0.13304998780556021     
  0.13305007014745218     
  0.13305015204296056     
  0.13305023359098045     
  0.13305031469692064     
  0.13305039545872233     
  0.13305047578270646     
  0.13305055576586966     
  0.13305063531543659     
  0.13305071452746842     
  0.13305079331008529     
  0.13305087175842001     
  0.13305094978148002     
  0.13305102747348152     
  0.13305110474430792     
  0.13305118168726771     
  0.13305125821311292     
  0.13305133441425254     
  0.13305141020229927     
  0.13305148566877101     
  0.13305156072613222     
  0.13305163546501864     
  0.13305170979873937     
  0.13305178381705551     
  0.13305185743411241     
  0.13305193073880517     
  0.13305200364610736     
  0.13305207624405768     
  0.13305214844844815     
  0.13305222034646902     
  0.13305229185472500     
  0.13305236305956503     
  0.13305243387839760     
  0.13305250439673966     
  0.13305257453279618     
  0.13305264437125897     
  0.13305271383112149     
  0.13305278299626022     
  0.13305285178644821     
  0.13305292028475435     
  0.13305298841172464     
  0.13305305624962660     
  0.13305312371977362     
  0.13305319090363898     
  0.13305325772329479     
  0.13305332425942873     
  0.13305339043486519     
  0.13305345632951338     
  0.13305352186694086     
  0.13305358712628768     
  0.13305365203185771     
  0.13305371666202803     
  0.13305378094183240     
  0.13305384494889272     
  0.13305390860896460     
  0.13305397199892166     
  0.13305403504523627     
  0.13305409782403976     
  0.13305416026251415     
  0.13305422243605691     
  0.13305428427255128     
  0.13305434584666820     
  0.13305440708698657     
  0.13305446806745724     
  0.13305452871734746     
  0.13305458910989487     
  0.13305464917504928     
  0.13305470898534177     
  0.13305476847139786     
  0.13305482770504939     
  0.13305488661759024     
  0.13305494528016015     
  0.13305500362471490     
  0.13305506172170944     
  0.13305511950375415     
  0.13305517704062586     
  0.13305523426558419     
  0.13305529124773319     
  0.13305534792097595     
  0.13305540435375041     
  0.13305546048059669     
  0.13305551636929347     
  0.13305557195501150     
  0.13305562730487575     
  0.13305568235468246     
  0.13305573717090935     
  0.13305579168997150     
  0.13305584597770559     
  0.13305589997114042     
  0.13305595373547763     
  0.13305600720835242     
  0.13305606045433804     
  0.13305611341167234     
  0.13305616614430438     
  0.13305621859106820     
  0.13305627081529581     
  0.13305632275641144     
  0.13305637447713647     
  0.13305642591747913     
  0.13305647713955593     
  0.13305652808395352     
  0.13305657881218980     
  0.13305662926542361     
  0.13305667950458044     
  0.13305672947138603     
  0.13305677922617876     
  0.13305682871124591     
  0.13305687798634391     
  0.13305692699431737     
  0.13305697579434583     
  0.13305702432982502     
  0.13305707265936428     
  0.13305712072690468     
  0.13305716859049088     
  0.13305721619460376     
  0.13305726359672909     
  0.13305731074188265     
  0.13305735768699578     
  0.13305740437761493     
  0.13305745087012255     
  0.13305749711058978     
  0.13305754315485507     
  0.13305758894951003     
  0.13305763454985486     
  0.13305767990299588     
  0.13305772506370039     
  0.13305776997958363     
  0.13305781470488642     
  0.13305785918772806     
  0.13305790348182622     
  0.13305794753580136     
  0.13305799140285290     
  0.13305803503209623     
  0.13305807847621809     
  0.13305812168482434     
  0.13305816471009391     
  0.13305820750211872     
  0.13305825011257433     
  0.13305829249203427     
  0.13305833469167538     
  0.13305837666254772     
  0.13305841845533450     
  0.13305846002155897     
  0.13305850141141451     
  0.13305854257689154     
  0.13305858356770073     
  0.13305862433629456     
  0.13305866493190410     
  0.13305870530744079     
  0.13305874551166164     
  0.13305878549793082     
  0.13305882531453594     
  0.13305886491529106     
  0.13305890434801726     
  0.13305894356697467     
  0.13305898261952365     
  0.13305902146036441     
  0.13305906013640101     
  0.13305909860277088     
  0.13305913690592508     
  0.13305917500143427     
  0.13305921293530121     
  0.13305925066352509     
  0.13305928823166546     
  0.13305932559614497     
  0.13305936280208441     
  0.13305939980632653     
  0.13305943665355735     
  0.13305947330103551     
  0.13305950979301584     
  0.13305954608716952     
  0.13305958222732461     
  0.13305961817155976     
  0.13305965396328179     
  0.13305968956097258     
  0.13305972500762064     
  0.13305976026210797     
  0.13305979536700852     
  0.13305983028160195     
  0.13305986504804990     
  0.13305989962602593     
  0.13305993405728467     
  0.13305996830188827     
  0.13306000240118965     
  0.13306003631563534     
  0.13306007008617948     
  0.13306010367365051     
  0.13306013711860687     
  0.13306017038225537     
  0.13306020350476322     
  0.13306023644771114     
  0.13306026925087977     
  0.13306030187621887     
  0.13306033436312648     
  0.13306036667391941     
  0.13306039884761511     
  0.13306043084689434     
  0.13306046271039818     
  0.13306049440116641     
  0.13306052595746909     
  0.13306055734270106     
  0.13306058859476422     
  0.13306061967740601     
  0.13306065062816264     
  0.13306068141113148     
  0.13306071206348657     
  0.13306074254967148     
  0.13306077290650209     
  0.13306080309876478     
  0.13306083316291994     
  0.13306086306409370     
  0.13306089283839539     
  0.13306092245128687     
  0.13306095193852951     
  0.13306098126591803     
  0.13306101046886920     
  0.13306103951350767     
  0.13306106843490806     
  0.13306109719952208     
  0.13306112584208685     
  0.13306115432937582     
  0.13306118269579303     
  0.13306121090843148     
  0.13306123900136280     
  0.13306126694199838     
  0.13306129476408146     
  0.13306132243533630     
  0.13306134998918218     
  0.13306137739365353     
  0.13306140468184813     
  0.13306143182210839     
  0.13306145884721299     
  0.13306148572580945     
  0.13306151249036025     
  0.13306153910981577     
  0.13306156561632476     
  0.13306159197913803     
  0.13306161823009321     
  0.13306164433873802     
  0.13306167033660321     
  0.13306169619353003     
  0.13306172194074550     
  0.13306174754838151     
  0.13306177304736377     
  0.13306179840811194     
  0.13306182366125419     
  0.13306184877749505     
  0.13306187378716761     
  0.13306189866125884     
  0.13306192342980872     
  0.13306194806408422     
  0.13306197259383645     
  0.13306199699060883     
  0.13306202128386579     
  0.13306204544542477     
  0.13306206950446620     
  0.13306209343307995     
  0.13306211726016381     
  0.13306214095807767     
  0.13306216455544040     
  0.13306218802487879     
  0.13306221139473529     
  0.13306223463790068     
  0.13306225778244452     
  0.13306228080151894     
  0.13306230372292194     
  0.13306232652006589     
  0.13306234922047966     
  0.13306237179783253     
  0.13306239427938782     
  0.13306241663906815     
  0.13306243890387504     
  0.13306246104798225     
  0.13306248309813040     
  0.13306250502874239     
  0.13306252686630127     
  0.13306254858547684     
  0.13306257021249590     
  0.13306259172227342     
  0.13306261314078283     
  0.13306263444318067     
  0.13306265565519060     
  0.13306267675220829     
  0.13306269775970980     
  0.13306271865332753     
  0.13306273945829195     
  0.13306276015047103     
  0.13306278075485145     
  0.13306280124753345     
  0.13306282165326366     
  0.13306284194837237     
  0.13306286215736729     
  0.13306288225680740     
  0.13306290227096373     
  0.13306292217662219     
  0.13306294199781843     
  0.13306296171156329     
  0.13306298134165995     
  0.13306300086534129     
  0.13306302030618067     
  0.13306303964163102     
  0.13306305889503811     
  0.13306307804407203     
  0.13306309711185382     
  0.13306311607626875     
  0.13306313496021449     
  0.13306315374179034     
  0.13306317244367283     
  0.13306319104417219     
  0.13306320956574669     
  0.13306322798691550     
  0.13306324632992061     
  0.13306326457348772     
  0.13306328273964474     
  0.13306330080732276     
  0.13306331879833655     
  0.13306333669182124     
  0.13306335450938045     
  0.13306337223035092     
  0.13306338987612820     
  0.13306340742624778     
  0.13306342490189893     
  0.13306344228281497     
  0.13306345958998023     
  0.13306347680332431     
  0.13306349394362837     
  0.13306351099101499     
  0.13306352796606724     
  0.13306354484909688     
  0.13306356166048938     
  0.13306357838074723     
  0.13306359503005805     
  0.13306361158911328     
  0.13306362807790517     
  0.13306364447731189     
  0.13306366080713228     
  0.13306367704842970     
  0.13306369322081157     
  0.13306370930552402     
  0.13306372532198507     
  0.13306374125162224     
  0.13306375711366569     
  0.13306377288972260     
  0.13306378859883750     
  0.13306380422279473     
  0.13306381978045523     
  0.13306383525377941     
  0.13306385066144566     
  0.13306386598558917     
  0.13306388124470736     
  0.13306389642110794     
  0.13306391153311070     
  0.13306392656319299     
  0.13306394152949852     
  0.13306395641467295     
  0.13306397123668590     
  0.13306398597834979     
  0.13306400065746127     
  0.13306401525699840     
  0.13306402979458620     
  0.13306404425336638     
  0.13306405865079518     
  0.13306407297017575     
  0.13306408722879626     
  0.13306410141012126     
  0.13306411553127195     
  0.13306412957587233     
  0.13306414356087903     
  0.13306415747007305     
  0.13306417132024784     
  0.13306418509534090     
  0.13306419881198361     
  0.13306421245426892     
  0.13306422603866697     
  0.13306423954942481     
  0.13306425300285341     
  0.13306426638335167     
  0.13306427970707357     
  0.13306429295856814     
  0.13306430615383369     
  0.13306431927756845     
  0.13306433234561599     
  0.13306434534282285     
  0.13306435828487939     
  0.13306437115677761     
  0.13306438397405773     
  0.13306439672185588     
  0.13306440941556219     
  0.13306442204045665     
  0.13306443461178086     
  0.13306444711495669     
  0.13306445956507895     
  0.13306447194770921     
  0.13306448427779771     
  0.13306449654104502     
  0.13306450875225684     
  0.13306452089727250     
  0.13306453299075360     
  0.13306454501867693     
  0.13306455699556308     
  0.13306456890752316     
  0.13306458076893812     
  0.13306459256605296     
  0.13306460431311029     
  0.13306461599648700     
  0.13306462763028870     
  0.13306463920102396     
  0.13306465072266205     
  0.13306466218184232     
  0.13306467359239815     
  0.13306468494109858     
  0.13306469624164352     
  0.13306470748092902     
  0.13306471867252334     
  0.13306472980344930     
  0.13306474088714348     
  0.13306475191075418     
  0.13306476288758895     
  0.13306477380491888     
  0.13306478467592409     
  0.13306479548799799     
  0.13306480625419392     
  0.13306481696202721     
  0.13306482762442440     
  0.13306483822902138     
  0.13306484878862079     
  0.13306485929097711     
  0.13306486974876952     
  0.13306488014987083     
  0.13306489050683790     
  0.13306490080766076     
  0.13306491106477436     
  0.13306492126628511     
  0.13306493142450804     
  0.13306494152766457     
  0.13306495158795029     
  0.13306496159370074     
  0.13306497155699359     
