   1.3157776407215844     
   1.3110743664248896     
   1.3064555970492426     
   1.3008269981441583     
   1.2952474030643848     
   1.2896898086415907     
   1.2841511913622037     
   1.2786337364428879     
   1.2734551033593615     
   1.2685852147999526     
   1.2637308897860766     
   1.2588934019174629     
   1.2551718588996292     
   1.2517627248901146     
   1.2483425550359994     
   1.2448945028933969     
   1.2414195789241791     
   1.2379232572257404     
   1.2344102891254616     
   1.2308848178623522     
   1.2273504711568406     
   1.2238104359928152     
   1.2202675195131885     
   1.2167241991633981     
   1.2131826644560315     
   1.2096448521163514     
   1.2061124759193127     
   1.2025870522113193     
   1.1990699218852381     
   1.1955622694141841     
   1.1920651394277852     
   1.1885794512212389     
   1.1851060115145664     
   1.1816455257218941     
   1.1781986079447873     
   1.1747657898669832     
   1.1713475286983634     
   1.1679442142920866     
   1.1645561755393505     
   1.1611836861302973     
   1.1578269697557064     
   1.1544862047944897     
   1.1511615285624823     
   1.1478530411505823     
   1.1445608089007373     
   1.1412848675592040     
   1.1380252251527920     
   1.1347818646370085     
   1.1315547463636026     
   1.1283438104078205     
   1.1251489787841302     
   1.1219701575656291     
   1.1188072389096821     
   1.1156601029827911     
   1.1125286197725506     
   1.1094126507738296     
   1.1063120505390238     
   1.1032318702797315     
   1.1001771806154697     
   1.0971371161005443     
   1.0941115198584086     
   1.0911002334748410     
   1.0881030977876127     
   1.0851199535673250     
   1.0821506420985478     
   1.0791950056703989     
   1.0762528879855151     
   1.0733241344960447     
   1.0704085926748550     
   1.0675061122296381     
   1.0646165452670544     
   1.0617397464134712     
   1.0588755728982815     
   1.0560238846052175     
   1.0531845440965322     
   1.0503574166144019     
   1.0475423700634112     
   1.0447392749775426     
   1.0419480044746590     
   1.0391684342011098     
   1.0364004422687303     
   1.0336439091861989     
   1.0308987177864337     
   1.0281689513227004     
   1.0254615337304933     
   1.0227647996821336     
   1.0200786446842280     
   1.0174029662069044     
   1.0147376636077645     
   1.0120826380579508     
   1.0094377924707076     
   1.0068030314327192     
   1.0041782611384382     
   1.0015633893275373     
  0.99895832522557404     
  0.99636297948790020     
  0.99377726414681700     
  0.99120109256193156     
  0.98863437937365894     
  0.98607704045977751     
  0.98353111124367221     
  0.98100738030414480     
  0.97849244416942627     
  0.97598622866518803     
  0.97348866064162687     
  0.97099966794367187     
  0.96851917938348353     
  0.96604712471510201     
  0.96358343461110929     
  0.96112804064116542     
  0.95868087525228596     
  0.95624187175073438     
  0.95381236124745106     
  0.95140453494784094     
  0.94900433302883358     
  0.94661169805438972     
  0.94422657330941884     
  0.94184890278799582     
  0.93947863118253727     
  0.93711570387384380     
  0.93476006692192404     
  0.93241166705752487     
  0.93008233617973024     
  0.92776308293190113     
  0.92545056676077575     
  0.92314474329283069     
  0.92084556870547463     
  0.91855299972130811     
  0.91626699360274022     
  0.91399419126388914     
  0.91173626031373622     
  0.90948441455823281     
  0.90723861996880417     
  0.90499884293638400     
  0.90276505026768050     
  0.90054118407917871     
  0.89833451305041323     
  0.89613337030097950     
  0.89393773110144203     
  0.89174757101529945     
  0.88956872690282573     
  0.88740490581766229     
  0.88524612707622841     
  0.88309237443321398     
  0.88094363181149227     
  0.87881159270881337     
  0.87668820145976822     
  0.87456940737377298     
  0.87246342242340291     
  0.87036961687573511     
  0.86829923860232039     
  0.86671985257787731     
  0.86513309504083202     
  0.86353918433381360     
  0.86193833529734176     
  0.86033075929838010     
  0.85871666425974569     
  0.85709625469032369     
  0.85546973171602947     
  0.85383729311146905     
  0.85219913333224717     
  0.85055544354787049     
  0.84890641167520253     
  0.84725222241241938     
  0.84559305727342382     
  0.84392909462267285     
  0.84226050971037636     
  0.84058747470802742     
  0.83891015874422281     
  0.83722872794073788     
  0.83554334544881770     
  0.83385417148565155     
  0.83216136337099333     
  0.83046507556390192     
  0.82876545969956317     
  0.82706266462617095     
  0.82535683644183333     
  0.82364811853148279     
  0.82193665160375839     
  0.82022257372784102     
  0.81850602037021569     
  0.81678712443133961     
  0.81506601628219533     
  0.81334282380070755     
  0.81161767240800842     
  0.80989068510452922     
  0.80816198250590521     
  0.80643168287867606     
  0.80469990217576792     
  0.80296675407174267     
  0.80123234999780191     
  0.79949679917653238     
  0.79776020865638375     
  0.79602268334586435     
  0.79428432604745070     
  0.79254523749119488     
  0.79080551636802698     
  0.78906525936274174     
  0.78732456118666372     
  0.78558351460998410     
  0.78384221049376113     
  0.78210073782158429     
  0.78035918373089030     
  0.77861763354393210     
  0.77687617079839455     
  0.77513487727765384     
  0.77339383304067766     
  0.77165311645156409     
  0.76991280420871688     
  0.76817297137365459     
  0.76643369139945317     
  0.76469503615882184     
  0.76295707597180851     
  0.76121987963313842     
  0.75948351443918249     
  0.75774804621455771     
  0.75601353933835913     
  0.75428005677002430     
  0.75254766007483109     
  0.75081640944903127     
  0.74908636374461834     
  0.74735758049373491     
  0.74563011593271855     
  0.74390402502578923     
  0.74217936148838093     
  0.74045617781011752     
  0.73873452527743977     
  0.73701445399587984     
  0.73529601291199176     
  0.73357924983493716     
  0.73186421145773006     
  0.73015094337814479     
  0.72843949011928733     
  0.72672989514983799     
  0.72502220090396285     
  0.72331644880090140     
  0.72161267926423300     
  0.71991093174082443     
  0.71821124471946407     
  0.71651365574918124     
  0.71481820145726283     
  0.71312491756696328     
  0.71143383891491385     
  0.70974499946823566     
  0.70805843234136057     
  0.70637416981256140     
  0.70469224334019753     
  0.70301268357867863     
  0.70133552039414848     
  0.69966078287989675     
  0.69798849937149932     
  0.69631869746168984     
  0.69465140401497105     
  0.69298664518196484     
  0.69132444641350588     
  0.68966483247448473     
  0.68800782745744193     
  0.68635345479591614     
  0.68470173727755324     
  0.68305269705697613     
  0.68140635566842167     
  0.67976273403814713     
  0.67812185249660895     
  0.67648373079041935     
  0.67484838809408298     
  0.67321584302151694     
  0.67158611363735743     
  0.66995921746805920     
  0.66833517151278565     
  0.66671399225409844     
  0.66509569566844784     
  0.66348029723646507     
  0.66186781195306343     
  0.66025825433734986     
  0.65865163844234731     
  0.65704797786453828     
  0.65544728575322375     
  0.65384957481970662     
  0.65225485734630118     
  0.65066314519517210     
  0.64907444981700180     
  0.64748878225949658     
  0.64590615317572819     
  0.64432657283231476     
  0.64275005111744654     
  0.64117659754875778     
  0.63960622128104583     
  0.63803893111384080     
  0.63647473549883227     
  0.63491364254715021     
  0.63335566003650379     
  0.63180079541818590     
  0.63024905582393742     
  0.62870044807268133     
  0.62715497867712289     
  0.62561265385022347     
  0.62407347951154790     
  0.62253746129348575     
  0.62100460454735440     
  0.61947491434937885     
  0.61794839550655656     
  0.61642505256240721     
  0.61490488980260805     
  0.61338791126052050     
  0.61187412072260483     
  0.61036352173373221     
  0.60885611760238789     
  0.60735191140577305     
  0.60585090599480818     
  0.60435310399903341     
  0.60285850783141448     
  0.60136711969305190     
  0.59987894157779764     
  0.59839397527678018     
  0.59691222238283781     
  0.59543368429486687     
  0.59395836222207998     
  0.59248625718818082     
  0.59101737003545696     
  0.58955170142878788     
  0.58808925185957617     
  0.58663002164959710     
  0.58517401095477350     
  0.58372121976887503     
  0.58227164792714003     
  0.58082529510982794     
  0.57938216084569993     
  0.57794224451542897     
  0.57650554535494125     
  0.57507206245868991     
  0.57364179478286459     
  0.57221474114853410     
  0.57079090024472756     
  0.56937027063145340     
  0.56795285074265345     
  0.56653863888910472     
  0.56512763326125559     
  0.56371983193200736     
  0.56231523285944096     
  0.56091383388948568     
  0.55951563275853500     
  0.55812062709601007     
  0.55672881442687072     
  0.55534019217407449     
  0.55395475766098690     
  0.55257250811374170     
  0.55119344066355458     
  0.54981755234898821     
  0.54844484011817196     
  0.54707530083097733     
  0.54570893126114717     
  0.54434572809837967     
  0.54298568795037794     
  0.54162880734484764     
  0.54027508273145974     
  0.53892451048377144     
  0.53757708690110884     
  0.53623280821041086     
  0.53489167056803189     
  0.53355367006151344     
  0.53221880271131461     
  0.53088706447251044     
  0.52955845123645284     
  0.52823295883239774     
  0.52691058302910188     
  0.52559131953638116     
  0.52427516400664320     
  0.52296211203638188     
  0.52165215916764829     
  0.52034530088948450     
  0.51904153263933250     
  0.51774084980441093     
  0.51644324772306593     
  0.51514872168609360     
  0.51385726693803258     
  0.51256887867843293     
  0.51128355206309717     
  0.51000128220529684     
  0.50872206417696209     
  0.50744589300984799     
  0.50617276369667652     
  0.50490267119225363     
  0.50363561041456528     
  0.50237157624584816     
  0.50111056353363936     
  0.49985256709180592     
  0.49859758170155011     
  0.49734560211239420     
  0.49609662304314595     
  0.49485063918284311     
  0.49360764519167971     
  0.49236763570190939     
  0.49113060531873398     
  0.48989654862117105     
  0.48866546016290374     
  0.48743733447311288     
  0.48621216605729173     
  0.48498994939804291     
  0.48377067895586129     
  0.48255434916989509     
  0.48134095445869757     
  0.48013048922095625     
  0.47892294783621220     
  0.47771832466556147     
  0.47651661405234119     
  0.47531781032280412     
  0.47412190778677460     
  0.47292890073829480     
  0.47173878345625336     
  0.47055155020500539     
  0.46936719523497411     
  0.46818571278324389     
  0.46700709707413779     
  0.46583134231978496     
  0.46465844272067514     
  0.46348839246619894     
  0.46232118573518111     
  0.46115681669639957     
  0.45999527950909275     
  0.45883656832345787     
  0.45768067728113759     
  0.45652760051569630     
  0.45537733215308557     
  0.45422986631210122     
  0.45308519710482797     
  0.45194331863707810     
  0.45080422500881701     
  0.44966791031457959     
  0.44853436864388224     
  0.44740359408161962     
  0.44627558070845824     
  0.44515032260121729     
  0.44402781383324269     
  0.44290804847477516     
  0.44179102059330572     
  0.44067672425392773     
  0.43956515351967801     
  0.43845630245187250     
  0.43735016511043479     
  0.43624673555421178     
  0.43514600784129420     
  0.43404797602931600     
  0.43295263417575913     
  0.43185997633824103     
  0.43076999657480575     
  0.42968268894420059     
  0.42859804750615138     
  0.42751606632162742     
  0.42643673945310756     
  0.42536006096483081     
  0.42428602492304812     
  0.42321462539626675     
  0.42214585645548819     
  0.42107971217444107     
  0.42001618662980955     
  0.41895527390145604     
  0.41789696807263821     
  0.41684126323022042     
  0.41578815346488207     
  0.41473763287132204     
  0.41368969554845469     
  0.41264433559960301     
  0.41160154713268926     
  0.41056132426041803     
  0.40952366110045735     
  0.40848855177561416     
  0.40745599041400571     
  0.40642597114922874     
  0.40539848812052148     
  0.40437353547292354     
  0.40335110735743374     
  0.40233119793116090     
  0.40131380135747163     
  0.40029891180613741     
  0.39928652345347426     
  0.39827663048248141     
  0.39726922708297541     
  0.39626430745172370     
  0.39526186579257050     
  0.39426189631655950     
  0.39326439324206020     
  0.39226935079488512     
  0.39127676320840288     
  0.39028662472365550     
  0.38929892958946477     
  0.38831367206253986     
  0.38733084640758342     
  0.38635044689739206     
  0.38537246781295487     
  0.38439690344355049     
  0.38342374808684254     
  0.38245299604896876     
  0.38148464164462970     
  0.38051867919717786     
  0.37955510303870021     
  0.37859390751010003     
  0.37763508696117942     
  0.37667863575071181     
  0.37572454824652346     
  0.37477281882556135     
  0.37382344187396799     
  0.37287641178714848     
  0.37193172296984078     
  0.37098936983617725     
  0.37004934680975110     
  0.36911164832367704     
  0.36817626882065035     
  0.36724320275300670     
  0.36631244458277556     
  0.36538398878173861     
  0.36445782983147901     
  0.36353396222343537     
  0.36261238045894950     
  0.36169307904931558     
  0.36077605251582645     
  0.35986129538981915     
  0.35894880221271719     
  0.35803856753607421     
  0.35713058592161373     
  0.35622485194126863     
  0.35532136017722038     
  0.35442010522193323     
  0.35352108167819207     
  0.35262428415913472     
  0.35172970728828623     
  0.35083734569959002     
  0.34994719403743690     
  0.34905924695669655     
  0.34817349912274365     
  0.34728994521148759     
  0.34640857990939511     
  0.34552939791351689     
  0.34465239393151192     
  0.34377756268166904     
  0.34290489889292874     
  0.34203439730490481     
  0.34116605266790312     
  0.34029985974294175     
  0.33943581330176675     
  0.33857390812687183     
  0.33771413901151259     
  0.33685650075972184     
  0.33600098818632540     
  0.33514759611695466     
  0.33429631938805870     
  0.33344715284691773     
  0.33260009135165325     
  0.33175512977123933     
  0.33091226298551135     
  0.33007148588517443     
  0.32923279337181455     
  0.32839618035790319     
  0.32756164176680358     
  0.32672917253278155     
  0.32589876760100500     
  0.32507042192755276     
  0.32424413047941802     
  0.32341988823451195     
  0.32259769018166506     
  0.32177753132063336     
  0.32095940666209521     
  0.32014331122765693     
  0.31932924004985208     
  0.31851718817214125     
  0.31770715064891164     
  0.31689912254547770     
  0.31609309893807802     
  0.31528907491387514     
  0.31448704557095208     
  0.31368700601830890     
  0.31288895137586248     
  0.31209287677443920     
  0.31129877735577238     
  0.31050664827249908     
  0.30971648468815316     
  0.30892828177716047     
  0.30814203472483415     
  0.30735773872736616     
  0.30657538899182357     
  0.30579498073613920     
  0.30501650918910517     
  0.30423996959036559     
  0.30346535719040924     
  0.30269266725055799     
  0.30192189504296307     
  0.30115303585059117     
  0.30038608496721941     
  0.29962103769742165     
  0.29885788935656177     
  0.29809663527078267     
  0.29733727077699335     
  0.29657979122286193     
  0.29582419196680054     
  0.29507046837795869     
  0.29431861583620667     
  0.29356862973212738     
  0.29282050546700089     
  0.29207423845279779     
  0.29132982411215702     
  0.29058725787838491     
  0.28984653519543147     
  0.28910765151788442     
  0.28837060231094969     
  0.28763538305044289     
  0.28690198922277343     
  0.28617041632492846     
  0.28544065986446232     
  0.28471271535947928     
  0.28398657833861940     
  0.28326224434104252     
  0.28253970891641644     
  0.28181896762489833     
  0.28110001603712054     
  0.28038284973417704     
  0.27966746430760370     
  0.27895385535936368     
  0.27824201850183561     
  0.27753194935779024     
  0.27682364356037947     
  0.27611709675311957     
  0.27541230458987065     
  0.27470926273482521     
  0.27400796686248485     
  0.27330841265765027     
  0.27261059581539959     
  0.27191451204107342     
  0.27122015705025471     
  0.27052752656875445     
  0.26983661633259326     
  0.26914742208798048     
  0.26845993959130265     
  0.26777416460910020     
  0.26709009291805030     
  0.26640772030495274     
  0.26572704256670743     
  0.26504805551029864     
  0.26437075495277329     
  0.26369513672122735     
  0.26302119665278323     
  0.26234893059457687     
  0.26167833440373045     
  0.26100940394734062     
  0.26034213510245807     
  0.25967652375606842     
  0.25901256580507115     
  0.25835025715626581     
  0.25768959372632771     
  0.25703057144179076     
  0.25637318623903027     
  0.25571743406424063     
  0.25506331087341783     
  0.25441081263233911     
  0.25375993531654684     
  0.25311067491132422     
  0.25246302741167914     
  0.25181698882232462     
  0.25117255515765635     
  0.25052972244173854     
  0.24988848670827923     
  0.24924884400061353     
  0.24861079037168154     
  0.24797432188401269     
  0.24733943460970031     
  0.24670612463038843     
  0.24607438803724613     
  0.24544422093095264     
  0.24481561942167496     
  0.24418857962904739     
  0.24356309768215156     
  0.24293916971950036     
  0.24231679188901289     
  0.24169596034799889     
  0.24107667126313592     
  0.24045892081045095     
  0.23984270517529827     
  0.23922802055234371     
  0.23861486314554203     
  0.23800322916811323     
  0.23739311484252956     
  0.23678451640049381     
  0.23617743008291425     
  0.23557185213989029     
  0.23496777883068931     
  0.23436520642372860     
  0.23376413119655337     
  0.23316454943582043     
  0.23256645743727311     
  0.23196985150572358     
  0.23137472795503500     
  0.23078108310809731     
  0.23018891329681157     
  0.22959821486206533     
  0.22900898415371629     
  0.22842121753057154     
  0.22783491136036760     
  0.22725006201974918     
  0.22666666589424966     
  0.22608471937827146     
  0.22550421887506766     
  0.22492516079671832     
  0.22434754156411496     
  0.22377135760693700     
  0.22319660536363461     
  0.22262328128140496     
  0.22205138181617834     
  0.22148090343259297     
  0.22091184260397678     
  0.22034419581232945     
  0.21977795954829871     
  0.21921313031116585     
  0.21864970460882016     
  0.21808767895774384     
  0.21752704988298932     
  0.21696781391816156     
  0.21640996760539577     
  0.21585350749534105     
  0.21529843014713845     
  0.21474473212840206     
  0.21419241001519951     
  0.21364146039203169     
  0.21309187985181299     
  0.21254366499585442     
  0.21199681243383894     
  0.21145131878380752     
  0.21090718067213865     
  0.21036439473352286     
  0.20982295761095160     
  0.20928286595569301     
  0.20874411642727242     
  0.20820670569345723     
  0.20767063043023060     
  0.20713588732178023     
  0.20660247306047264     
  0.20607038434683678     
  0.20553961788954400     
  0.20501017040538905     
  0.20448203861927283     
  0.20395521926417881     
  0.20342970908115943     
  0.20290550481931213     
  0.20238260323576307     
  0.20186100109564664     
  0.20134069517208986     
  0.20082168224618824     
  0.20030395910698917     
  0.19978752255147592     
  0.19927236938454496     
  0.19875849641898713     
  0.19824590047547253     
  0.19773457838252606     
  0.19722452697651438     
  0.19671574310162410     
  0.19620822360984380     
  0.19570196536094564     
  0.19519696522246599     
  0.19469322006968792     
  0.19419072678562055     
  0.19368948226098370     
  0.19318948339418718     
  0.19269072709131307     
  0.19219321026609737     
  0.19169692983991182     
  0.19120188274174366     
  0.19070806590817868     
  0.19021547628338753     
  0.18972411081909712     
  0.18923396647458168     
  0.18874504021664096     
  0.18825732901958159     
  0.18777082986520111     
  0.18728553974276785     
  0.18680145564900352     
  0.18631857458806500     
  0.18583689357152899     
  0.18535640961836919     
  0.18487711975494092     
  0.18439902101496664     
  0.18392211043951034     
  0.18344638507696842     
  0.18297184198304584     
  0.18249847822074106     
  0.18202629086032629     
  0.18155527697933393     
  0.18108543366253238     
  0.18061675800191723     
  0.18014924709668445     
  0.17968289805321980     
  0.17921770798507863     
  0.17875367401296749     
  0.17829079326473085     
  0.17782906287532707     
  0.17736847998681682     
  0.17690904174834554     
  0.17645074531612193     
  0.17599358785340369     
  0.17553756653048014     
  0.17508267852465620     
  0.17462892102023353     
  0.17417629120849298     
  0.17372478628767907     
  0.17327440346298217     
  0.17282513994652182     
  0.17237699295733189     
  0.17192995972133873     
  0.17148403747134944     
  0.17103922344703204     
  0.17059551489489799     
  0.17015290906828950     
  0.16971140322736000     
  0.16927099463905659     
  0.16883168057710540     
  0.16839345832199359     
  0.16795632516095449     
  0.16752027838794936     
  0.16708531530365212     
  0.16665143321543130     
  0.16621862943733567     
  0.16578690129007678     
  0.16535624610101263     
  0.16492666120413213     
  0.16449814394003637     
  0.16407069165592747     
  0.16364430170558619     
  0.16321897144935926     
  0.16279469825414383     
  0.16237147949337116     
  0.16194931254698741     
  0.16152819480144076     
  0.16110812364966487     
  0.16068909649106378     
  0.16027111073149303     
  0.15985416378324757     
  0.15943825306504300     
  0.15902337600200067     
  0.15860953002563449     
  0.15819671257382850     
  0.15778492109082964     
  0.15737415302722568     
  0.15696440583993410     
  0.15655567699218109     
  0.15614796395349362     
  0.15574126419967527     
  0.15533557521279906     
  0.15493089448118502     
  0.15452721949939041     
  0.15412454776818874     
  0.15372287679455998     
  0.15332220409167208     
  0.15292252717886645     
  0.15252384358164306     
  0.15212615083164427     
  0.15172944646664044     
  0.15133372803051592     
  0.15093899307325254     
  0.15054523915091356     
  0.15015246382563008     
  0.14976066466558835     
  0.14936983924500991     
  0.14897998514413968     
  0.14859109994923203     
  0.14820318125253173     
  0.14781622665226435     
  0.14743023375261932     
  0.14704520016373401     
  0.14666112350168048     
  0.14627800138845015     
  0.14589583145193974     
  0.14551461132593591     
  0.14513433865010095     
  0.14475501106996014     
  0.14437662623688541     
  0.14399918180807902     
  0.14362267544656238     
  0.14324710482116065     
  0.14287246760648908     
  0.14249876148293650     
  0.14212598413665489     
  0.14175413325953923     
  0.14138320654921943     
  0.14101320170904164     
  0.14064411644805730     
  0.14027594848100833     
  0.13990869552831053     
  0.13954235531604320     
  0.13917692557593175     
  0.13881240404533735     
  0.13844878846723863     
  0.13808607659022254     
  0.13772426616846667     
  0.13736335496172714     
  0.13700334073532405     
  0.13664422126013032     
  0.13628599431255284     
  0.13592865767452189     
  0.13557220913348111     
  0.13521664648236575     
  0.13486196751959489     
  0.13450817004905791     
  0.13415525188009758     
  0.13380321082749935     
  0.13345204471147409     
  0.13310175135765145     
  0.13275232859705988     
  0.13240377426611760     
  0.13205608620661613     
  0.13170926226570867     
  0.13136330029589727     
  0.13101819815501659     
  0.13067395370622659     
  0.13033056481799188     
  0.12998802936407394     
  0.12964634522351759     
  0.12930551028063431     
  0.12896552242499382     
  0.12862637955140654     
  0.12828807955991606     
  0.12795062035577953     
  0.12761399984945998     
  0.12727821595661160     
  0.12694326659806776     
  0.12660914969982551     
  0.12627586319303530     
  0.12594340501398660     
  0.12561177310409954     
  0.12528096540990508     
  0.12495097988303883     
  0.12462181448022125     
  0.12429346716325451     
  0.12396593589900073     
  0.12364909564337578     
  0.12333859788763801     
  0.12302887182404820     
  0.12271991553473960     
  0.12241172710661141     
  0.12210430463131594     
  0.12179764620524836     
  0.12149174992953116     
  0.12118661391000840     
  0.12088223625723038     
  0.12057861508644008     
  0.12027574851756717     
  0.11997363467521116     
  0.11967227168863204     
  0.11937165769173763     
  0.11907179082307362     
  0.11877266922581242     
  0.11847429104773810     
  0.11817665444123793     
  0.11787975756329239     
  0.11758359857546052     
  0.11728817564386795     
  0.11699348693920064     
  0.11669953063668870     
  0.11640630491609594     
  0.11611380796170967     
  0.11582203796233026     
  0.11553099311125781     
  0.11524067160628304     
  0.11495107164967489     
  0.11466219144816958     
  0.11437402921295847     
  0.11408658315967957     
  0.11379985150840377     
  0.11351383248362645     
  0.11322852431425545     
  0.11294392523359797     
  0.11266003347935216     
  0.11237684729359643     
  0.11209436492277658     
  0.11181258461769739     
  0.11153150463350880     
  0.11125112322969866     
  0.11097143867007753     
  0.11069244922277299     
  0.11041415316021630     
  0.11013654875913126     
  0.10985963430052248     
  0.10958340806966760     
  0.10930786835610640     
  0.10903301345362926     
  0.10875884166026584     
  0.10848535127827574     
  0.10821254061413699     
  0.10794040797853666     
  0.10766895168636048     
  0.10739817005668062     
  0.10712806141274811     
  0.10685862408197977     
  0.10658985639594865     
  0.10632175669037536     
  0.10605432330511522     
  0.10578755458414957     
  0.10552144887557624     
  0.10525600453159734     
  0.10499121990850924     
  0.10472709336669461     
  0.10446362327061021     
  0.10420080798877707     
  0.10393864589377078     
  0.10367713536221124     
  0.10341627477475335     
  0.10315606251607590     
  0.10289649697487202     
  0.10263757654383876     
  0.10237929961966863     
  0.10212166460303873     
  0.10186466989859921     
  0.10160831391496616     
  0.10135259506470962     
  0.10109751176434623     
  0.10084306243432728     
  0.10058924549902803     
  0.10033605938674084     
  0.10008350252966425     
   9.9831573363892590E-002
   9.9580270329406861E-002
   9.9329591870064737E-002
   9.9079536433592352E-002
   9.8830102471572978E-002
   9.8581288439436587E-002
   9.8333092796453414E-002
   9.8085514005722407E-002
   9.7838550534162572E-002
   9.7592200852500532E-002
   9.7346463435266983E-002
   9.7101336760781809E-002
   9.6856819311146536E-002
   9.6612909572234784E-002
   9.6369606033683386E-002
   9.6126907188883504E-002
   9.5884811534970638E-002
   9.5643317572813746E-002
   9.5402423807008585E-002
   9.5162128745867935E-002
   9.4922430901410060E-002
   9.4683457290938966E-002
   9.4445255853778054E-002
   9.4207646429943503E-002
   9.3970627548085384E-002
   9.3734197740510172E-002
   9.3498355543169209E-002
   9.3263099495656254E-002
   9.3028428141189279E-002
   9.2794340026612021E-002
   9.2560833702376888E-002
   9.2327907722538738E-002
   9.2095560644747998E-002
   9.1863791030236674E-002
   9.1632597443814801E-002
   9.1401978453858002E-002
   9.1171932632300612E-002
   9.0942458554625683E-002
   9.0713554799856766E-002
   9.0485219950548368E-002
   9.0257452592780840E-002
   9.0030251316141952E-002
   8.9803614713731106E-002
   8.9577541382140247E-002
   8.9352029921452303E-002
   8.9127078935226978E-002
   8.8902687030495198E-002
   8.8678852817749565E-002
   8.8455574910937029E-002
   8.8232851927448896E-002
   8.8010682488111724E-002
   8.7789065217181550E-002
   8.7567998742329456E-002
   8.7347481694640905E-002
   8.7127512708604860E-002
   8.6908090422098683E-002
   8.6689213476389915E-002
   8.6470880516120063E-002
   8.6253090189299497E-002
   8.6035841147300340E-002
   8.5819132044844704E-002
   8.5602961539998690E-002
   8.5387328294163067E-002
   8.5172230972067275E-002
   8.4957668241755879E-002
   8.4743638774587238E-002
   8.4530141245219736E-002
   8.4317174331606237E-002
   8.4104736714984751E-002
   8.3892827079871113E-002
   8.3681444114051429E-002
   8.3470586508571865E-002
   8.3260252957731540E-002
   8.3050442159076088E-002
   8.2841152813387220E-002
   8.2632383624674732E-002
   8.2424133300170732E-002
   8.2216400550319646E-002
   8.2009184088771114E-002
   8.1802482632373108E-002
   8.1596294901158162E-002
   8.1390619618342930E-002
   8.1185455510320415E-002
   8.0980801306643313E-002
   8.0776655740023129E-002
   8.0573017546325731E-002
   8.0369885464551372E-002
   8.0167258236838679E-002
   7.9965134608453559E-002
   7.9763513327776314E-002
   7.9562393146300314E-002
   7.9361772818622445E-002
   7.9161651102432895E-002
   7.8962026758512049E-002
   7.8762898550717164E-002
   7.8564265245979259E-002
   7.8366125614294235E-002
   7.8168478428715327E-002
   7.7971322465341553E-002
   7.7774656503318829E-002
   7.7578479324822647E-002
   7.7382789715058964E-002
   7.7187586462250879E-002
   7.6992868357634414E-002
   7.6798634195446747E-002
   7.6604882772925098E-002
   7.6411612890294967E-002
   7.6218823350763243E-002
   7.6026512960512216E-002
   7.5834680528688914E-002
   7.5643324867401995E-002
   7.5452444791711093E-002
   7.5262039119622814E-002
   7.5072106672081196E-002
   7.4882646272958153E-002
   7.4693656749050152E-002
   7.4505136930068661E-002
   7.4317085648636594E-002
   7.4129501740274995E-002
   7.3942384043399700E-002
   7.3755731399314461E-002
   7.3569542652201170E-002
   7.3383816649115419E-002
   7.3198552239978953E-002
   7.3013748277569901E-002
   7.2829403617520327E-002
   7.2645517118303582E-002
   7.2462087641231188E-002
   7.2279114050445736E-002
   7.2096595212910453E-002
   7.1914529998405863E-002
   7.1732917279522690E-002
   7.1551755931652083E-002
   7.1371044832979846E-002
   7.1190782864481550E-002
   7.1010968909912764E-002
   7.0831601855803950E-002
   7.0652680591450912E-002
   7.0474204008913022E-002
   7.0296171003001229E-002
   7.0118580471272729E-002
   6.9941431314026525E-002
   6.9764722434293880E-002
   6.9588452737832762E-002
   6.9412621133120078E-002
   6.9237226531344787E-002
   6.9062267846402792E-002
   6.8887743994889616E-002
   6.8713653896094629E-002
   6.8539996471991715E-002
   6.8366770647231956E-002
   6.8193975349141178E-002
   6.8021609507712411E-002
   6.7849672055595667E-002
   6.7678161928095726E-002
   6.7507078063163251E-002
   6.7336419401386349E-002
   6.7166184885985691E-002
   6.6996373462812064E-002
   6.6826984080332830E-002
   6.6658015689631256E-002
   6.6489467244397416E-002
   6.6321337700919303E-002
   6.6153626018079725E-002
   6.5986331157350753E-002
   6.5819452082785057E-002
   6.5652987761008585E-002
   6.5486937161216341E-002
   6.5321299255165277E-002
   6.5156073017168081E-002
   6.4991257424087179E-002
   6.4826851455326073E-002
   6.4662854092826016E-002
   6.4499264321056460E-002
   6.4336081127016165E-002
   6.4173303500216994E-002
   6.4010930432681246E-002
   6.3848960918939213E-002
   6.3687393956019411E-002
   6.3526228543443475E-002
   6.3365463683217493E-002
   6.3205098379831570E-002
   6.3045131640245833E-002
   6.2885562473891543E-002
   6.2726389892661105E-002
   6.2567612910900960E-002
   6.2409230545410033E-002
   6.2251241815429070E-002
   6.2093645742635761E-002
   6.1936441351140736E-002
   6.1779627667481352E-002
   6.1623203720610364E-002
   6.1467168541895489E-002
   6.1311521165114735E-002
   6.1156260626444636E-002
   6.1001385964457144E-002
   6.0846896220113189E-002
   6.0692790436760014E-002
   6.0539067660119628E-002
   6.0385726938289475E-002
   6.0232767321726888E-002
   6.0080187863252421E-002
   5.9927987618043188E-002
   5.9776165643620649E-002
   5.9624720999850167E-002
   5.9473652748933237E-002
   5.9322959955402599E-002
   5.9172641686116689E-002
   5.9022697010250758E-002
   5.8873124999295756E-002
   5.8723924727048571E-002
   5.8575095269610467E-002
   5.8426635705375984E-002
   5.8278545115032498E-002
   5.8130822581549557E-002
   5.7983467190179327E-002
   5.7836478028445937E-002
   5.7689854186139256E-002
   5.7543594755312233E-002
   5.7397698830278676E-002
   5.7252165507597708E-002
   5.7106993886077762E-002
   5.6962183066763705E-002
   5.6817732152935063E-002
   5.6673640250103796E-002
   5.6529906466001423E-002
   5.6386529910576799E-002
   5.6243509695993010E-002
   5.6100844936619154E-002
   5.5958534749024347E-002
   5.5816578251974613E-002
   5.5674974566424895E-002
   5.5533722815515052E-002
   5.5392822124565422E-002
   5.5252271621069271E-002
   5.5112070434689242E-002
   5.4972217697250247E-002
   5.4832712542735251E-002
   5.4693554107278608E-002
   5.4554741529162731E-002
   5.4416273948812766E-002
   5.4278150508786149E-002
   5.4140370353775058E-002
   5.4002932630597966E-002
   5.3865836488190988E-002
   5.3729081077606766E-002
   5.3592665552008256E-002
   5.3456589066662508E-002
   5.3320850778935336E-002
   5.3185449848287547E-002
   5.3050385436271386E-002
   5.2915656706517655E-002
   5.2781262824740827E-002
   5.2647202958726380E-002
   5.2513476278326587E-002
   5.2380081955462066E-002
   5.2247019164105790E-002
   5.2114287080287092E-002
   5.1981884882082108E-002
   5.1849811749611119E-002
   5.1718066865029888E-002
   5.1586649412526775E-002
   5.1455558578320515E-002
   5.1324793550650671E-002
   5.1194353519773417E-002
   5.1064237677958646E-002
   5.0934445219481317E-002
   5.0804975340623004E-002
   5.0675827239661020E-002
   5.0547000116864416E-002
   5.0418493174489987E-002
   5.0290305616777387E-002
   5.0162436649945352E-002
   5.0034885482182601E-002
   4.9907651323648716E-002
   4.9780733386465270E-002
   4.9654130884710490E-002
   4.9527843034418595E-002
   4.9401869053570246E-002
   4.9276208162091217E-002
   4.9150859581843065E-002
   4.9025822536625130E-002
   4.8901096252163656E-002
   4.8776679956107794E-002
   4.8652572878030265E-002
   4.8528774249414708E-002
   4.8405283303658786E-002
   4.8282099276061308E-002
   4.8159221403823560E-002
   4.8036648926043979E-002
   4.7914381083709268E-002
   4.7792417119694397E-002
   4.7670756278755277E-002
   4.7549397807524985E-002
   4.7428340954509984E-002
   4.7307584970083694E-002
   4.7187129106482484E-002
   4.7066972617799019E-002
   4.6947114759986475E-002
   4.6827554790840109E-002
   4.6708291970001925E-002
   4.6589325558955785E-002
   4.6470654821018309E-002
   4.6352279021340648E-002
   4.6234197426896939E-002
   4.6116409306485640E-002
   4.5998913930720198E-002
   4.5881710572027279E-002
   4.5764798504644100E-002
   4.5648177004609325E-002
   4.5531845349761291E-002
   4.5415802819732232E-002
   4.5300048695948947E-002
   4.5184582261618811E-002
   4.5069402801733105E-002
   4.4954509603061021E-002
   4.4839901954143224E-002
   4.4725579145288963E-002
   4.4611540468570743E-002
   4.4497785217821439E-002
   4.4384312688627636E-002
   4.4271122178328071E-002
   4.4158212986007417E-002
   4.4045584412492955E-002
   4.3933235760346578E-002
   4.3821166333867456E-002
   4.3709375439082931E-002
   4.3597862383742969E-002
   4.3486626477319712E-002
   4.3375667031002818E-002
   4.3264983357689468E-002
   4.3154574771989251E-002
   4.3044440590214395E-002
   4.2934580130373989E-002
   4.2824992712171772E-002
   4.2715677657007012E-002
   4.2606634287961187E-002
   4.2497861929799097E-002
   4.2389359908962865E-002
   4.2281127553572162E-002
   4.2173164193411328E-002
   4.2065469159936031E-002
   4.1958041786259725E-002
   4.1850881407153651E-002
   4.1743987359042167E-002
   4.1637358980001649E-002
   4.1530995609751820E-002
   4.1424896589651761E-002
   4.1319061262699908E-002
   4.1213488973524948E-002
   4.1108179068388706E-002
   4.1003130895173046E-002
   4.0898343803383863E-002
   4.0793817144141764E-002
   4.0689550270182506E-002
   4.0585542535846786E-002
   4.0481793297084012E-002
   4.0378301911440984E-002
   4.0275067738061221E-002
   4.0172090137685634E-002
   4.0069368472638756E-002
   3.9966902106831403E-002
   3.9864690405758241E-002
   3.9762732736486450E-002
   3.9661028467657955E-002
   3.9559576969484977E-002
   3.9458377613744489E-002
   3.9357429773772212E-002
   3.9256732824465512E-002
   3.9156286142273400E-002
   3.9056089105193648E-002
   3.8956141092772123E-002
   3.8856441486095461E-002
   3.8756989667787956E-002
   3.8657785022008229E-002
   3.8558826934447898E-002
   3.8460114792322253E-002
   3.8361647984370917E-002
   3.8263425900854076E-002
   3.8165447933544483E-002
   3.8067713475729237E-002
   3.7970221922201342E-002
   3.7872972669259264E-002
   3.7775965114700716E-002
   3.7679198657820878E-002
   3.7582672699407738E-002
   3.7486386641739644E-002
   3.7390339888577317E-002
   3.7294531845168732E-002
   3.7198961918233575E-002
   3.7103629515970349E-002
   3.7008534048048380E-002
   3.6913674925601381E-002
   3.6819051561229221E-002
   3.6724663368988386E-002
   3.6630509764396857E-002
   3.6536590164421456E-002
   3.6442903987477848E-002
   3.6349450653429871E-002
   3.6256229583581101E-002
   3.6163240200672631E-002
   3.6070481928881737E-002
   3.5977954193818773E-002
   3.5885656422516732E-002
   3.5793588043436797E-002
   3.5701748486458351E-002
   3.5610137182879198E-002
   3.5518753565409567E-002
   3.5427597068169225E-002
   3.5336667126686150E-002
   3.5245963177889861E-002
   3.5155484660108760E-002
   3.5065231013068798E-002
   3.4975201677886592E-002
   3.4885396097069421E-002
   3.4795813714510571E-002
   3.4706453975482221E-002
   3.4617316326639669E-002
   3.4528400216008670E-002
   3.4439705092991435E-002
   3.4351230408356193E-002
   3.4262975614235858E-002
   3.4174940164126477E-002
   3.4087123512881012E-002
   3.3999525116706453E-002
   3.3912144433162927E-002
   3.3824980921161041E-002
   3.3738034040951881E-002
   3.3651303254130349E-002
   3.3564788023628944E-002
   3.3478487813712654E-002
   3.3392402089984285E-002
   3.3306530319366034E-002
   3.3220871970112809E-002
   3.3135426511797794E-002
   3.3050193415310680E-002
   3.2965172152860100E-002
   3.2880362197962976E-002
   3.2795763025446290E-002
   3.2711374111441982E-002
   3.2627194933386283E-002
   3.2543224970009499E-002
   3.2459463701342228E-002
   3.2375910608704261E-002
   3.2292565174703691E-002
   3.2209426883239578E-002
   3.2126495219487294E-002
   3.2043769669906963E-002
   3.1961249722231466E-002
   3.1878934865468667E-002
   3.1796824589894968E-002
   3.1714918387056423E-002
   3.1633215749760746E-002
   3.1551716172075306E-002
   3.1470419149326023E-002
   3.1389324178093370E-002
   3.1308430756209704E-002
   3.1227738382754167E-002
   3.1147246558049124E-002
   3.1066954783662393E-002
   3.0986862562398132E-002
   3.0906969398299511E-002
   3.0827274796637383E-002
   3.0747778263916503E-002
   3.0668479307864427E-002
   3.0589377437435283E-002
   3.0510472162802005E-002
   3.0431762995354328E-002
   3.0353249447700126E-002
   3.0274931033655195E-002
   3.0196807268242365E-002
   3.0118877667692168E-002
   3.0041141749437061E-002
   2.9963599032110988E-002
   2.9886249035540269E-002
   2.9809091280745603E-002
   2.9732125289941846E-002
   2.9655350586525353E-002
   2.9578766695080860E-002
   2.9502373141375271E-002
   2.9426169452351880E-002
   2.9350155156131041E-002
   2.9274329782005948E-002
   2.9198692860438191E-002
   2.9123243923057762E-002
   2.9047982502657277E-002
   2.8972908133193531E-002
   2.8898020349777287E-002
   2.8823318688678157E-002
   2.8748802687316610E-002
   2.8674471884263086E-002
   2.8600325819237105E-002
   2.8526364033097495E-002
   2.8452586067847951E-002
   2.8378991466629477E-002
   2.8305579773718170E-002
   2.8232350534524109E-002
   2.8159303295584026E-002
   2.8086437604564418E-002
   2.8013753010253994E-002
   2.7941249062567008E-002
   2.7868925312532600E-002
   2.7796781312295016E-002
   2.7724816615115389E-002
   2.7653030775361076E-002
   2.7581423348508549E-002
   2.7509993891140949E-002
   2.7438741960940538E-002
   2.7367667116692029E-002
   2.7296768918273484E-002
   2.7226046926658087E-002
   2.7155500703912816E-002
   2.7085129813186892E-002
   2.7014933818722442E-002
   2.6944912285838729E-002
   2.6875064780938818E-002
   2.6805390871501356E-002
   2.6735890126083683E-002
   2.6666562114308290E-002
   2.6597406406874358E-002
   2.6528422575545774E-002
   2.6459610193149796E-002
   2.6390968833576833E-002
   2.6322498071773559E-002
   2.6254197483745134E-002
   2.6186066646550543E-002
   2.6118105138300818E-002
   2.6050312538151710E-002
   2.5982688426310796E-002
   2.5915232384022380E-002
   2.5847943993578593E-002
   2.5780822838302742E-002
   2.5713868502558634E-002
   2.5647080571742142E-002
   2.5580458632277869E-002
   2.5514002271618708E-002
   2.5447711078242730E-002
   2.5381584641653854E-002
   2.5315622552373407E-002
   2.5249824401938570E-002
   2.5184189782907263E-002
   2.5118718288844155E-002
   2.5053409514328218E-002
   2.4988263054943394E-002
   2.4923278507280822E-002
   2.4858455468933505E-002
   2.4793793538493647E-002
   2.4729292315551765E-002
   2.4664951400694690E-002
   2.4600770395499572E-002
   2.4536748902535654E-002
   2.4472886525356730E-002
   2.4409182868508683E-002
   2.4345637537513731E-002
   2.4282250138876416E-002
   2.4219020280080938E-002
   2.4155947569584280E-002
   2.4093031616819305E-002
   2.4030272032187883E-002
   2.3967668427060218E-002
   2.3905220413772410E-002
   2.3842927605624453E-002
   2.3780789616878684E-002
   2.3718806062753783E-002
   2.3656976559425003E-002
   2.3595300724024382E-002
   2.3533778174630982E-002
   2.3472408530276878E-002
   2.3411191410938503E-002
   2.3350126437540641E-002
   2.3289213231943551E-002
   2.3228451416953844E-002
   2.3167840616313162E-002
   2.3107380454695958E-002
   2.3047070557712157E-002
   2.2986910551902495E-002
   2.2926900064734523E-002
   2.2867038724603272E-002
   2.2807326160825481E-002
   2.2747762003639149E-002
   2.2688345884203320E-002
   2.2629077434591194E-002
   2.2569956287792792E-002
   2.2510982077709629E-002
   2.2452154439150718E-002
   2.2393473007834563E-002
   2.2334937420386725E-002
   2.2276547314332484E-002
   2.2218302328101514E-002
   2.2160202101018767E-002
   2.2102246273308035E-002
   2.2044434486086617E-002
   2.1986766381362655E-002
   2.1929241602036909E-002
   2.1871859791892545E-002
   2.1814620595603129E-002
   2.1757523658723743E-002
   2.1700568627689210E-002
   2.1643755149814536E-002
   2.1587082873289365E-002
   2.1530551447179747E-002
   2.1474160521423480E-002
   2.1417909746827224E-002
   2.1361798775066942E-002
   2.1305827258684129E-002
   2.1249994851082254E-002
   2.1194301206530985E-002
   2.1138745980150420E-002
   2.1083328827926628E-002
   2.1028049406695226E-002
   2.0972907374147587E-002
   2.0917902388824627E-002
   2.0863034110114587E-002
   2.0808302198255246E-002
   2.0753706314328157E-002
   2.0699246120254200E-002
   2.0644921278798245E-002
   2.0590731453561828E-002
   2.0536676308980928E-002
   2.0482755510327744E-002
   2.0428968723707586E-002
   2.0375315616050882E-002
   2.0321795855120062E-002
   2.0268409109502228E-002
   2.0215155048606492E-002
   2.0162033342666419E-002
   2.0109043662733361E-002
   2.0056185680675798E-002
   2.0003459069179330E-002
   1.9950863501740690E-002
   1.9898398652671068E-002
   1.9846064197089008E-002
   1.9793859810923076E-002
   1.9741785170901194E-002
   1.9689839954563970E-002
   1.9638023840244712E-002
   1.9586336507079638E-002
   1.9534777635002998E-002
   1.9483346904745735E-002
   1.9432043997829718E-002
   1.9380868596568179E-002
   1.9329820384066165E-002
   1.9278899044214759E-002
   1.9228104261692858E-002
   1.9177435721958513E-002
   1.9126893111256704E-002
   1.9076476116606900E-002
   1.9026184425811055E-002
   1.8976017727444505E-002
   1.8925975710859300E-002
   1.8876058066175538E-002
   1.8826264484285815E-002
   1.8776594656852774E-002
   1.8727048276300229E-002
   1.8677625035822931E-002
   1.8628324629371695E-002
   1.8579146751663833E-002
   1.8530091098169832E-002
   1.8481157365120682E-002
   1.8432345249501880E-002
   1.8383654449051434E-002
   1.8335084662259638E-002
   1.8286635588364630E-002
   1.8238306927351511E-002
   1.8190098379953223E-002
   1.8142009647645230E-002
   1.8094040432645953E-002
   1.8046190437911447E-002
   1.7998459367139619E-002
   1.7950846924761565E-002
   1.7903352815943796E-002
   1.7855976746589119E-002
   1.7808718423324210E-002
   1.7761577553511154E-002
   1.7714553845236347E-002
   1.7667647007312937E-002
   1.7620856749277491E-002
   1.7574182781387337E-002
   1.7527624814620113E-002
   1.7481182560674435E-002
   1.7434855731962573E-002
   1.7388644041611556E-002
   1.7342547203464287E-002
   1.7296564932071989E-002
   1.7250696942696431E-002
   1.7204942951305702E-002
   1.7159302674575772E-002
   1.7113775829886269E-002
   1.7068362135319148E-002
   1.7023061309657139E-002
   1.6977873072379746E-002
   1.6932797143666134E-002
   1.6887833244390693E-002
   1.6842981096120591E-002
   1.6798240421115329E-002
   1.6753610942327857E-002
   1.6709092383392798E-002
   1.6664684468637558E-002
   1.6620386923072772E-002
   1.6576199472390529E-002
   1.6532121842969927E-002
   1.6488153761862412E-002
   1.6444294956805550E-002
   1.6400545156209922E-002
   1.6356904089159352E-002
   1.6313371485413120E-002
   1.6269947075403746E-002
   1.6226630590232771E-002
   1.6183421761665651E-002
   1.6140320322141077E-002
   1.6097326004759438E-002
   1.6054438543282812E-002
   1.6011657672139856E-002
   1.5968983126414038E-002
   1.5926414641849407E-002
   1.5883951954847486E-002
   1.5841594802466163E-002
   1.5799342922412807E-002
   1.5757196053049816E-002
   1.5715153933388182E-002
   1.5673216303090820E-002
   1.5631382902461022E-002
   1.5589653472454224E-002
   1.5548027754666460E-002
   1.5506505491335920E-002
   1.5465086425342944E-002
   1.5423770300206252E-002
   1.5382556860081165E-002
   1.5341445849760715E-002
   1.5300437014671209E-002
   1.5259530100870000E-002
   1.5218724855046828E-002
   1.5178021024522925E-002
   1.5137418357244359E-002
   1.5096916601785582E-002
   1.5056515507344548E-002
   1.5016214823746710E-002
   1.4976014301432805E-002
   1.4935913691467073E-002
   1.4895912745534146E-002
   1.4856011215932385E-002
   1.4816208855580326E-002
   1.4776505418004460E-002
   1.4736900657348562E-002
   1.4697394328365254E-002
   1.4657986186419336E-002
   1.4618675987478680E-002
   1.4579463488122224E-002
   1.4540348445533757E-002
   1.4501330617496810E-002
   1.4462409762401984E-002
   1.4423585639234515E-002
   1.4384858007583379E-002
   1.4346226627633740E-002
   1.4307691260165623E-002
   1.4269251666554128E-002
   1.4230907608769439E-002
   1.4192658849370821E-002
   1.4154505151508401E-002
   1.4116446278920058E-002
   1.4078481995932757E-002
   1.4040612067459879E-002
   1.4002836258993900E-002
   1.3965154336616381E-002
   1.3927566066986197E-002
   1.3890071217344646E-002
   1.3852669555509900E-002
   1.3815360849877445E-002
   1.3778144869418751E-002
   1.3741021383678609E-002
   1.3703990162778235E-002
   1.3667050977403727E-002
   1.3630203598816726E-002
   1.3593447798845526E-002
   1.3556783349883750E-002
   1.3520210024892565E-002
   1.3483727597397577E-002
   1.3447335841486163E-002
   1.3411034531806809E-002
   1.3374823443571104E-002
   1.3338702352547305E-002
   1.3302671035058333E-002
   1.3266729267988664E-002
   1.3230876828773441E-002
   1.3195113495399591E-002
   1.3159439046408927E-002
   1.3123853260894824E-002
   1.3088355918495997E-002
   1.3052946799400056E-002
   1.3017625684340395E-002
   1.2982392354597083E-002
   1.2947246591993533E-002
   1.2912188178895834E-002
   1.2877216898207644E-002
   1.2842332533374856E-002
   1.2807534868381820E-002
   1.2772823687750234E-002
   1.2738198776534704E-002
   1.2703659920324517E-002
   1.2669206905244090E-002
   1.2634839517949858E-002
   1.2600557545624280E-002
   1.2566360775983609E-002
   1.2532248997267459E-002
   1.2498221998244796E-002
   1.2464279568207948E-002
   1.2430421496973265E-002
   1.2396647574878461E-002
   1.2362957592787494E-002
   1.2329351342076800E-002
   1.2295828614645066E-002
   1.2262389202907453E-002
   1.2229032899796044E-002
   1.2195759498758063E-002
   1.2162568793750106E-002
   1.2129460579246132E-002
   1.2096434650227250E-002
   1.2063490802185717E-002
   1.2030628831120049E-002
   1.1997848533538358E-002
   1.1965149706455014E-002
   1.1932532147386210E-002
   1.1899995654351736E-002
   1.1867540025874534E-002
   1.1835165060980701E-002
   1.1802870559188827E-002
   1.1770656320521322E-002
   1.1738522145497532E-002
   1.1706467835129297E-002
   1.1674493190925839E-002
   1.1642598014889094E-002
   1.1610782109515272E-002
   1.1579045277784639E-002
   1.1547387323174618E-002
   1.1515808049648246E-002
   1.1484307261653948E-002
   1.1452884764127313E-002
   1.1421540362490656E-002
   1.1390273862645461E-002
   1.1359085070983488E-002
   1.1327973794369006E-002
   1.1296939840151454E-002
   1.1265983016157888E-002
   1.1235103130691204E-002
   1.1204299992534361E-002
   1.1173573410940163E-002
   1.1142923195642807E-002
   1.1112349156843004E-002
   1.1081851105216201E-002
   1.1051428851908129E-002
   1.1021082208533040E-002
   1.0990810987172361E-002
   1.0960615000377150E-002
   1.0930494061165197E-002
   1.0900447983013262E-002
   1.0870476579867727E-002
   1.0840579666136163E-002
   1.0810757056685327E-002
   1.0781008566841388E-002
   1.0751334012391700E-002
   1.0721733209582363E-002
   1.0692205975115554E-002
   1.0662752126147090E-002
   1.0633371480286424E-002
   1.0604063855601753E-002
   1.0574829070607583E-002
   1.0545666944272725E-002
   1.0516577296014518E-002
   1.0487559945699720E-002
   1.0458614713643399E-002
   1.0429741420605376E-002
   1.0400939887792671E-002
   1.0372209936856391E-002
   1.0343551389889072E-002
   1.0314964069428223E-002
   1.0286447798449894E-002
   1.0258002400373778E-002
   1.0229627699054555E-002
   1.0201323518784999E-002
   1.0173089684295977E-002
   1.0144926020753786E-002
   1.0116832353759930E-002
   1.0088808509348457E-002
   1.0060854313984846E-002
   1.0032969594568009E-002
   1.0005154178423625E-002
   9.9774078933141386E-003
   9.9497305674198788E-003
   9.9221220293534973E-003
   9.8945821081528607E-003
   9.8671106332839376E-003
   9.8397074346336932E-003
   9.8123723425078690E-003
   9.7851051876409745E-003
   9.7579058011847408E-003
   9.7307740147098976E-003
   9.7037096602092809E-003
   9.6767125700891743E-003
   9.6497825771730827E-003
   9.6229195147017332E-003
   9.5961232163312982E-003
   9.5693935161285104E-003
   9.5427302485733279E-003
   9.5161332485564909E-003
   9.4896023513804106E-003
   9.4631373927585027E-003
   9.4367382088100804E-003
   9.4104046360585780E-003
   9.3841365114417652E-003
   9.3579336722944273E-003
   9.3317959563621322E-003
   9.3057232017892400E-003
   9.2797152471246758E-003
   9.2537719313174893E-003
   9.2278930937188530E-003
   9.2020785740769551E-003
   9.1763282125369994E-003
   9.1506418496474229E-003
   9.1250193263485713E-003
   9.0994604839740312E-003
   9.0739651642570696E-003
   9.0485332093217519E-003
   9.0231644616840523E-003
   8.9978587642502994E-003
   8.9726159603198408E-003
   8.9474358935794918E-003
   8.9223184081055340E-003
   8.8972633483639374E-003
   8.8722705592017004E-003
   8.8473398858563979E-003
   8.8224711739488537E-003
   8.7976642694826968E-003
   8.7729190188452488E-003
   8.7482352688044163E-003
   8.7236128665091339E-003
   8.6990516594902534E-003
   8.6745514956569902E-003
   8.6501122232929273E-003
   8.6257336910640081E-003
   8.6014157480078790E-003
   8.5771582435405502E-003
   8.5529610274497347E-003
   8.5288239498992890E-003
   8.5047468614218857E-003
   8.4807296129245646E-003
   8.4567720556856241E-003
   8.4328740413510683E-003
   8.4090354219330532E-003
   8.3852560498185458E-003
   8.3615357777537813E-003
   8.3378744588558096E-003
   8.3142719466067216E-003
   8.2907280948509854E-003
   8.2672427577943353E-003
   8.2438157900102116E-003
   8.2204470464286583E-003
   8.1971363823420962E-003
   8.1738836534037684E-003
   8.1506887156239660E-003
   8.1275514253735803E-003
   8.1044716393765537E-003
   8.0814492147134320E-003
   8.0584840088218090E-003
   8.0355758794945498E-003
   8.0127246848762379E-003
   7.9899302834629538E-003
   7.9671925341051608E-003
   7.9445112960019326E-003
   7.9218864287025070E-003
   7.8993177921076185E-003
   7.8768052464621707E-003
   7.8543486523618977E-003
   7.8319478707455925E-003
   7.8096027629019904E-003
   7.7873131904613313E-003
   7.7650790153989124E-003
   7.7429001000333120E-003
   7.7207763070246127E-003
   7.6987074993752902E-003
   7.6766935404257719E-003
   7.6547342938588780E-003
   7.6328296236951587E-003
   7.6109793942928938E-003
   7.5891834703478711E-003
   7.5674417168916097E-003
   7.5457539992931366E-003
   7.5241201832525473E-003
   7.5025401348072229E-003
   7.4810137203245031E-003
   7.4595408065059043E-003
   7.4381212603829017E-003
   7.4167549493191487E-003
   7.3954417410064810E-003
   7.3741815034671365E-003
   7.3529741050470943E-003
   7.3318194144258442E-003
   7.3107173006030646E-003
   7.2896676329108345E-003
   7.2686702810005333E-003
   7.2477251148479471E-003
   7.2268320047537138E-003
   7.2059908213406576E-003
   7.1852014355542337E-003
   7.1644637186578652E-003
   7.1437775422356076E-003
   7.1231427781930368E-003
   7.1025592987499220E-003
   7.0820269764497734E-003
   7.0615456841458535E-003
   7.0411152950116129E-003
   7.0207356825362499E-003
   7.0004067205198250E-003
   6.9801282830799227E-003
   6.9599002446458780E-003
   6.9397224799570001E-003
   6.9195948640659033E-003
   6.8995172723365084E-003
   6.8794895804389355E-003
   6.8595116643563880E-003
   6.8395834003791567E-003
   6.8197046651021775E-003
   6.7998753354314712E-003
   6.7800952885745946E-003
   6.7603644020490794E-003
   6.7406825536731052E-003
   6.7210496215679427E-003
   6.7014654841615062E-003
   6.6819300201828025E-003
   6.6624431086597102E-003
   6.6430046289238653E-003
   6.6236144606039993E-003
   6.6042724836297140E-003
   6.5849785782294834E-003
   6.5657326249246584E-003
   6.5465345045445655E-003
   6.5273840982020825E-003
   6.5082812873127338E-003
   6.4892259535860308E-003
   6.4702179790236958E-003
   6.4512572459216599E-003
   6.4323436368696196E-003
   6.4134770347461512E-003
   6.3946573227238179E-003
   6.3758843842645074E-003
   6.3571581031178770E-003
   6.3384783633260167E-003
   6.3198450492147895E-003
   6.3012580454022693E-003
   6.2827172367916351E-003
   6.2642225085702830E-003
   6.2457737462133789E-003
   6.2273708354789736E-003
   6.2090136624106673E-003
   6.1907021133342788E-003
   6.1724360748571794E-003
   6.1542154338705135E-003
   6.1360400775456458E-003
   6.1179098933321630E-003
   6.0998247689643126E-003
   6.0817845924530101E-003
   6.0637892520845060E-003
   6.0458386364248273E-003
   6.0279326343215534E-003
   6.0100711348922697E-003
   5.9922540275325620E-003
   5.9744812019113525E-003
   5.9567525479737871E-003
   5.9390679559390147E-003
   5.9214273162957465E-003
   5.9038305198078067E-003
   5.8862774575090260E-003
   5.8687680207061277E-003
   5.8513021009745092E-003
   5.8338795901577978E-003
   5.8165003803691828E-003
   5.7991643639918600E-003
   5.7818714336741461E-003
   5.7646214823325881E-003
   5.7474144031504082E-003
   5.7302500895730635E-003
   5.7131284353146849E-003
   5.6960493343529706E-003
   5.6790126809269648E-003
   5.6620183695379467E-003
   5.6450662949527608E-003
   5.6281563521987099E-003
   5.6112884365620008E-003
   5.5944624435932955E-003
   5.5776782690959426E-003
   5.5609358091390781E-003
   5.5442349600480778E-003
   5.5275756184050007E-003
   5.5109576810481453E-003
   5.4943810450738262E-003
   5.4778456078330429E-003
   5.4613512669343667E-003
   5.4448979202372794E-003
   5.4284854658586124E-003
   5.4121138021667736E-003
   5.3957828277804154E-003
   5.3794924415739853E-003
   5.3632425426706209E-003
   5.3470330304439262E-003
   5.3308638045215240E-003
   5.3147347647790610E-003
   5.2986458113362112E-003
   5.2825968445675553E-003
   5.2665877650901471E-003
   5.2506184737717287E-003
   5.2346888717229589E-003
   5.2187988603036306E-003
   5.2029483411148991E-003
   5.1871372160074980E-003
   5.1713653870726350E-003
   5.1556327566470994E-003
   5.1399392273052680E-003
   5.1242847018688753E-003
   5.1086690833994641E-003
   5.0930922752001617E-003
   5.0775541808147917E-003
   5.0620547040243213E-003
   5.0465937488513024E-003
   5.0311712195554303E-003
   5.0157870206375410E-003
   5.0004410568298407E-003
   4.9851332331058984E-003
   4.9698634546737619E-003
   4.9546316269795110E-003
   4.9394376556992636E-003
   4.9242814467493901E-003
   4.9091629062758546E-003
   4.8940819406606551E-003
   4.8790384565162714E-003
   4.8640323606869984E-003
   4.8490635602509435E-003
   4.8341319625173629E-003
   4.8192374750224420E-003
   4.8043800055350694E-003
   4.7895594620530613E-003
   4.7747757528016077E-003
   4.7600287862343826E-003
   4.7453184710335439E-003
   4.7306447161068466E-003
   4.7160074305907518E-003
   4.7014065238450975E-003
   4.6868419054562072E-003
   4.6723134852351134E-003
   4.6578211732153374E-003
   4.6433648796568860E-003
   4.6289445150415887E-003
   4.6145599900728751E-003
   4.6002112156757757E-003
   4.5858981029971435E-003
   4.5716205634083185E-003
   4.5573785084938034E-003
   4.5431718500654750E-003
   4.5290005001485945E-003
   4.5148643709895797E-003
   4.5007633750515641E-003
   4.4866974250175051E-003
   4.4726664337850774E-003
   4.4586703144708917E-003
   4.4447089804056095E-003
   4.4307823451339434E-003
   4.4168903224197642E-003
   4.4030328262369967E-003
   4.3892097707756150E-003
   4.3754210704396446E-003
   4.3616666398433868E-003
   4.3479463938151941E-003
   4.3342602473928071E-003
   4.3206081158277954E-003
   4.3069899145813384E-003
   4.2934055593251141E-003
   4.2798549659399665E-003
   4.2663380505156834E-003
   4.2528547293521068E-003
   4.2394049189542482E-003
   4.2259885360349525E-003
   4.2126054975157867E-003
   4.1992557205279279E-003
   4.1859391223997289E-003
   4.1726556206731491E-003
   4.1594051330904325E-003
   4.1461875776012125E-003
   4.1330028723571832E-003
   4.1198509357147639E-003
   4.1067316862311021E-003
   4.0936450426685145E-003
   4.0805909239896021E-003
   4.0675692493583604E-003
   4.0545799381388470E-003
   4.0416229098985124E-003
   4.0286980844017606E-003
   4.0158053816148342E-003
   4.0029447217004854E-003
   3.9901160250217504E-003
   3.9773192121381751E-003
   3.9645542038055925E-003
   3.9518209209818966E-003
   3.9391192848159395E-003
   3.9264492166561915E-003
   3.9138106380445237E-003
   3.9012034707177623E-003
   3.8886276366068007E-003
   3.8760830578399297E-003
   3.8635696567383970E-003
   3.8510873558104119E-003
   3.8386360777624695E-003
   3.8262157454937995E-003
   3.8138262820901492E-003
   3.8014676108364398E-003
   3.7891396552003354E-003
   3.7768423388404582E-003
   3.7645755856099417E-003
   3.7523393195495469E-003
   3.7401334648883289E-003
   3.7279579460427481E-003
   3.7158126876157827E-003
   3.7036976144018130E-003
   3.6916126513768521E-003
   3.6795577237109800E-003
   3.6675327567541327E-003
   3.6555376760434299E-003
   3.6435724073007325E-003
   3.6316368764335305E-003
   3.6197310095302804E-003
   3.6078547328683985E-003
   3.5960079729056016E-003
   3.5841906562812387E-003
   3.5724027098200661E-003
   3.5606440605262524E-003
   3.5489146355864865E-003
   3.5372143623664254E-003
   3.5255431684138028E-003
   3.5139009814590949E-003
   3.5022877294081933E-003
   3.4907033403477339E-003
   3.4791477425419881E-003
   3.4676208644375262E-003
   3.4561226346538909E-003
   3.4446529819893712E-003
   3.4332118354207797E-003
   3.4217991240994561E-003
   3.4104147773559301E-003
   3.3990587246932602E-003
   3.3877308957905861E-003
   3.3764312205024627E-003
   3.3651596288561958E-003
   3.3539160510542843E-003
   3.3427004174730879E-003
   3.3315126586634936E-003
   3.3203527053440318E-003
   3.3092204884093146E-003
   3.2981159389235959E-003
   3.2870389881256568E-003
   3.2759895674223660E-003
   3.2649676083926771E-003
   3.2539730427816327E-003
   3.2430058025101349E-003
   3.2320658196642871E-003
   3.2211530264989463E-003
   3.2102673554377237E-003
   3.1994087390752046E-003
   3.1885771101693994E-003
   3.1777724016481823E-003
   3.1669945466032967E-003
   3.1562434782961279E-003
   3.1455191301519303E-003
   3.1348214357598270E-003
   3.1241503288768069E-003
   3.1135057434266145E-003
   3.1028876134915340E-003
   3.0922958733190509E-003
   3.0817304573227400E-003
   3.0711913000789348E-003
   3.0606783363242851E-003
   3.0679210271427060E-003
