   1.3152681402708837     
   1.2962449055796805     
   1.2736105460974965     
   1.2535264294412405     
   1.2405298136414848     
   1.2273624043040385     
   1.2142673234161410     
   1.2014901467250558     
   1.1890402411682768     
   1.1768164617369987     
   1.1648299325307021     
   1.1530805966189546     
   1.1415622682747200     
   1.1302650737877038     
   1.1191768800279192     
   1.1082842886573911     
   1.0975733812205195     
   1.0870302779379186     
   1.0766415437615315     
   1.0665032446470282     
   1.0565696295906868     
   1.0467410713569414     
   1.0370062962938003     
   1.0273542744704567     
   1.0177749972592416     
   1.0084212581192968     
  0.99916026929040291     
  0.98994121991504891     
  0.98084292593509192     
  0.97191194144461390     
  0.96302845661405234     
  0.95436755022589248     
  0.94583177241043437     
  0.94030310244911874     
  0.93530174894891782     
  0.93001431561336401     
  0.92446026941972292     
  0.91865908545117869     
  0.91262994990660529     
  0.90639199725838515     
  0.89996432701600249     
  0.89336563247935430     
  0.88661385928416148     
  0.87972605321820174     
  0.87271831366397357     
  0.86560578071904382     
  0.85840263466088285     
  0.85112210637793950     
  0.84377649872758365     
  0.83637721698639855     
  0.82893480589437729     
  0.82145899102077835     
  0.81395872264777924     
  0.80644222080062300     
  0.79891702039489643     
  0.79139001573549528     
  0.78386750380766257     
  0.77635522596275530     
  0.76885840881624978     
  0.76138180197919558     
  0.75392971424361055     
  0.74650604756825922     
  0.73911432892498219     
  0.73175774005549910     
  0.72443914519670327     
  0.71716111684996342     
  0.70992595968232886     
  0.70273573265508515     
  0.69559226947909747     
  0.68849719749777427     
  0.68145195509787659     
  0.67445780774638009     
  0.66751586274850450     
  0.66062708281820526     
  0.65379229854810916     
  0.64701221986125868     
  0.64028744652227443     
  0.63361847778089975     
  0.62700572121591625     
  0.62044950084301553     
  0.61395006454564749     
  0.60750759088362472     
  0.60112219533020739     
  0.59479393598454666     
  0.58852281880276058     
  0.58230880238752825     
  0.57615180237292973     
  0.57005169543832113     
  0.56400832298229031     
  0.55802149448521421     
  0.55209099058659528     
  0.54621656590118395     
  0.54039795159590764     
  0.53463485774777642     
  0.52892697550126089     
  0.52327397904206041     
  0.51767552740278289     
  0.51213126611471216     
  0.50664082871866756     
  0.50120383814684055     
  0.49581990798649345     
  0.49048864363547384     
  0.48520964335866101     
  0.47998249925367797     
  0.47480679813350024     
  0.46968212233293988     
  0.46460805044539533     
  0.45958415799571184     
  0.45461001805450157     
  0.44968520179882004     
  0.44480927902368611     
  0.43998181860853897     
  0.43520238894240171     
  0.43047055831117953     
  0.42578589525025012     
  0.42114796886523020     
  0.41655634912356176     
  0.41201060711933535     
  0.40751031531357784     
  0.40305504775203049     
  0.39864438026228266     
  0.39427789063197471     
  0.38995515876963027     
  0.38567576684956173     
  0.38143929944215504     
  0.37724534363076057     
  0.37309348911627893     
  0.36898332831047531     
  0.36491445641894704     
  0.36088647151460584     
  0.35689897460246001     
  0.35295156967641861     
  0.34904386376878282     
  0.34517546699303703     
  0.34134599258048637     
  0.33755505691127630     
  0.33380227954024388     
  0.33008728321805259     
  0.32640969390800112     
  0.32276914079887364     
  0.31916525631417425     
  0.31559767611804512     
  0.31206603911816300     
  0.30856998746587583     
  0.30510916655381004     
  0.30168322501118727     
  0.29829181469703192     
  0.29493459069148220     
  0.29161121128536127     
  0.28832133796816495     
  0.28506463541462190     
  0.28184077146996167     
  0.27864941713399816     
  0.27549024654416099     
  0.27236293695756741     
  0.26926716873223178     
  0.26620262530751393     
  0.26316899318386489     
  0.26016596190196695     
  0.25719322402132294     
  0.25425047509836141     
  0.25133741366412266     
  0.24845374120156538     
  0.24559916212255806     
  0.24277338374458679     
  0.23997611626723458     
  0.23720707274845376     
  0.23446596908068496     
  0.23175252396683510     
  0.22906645889616795     
  0.22640749812010597     
  0.22377536862798808     
  0.22116980012280563     
  0.21859052499692255     
  0.21603727830781627     
  0.21352959573645380     
  0.21124828247917904     
  0.20898999362794290     
  0.20675449694511139     
  0.20454156252548206     
  0.20235096277358644     
  0.20018247238115872     
  0.19803586830477693     
  0.19591092974367630     
  0.19380743811774082     
  0.19172517704566716     
  0.18966393232331180     
  0.18762349190221350     
  0.18560364586829947     
  0.18360418642077336     
  0.18162490785118246     
  0.17966560652266894     
  0.17772608084940500     
  0.17580613127620848     
  0.17390556025834103     
  0.17202417224149391     
  0.17016177364194673     
  0.16831817282691652     
  0.16649318009508329     
  0.16468660765729881     
  0.16289826961747611     
  0.16112798195365174     
  0.15937556249923301     
  0.15764083092442371     
  0.15592360871782196     
  0.15422371916819433     
  0.15254098734642718     
  0.15087524008764808     
  0.14922630597352393     
  0.14759401531472793     
  0.14597820013357210     
  0.14438619900389105     
  0.14281098273519532     
  0.14125166590172800     
  0.13970808803147516     
  0.13818009027141209     
  0.13666751537121669     
  0.13517020766714971     
  0.13368801306607470     
  0.13222077902965790     
  0.13076835455871105     
  0.12933059017769710     
  0.12790733791937936     
  0.12649845130963588     
  0.12510378535241351     
  0.12372319651483887     
  0.12235654271247198     
  0.12100368329471567     
  0.11966447903035937     
  0.11833879209327969     
  0.11702648604826549     
  0.11572742583700757     
  0.11444147776421221     
  0.11316850948385748     
  0.11190838998558950     
  0.11066098958125536     
  0.10942617989156567     
  0.10820383383289811     
  0.10699382560422799     
  0.10579603067419008     
  0.10461032576827822     
  0.10343658885615947     
  0.10227469913912945     
  0.10112453703768254     
   9.9985984179221665E-002
   9.8858923385867215E-002
   9.7743238662422405E-002
   9.6638815184424631E-002
   9.5545539286342462E-002
   9.4463298449878552E-002
   9.3391981292397341E-002
   9.2331477555462449E-002
   9.1281678093493968E-002
   9.0242474862543887E-002
   8.9213760909171214E-002
   8.8195430359444105E-002
   8.7187378408044358E-002
   8.6189501307484706E-002
   8.5201696357430245E-002
   8.4223861894136887E-002
   8.3255897279985502E-002
   8.2297702893126878E-002
   8.1349180117233688E-002
   8.0410231331351278E-002
   7.9480759899850595E-002
   7.8560670162486579E-002
   7.7649867424551600E-002
   7.6748257947133469E-002
   7.5855748937468270E-002
   7.4972248539389552E-002
   7.4097665823875669E-002
   7.3231910779697262E-002
   7.2374894304150894E-002
   7.1526528193886607E-002
   7.0686725135836515E-002
   6.9855398698223548E-002
   6.9032463321670567E-002
   6.8217834310394521E-002
   6.7411427823491854E-002
   6.6613160866305865E-002
   6.5822951281885977E-002
   6.5040717742539833E-002
   6.4266379741454882E-002
   6.3499857584415009E-002
   6.2741072381604424E-002
   6.1989946039480825E-002
   6.1246401252742944E-002
   6.0510361496375786E-002
   5.9781751017770501E-002
   5.9060494828932830E-002
   5.8346518698760397E-002
   5.7639749145410368E-002
   5.6940113428728401E-002
   5.6247539542770175E-002
   5.5561956208386887E-002
   5.4883292865887556E-002
   5.4211479667783946E-002
   5.3546447471594760E-002
   5.2888127832733778E-002
   5.2236452997461269E-002
   5.1591355895917568E-002
   5.0952770135219261E-002
   5.0320629992618437E-002
   4.9694870408749425E-002
   4.9075426980924375E-002
   4.8462235956509003E-002
   4.7855234226361398E-002
   4.7254359318339434E-002
   4.6659549390860144E-002
   4.6070743226550137E-002
   4.5487880225935085E-002
   4.4910900401207376E-002
   4.4339744370047951E-002
   4.3774353349523398E-002
   4.3214669150023921E-002
   4.2660634169285006E-002
   4.2112191386451725E-002
   4.1569284356217873E-002
   4.1031857203009503E-002
   4.0499854615236641E-002
   3.9973221839602280E-002
   3.9451904675466443E-002
   3.8935849469267536E-002
   3.8425003108999212E-002
   3.7919313018745848E-002
   3.7418727153273101E-002
   3.6923193992665082E-002
   3.6432662537029481E-002
   3.5947082301245326E-002
   3.5466403309766692E-002
   3.4990576091478820E-002
   3.4519551674609961E-002
   3.4053281581687411E-002
   3.3591717824548395E-002
   3.3134812899406674E-002
   3.2682519781954023E-002
   3.2234791922529427E-002
   3.1791583241324028E-002
   3.1352848123638921E-002
   3.0918541415191347E-002
   3.0488618417466862E-002
   3.0063034883118567E-002
   2.9641747011413644E-002
   2.9224711443726958E-002
   2.8811885259073522E-002
   2.8403225969700907E-002
   2.7998691516705643E-002
   2.7598240265710894E-002
   2.7201831002579446E-002
   2.6809422929171989E-002
   2.6420975659148693E-002
   2.6036449213812984E-002
   2.5655804017997719E-002
   2.5279000895989112E-002
   2.4906001067496186E-002
   2.4536766143662181E-002
   2.4171258123110606E-002
   2.3809439388032372E-002
   2.3451272700320880E-002
   2.3096721197735537E-002
   2.2745748390101905E-002
   2.2398318155570029E-002
   2.2054394736882754E-002
   2.1713942737705105E-002
   2.1376927118977207E-002
   2.1043313195306945E-002
   2.0713066631404820E-002
   2.0386153438546772E-002
   2.0062539971073212E-002
   1.9742192922937329E-002
   1.9425079324262073E-002
   1.9111166537957525E-002
   1.8800422256359361E-002
   1.8492814497903742E-002
   1.8188311603834384E-002
   1.7886882234945611E-002
   1.7588495368354939E-002
   1.7293120294314734E-002
   1.7000726613048078E-002
   1.6711284231619272E-002
   1.6424763360839645E-002
   1.6141134512198674E-002
   1.5860368494830857E-002
   1.5582436412514111E-002
   1.5307309660689716E-002
   1.5034959923519109E-002
   1.4765359170976877E-002
   1.4498479655959740E-002
   1.4234293911430607E-002
   1.3972774747593952E-002
   1.3713895249096941E-002
   1.3457628772258312E-002
   1.3203948942328347E-002
   1.2952829650771491E-002
   1.2704245052582941E-002
   1.2458169563624333E-002
   1.2214577857993403E-002
   1.1973444865417626E-002
   1.1734745768672283E-002
   1.1498456001031609E-002
   1.1264551243730825E-002
   1.1033007423469021E-002
   1.0803800709934031E-002
   1.0576907513345501E-002
   1.0352304482027952E-002
   1.0387201945952662E-002
   1.0628604989485479E-002
   1.0867571411404486E-002
   1.1104125805952214E-002
   1.1338292519126769E-002
   1.1570095651187939E-002
   1.1799559059137543E-002
   1.2026706359174688E-002
   1.2251560929125938E-002
   1.2474145910852164E-002
   1.2694484212630308E-002
   1.2912598511510609E-002
   1.3128511255650510E-002
   1.3342244666625813E-002
   1.3553820741715294E-002
   1.3763261256167669E-002
   1.3970587765441578E-002
   1.4175821607422590E-002
   1.4378983904621889E-002
   1.4580095566347873E-002
   1.4779177290859646E-002
   1.4976249567496658E-002
   1.5171332678788008E-002
   1.5364446702538337E-002
   1.5555611513895951E-002
   1.5744846787397293E-002
   1.5932171998992328E-002
   1.6117606428049158E-002
   1.6301169159338547E-002
   1.6482879084997237E-002
   1.6662754906472066E-002
   1.6840815136444642E-002
   1.7017078100738381E-002
   1.7191561940203770E-002
   1.7364284612584435E-002
   1.7535263894366215E-002
   1.7704517382606477E-002
   1.7872062496745333E-002
   1.8037916480398208E-002
   1.8202096403130197E-002
   1.8364619162214324E-002
   1.8525501484369822E-002
   1.8684759927481753E-002
   1.8842410882308203E-002
   1.8998470574164816E-002
   1.9152955064597021E-002
   1.9305880253029595E-002
   1.9457261878407461E-002
   1.9607115520811957E-002
   1.9755456603065324E-002
   1.9902300392319106E-002
   2.0047662001625111E-002
   2.0191556391487842E-002
   2.0333998371408479E-002
   2.0475002601407222E-002
   2.0615241639115212E-002
   2.0754116941991585E-002
   2.0891590495495715E-002
   2.1027676448301613E-002
   2.1162388806272303E-002
   2.1295741433901116E-002
   2.1427748055737661E-002
   2.1558422257804355E-002
   2.1687777488988758E-002
   2.1815827062434234E-002
   2.1942584156904865E-002
   2.2068061818144469E-002
   2.2192272960217752E-002
   2.2315230366841021E-002
   2.2436946692696802E-002
   2.2557434464737125E-002
   2.2676706083470721E-002
   2.2794773824243331E-002
   2.2911649838495918E-002
   2.3027346155018558E-002
   2.3141874681187002E-002
   2.3255247204191587E-002
   2.3367475392245485E-002
   2.3478570795788078E-002
   2.3588544848674342E-002
   2.3697408869349346E-002
   2.3805174062015211E-002
   2.3911851517783633E-002
   2.4017452215816748E-002
   2.4121987024458669E-002
   2.4225466702351039E-002
   2.4327901899544924E-002
   2.4429303158592819E-002
   2.4529680915633900E-002
   2.4629045501469715E-002
   2.4727407142629221E-002
   2.4824775962416501E-002
   2.4921161981958040E-002
   2.5016575121227902E-002
   2.5111025200074577E-002
   2.5204521939228286E-002
   2.5297074961300847E-002
   2.5388693791779660E-002
   2.5479387860006142E-002
   2.5569166500142404E-002
   2.5658038952138917E-002
   2.5746014362680536E-002
   2.5833101786130519E-002
   2.5919310185457789E-002
   2.6004648433167410E-002
   2.6089125312205974E-002
   2.6172749516869431E-002
   2.6255529653696041E-002
   2.6337474242355552E-002
   2.6418591716522610E-002
   2.6498890424746846E-002
   2.6578378631309074E-002
   2.6657064517074947E-002
   2.6734956180335945E-002
   2.6812061637642937E-002
   2.6888388824630405E-002
   2.6963945596833572E-002
   2.7038739730499528E-002
   2.7112778923383152E-002
   2.7186070795540807E-002
   2.7258622890116269E-002
   2.7330442674116662E-002
   2.7401537539178622E-002
   2.7471914802332797E-002
   2.7541581706750917E-002
   2.7610545422498967E-002
   2.7678813047272155E-002
   2.7746391607120002E-002
   2.7813288057177532E-002
   2.7879509282375148E-002
   2.7945062098152396E-002
   2.8009953251153519E-002
   2.8074189419928341E-002
   2.8137777215613058E-002
   2.8200723182615350E-002
   2.8263033799287851E-002
   2.8324715478588947E-002
   2.8385774568750244E-002
   2.8446217353929160E-002
   2.8506050054850296E-002
   2.8565278829448815E-002
   2.8623909773504708E-002
   2.8681948921271405E-002
   2.8739402246093726E-002
   2.8796275661022497E-002
   2.8852575019428173E-002
   2.8908306115596472E-002
   2.8963474685329782E-002
   2.9018086406535248E-002
   2.9072146899810414E-002
   2.9125661729019647E-002
   2.9178636401867464E-002
   2.9231076370467513E-002
   2.9282987031901242E-002
   2.9334373728773455E-002
   2.9385241749765312E-002
   2.9435596330175007E-002
   2.9485442652456895E-002
   2.9534785846756395E-002
   2.9583630991436793E-002
   2.9631983113604710E-002
   2.9679847189621911E-002
   2.9727228145624673E-002
   2.9774130858023828E-002
   2.9820560154009801E-002
   2.9866520812052988E-002
   2.9912017562386040E-002
   2.9957055087502016E-002
   3.0001638022628674E-002
   3.0045770956206419E-002
   3.0089458430363369E-002
   3.0132704941382316E-002
   3.0175514940161130E-002
   3.0217892832671067E-002
   3.0259842980413953E-002
   3.0301369700865166E-002
   3.0342477267924828E-002
   3.0383169912351127E-002
   3.0423451822201186E-002
   3.0463327143257279E-002
   3.0502799979457262E-002
   3.0541874393316903E-002
   3.0580554406343996E-002
   3.0618843999456247E-002
   3.0656747113388394E-002
   3.0694267649101215E-002
   3.0731409468179538E-002
   3.0768176393230373E-002
   3.0804572208278369E-002
   3.0840600659151951E-002
   3.0876265453873564E-002
   3.0911570263036370E-002
   3.0946518720183613E-002
   3.0981114422183431E-002
   3.1015360929600555E-002
   3.1049261767058689E-002
   3.1082820423605995E-002
   3.1116040353073915E-002
   3.1148924974432335E-002
   3.1181477672140967E-002
   3.1213701796499072E-002
   3.1245600663989626E-002
   3.1277177557619384E-002
   3.1308435727258499E-002
   3.1339378389973693E-002
   3.1370008730360333E-002
   3.1400329900868718E-002
   3.1430345022131267E-002
   3.1460057183281376E-002
   3.1489469442272044E-002
   3.1518584826190632E-002
   3.1547406331569716E-002
   3.1575936924696624E-002
   3.1604179541919519E-002
   3.1632137089947165E-002
   3.1659812446147573E-002
   3.1687208458848759E-002
   3.1714327947626963E-002
   3.1741173703598413E-002
   3.1767748489708203E-002
   3.1794055041014180E-002
   3.1820096064965497E-002
   3.1845874241684724E-002
   3.1871392224242179E-002
   3.1896652638929379E-002
   3.1921658085527937E-002
   3.1946411137581343E-002
   3.1970914342652645E-002
   3.1995170222594571E-002
   3.2019181273803987E-002
   3.2042949967479140E-002
   3.2066478749876781E-002
   3.2089770042560084E-002
   3.2112826242651105E-002
   3.2135649723077253E-002
   3.2158242832813766E-002
   3.2180607897126068E-002
   3.2202747217808025E-002
   3.2224663073424531E-002
   3.2246357719536323E-002
   3.2267833388940570E-002
   3.2289092291896804E-002
   3.2310136616356844E-002
   3.2330968528183845E-002
   3.2351590171383560E-002
   3.2372003668321492E-002
   3.2392211119936176E-002
   3.2412214605964884E-002
   3.2432016185149348E-002
   3.2451617895455143E-002
   3.2471021754274076E-002
   3.2490229758636469E-002
   3.2509243885416872E-002
   3.2528066091533359E-002
   3.2546698314153799E-002
   3.2565142470892150E-002
   3.2583400460005851E-002
   3.2601474160596111E-002
   3.2619365432791203E-002
   3.2637076117949304E-002
   3.2654608038840127E-002
   3.2671962999834880E-002
   3.2689142787093117E-002
   3.2706149168746368E-002
   3.2722983895077773E-002
   3.2739648698704715E-002
   3.2756145294756789E-002
   3.2772475381049104E-002
   3.2788640638263034E-002
   3.2804642730114630E-002
   3.2820483303526715E-002
   3.2836163988799738E-002
   3.2851686399776647E-002
   3.2867052134012864E-002
   3.2882262772937709E-002
   3.2897319882018494E-002
   3.2912225010922724E-002
   3.2926979693673197E-002
   3.2941585448811761E-002
   3.2956043779551081E-002
   3.2970356173930626E-002
   3.2984524104973101E-002
   3.2998549030830326E-002
   3.3012432394936786E-002
   3.3026175626158394E-002
   3.3039780138936048E-002
   3.3053247333437397E-002
   3.3066578595696616E-002
   3.3079775297755187E-002
   3.3092838797808888E-002
   3.3105770440342797E-002
   3.3118571556272403E-002
   3.3131243463077831E-002
   3.3143787464941510E-002
   3.3156204852883842E-002
   3.3168496904893541E-002
   3.3180664886057087E-002
   3.3192710048694396E-002
   3.3204633632486380E-002
   3.3216436864597965E-002
   3.3228120959807983E-002
   3.3239687120635297E-002
   3.3251136537460368E-002
   3.3262470388648602E-002
   3.3273689840671028E-002
   3.3284796048225873E-002
   3.3295790154355021E-002
   3.3306673290563582E-002
   3.3317446576934473E-002
   3.3328111122247317E-002
   3.3338668024088802E-002
   3.3349118368966923E-002
   3.3359463232424225E-002
   3.3369703679145268E-002
   3.3379840763068991E-002
   3.3389875527496282E-002
   3.3399809005197567E-002
