  0.39568519382661516     
  0.35721446406007329     
  0.32239216133229420     
  0.28398138295728764     
  0.24808308828444325     
  0.21886021234311648     
  0.19479169323683299     
  0.17331027744551902     
  0.15384455925331364     
  0.13707649001704392     
  0.12323713270424176     
  0.11162632280907193     
  0.10156392311969985     
   9.3175200454942722E-002
   8.6173267389734381E-002
   8.0162013949589953E-002
   7.5542706929498424E-002
   7.1449918026548057E-002
   6.8675711323640545E-002
   6.6166048748202783E-002
   6.4246087876546176E-002
   6.3120854087265282E-002
   6.2233157657654248E-002
   6.1580285476801520E-002
   6.1263944578920482E-002
   6.1180373802992252E-002
   6.0828083963844495E-002
   6.0199561523199802E-002
   5.9344448438616491E-002
   5.8308871138875937E-002
   5.7258862510848982E-002
   5.6206983161020532E-002
   5.5067781647818240E-002
   5.3863886093997448E-002
   5.2694685304783037E-002
   5.1614565605143423E-002
   5.0550259736257291E-002
   4.9555489185730113E-002
   4.8529608337662428E-002
   4.7480389723614042E-002
   4.6414589928525644E-002
   4.5337962181074241E-002
   4.4255468500228268E-002
   4.3171427831411591E-002
   4.2089589434247253E-002
   4.1013187369166051E-002
   3.9944994123353034E-002
   3.8887373377460212E-002
   3.7842329136087718E-002
   3.6811549991219369E-002
   3.5796448380635587E-002
   3.4798195164564165E-002
   3.3817749962820956E-002
   3.2855887711117408E-002
   3.1913221876101350E-002
   3.0990224739167183E-002
   3.0087245123726403E-002
   2.9204523902851588E-002
   2.8342207629911929E-002
   2.7500360923881095E-002
   2.6678977099056037E-002
   2.5877987471485807E-002
   2.5097269745050214E-002
   2.4336655321392325E-002
   2.3595935804103806E-002
   2.2874868737582373E-002
   2.2173182694565915E-002
   2.1490581778517256E-002
   2.0826749612579059E-002
   2.0181352871855521E-002
   1.9554044411246318E-002
   1.8944466033596428E-002
   1.8352250938004858E-002
   1.7777025883216960E-002
   1.7218413097048101E-002
   1.6676031959206063E-002
   1.6149500481812226E-002
   1.5638436609214497E-002
   1.5142459356316272E-002
   1.4661189802528032E-002
   1.4194251956660390E-002
   1.3741273506434944E-002
   1.3301886464842271E-002
   1.2875727724320746E-002
   1.2462439528582517E-002
   1.2061669870910036E-002
   1.1673072826842334E-002
   1.1296308828365751E-002
   1.0931044886002605E-002
   1.0576954764545192E-002
   1.0233719117602735E-002
   9.9010255856085156E-003
   9.5785688614662516E-003
   9.2660507275938581E-003
   8.9631800677437562E-003
   8.6696728566375090E-003
   8.3852521301449601E-003
   8.1096479384607702E-003
   7.8425972844809334E-003
   7.5838440493562718E-003
   7.3331389069966127E-003
   7.0902392291149752E-003
   6.8549089822359816E-003
   6.6269186179424809E-003
   6.4060449574995897E-003
   6.1920710718735075E-003
   5.9847861580522264E-003
   5.7839854124760413E-003
   5.5894699022967370E-003
   5.4010464351027070E-003
   5.2185274276754581E-003
   5.0417307742765746E-003
   4.8704797149057219E-003
   4.7046027039165106E-003
   4.5439332793298440E-003
   4.3883099331406342E-003
   4.2375759828755591E-003
   4.0915794446243596E-003
   3.9501729077363393E-003
   3.8132134113455229E-003
   3.6805623228627557E-003
   3.5520852185509343E-003
   3.4276517662790232E-003
   3.3071356105328145E-003
   3.1904142597447491E-003
   3.0773689759900358E-003
   2.9678846670844472E-003
   2.8618497811076921E-003
   2.7591562033660103E-003
   2.6596991557994235E-003
   2.5633770988308588E-003
   2.4700916356478926E-003
   2.3797474189015816E-003
   2.2922520598021683E-003
   2.2075160395863477E-003
   2.1254526233274972E-003
   2.0459777760564318E-003
   1.9690100811576849E-003
   1.8944706610040940E-003
   1.8222830997899793E-003
   1.7523733685219783E-003
   1.6846697521252299E-003
   1.6191027786215603E-003
   1.5556051503350585E-003
   1.4941116770807866E-003
   1.4345592112913821E-003
   1.3768865850360169E-003
   1.3210345488865426E-003
   1.2669457125856071E-003
   1.2145644874717934E-003
   1.1897637500242197E-003
   1.1841504478434239E-003
