  0.39503409737799811     
  0.36105266790306800     
  0.32948891026652438     
  0.30016651419095042     
  0.27290347112072988     
  0.24788111600882148     
  0.22504142686785658     
  0.20441119423576581     
  0.18608825088384195     
  0.16939210096085633     
  0.15420343107865941     
  0.14040334615450989     
  0.12787769724846282     
  0.11651728294096993     
  0.10621991934465601     
   9.6890285453328881E-002
   8.8440211530223897E-002
   8.0788762973393505E-002
   7.3861439977249158E-002
   6.7590596707338010E-002
   6.1914061421179764E-002
   5.6775821544944580E-002
   5.2124387433601246E-002
   4.7913645714372052E-002
   4.4101157636466562E-002
   4.0649098495837352E-002
   3.7522596848526477E-002
   3.4690701241199370E-002
   3.2124815104626461E-002
   2.9799652152173797E-002
   2.7691791650611489E-002
   2.5780598540036989E-002
   2.4046906775341728E-002
   2.2473890157112583E-002
   2.1045872254556883E-002
   1.9749140391725997E-002
   1.8570876025410063E-002
   1.7499908432689379E-002
   1.6525757351859474E-002
   1.5639325493519443E-002
   1.4832044595882762E-002
   1.4525858485645353E-002
   1.4398363154745457E-002
   1.4258521705043194E-002
   1.4109042781234407E-002
   1.3950155544974046E-002
   1.3784206007059121E-002
   1.3611230899279646E-002
   1.3433270984145528E-002
   1.3250214279788586E-002
   1.3063844091555631E-002
   1.2873934769633296E-002
   1.2682051976300785E-002
   1.2487884441145149E-002
   1.2292813370591073E-002
   1.2096464271091718E-002
   1.1900061578057368E-002
   1.1703185411105545E-002
   1.1506926552131848E-002
   1.1310833888895153E-002
   1.1115883876453266E-002
   1.0921605355990576E-002
   1.0728876635855032E-002
   1.0537215302179727E-002
   1.0347415084359724E-002
   1.0158989177549446E-002
   9.9726581302451121E-003
   9.7879360608850788E-003
   9.6054799321200132E-003
   9.4248088559653141E-003
   9.2465243049818444E-003
   9.0701534587350145E-003
   8.8962491476542623E-003
   8.7243488969634096E-003
   8.5549627033927184E-003
   8.3876400822299416E-003
   8.2228531379053560E-003
   8.0601645175528806E-003
   7.9000126505629539E-003
   7.7419740609220595E-003
   7.5864571145169736E-003
   7.4330526457819998E-003
   7.2821420610878745E-003
   7.1333306962410772E-003
   6.9869756759788678E-003
   6.8426968409852282E-003
   6.7008293537537157E-003
   6.5610074202451744E-003
   6.4235462577851808E-003
   6.2880941903526479E-003
   6.1549482515927852E-003
   6.0237705568542341E-003
   5.8948415009106719E-003
   5.7678366069031824E-003
   5.6430209913075381E-003
   5.5474076036326481E-003
   5.5195578531451739E-003
   5.4923623333627825E-003
   5.4662492808260077E-003
   5.4471084782229950E-003
   5.4284070571843923E-003
   5.4101171468375342E-003
   5.3922309436856830E-003
   5.3747226573748197E-003
   5.3575875725754285E-003
   5.3408015923021579E-003
   5.3243625623374258E-003
   5.3082477719377241E-003
   5.2924571889458316E-003
   5.2769692460211681E-003
   5.2617856667048768E-003
   5.2468858357608283E-003
   5.2322729261943257E-003
   5.2179271248024017E-003
   5.2038527976285276E-003
   5.1900308163230213E-003
   5.1764665248701935E-003
   5.1631413887530675E-003
   5.1500615491517077E-003
   5.1372089950932343E-003
   5.1245905128133873E-003
   5.1121885609572981E-003
   5.1000104425440451E-003
   5.0880390447607948E-003
   5.0762820790918872E-003
   5.0647228302246328E-003
   5.0533693265114032E-003
   5.0422052268768169E-003
   5.0312387989860929E-003
   5.0204540587190927E-003
   5.0098594473189650E-003
   4.9994393248886659E-003
   4.9892022504891553E-003
   4.9791329191299361E-003
   4.9692399603670778E-003
