  0.39568519382661516     
  0.38083687097974139     
  0.36647653663333501     
  0.35258646299950314     
  0.33914957786498068     
  0.32614944392999379     
  0.31357024244125420     
  0.30139809294728326     
  0.28962038406942980     
  0.27822491973171359     
  0.26720213772875889     
  0.25669705206039828     
  0.24692931486086089     
  0.23753763028275493     
  0.22846457351691352     
  0.21970444273645545     
  0.21125190149177553     
  0.20310161446535591     
  0.19524800533743436     
  0.18768512272647031     
  0.18040658950329608     
  0.17340560984193443     
  0.16667501223198228     
  0.16020731199036459     
  0.15399478180911463     
  0.14802952289745003     
  0.14230353223681930     
  0.13680876351900256     
  0.13153718069126646     
  0.12648080388475674     
  0.12163174800912435     
  0.11698225457360434     
  0.11252471742420880     
  0.10825170312432053     
  0.10416811098377188     
  0.10033610816293731     
   9.6659467741829513E-002
   9.3132194549632369E-002
   8.9748465759189600E-002
   8.6502634156020858E-002
   8.3389230002230946E-002
   8.0402961685764218E-002
   7.7538715330218222E-002
   7.4791553523918780E-002
   7.2156713310291054E-002
   6.9629603565442705E-002
   6.7205801873719800E-002
   6.4881050998031597E-002
   6.2651255029051889E-002
   6.0512475286006756E-002
   5.8460926031605798E-002
   5.6492970054687286E-002
   5.4605114166243141E-002
   5.2794004647560761E-002
   5.1056422683173591E-002
   4.9389279806052899E-002
   4.7825744583132865E-002
   4.6404763198208979E-002
   4.5039049686614555E-002
   4.3726347288815498E-002
   4.2464487724061459E-002
   4.1251388268244427E-002
   4.0085048863963427E-002
   3.8963549271255060E-002
   3.7885046266066730E-002
   3.6847770892325132E-002
   3.5850025772372521E-002
   3.4890182479595189E-002
   3.3966678976234260E-002
   3.3078017118642944E-002
   3.2222760231619574E-002
   3.1438739095454860E-002
   3.0684619865801191E-002
   2.9977692675807039E-002
   2.9332853042527685E-002
   2.8710234045702592E-002
   2.8111036488121126E-002
   2.7569515274961896E-002
   2.7045671368383616E-002
   2.6538810264855495E-002
   2.6048265295016616E-002
   2.5628319662706223E-002
   2.5254635140339349E-002
   2.5048131667420974E-002
   2.4986968735921773E-002
   2.4922483891751862E-002
   2.4880628552455077E-002
   2.4838466718094858E-002
   2.4808988253722776E-002
   2.4792832540777365E-002
   2.4770512393939254E-002
   2.4742308305845857E-002
   2.4708489655340185E-002
   2.4669315151721886E-002
   2.4625033260330807E-002
   2.4575882610281721E-002
   2.4522092385137573E-002
   2.4463882697277242E-002
   2.4401464946682643E-002
   2.4335042164838928E-002
   2.4264809344411137E-002
   2.4190953755330979E-002
   2.4113655247898536E-002
   2.4033086543475534E-002
   2.3949413513320070E-002
   2.3862795446086518E-002
   2.3773385304489462E-002
   2.3681329971606706E-002
   2.3586770487273520E-002
   2.3489842274998653E-002
   2.3390675359811791E-002
   2.3289394577432627E-002
   2.3186119775132800E-002
   2.3080966004644321E-002
   2.2974043707451236E-002
   2.2865458892785195E-002
   2.2755313308630509E-002
   2.2643704606029987E-002
   2.2530726496969061E-002
   2.2416468906103007E-002
   2.2301018116579779E-002
   2.2184456910199428E-002
   2.2066864702140119E-002
   2.1948317670470424E-002
   2.1828888880657753E-002
   2.1708648405273347E-002
   2.1587663439085622E-002
   2.1465998409725094E-002
   2.1343715084096278E-002
   2.1220872670704348E-002
   2.1097527918057198E-002
   2.0973735209296775E-002
   2.0849546653206943E-002
   2.0725012171739211E-002
   2.0600179584191507E-002
   2.0475094688169902E-002
   2.0349801337457604E-002
   2.0224341516910670E-002
   2.0098755414494972E-002
   1.9973081490574311E-002
   1.9847356544555265E-002
   1.9721615778990079E-002
   1.9595892861234906E-002
   1.9470219982756925E-002
   1.9344627916180065E-002
   1.9219146070155731E-002
   1.9093802542141377E-002
   1.8968624169166698E-002
   1.8843636576664054E-002
   1.8718864225436779E-002
   1.8594330456836256E-002
   1.8470057536215820E-002
   1.8346066694727076E-002
   1.8222378169521564E-002
   1.8099011242418424E-002
   1.7975984277096353E-002
   1.7853314754865936E-002
   1.7731019309076272E-002
   1.7609113758207891E-002
   1.7487613137701773E-002
   1.7366531730572659E-002
   1.7245883096852779E-002
   1.7125680101910561E-002
   1.7005934943687073E-002
   1.6886659178891435E-002
   1.6767863748194785E-002
   1.6649559000460987E-002
   1.6531754716050749E-002
   1.6414460129234476E-002
   1.6297683949747822E-002
   1.6181434383522673E-002
   1.6065719152624974E-002
   1.5950545514429714E-002
   1.5835920280062171E-002
   1.5721849832133452E-002
   1.5608340141797294E-002
   1.5495396785154074E-002
   1.5383024959026966E-002
   1.5271229496134305E-002
   1.5160014879681211E-002
   1.5049385257392746E-002
   1.4939344455009943E-002
   1.4829895989269318E-002
   1.4721043080385634E-002
   1.4612788664056939E-002
   1.4505135403010223E-002
   1.4398085698105259E-002
   1.4291641699013619E-002
   1.4185805314489115E-002
   1.4080578222245357E-002
   1.3975961878455512E-002
   1.3871957526888717E-002
   1.3768566207697145E-002
   1.3665788765867071E-002
   1.3563625859346883E-002
   1.3462077966864390E-002
   1.3361145395445397E-002
   1.3260828287644954E-002
   1.3161126628502372E-002
   1.3062040252230534E-002
   1.2963568848649751E-002
   1.2865711969375927E-002
   1.2768469033772475E-002
   1.2671839334675030E-002
   1.2575822043897679E-002
   1.2480416217529072E-002
   1.2385620801026490E-002
   1.2291434634115557E-002
   1.2197856455503099E-002
   1.2104884907410265E-002
   1.2012518539932807E-002
   1.1920755815235098E-002
   1.1829595111584308E-002
   1.1739034727230750E-002
   1.1649072884140396E-002
   1.1559707731585074E-002
   1.1470937349595881E-002
   1.1382759752284989E-002
   1.1295172891040825E-002
   1.1208174657601532E-002
   1.1121762887011237E-002
   1.1035935360463716E-002
   1.0950689808037584E-002
   1.0866023911327259E-002
   1.0781935305973593E-002
   1.0698421584097985E-002
   1.0615480296643621E-002
   1.0533108955627431E-002
   1.0451305036306010E-002
   1.0370065979258878E-002
   1.0289389192392142E-002
   1.0209272052865570E-002
   1.0129711908945961E-002
   1.0050706081789625E-002
   9.9722518671565771E-003
   9.8943465370590709E-003
   9.8169873413468927E-003
   9.7401715092318222E-003
   9.6638962507535255E-003
   9.5881587581890717E-003
   9.5129562074081752E-003
   9.4382857591762161E-003
   9.3641445604069652E-003
   9.2905297453668850E-003
   9.2174384368328265E-003
   9.1448677472048528E-003
   9.0728147795758329E-003
   9.0012766287594567E-003
   8.9302503822781491E-003
   8.8597331213124322E-003
   8.7897219216131039E-003
   8.7202138543776581E-003
   8.6512059870922156E-003
   8.5826953843402814E-003
   8.5146791085795107E-003
   8.4471542208876850E-003
   8.3801177816790265E-003
   8.3135668513919098E-003
   8.2474984911490665E-003
   8.1819097633912281E-003
   8.1167977324852689E-003
   8.0521594653076463E-003
   7.9879920318041715E-003
   7.9242925055268785E-003
   7.8610579641489042E-003
   7.7982854899580744E-003
   7.7359721703300650E-003
   7.6741150981818364E-003
   7.6127113724060481E-003
   7.5517580982871566E-003
   7.4912523878998463E-003
   7.4311913604904450E-003
   7.3715721428419291E-003
   7.3123918696230920E-003
   7.2536476837224660E-003
   7.1953367365675640E-003
   7.1374561884299161E-003
   7.0800032087164500E-003
   7.0229749762476708E-003
   6.9663686795231761E-003
   6.9101815169748775E-003
   6.8544106972084195E-003
   6.7990534392332064E-003
   6.7441069726814559E-003
   6.6895685380166103E-003
   6.6354353867315845E-003
   6.5817047815371187E-003
   6.5283739965406404E-003
   6.4754403174159710E-003
   6.4229010415641566E-003
   6.3707534782658330E-003
   6.3189949488252836E-003
   6.2676227867066447E-003
   6.2166343376624106E-003
   6.1660269598545758E-003
   6.1157980239686729E-003
   6.0659449133209087E-003
   6.0164650239587364E-003
   5.9673557647549752E-003
   5.9186145574958403E-003
   5.8702388369629675E-003
   5.8222260510097622E-003
   5.7745736606321929E-003
   5.7272791400342776E-003
   5.6803399766883964E-003
   5.6337536713906948E-003
   5.5875177383116689E-003
   5.5416297050421767E-003
   5.4960871126349710E-003
   5.4508875156419889E-003
   5.4060284821474611E-003
   5.3615075937970859E-003
   5.3173224458233533E-003
   5.2734706470671383E-003
   5.2299498199957668E-003
   5.1867576007176355E-003
   5.1438916389934947E-003
   5.1013495982445561E-003
   5.0591291555575416E-003
   5.0172280016867396E-003
   4.9756438410532185E-003
   4.9343743917412974E-003
   4.8934173854923539E-003
   4.8527705676960978E-003
   4.8124316973793824E-003
   4.7723985471926460E-003
   4.7326689033940876E-003
   4.6932405658316502E-003
   4.6541113479228874E-003
   4.6152790766328354E-003
   4.5767415924498900E-003
   4.5384967493598549E-003
   4.5005424148181448E-003
   4.4628764697202949E-003
   4.4254968083707845E-003
   4.3884013384502818E-003
   4.3515879809813141E-003
   4.3150546702924973E-003
   4.2787993539813718E-003
   4.2428199928758008E-003
   4.2071145609941692E-003
   4.1716810455042497E-003
   4.1365174466809207E-003
   4.1016217778627150E-003
   4.0669920654073065E-003
   4.0326263486458840E-003
   3.9985226798365733E-003
   3.9646791241168995E-003
   3.9310937594552765E-003
   3.8977646766016963E-003
   3.8646899790375049E-003
   3.8318677829244502E-003
   3.7992962170529179E-003
   3.7669734227894630E-003
   3.7348975540236577E-003
   3.7030667771142632E-003
   3.6714792708348147E-003
   3.6401332263185475E-003
   3.6090268470028546E-003
   3.5781583485731509E-003
   3.5475259589062176E-003
   3.5171279180131777E-003
   3.4869624779818795E-003
   3.4570279029189771E-003
   3.4273224688915471E-003
   3.3978444638683852E-003
   3.3685921876609043E-003
   3.3395639518637374E-003
   3.3107580797950530E-003
   3.2821729064365437E-003
   3.2538067783731903E-003
   3.2256580537327849E-003
   3.1977251021252234E-003
   3.1700063045815886E-003
   3.1425000534930740E-003
   3.1152047525497134E-003
   3.0881188166789926E-003
   3.0612406719842979E-003
   3.0345687556832777E-003
   3.0081015160460661E-003
   2.9818374123334775E-003
   2.9557749147350564E-003
   2.9299125043071410E-003
   2.9042486729108294E-003
   2.8787819231499458E-003
   2.8535107683089825E-003
   2.8284337322910143E-003
   2.8035493495556472E-003
   2.7788561650569851E-003
   2.7543527341815817E-003
   2.7300376226864903E-003
   2.7059094066373170E-003
   2.6819666723463531E-003
   2.6582080163107778E-003
   2.6346320451509260E-003
   2.6112373755486605E-003
   2.5880226341858069E-003
   2.5649864576827199E-003
   2.5421274925369816E-003
   2.5194443950621627E-003
   2.4969358313267354E-003
   2.4746004770931709E-003
   2.4524370177570580E-003
   2.4304441482865050E-003
   2.4086205731616087E-003
   2.3869650063141103E-003
   2.3654761710672073E-003
   2.3441528000755635E-003
   2.3229936352654607E-003
   2.3019974277751452E-003
   2.2811629378954104E-003
   2.2604889350102547E-003
   2.2399741975378772E-003
   2.2196175128717834E-003
   2.1994176773221137E-003
   2.1793734960571902E-003
   2.1594837830453233E-003
   2.1397473609967334E-003
   2.1201630613057708E-003
   2.1007297239933713E-003
   2.0814461976496751E-003
   2.0623113393769370E-003
   2.0433240147326517E-003
   2.0244830976728911E-003
   2.0057874704959358E-003
   1.9872360237861153E-003
   1.9688276563578633E-003
   1.9505612752001231E-003
   1.9324357954208747E-003
   1.9144501401919950E-003
   1.8966032406943986E-003
   1.8788940360633388E-003
   1.8613214733340343E-003
   1.8438845073875630E-003
   1.8265821008969715E-003
   1.8094132242736892E-003
   1.7923768556141924E-003
   1.7754719806469220E-003
   1.7586975926794889E-003
   1.7420526925461463E-003
   1.7255362885555091E-003
   1.7091473964386018E-003
   1.6928850392970568E-003
   1.6767482475517521E-003
   1.6607360588915751E-003
   1.6448475182225565E-003
   1.6290816776172168E-003
   1.6134375962642417E-003
   1.5979143404183868E-003
   1.5825109833506601E-003
   1.5672266052988333E-003
   1.5520602934181761E-003
   1.5370111417324986E-003
   1.5220782510854299E-003
   1.5072607290920366E-003
   1.4925576900906533E-003
   1.4779682550950454E-003
   1.4634915517468018E-003
   1.4491267142680633E-003
   1.4348728834144495E-003
   1.4207292064283561E-003
   1.4066948369924302E-003
   1.3927689351834020E-003
   1.3789506674261494E-003
   1.3652392064480642E-003
   1.3516337312336722E-003
   1.3381334269795160E-003
   1.3247374850494063E-003
   1.3114451029297876E-003
   1.2982554841855093E-003
   1.2851678384158231E-003
   1.2750932287992067E-003
   1.2727154539081686E-003
