  0.39666058416758460     
  0.39301780572367745     
  0.38940492479849059     
  0.38582167393227801     
  0.38226778807116341     
  0.37874300454762427     
  0.37524706306034167     
  0.37177970565329993     
  0.36834067669408804     
  0.36492972285143038     
  0.36154659307205289     
  0.35819103855705575     
  0.35486281273800585     
  0.35156167125299070     
  0.34828737192137976     
  0.34503967473980585     
  0.34181834190549737     
  0.33862313785198744     
  0.33545382927683415     
  0.33231018514735883     
  0.32919197672691730     
  0.32609897772958163     
  0.32303096472146392     
  0.31998771783224311     
  0.31696902175673153     
  0.31397466695446308     
  0.31100445091718981     
  0.30805817937131286     
  0.30513566730463576     
  0.30223673974161835     
  0.29936123222803124     
  0.29650899101796552     
  0.29367987298050646     
  0.29087374525951432     
  0.28809048472879117     
  0.28532997728799142     
  0.28259211704360260     
  0.27987680541566490     
  0.27718395020575770     
  0.27451346465604931     
  0.27186526652345649     
  0.26923927718756496     
  0.26663542080613584     
  0.26405362352785700     
  0.26149381276849964     
  0.25895591655379302     
  0.25643986293006060     
  0.25394557944190715     
  0.25147299267493017     
  0.24902202786048000     
  0.24659260853884074     
  0.24418465627679792     
  0.24179809043533901     
  0.23943829103755701     
  0.23712288828305175     
  0.23482809128751933     
  0.23255379769338899     
  0.23029990419403304     
  0.22806630640449613     
  0.22585289875637207     
  0.22365957441470866     
  0.22148622521488878     
  0.21933274161752545     
  0.21719901267950778     
  0.21508492603944504     
  0.21299036791587608     
  0.21091522311672142     
  0.20885937505857680     
  0.20682270579455928     
  0.20480509604952549     
  0.20280642526158701     
  0.20082657162894899     
  0.19886541216118828     
  0.19692282273417830     
  0.19499867814794489     
  0.19309285218681696     
  0.19120521768130164     
  0.18933564657117960     
  0.18748400996937184     
  0.18565017822618543     
  0.18383402099359133     
  0.18203540728923326     
  0.18025420555990487     
  0.17849028374426865     
  0.17674350933462321     
  0.17501374943755357     
  0.17330087083332432     
  0.17160474003390161     
  0.16992522333950752     
  0.16826218689363057     
  0.16661549673643231     
  0.16498501885650421     
  0.16337061924094151     
  0.16177216392371366     
  0.16018951903231818     
  0.15862255083271662     
  0.15707112577255486     
  0.15553511052268140     
  0.15401437201697868     
  0.15250877749052902     
  0.15101819451614171     
  0.14954249103926956     
  0.14808153541134669     
  0.14663519642158276     
  0.14520334332724880     
  0.14378584588249346     
  0.14238257436572779     
  0.14099339960561844     
  0.13961819300572995     
  0.13825682656785696     
  0.13690946699218645     
  0.13558767175285572     
  0.13427904624461776     
  0.13298347091330801     
  0.13170082681704162     
  0.13043099564134933     
  0.12917385971350667     
  0.12793121395599710     
  0.12670803902664987     
  0.12549706253659046     
  0.12429817193158404     
  0.12311125531852413     
  0.12193620147593917     
  0.12077289986384282     
  0.11962124063294755     
  0.11848111463326128     
  0.11735241342208722     
  0.11623502927144663     
  0.11512885517494345     
  0.11403378485409021     
  0.11294971276411370     
  0.11187653409925871     
  0.11081414479760815     
  0.10976244154543674     
  0.10872132178111593     
  0.10769068369858656     
  0.10667042625041545     
  0.10566044915045289     
  0.10466065287610501     
  0.10367093867023802     
  0.10269120854272715     
  0.10172136527166656     
  0.10076131240425212     
   9.9810954257352369E-002
   9.8870195917779569E-002
   9.7938943242273507E-002
   9.7017102857211462E-002
   9.6104582158054647E-002
   9.5201289308544323E-002
   9.4307133239656726E-002
   9.3422023648329827E-002
   9.2545870995970281E-002
   9.1678586506752369E-002
   9.0820082165716937E-002
   8.9970270716681316E-002
   8.9129065659968393E-002
   8.8296381249963446E-002
   8.7472132492507931E-002
   8.6656235142137578E-002
   8.5848605699173158E-002
   8.5049161406671181E-002
   8.4257820247241821E-002
   8.3474500939741764E-002
   8.2699122935847302E-002
   8.1931606416515673E-002
   8.1171872288340191E-002
   8.0419842179804912E-002
   7.9675438437445706E-002
   7.8938584121921895E-002
   7.8209203004005245E-002
   7.7487219560490261E-002
   7.6772558970031657E-002
   7.6065147108913184E-002
   7.5364910546752872E-002
   7.4671776542148488E-002
   7.3990041001357462E-002
   7.3317320061991140E-002
   7.2651374477974831E-002
   7.1992136156370526E-002
   7.1339537636066833E-002
   7.0693512083756058E-002
   7.0053993289870456E-002
   6.9420915664480595E-002
   6.8794214233158665E-002
   6.8173824632809951E-002
   6.7559683107474858E-002
   6.6951726504104400E-002
   6.6349892268311270E-002
   6.5754118440099527E-002
   6.5164343649574699E-002
   6.4580507112636867E-002
   6.4002548626658648E-002
   6.3430408566150606E-002
   6.2864027878415316E-002
   6.2303348079193119E-002
   6.1748311248300117E-002
   6.1198860025261273E-002
   6.0654937604939632E-002
   6.0116487733163484E-002
   5.9583454702353225E-002
   5.9055783347149157E-002
   5.8533419040041654E-002
   5.8016307687004984E-002
   5.7504395723136995E-002
   5.6997630108304068E-002
   5.6495958322794401E-002
   5.5999328362979897E-002
   5.5507688736987595E-002
   5.5020988460382184E-002
   5.4539177051860108E-002
   5.4062204528956728E-002
   5.3590021403767243E-002
   5.3122578678681434E-002
   5.2659827842134813E-002
   5.2201720864375231E-002
   5.1748210193246533E-002
   5.1299248749989798E-002
   5.0854789925063218E-002
   5.0414787573980005E-002
   4.9979196013166735E-002
   4.9547970015841228E-002
   4.9121064807911216E-002
   4.8698436063893888E-002
   4.8280039902857522E-002
   4.7865832884384577E-002
   4.7455772004557514E-002
   4.7049814691967770E-002
   4.6647918803747510E-002
   4.6250042621625118E-002
   4.5856144848004640E-002
   4.5466184602069817E-002
   4.5080121415911709E-002
   4.4697915230682214E-002
   4.4319526392771771E-002
   4.3944915650012698E-002
   4.3574044147907873E-002
   4.3209387184132794E-002
   4.2850242055191792E-002
   4.2494657875527322E-002
   4.2142598232798104E-002
   4.1794027080710464E-002
   4.1448908735611703E-002
   4.1107589936980951E-002
   4.0774635717286692E-002
   4.0444959652157567E-002
   4.0118528277914414E-002
   3.9795308467357612E-002
   3.9475267426621732E-002
   3.9158372692052093E-002
   3.8844592127103533E-002
   3.8533893919261084E-002
   3.8226246576983189E-002
   3.7921618926667025E-002
   3.7619980109636270E-002
   3.7321299579151090E-002
   3.7025547097440908E-002
   3.6732692732759267E-002
   3.6442706856461379E-002
   3.6155560140104001E-002
   3.5871223552567999E-002
   3.5589668357203230E-002
   3.5310866108995892E-002
   3.5034788651758381E-002
   3.4762056861706470E-002
   3.4495824155627755E-002
   3.4232173059534424E-002
   3.3971077301952785E-002
   3.3712510876612645E-002
   3.3456448039907924E-002
   3.3202863308377586E-002
   3.2951731456206626E-002
   3.2703027512747354E-002
   3.2456726760060811E-002
   3.2212804730478134E-002
   3.1971237204181990E-002
   3.1732000206808039E-002
   3.1495070007066139E-002
   3.1260423114381569E-002
   3.1028036276555787E-002
   3.0797886477447148E-002
   3.0569950934670936E-002
   3.0344207097319179E-002
   3.0120632643699796E-002
   2.9899205479095109E-002
   2.9679903733539667E-002
   2.9462705759617389E-002
   2.9247590130277556E-002
   2.9034535636670050E-002
   2.8823521285999368E-002
   2.8614526299397605E-002
   2.8407530109815976E-002
   2.8202512359935220E-002
   2.7999452900094174E-002
   2.7799180510748145E-002
   2.7605152089816717E-002
   2.7412957724328169E-002
   2.7226410225451587E-002
   2.7041629333167623E-002
   2.6858577261852971E-002
   2.6677236541305042E-002
   2.6497589878407175E-002
   2.6319620155392319E-002
   2.6143310428121964E-002
   2.5968643924380273E-002
   2.5795604042183513E-002
   2.5624174348104482E-002
   2.5454338575611808E-002
   2.5286080623424377E-002
   2.5119384553880374E-002
   2.4954234591321060E-002
   2.4794198299286960E-002
   2.4636143717879463E-002
   2.4479537582951752E-002
   2.4324365337960036E-002
   2.4170612573709213E-002
   2.4018265026902699E-002
   2.3867308578705657E-002
   2.3717729253320996E-002
   2.3569513216578422E-002
   2.3422646774536413E-002
   2.3277116372096743E-002
   2.3132908591631821E-002
   2.2990010151624510E-002
   2.2848407905320597E-002
   2.2708088839393362E-002
   2.2569040072620838E-002
   2.2431248854574884E-002
   2.2298762910342260E-002
   2.2168189168444374E-002
   2.2038776026953200E-002
   2.1910511890777432E-002
   2.1784518670018557E-002
   2.1662073720534872E-002
   2.1540698758217805E-002
   2.1420383153971767E-002
   2.1301116386064869E-002
   2.1182888039067885E-002
   2.1065687802802976E-002
   2.0950438497645593E-002
   2.0839077006606761E-002
   2.0731846062569888E-002
   2.0627270479361848E-002
   2.0523566406257857E-002
   2.0420725299373343E-002
   2.0318738700663485E-002
   2.0217598237077940E-002
   2.0117295619723471E-002
   2.0051976311173839E-002
   2.0021726968126104E-002
   1.9991483853221977E-002
   1.9961247328449033E-002
   1.9931017752042694E-002
   1.9900795478522883E-002
   1.9870580858730284E-002
   1.9843164563362090E-002
   1.9816697334920211E-002
   1.9790194820745278E-002
   1.9763657806273194E-002
   1.9737087068971815E-002
   1.9710483378418884E-002
   1.9683847496379137E-002
   1.9659596297633343E-002
   1.9636335470687567E-002
   1.9613004165277965E-002
   1.9589603526663613E-002
   1.9566134688547846E-002
   1.9542598773191342E-002
   1.9520638607270695E-002
   1.9500127913251866E-002
   1.9479516230647066E-002
   1.9458805017309583E-002
   1.9437995716417154E-002
   1.9417089756615609E-002
   1.9398861380766935E-002
   1.9380618442338474E-002
   1.9362249385007864E-002
   1.9343755924840153E-002
   1.9325340883925769E-002
   1.9309197800566093E-002
   1.9292904782185146E-002
   1.9276463789456570E-002
   1.9259876763353303E-002
   1.9245056424578324E-002
   1.9230470046551068E-002
   1.9215716350913761E-002
   1.9201171597831433E-002
   1.9188108327581575E-002
   1.9174860296328287E-002
   1.9161683233622065E-002
   1.9149806375143977E-002
   1.9137731208079677E-002
   1.9127612939473081E-002
   1.9119532789603780E-002
