  0.95194942940624883     
  0.94237765063293977     
  0.93329541991859377     
  0.92467837572239531     
  0.91650313821351193     
  0.90864255617074652     
  0.90137445150597584     
  0.89537050196578116     
  0.88945686954638570     
  0.88359940881263166     
  0.87779865561941928     
  0.87205552910483886     
  0.86637100452718552     
  0.86074596097726774     
  0.85627013502665428     
  0.85236767634394106     
  0.84902786466695812     
  0.84566456981936633     
  0.84228283598305076     
  0.83888717874834451     
  0.83548164173649031     
  0.83206984632758285     
  0.82865503544562424     
  0.82524011221290505     
  0.82182767416613844     
  0.81842004362487197     
  0.81501929471634726     
  0.81162727748780994     
  0.80824563947518602     
  0.80487584504422527     
  0.80151919277521722     
  0.79817683112400739     
  0.79484977255931422     
  0.79160068301585174     
  0.78839778948096417     
  0.78521159551906450     
  0.78204260184909669     
  0.77889123713440245     
  0.77575786473945096     
  0.77264278890593330     
  0.76954626039786234     
  0.76646848166032666     
  0.76340961153222842     
  0.76036976954960134     
  0.75734903987285151     
  0.75434747486841724     
  0.75136509837283616     
  0.74840190866497402     
  0.74545788117017342     
  0.74253297091827264     
  0.73962711477579957     
  0.73674023347113649     
  0.73387223343006069     
  0.73102300843777512     
  0.72819244114233972     
  0.72538040441329710     
  0.72260336913394341     
  0.71992545362107330     
  0.71726358037192073     
  0.71461761120449430     
  0.71198740454475329     
  0.70937281599903135     
  0.70677369886655028     
  0.70418990459770647     
  0.70162128320334183     
  0.69906768361977267     
  0.69652895403394188     
  0.69400494217267394     
  0.69149549555966150     
  0.68900046174347818     
  0.68651968849961031     
  0.68407168516023986     
  0.68171468527121148     
  0.67936924991034997     
  0.67703526329110009     
  0.67471261064417609     
  0.67240117826583035     
  0.67010085355847548     
  0.66781152506458785     
  0.66553308249472354     
  0.66326541675038486     
  0.66100841994239334     
  0.65879212079341876     
  0.65664893854499562     
  0.65451383570018828     
  0.65238674912831840     
  0.65026761662900168     
  0.64815637691548600     
  0.64605296959807756     
  0.64395733516775144     
  0.64186941498002348     
  0.63986869575437477     
  0.63788439188265311     
  0.63590540451052591     
  0.63393172019274802     
  0.63196332576456771     
  0.63000020832181269     
  0.62805434387788117     
  0.62618819246884794     
  0.62432507839260643     
  0.62246503253669483     
  0.62060808536822964     
  0.61875426692005364     
  0.61695935320278050     
  0.61519319206003331     
  0.61342814776038157     
  0.61166429061527183     
  0.60992545127390740     
  0.60824202358654311     
  0.60655796915428772     
  0.60487339491036640     
  0.60324983170554636     
  0.60163674129718459     
  0.60032710852768589     
  0.59908222945400835     
  0.59782597622168554     
  0.59655867894245385     
  0.59528066204671215     
  0.59399224433689668     
  0.59269373904171063     
  0.59138545387117858     
  0.59006769107249091     
  0.58874074748660155     
  0.58740491460554034     
  0.58606047863039690     
  0.58470772052993469     
  0.58334691609978984     
  0.58197833602220872     
  0.58060224592627974     
  0.57921890644861140     
  0.57782857329441095     
  0.57643149729891630     
  0.57502792448913453     
  0.57361809614584258     
  0.57220224886580262     
  0.57078061462414897     
  0.56935342083690121     
  0.56792089042356286     
  0.56648324186976029     
  0.56504068928988438     
  0.56359344248969301     
  0.56214170702883670     
  0.56068568428327004     
  0.55922557150751362     
  0.55776156189673021     
  0.55629384464858400     
  0.55482260502484970     
  0.55334802441274067     
  0.55187028038592867     
  0.55038954676522511     
  0.54890599367889925     
  0.54741978762260679     
  0.54593109151890629     
  0.54444006477634010     
  0.54294686334805842     
  0.54145163978996780     
  0.53995454331838322     
  0.53845571986716900     
  0.53695531214434888     
  0.53545345968817337     
  0.53395029892262802     
  0.53244596321237037     
  0.53094058291708335     
  0.52943428544523508     
  0.52792719530723353     
  0.52641943416796877     
  0.52491112089873293     
  0.52340237162851178     
  0.52189329979464227     
  0.52038401619282748     
  0.51887462902650827     
  0.51736524395558403     
  0.51585596414448132     
  0.51434689030956671     
  0.51283812076590263     
  0.51132975147334425     
  0.50982187608197671     
  0.50831458597689261     
  0.50680797032231040     
  0.50530211610503373     
  0.50379710817725387     
  0.50229302929869646     
  0.50078996017811539     
  0.49928797951413562     
  0.49778716403544865     
  0.49628758854036392     
  0.49478932593571956     
  0.49329244727515653     
  0.49179702179676121     
  0.49030311696007989     
  0.48881079848251130     
  0.48732013037508121     
  0.48583117497760542     
  0.48434399299324593     
  0.48285864352246655     
  0.48137518409639324     
  0.47989367070958688     
  0.47841415785223235     
  0.47693669854175230     
  0.47546134435385140     
  0.47398814545299722     
  0.47251715062234562     
  0.47104840729311598     
  0.46958196157342491     
  0.46811785827658353     
  0.46665614094886682     
  0.46519685189676130     
  0.46374003221369842     
  0.46228572180628080     
  0.46083395942000821     
  0.45938478266451099     
  0.45793822803829742     
  0.45649433095302233     
  0.45505312575728524     
  0.45361464575996330     
  0.45217892325308773     
  0.45074598953427009     
  0.44931587492868563     
  0.44788860881062109     
  0.44646421962459371     
  0.44504273490604807     
  0.44362418130163861     
  0.44220858458910384     
  0.44079596969673990     
  0.43938636072247944     
  0.43797978095258283     
  0.43657625287994906     
  0.43517579822205199     
  0.43377843793850890     
  0.43238419224828784     
  0.43099308064656039     
  0.42960512192120592     
  0.42822033416897326     
  0.42683873481130719     
  0.42546034060984417     
  0.42408516768158550     
  0.42271323151375140     
  0.42134454697832424     
  0.41997912834628515     
  0.41861698930155061     
  0.41725814295461466     
  0.41590260185590133     
  0.41455037800883443     
  0.41320148288262881     
  0.41185592742480903     
  0.41051372207346087     
  0.40917487676922010     
  0.40783940096700461     
  0.40650730364749438     
  0.40517859332836431     
  0.40385327807527494     
  0.40253136551262558     
  0.40121286283407526     
  0.39989777681283500     
  0.39858611381173703     
  0.39727787979308538     
  0.39597308032829126     
  0.39467172060729883     
  0.39337380544780470     
  0.39207933930427619     
  0.39078832627677174     
  0.38950077011956741     
  0.38821667424959500     
  0.38693604175469304     
  0.38565887540167726     
  0.38438517764423247     
  0.38311495063063017     
  0.38184819621127547     
  0.38058491594608695     
  0.37932511111171324     
  0.37806878270858840     
  0.37681593146783193     
  0.37556655785799398     
  0.37432066209165110     
  0.37307824413185464     
  0.37183930369843499     
  0.37060384027416565     
  0.36937185311078796     
  0.36814334123490272     
  0.36691830345372839     
  0.36569673836073047     
  0.36447864434112442     
  0.36326401957725490     
  0.36205286205385373     
  0.36084516956317941     
  0.35964093971004091     
  0.35844016991670785     
  0.35724285742770956     
  0.35604899931452633     
  0.35485859248017315     
  0.35367163366368115     
  0.35248811944447606     
  0.35130804624665779     
  0.35013141034318318     
  0.34895820785995280     
  0.34778843477980548     
  0.34662208694642133     
  0.34545916006813587     
  0.34429964972166749     
  0.34314355135575925     
  0.34199086029473763     
  0.34084157174198998     
  0.33969568078336226     
  0.33855318239047882     
  0.33741407142398616     
  0.33627834263672213     
  0.33514599067681233     
  0.33401701009069545     
  0.33289139532607881     
  0.33176914073482577     
  0.33065024057577680     
  0.32953468901750543     
  0.32842248014101039     
  0.32731360794234532     
  0.32620806633518873     
  0.32510584915335272     
  0.32400695015323544     
  0.32291136301621526     
  0.32181908135098958     
  0.32073009869586061     
  0.31964440852096615     
  0.31856200423045972     
  0.31748287916463941     
  0.31640702660202685     
  0.31533443976139874     
  0.31426511180376976     
  0.31319903583432951     
  0.31213620490433469     
  0.31107661201295567     
  0.31002025010908107     
  0.30896711209307992     
  0.30791719081852104     
  0.30687047909385384     
  0.30582696968404793     
  0.30478665531219562     
  0.30374952866107513     
  0.30271558237467799     
  0.30168480905970035     
  0.30065720128699808     
  0.29963275159300773     
  0.29861145248113491     
  0.29759329642310817     
  0.29657827586030161     
  0.29556638320502554     
  0.29455761084178700     
  0.29355195112851939     
  0.29254939639778388     
  0.29154993895794035     
  0.29055357109429264     
  0.28956028507020376     
  0.28857007312818655     
  0.28758292749096687     
  0.28659884036252148     
  0.28561780392909097     
  0.28463981036016828     
  0.28366485180946338     
  0.28269292041584404     
  0.28172400830425437     
  0.28075810758661163     
  0.27979521036267918     
  0.27883530872092055     
  0.27787839473933101     
  0.27692446048624980     
  0.27597349802115145     
  0.27502549939541909     
  0.27408045665309716     
  0.27313836183162710     
  0.27219920696256328     
  0.27126298407227295     
  0.27032968518261763     
  0.26939930231161802     
  0.26847182747410220     
  0.26754725268233825     
  0.26662556994664993     
  0.26570677127601783     
  0.26479084867866598     
  0.26387779416263168     
  0.26296759973632350     
  0.26206025740906291     
  0.26115575919161355     
  0.26025409709669706     
  0.25935526313949470     
  0.25845924933813741     
  0.25756604771418251     
  0.25667565029307865     
  0.25578804910461822     
  0.25490323618337846     
  0.25402120356915114     
  0.25314194330736123     
  0.25226544744947382     
  0.25139170805339189     
  0.25052071718384156     
  0.24965246691274950     
  0.24878694931960843     
  0.24792415649183391     
  0.24706408052511192     
  0.24620671352373574     
  0.24535204760093560     
  0.24450007487919778     
  0.24365078749057650     
  0.24280417757699596     
  0.24196023729054533     
  0.24111895879376510     
  0.24028033425992562     
  0.23944435587329754     
  0.23861101582941535     
  0.23778030633533337     
  0.23695221960987434     
  0.23612674788387111     
  0.23530388340040131     
  0.23448361841501586     
  0.23366594519596018     
  0.23285085602438932     
  0.23203834319457722     
  0.23122839901411929     
  0.23042101580412866     
  0.22961618589942839     
  0.22881390164873583     
  0.22801415541484243     
  0.22721693957478828     
  0.22642224652003107     
  0.22563006865660934     
  0.22484039840530196     
  0.22405322820178114     
  0.22326855049676197     
  0.22248635775614622     
  0.22170664246116178     
  0.22092939710849813     
  0.22015461421043631     
  0.21938228629497608     
  0.21861240590595737     
  0.21784496560317856     
  0.21707995796251062     
  0.21631737557600678     
  0.21555721105200915     
  0.21479945701525083     
  0.21404410610695535     
  0.21329115098493151     
  0.21254058432366513     
  0.21179239881440765     
  0.21104658716526131     
  0.21030314210126078     
  0.20956205636445158     
  0.20882332271396620     
  0.20808693392609623     
  0.20735288279436193     
  0.20662116212957904     
  0.20589176475992288     
  0.20516468353098899     
  0.20443991130585187     
  0.20371744096512062     
  0.20299726540699242     
  0.20227937754730330     
  0.20156377031957590     
  0.20085043667506597     
  0.20013936958280620     
  0.19943056202964671     
  0.19872400702029447     
  0.19801969757735066     
  0.19731762674134512     
  0.19661778757076920     
  0.19592017314210619     
  0.19522477654986076     
  0.19453159090658501     
  0.19384060934290431     
  0.19315182500753975     
  0.19246523106732988     
  0.19178082070724989     
  0.19109858713043038     
  0.19041852355817274     
  0.18974062322996421     
  0.18906487940349093     
  0.18839128535464938     
  0.18771983437755624     
  0.18705051978455750     
  0.18638333490623471     
  0.18571827309141148     
  0.18505532770715744     
  0.18439449213879133     
  0.18373575978988266     
  0.18307912408225224     
  0.18242457845597154     
  0.18177211636936025     
  0.18112173129898368     
  0.18047341673964817     
  0.17982716620439565     
  0.17918297322449733     
  0.17854083134944582     
  0.17790073414694696     
  0.17726267520290961     
  0.17662664812143575     
  0.17599264652480850     
  0.17536066405347950     
  0.17473069436605609     
  0.17410273113928648     
  0.17347676806804480     
  0.17285279886531507     
  0.17223081726217465     
  0.17161081700777625     
  0.17099279186932964     
  0.17037673563208272     
  0.16976264209930164     
  0.16915050509224983     
  0.16854031845016687     
  0.16793207603024679     
  0.16732577170761503     
  0.16672139937530533     
  0.16611895294423595     
  0.16551842634318492     
  0.16491981351876500     
  0.16432310843539794     
  0.16372830507528824     
  0.16313539743839650     
  0.16254437954241152     
  0.16195524542272333     
  0.16136798913239386     
  0.16078260474212902     
  0.16019908634024849     
  0.15961742803265672     
  0.15903762394281212     
  0.15845966821169666     
  0.15788355499778461     
  0.15730927847701109     
  0.15673683284274037     
  0.15616621230573347     
  0.15559741109411512     
  0.15503042345334117     
  0.15446524364616526     
  0.15390186595260469     
  0.15334028466990673     
  0.15278049411251393     
  0.15222248861202986     
  0.15166626251718357     
  0.15111181019379472     
  0.15055912602473781     
  0.15000820440990659     
  0.14945903976617758     
  0.14891162652737389     
  0.14836595914422884     
  0.14782203208434896     
  0.14727983983217646     
  0.14673937688895250     
  0.14620063777267983     
  0.14566361701808417     
  0.14512830917657726     
  0.14459470881621839     
  0.14406281052167558     
  0.14353260889418840     
  0.14300409855152785     
  0.14247727412795830     
  0.14195213027419862     
  0.14142866165738266     
  0.14090686296102040     
  0.14038672888495807     
  0.13986825414533899     
  0.13935143347456380     
  0.13883626162125062     
  0.13832273335019518     
  0.13781084344233074     
  0.13730058669468770     
  0.13679195792035403     
  0.13628495194843471     
  0.13577956362401078     
  0.13527578780809968     
  0.13477361937761390     
  0.13427305322532057     
  0.13377408425980097     
  0.13327670740540998     
  0.13278091760223387     
  0.13228670980605128     
  0.13179407898829076     
  0.13130302013599016     
  0.13081352825175596     
  0.13032559835372193     
  0.12983922547550719     
  0.12935440466617643     
  0.12887113099019765     
  0.12838939952740114     
  0.12790920537293815     
  0.12743054363723993     
  0.12695340944597633     
  0.12647779794001357     
  0.12600370427537400     
  0.12553112362319441     
  0.12506005116968444     
  0.12459048211608525     
  0.12412241167862825     
  0.12365583508849376     
  0.12319074759176940     
  0.12272714444940902     
  0.12226502093719083     
  0.12180437234567665     
  0.12136128149332004     
  0.12092383319662792     
  0.12048778129731730     
  0.12005312134642487     
  0.11961984890899524     
  0.11918795956404094     
  0.11875744890450091     
  0.11832831253720044     
  0.11790054608281053     
  0.11747414517580723     
  0.11704910546443015     
  0.11662542261064324     
  0.11620309229009440     
  0.11578211019207385     
  0.11536247201947503     
  0.11494417348875396     
  0.11452721032988900     
  0.11411157828634100     
  0.11369727311501299     
  0.11328429058621026     
  0.11287262648360030     
  0.11246227660417363     
  0.11205323675820333     
  0.11164550276920537     
  0.11123907047389980     
  0.11083393572217015     
  0.11043009437702456     
  0.11002754231455647     
  0.10962627542390457     
  0.10922628960721448     
  0.10882758077959931     
  0.10843014486910008     
  0.10803397781664725     
  0.10763907557602126     
  0.10724543411381460     
  0.10685304940939189     
  0.10646191745485212     
  0.10607203425498957     
  0.10568339582725506     
  0.10529599820171798     
  0.10490983742102844     
  0.10452490954037752     
  0.10414121062745985     
  0.10375873676243608     
  0.10337748403789415     
  0.10299744855881132     
  0.10261862644251663     
  0.10224101381865303     
  0.10187431075402609     
  0.10152823207838668     
  0.10118325832590047     
  0.10083938597229769     
  0.10049661150448996     
  0.10015493142053511     
   9.9814342229603836E-002
   9.9474840451945101E-002
   9.9136422618851139E-002
   9.8799085272624820E-002
   9.8462824966544793E-002
   9.8127638264831174E-002
   9.7793521742612910E-002
   9.7460471985892805E-002
   9.7128485591514990E-002
   9.6797559167130398E-002
   9.6467689331164119E-002
   9.6138872712780987E-002
   9.5811105951853603E-002
   9.5484385698928698E-002
   9.5158708615193155E-002
   9.4834071372441819E-002
   9.4510470653044298E-002
   9.4187903149912655E-002
   9.3866365566467769E-002
   9.3545854616607582E-002
   9.3226367024673573E-002
   9.2907899525419224E-002
   9.2590448863976715E-002
   9.2274011795825395E-002
   9.1958585086759248E-002
   9.1644165512854703E-002
   9.1330749860438654E-002
   9.1018334926056377E-002
   9.0706917516439889E-002
   9.0396494448476306E-002
   9.0087062549175645E-002
   8.9778618655639297E-002
   8.9471159615029272E-002
   8.9164682284536112E-002
   8.8859183531347252E-002
   8.8554660232616600E-002
   8.8251109275433004E-002
   8.7948527556788947E-002
   8.7646911983549680E-002
   8.7346259472423249E-002
   8.7046566949927962E-002
   8.6747831352363081E-002
   8.6450049625777181E-002
   8.6153218725938840E-002
   8.5857335618304775E-002
   8.5562397277990865E-002
   8.5268400689740620E-002
   8.4975342847895541E-002
   8.4683220756365363E-002
   8.4392031428597525E-002
   8.4101771887547305E-002
   8.3812439165648067E-002
   8.3524030304781727E-002
   8.3236542356248444E-002
   8.2949972380737869E-002
   8.2664317448298941E-002
   8.2379574638310582E-002
   8.2095741039452941E-002
   8.1812813749677415E-002
   8.1530789876178011E-002
   8.1249666535361587E-002
   8.0969440852819874E-002
   8.0690109963299950E-002
   8.0411671010675145E-002
   8.0134121147917070E-002
   7.9857457537066301E-002
   7.9581677349204183E-002
   7.9306777764424408E-002
   7.9032755971803814E-002
   7.8759609169375522E-002
   7.8487334564099509E-002
   7.8215929371834747E-002
   7.7945390817311555E-002
   7.7675716134102624E-002
   7.7406902564596591E-002
   7.7138947359969290E-002
   7.6871847780155766E-002
   7.6605601093823306E-002
   7.6340204578343562E-002
   7.6075655519764918E-002
   7.5811951212785722E-002
   7.5549088960726207E-002
   7.5287066075501619E-002
   7.5025879877595014E-002
   7.4765527696030176E-002
   7.4506006868344743E-002
   7.4247314740563120E-002
   7.3989448667169722E-002
   7.3732406011082330E-002
   7.3476184143625112E-002
   7.3220780444502420E-002
   7.2966192301772148E-002
   7.2712417111818861E-002
   7.2459452279328485E-002
   7.2207295217261325E-002
   7.1955943346825424E-002
   7.1705394097451358E-002
   7.1455644906765925E-002
   7.1206693220565942E-002
   7.0958536492792823E-002
   7.0711172185506044E-002
   7.0464597768858606E-002
   7.0218810721069835E-002
   6.9973808528401182E-002
   6.9729588685130683E-002
   6.9486148693526317E-002
   6.9243486063822135E-002
   6.9001598314191837E-002
   6.8760482970724568E-002
   6.8520137567399053E-002
   6.8280559646059169E-002
   6.8041746756388966E-002
   6.7803696455887130E-002
   6.7566406309843230E-002
   6.7329873891311953E-002
   6.7094096781089130E-002
   6.6859072567687194E-002
   6.6624798847310207E-002
   6.6391273223830427E-002
   6.6158493308762334E-002
   6.5926456721240312E-002
   6.5695161087993115E-002
   6.5464604043320329E-002
   6.5234783229067728E-002
   6.5005696294604176E-002
   6.4777340896797653E-002
   6.4549714699990379E-002
   6.4322815375976172E-002
   6.4096640603976573E-002
   6.3871188070617313E-002
   6.3646455469903884E-002
   6.3422440503199562E-002
   6.3199140879200755E-002
   6.2976554313914468E-002
   6.2754678530635100E-002
   6.2533511259920460E-002
   6.2313050239569789E-002
   6.2093293214599998E-002
   6.1874237937223242E-002
   6.1655882166823051E-002
   6.1438223669932901E-002
   6.1221260220212792E-002
   6.1004989598426151E-002
   6.0789409592418409E-002
   6.0574517997093236E-002
   6.0360312614391121E-002
   6.0146791253266163E-002
   5.9933951729664536E-002
   5.9721791866501284E-002
   5.9510309493639113E-002
   5.9299502447866193E-002
   5.9089368572873391E-002
   5.8879905719233072E-002
   5.8671111744376780E-002
   5.8462984512573479E-002
   5.8255521894907902E-002
   5.8048721769259015E-002
   5.7842582020278033E-002
   5.7637100539367214E-002
   5.7432275224657992E-002
   5.7228103980990097E-002
   5.7024584719889693E-002
   5.6821715359548275E-002
   5.6619493824801470E-002
   5.6417918047108162E-002
   5.6216985964528843E-002
   5.6016695521704851E-002
   5.5817044669838056E-002
   5.5618031366668652E-002
   5.5419782604593459E-002
   5.5224016666791331E-002
   5.5028875872435878E-002
   5.4834358225387181E-002
   5.4640461735877000E-002
   5.4447184420488015E-002
   5.4254524302133511E-002
   5.4062479410037390E-002
   5.3871047779714076E-002
   5.3680227452948204E-002
   5.3490016477775515E-002
   5.3300412908461436E-002
   5.3111414805483204E-002
   5.2923020235507767E-002
   5.2735227271374030E-002
   5.2548033992072640E-002
   5.2361438482725786E-002
   5.2175438834568322E-002
   5.1990033144927450E-002
   5.1805219517204848E-002
   5.1620996060855684E-002
   5.1437360891370298E-002
   5.1254312130254776E-002
   5.1071847905011181E-002
   5.0889966349119908E-002
   5.0708665602018810E-002
   5.0527943809085207E-002
   5.0347799121617354E-002
   5.0168229696814781E-002
   4.9989233697759539E-002
   4.9810809293397762E-002
   4.9632954658521244E-002
   4.9455667973748008E-002
   4.9278947425504538E-002
   4.9102791206006469E-002
   4.8927197513240706E-002
   4.8752164550947330E-002
   4.8577690528600392E-002
   4.8403773661389926E-002
   4.8230412170204184E-002
   4.8057604281611210E-002
   4.7885348227840074E-002
   4.7713642246764110E-002
   4.7542484581881927E-002
   4.7371873482299764E-002
   4.7201807202713497E-002
   4.7032284003391100E-002
   4.6863302150154773E-002
   4.6694859914362841E-002
   4.6526955572893103E-002
   4.6359587408123737E-002
   4.6192753707916645E-002
   4.6026452765600800E-002
   4.5860682879953041E-002
   4.5695442355182192E-002
   4.5530729500910194E-002
   4.5366542632156559E-002
   4.5202880069320606E-002
   4.5039740138163142E-002
   4.4877121169790590E-002
   4.4715021500638219E-002
   4.4553439472451828E-002
   4.4392373432271870E-002
   4.4231821732416354E-002
   4.4071782730463527E-002
   4.3912254789235550E-002
   4.3753236276782181E-002
   4.3594725566363013E-002
   4.3436721036431702E-002
   4.3279221070618989E-002
   4.3122224057716374E-002
   4.2965728391659574E-002
   4.2809732471512318E-002
   4.2654234701449578E-002
   4.2499233490741584E-002
   4.2344727253737724E-002
   4.2190714409849783E-002
   4.2037193383536287E-002
   4.1884162604286068E-002
   4.1731620506602729E-002
   4.1579565529987983E-002
   4.1427996118926114E-002
   4.1276910722867433E-002
   4.1126307796214290E-002
   4.0976185798302867E-002
   4.0826543193388631E-002
   4.0677378450630908E-002
   4.0528690044076665E-002
   4.0380476452645198E-002
   4.0232736160112692E-002
   4.0085467655095908E-002
   3.9938669431038187E-002
   3.9792339986192471E-002
   3.9646477823607418E-002
   3.9501081451110864E-002
   3.9356149381294947E-002
   3.9211680131501669E-002
   3.9067672223806915E-002
   3.8924124185005238E-002
   3.8781034546595317E-002
   3.8638401844765191E-002
   3.8496224620376274E-002
   3.8354501418949360E-002
   3.8213230790648645E-002
   3.8072411290268615E-002
   3.7932041477218181E-002
   3.7792119915505795E-002
   3.7652645173725130E-002
   3.7513615825040758E-002
   3.7375030447172497E-002
   3.7236887622382087E-002
   3.7099185937458312E-002
   3.6961923983702127E-002
   3.6825100356912555E-002
   3.6688713657372474E-002
   3.6552762489833635E-002
   3.6417245463503889E-002
   3.6282161192031315E-002
   3.6147508293490782E-002
   3.6013285390370076E-002
   3.5879491109555017E-002
   3.5746124082316255E-002
   3.5613182944295052E-002
   3.5480666335488964E-002
   3.5348572900237962E-002
   3.5216901287211777E-002
   3.5085650149393799E-002
   3.4954818144069422E-002
   3.4824403932811276E-002
   3.4694406181465687E-002
   3.4564823560139013E-002
   3.4435654743184663E-002
   3.4306898409188546E-002
   3.4178553240956200E-002
   3.4050617925499127E-002
   3.3923091154021257E-002
   3.3795971621906062E-002
   3.3669258028702465E-002
   3.3542949078112061E-002
   3.3417043477975805E-002
   3.3291539940260906E-002
   3.3166437181046948E-002
   3.3041733920513905E-002
   3.2917428882928146E-002
   3.2793520796629561E-002
   3.2670008394018679E-002
   3.2546890411544238E-002
   3.2424165589689080E-002
   3.2301832672958386E-002
   3.2179890409866019E-002
   3.2058337552922200E-002
   3.1937172858620522E-002
   3.1816395087425620E-002
   3.1696003003759965E-002
   3.1575995375991872E-002
   3.1456370976421844E-002
   3.1337128581271356E-002
   3.1218266970669428E-002
   3.1099784928640073E-002
   3.0981681243090642E-002
   3.0863954705798502E-002
   3.0746604112399489E-002
   3.0629628262375030E-002
   3.0513025959040596E-002
   3.0396796009532157E-002
   3.0280937224795412E-002
   3.0165448419572582E-002
   3.0050328412391192E-002
   2.9935576025550636E-002
   2.9821190085111859E-002
   2.9707169420884028E-002
   2.9593512866413096E-002
   2.9480219258969931E-002
   2.9367287439537870E-002
   2.9254716252801516E-002
   2.9142504547134851E-002
   2.9030651174589250E-002
   2.8919154990881490E-002
   2.8808014855382535E-002
   2.8697229631105881E-002
   2.8586798184695228E-002
   2.8476719386413718E-002
   2.8366992110131939E-002
   2.8257615233316602E-002
   2.8148587637018885E-002
   2.8039908205862996E-002
   2.7931575828034849E-002
   2.7823589395270742E-002
   2.7715947802846586E-002
   2.7608649949564357E-002
   2.7501694737743998E-002
   2.7395081073209981E-002
   2.7288807865281095E-002
   2.7182874026758563E-002
   2.7077278473915611E-002
   2.6972020126486473E-002
   2.6867097907653847E-002
   2.6762510744039902E-002
   2.6658257565694621E-002
   2.6554337306084030E-002
   2.6450748902080212E-002
   2.6347491293949754E-002
   2.6244563425343759E-002
   2.6141964243286298E-002
   2.6039692698164196E-002
   2.5937747743715822E-002
   2.5836128337020203E-002
   2.5734833438487259E-002
   2.5633862011846142E-002
   2.5533213024135470E-002
   2.5432885445692666E-002
   2.5332878250142743E-002
   2.5233190414387874E-002
   2.5133820918598393E-002
   2.5034768746200253E-002
   2.4936032883866255E-002
   2.4837612321504388E-002
   2.4739506052248950E-002
   2.4641713072449334E-002
   2.4544232381659259E-002
   2.4447062982627665E-002
   2.4350203881288168E-002
   2.4253654086748622E-002
   2.4157412611280571E-002
   2.4061478470310593E-002
   2.3965850682408973E-002
   2.3870528269279601E-002
   2.3775510255750532E-002
   2.3680795669764332E-002
   2.3586383542367306E-002
   2.3492272907699618E-002
   2.3398462802986630E-002
   2.3304952268527135E-002
   2.3211740347684917E-002
   2.3118826086879096E-002
   2.3026208535573467E-002
   2.2933886746266952E-002
   2.2841859774484496E-002
   2.2750126678767080E-002
   2.2658686520662052E-002
   2.2567538364713036E-002
   2.2476681278451593E-002
   2.2386114332386575E-002
   2.2295836599995122E-002
   2.2205847157713121E-002
   2.2116145084925543E-002
   2.2026729463957340E-002
   2.1937599380063566E-002
   2.1848753921420716E-002
   2.1760192179117177E-002
   2.1671913247143237E-002
   2.1583916222382760E-002
   2.1496200204603522E-002
   2.1408764296447891E-002
   2.1321607603424053E-002
   2.1234729233896577E-002
   2.1148128299076974E-002
   2.1061803913015265E-002
   2.0975755192590428E-002
   2.0889981257501966E-002
   2.0804481230259797E-002
   2.0719254236176377E-002
   2.0634299403357259E-002
   2.0549615862692661E-002
   2.0465202747847133E-002
   2.0381059195252793E-002
   2.0297184344098773E-002
   2.0213577336323563E-002
   2.0130237316605459E-002
   2.0047163432353687E-002
   1.9964354833700737E-002
   1.9881810673492817E-002
   1.9799530107281638E-002
   1.9717512293314643E-002
   1.9635756392528347E-002
   1.9554261568537568E-002
   1.9473026987629316E-002
   1.9392051818752032E-002
   1.9311335233507920E-002
   1.9230876406145403E-002
   1.9150674513548571E-002
   1.9070728735230968E-002
   1.8991038253325820E-002
   1.8911602252578708E-002
   1.8832419920337351E-002
   1.8753490446546062E-002
   1.8674813023734305E-002
   1.8596386847011481E-002
   1.8518211114056826E-002
   1.8440285025111303E-002
   1.8362607782970497E-002
   1.8285178592974849E-002
   1.8207996663003101E-002
   1.8131061203463639E-002
   1.8054371427285498E-002
   1.7977926549912038E-002
   1.7901725789291167E-002
   1.7825768365868577E-002
   1.7750053502579188E-002
   1.7674580424839714E-002
   1.7599348360540001E-002
   1.7524356540035813E-002
   1.7449604196140278E-002
   1.7375090564116791E-002
   1.7300814881670679E-002
   1.7226776388941212E-002
   1.7152974328495052E-002
   1.7079407945316594E-002
   1.7006076486801747E-002
   1.6932979202749943E-002
   1.6860115345355919E-002
   1.6787484169202838E-002
   1.6715084931253843E-002
   1.6642916890844850E-002
   1.6570979309676881E-002
   1.6499271451809072E-002
   1.6427792583650458E-002
   1.6356541973952865E-002
   1.6285518893802586E-002
   1.6214722616614607E-002
   1.6144152418123170E-002
   1.6073807576376220E-002
   1.6003687371726527E-002
   1.5933791086825355E-002
   1.5864118006614025E-002
   1.5794667418318253E-002
   1.5725438611439491E-002
   1.5656430877747929E-002
   1.5587643511275284E-002
   1.5519075808308025E-002
   1.5450727067379710E-002
   1.5382596589263886E-002
   1.5314683676967200E-002
   1.5246987635721521E-002
   1.5179507772977940E-002
   1.5112243398398673E-002
   1.5045193823850722E-002
   1.4978358363398447E-002
   1.4911736333296788E-002
   1.4845327051983714E-002
   1.4779129840074123E-002
   1.4713144020352287E-002
   1.4647368917764969E-002
   1.4581803859414322E-002
   1.4516448174552443E-002
   1.4451301194571942E-002
   1.4386362253001717E-002
   1.4321630685497855E-002
   1.4257105829838745E-002
   1.4192787025917197E-002
   1.4128673615734333E-002
   1.4064764943392039E-002
   1.4001060355086747E-002
   1.3937559199102889E-002
   1.3874260825805895E-002
   1.3811164587636315E-002
   1.3748269839101601E-002
   1.3685575936771333E-002
   1.3623082239269335E-002
   1.3560788107267907E-002
   1.3498692903480602E-002
   1.3436795992656125E-002
   1.3375096741572001E-002
   1.3313594519027694E-002
   1.3252288695838499E-002
   1.3191178644828772E-002
   1.3130263740825709E-002
   1.3069543360652580E-002
   1.3009016883123170E-002
   1.2948683689035012E-002
   1.2888543161162502E-002
   1.2828594684251127E-002
   1.2768837645011466E-002
   1.2709271432112534E-002
   1.2649895436175229E-002
   1.2590709049766224E-002
   1.2531711667392531E-002
   1.2472902685494613E-002
   1.2414281502440061E-002
   1.2355847518517593E-002
   1.2297600135931619E-002
   1.2239538758795021E-002
   1.2181662793123826E-002
   1.2123971646830545E-002
   1.2066464729718618E-002
   1.2009141453476313E-002
   1.1952001231670506E-002
   1.1895043479740797E-002
   1.1838267614993403E-002
   1.1781673056595166E-002
   1.1725259225568330E-002
   1.1669025544783440E-002
   1.1612971438954123E-002
   1.1557096334631312E-002
   1.1501399660197031E-002
   1.1445880845858736E-002
   1.1390539323643312E-002
   1.1335374527391529E-002
   1.1280385892752154E-002
   1.1225572857175958E-002
   1.1170934859910386E-002
   1.1116471341993339E-002
   1.1062181746247846E-002
   1.1008065517275845E-002
   1.0954122101453523E-002
   1.0900350946924542E-002
   1.0846751503594931E-002
   1.0793323223127316E-002
   1.0740065558935141E-002
   1.0686977966178013E-002
   1.0634059901754589E-002
   1.0581310824298584E-002
   1.0528730194171776E-002
   1.0476317473459784E-002
   1.0424072125965855E-002
   1.0371993617205533E-002
   1.0320081414400550E-002
   1.0268334986474725E-002
   1.0216753804047851E-002
   1.0165337339429814E-002
   1.0114085066615819E-002
   1.0062996461280393E-002
   1.0012071000773060E-002
   9.9613081641118928E-003
   9.9107074319790822E-003
   9.8602682867143798E-003
   9.8099902123119920E-003
   9.7598726944122527E-003
   9.7099152202995143E-003
   9.6601172788943757E-003
   9.6104783607501298E-003
   9.5609979580465465E-003
   9.5116755645853202E-003
   9.4625106757845190E-003
   9.4135027886733669E-003
   9.3646514018873583E-003
   9.3159560156632626E-003
   9.2674161318334614E-003
   9.2190312538216190E-003
   9.1708008866364654E-003
   9.1227245368680210E-003
   9.0748017126814906E-003
   9.0270319238129337E-003
   8.9794146815641573E-003
   8.9319494987971648E-003
   8.8846358899298261E-003
   8.8374733709305486E-003
   8.7904614593139474E-003
   8.7435996741341837E-003
   8.6968875359828557E-003
   8.6503245669808937E-003
   8.6039102907763398E-003
   8.5576442325380198E-003
   8.5115259189513237E-003
   8.4655548782128776E-003
   8.4197306400258798E-003
   8.3740527355952166E-003
   8.3285206976235759E-003
   8.2831340603051196E-003
   8.2378923593218190E-003
   8.1927951318383485E-003
   8.1478419164973115E-003
   8.1030322534149102E-003
   8.0583656841752838E-003
   8.0138417518268446E-003
   7.9694600008775041E-003
   7.9252199772893439E-003
   7.8811212284745080E-003
   7.8371633032906507E-003
   7.7933457520352745E-003
   7.7496681264426215E-003
   7.7061299796783445E-003
   7.6627308663349547E-003
   7.6194703424272703E-003
   7.5763479653879751E-003
   7.5333632940630668E-003
   7.4905158887069723E-003
   7.4478053109791054E-003
   7.4052311239379831E-003
   7.3627928920374508E-003
   7.3204901811226852E-003
   7.2783225584247546E-003
   7.2362895925573989E-003
   7.1943908535115897E-003
   7.1526259126508673E-003
   7.1109943427084543E-003
   7.1565371107473741E-003
   7.2039373891776837E-003
   7.2511863009704358E-003
   7.2982843294953081E-003
   7.3452319565786572E-003
   7.3920296625079596E-003
   7.4386779260365854E-003
   7.4851772243897940E-003
   7.5315280332681755E-003
   7.5777308268539789E-003
   7.6237860778144428E-003
   7.6696942573080129E-003
   7.7154558349882274E-003
   7.7610712790090464E-003
   7.8065410560291815E-003
   7.8518656312170920E-003
   7.8970454682564251E-003
   7.9420810293493460E-003
   7.9869727752220898E-003
   8.0317211651305120E-003
   8.0763266568627534E-003
   8.1207897067462342E-003
   8.1651107696497638E-003
   8.2092902989905348E-003
   8.2533287467377869E-003
   8.2972265634172482E-003
   8.3409841981156863E-003
   8.3846020984862379E-003
   8.4280807107524058E-003
   8.4714204797123882E-003
   8.5146218487446301E-003
   8.5576852598110431E-003
   8.6006111534624452E-003
   8.6433999688431129E-003
   8.6860521436945559E-003
   8.7285681143606242E-003
   8.7709483157915047E-003
   8.8131931815487174E-003
   8.8553031438092233E-003
   8.8972786333699760E-003
   8.9391200796515857E-003
   8.9808279107044253E-003
   9.0224025532109620E-003
   9.0638444324918632E-003
   9.1051539725086617E-003
   9.1463315958701941E-003
   9.1873777238349330E-003
   9.2282927763165379E-003
   9.2690771718874077E-003
   9.3097313277832328E-003
   9.3502556599078801E-003
   9.3906505828365017E-003
   9.4309165098205305E-003
   9.4710538527918997E-003
   9.5110630223667059E-003
   9.5509444278506495E-003
   9.5906984772408110E-003
   9.6303255772332008E-003
   9.6698261332238689E-003
   9.7092005493146782E-003
   9.7484492283169688E-003
   9.7875725717559980E-003
   9.8265709798746048E-003
   9.8654448516372062E-003
   9.9041945847347934E-003
   9.9428205755880406E-003
   9.9813232193516344E-003
   1.0019702909918382E-002
   1.0057960039923652E-002
   1.0096095000748595E-002
   1.0134108182524582E-002
   1.0171999974137091E-002
   1.0209770763229931E-002
   1.0247420936208784E-002
   1.0284950878245880E-002
   1.0322360973282985E-002
   1.0359651604036402E-002
   1.0396823151998857E-002
   1.0433875997446052E-002
   1.0470810519439544E-002
   1.0507627095829863E-002
   1.0544326103260393E-002
   1.0580907917173032E-002
   1.0617372911809864E-002
   1.0653721460217591E-002
   1.0689953934252538E-002
   1.0726070704583313E-002
   1.0762072140694356E-002
   1.0797958610890834E-002
   1.0833730482301296E-002
   1.0869388120882006E-002
   1.0904931891420833E-002
   1.0940362157540351E-002
   1.0975679281702400E-002
   1.1010883625211298E-002
   1.1045975548217069E-002
   1.1080955409720206E-002
   1.1115823567574568E-002
   1.1150580378491370E-002
   1.1185226198042186E-002
   1.1219761380663829E-002
   1.1254186279661016E-002
   1.1288501247210148E-002
   1.1322706634362856E-002
   1.1356802791050113E-002
   1.1390790066085343E-002
   1.1424668807167415E-002
   1.1458439360885864E-002
   1.1492102072722776E-002
   1.1525657287057678E-002
   1.1559105347169640E-002
   1.1592446595241723E-002
   1.1625681372364194E-002
   1.1658810018538301E-002
   1.1691832872679386E-002
   1.1724750272620765E-002
   1.1757562555116730E-002
   1.1790270055845986E-002
   1.1822873109415655E-002
   1.1855372049364155E-002
   1.1887767208164757E-002
   1.1920058917229137E-002
   1.1952247506910707E-002
   1.1984333306507722E-002
   1.2016316644267167E-002
   1.2048197847387199E-002
   1.2079977242021922E-002
   1.2111655153283274E-002
   1.2143231905245577E-002
   1.2174707820947650E-002
   1.2206083222396802E-002
   1.2237358430572609E-002
   1.2268533765429246E-002
   1.2299609545899037E-002
   1.2330586089896234E-002
   1.2361463714319454E-002
   1.2392242735055681E-002
   1.2422923466982816E-002
   1.2453506223973454E-002
   1.2483991318897880E-002
   1.2514379063627068E-002
   1.2544669769036565E-002
   1.2574863745008380E-002
   1.2604961300435868E-002
   1.2634962743225286E-002
   1.2664868380299898E-002
   1.2694678517602975E-002
   1.2724393460100569E-002
   1.2754013511785067E-002
   1.2783538975677633E-002
   1.2812970153831982E-002
   1.2842307347337933E-002
   1.2871550856322966E-002
   1.2900700979956548E-002
   1.2929758016452686E-002
   1.2958722263072819E-002
   1.2987594016129700E-002
   1.3016373570989281E-002
   1.3045061222074716E-002
   1.3073657262868688E-002
   1.3102161985916627E-002
   1.3130575682830159E-002
   1.3158898644289319E-002
   1.3187131160046106E-002
   1.3215273518927040E-002
   1.3243326008836487E-002
   1.3271288916759105E-002
   1.3299162528763508E-002
   1.3326947130004707E-002
   1.3354643004726885E-002
   1.3382250436266840E-002
   1.3409769707056318E-002
   1.3437201098625118E-002
   1.3464544891604091E-002
   1.3491801365728029E-002
   1.3518970799838659E-002
   1.3546053471886643E-002
   1.3573049658935465E-002
   1.3599959637163539E-002
   1.3626783681867982E-002
   1.3653522067466395E-002
   1.3680175067499412E-002
   1.3706742954635143E-002
   1.3733226000670395E-002
   1.3759624476534338E-002
   1.3785938652291052E-002
   1.3812168797141533E-002
   1.3838315179428018E-002
   1.3864378066635208E-002
   1.3890357725393820E-002
   1.3916254421482921E-002
   1.3942068419833253E-002
   1.3967799984529239E-002
   1.3993449378812195E-002
   1.4019016865082334E-002
   1.4044502704902762E-002
   1.4069907159000361E-002
   1.4095230487270016E-002
   1.4120472948776719E-002
   1.4145634801757900E-002
   1.4170716303626207E-002
   1.4195717710972611E-002
   1.4220639279568625E-002
   1.4245481264368864E-002
   1.4270243919513814E-002
   1.4294927498332943E-002
   1.4319532253345701E-002
   1.4344058436265850E-002
   1.4368506298002681E-002
   1.4392876088665463E-002
   1.4417168057563656E-002
   1.4441382453211360E-002
   1.4465519523328307E-002
   1.4489579514843642E-002
   1.4513562673897695E-002
   1.4537469245845092E-002
   1.4561299475256861E-002
   1.4585053605923215E-002
   1.4608731880855208E-002
   1.4632334542288739E-002
   1.4655861831685324E-002
   1.4679313989735765E-002
   1.4702691256362366E-002
   1.4725993870721377E-002
   1.4749222071204882E-002
   1.4772376095444240E-002
   1.4795456180311195E-002
   1.4818462561921764E-002
   1.4841395475637786E-002
   1.4864255156069484E-002
   1.4887041837077786E-002
   1.4909755751776776E-002
   1.4932397132536468E-002
   1.4954966210984244E-002
   1.4977463218008413E-002
   1.4999888383759652E-002
   1.5022241937653669E-002
   1.5044524108373647E-002
   1.5066735123872688E-002
   1.5088875211375585E-002
   1.5110944597381937E-002
   1.5132943507667140E-002
   1.5154872167287059E-002
   1.5176730800577576E-002
   1.5198519631158591E-002
   1.5220238881936354E-002
   1.5241888775105017E-002
   1.5263469532148966E-002
   1.5284981373845485E-002
   1.5306424520266315E-002
   1.5327799190781533E-002
   1.5349105604059776E-002
   1.5370343978071799E-002
   1.5391514530092021E-002
   1.5412617476701418E-002
   1.5433653033788852E-002
   1.5454621416553960E-002
   1.5475522839509481E-002
   1.5496357516482706E-002
   1.5517125660618247E-002
   1.5537827484380373E-002
   1.5558463199554229E-002
   1.5579033017249055E-002
   1.5599537147900078E-002
   1.5619975801270281E-002
   1.5640349186452962E-002
   1.5660657511873288E-002
   1.5680900985291624E-002
   1.5701079813804197E-002
   1.5721194203845990E-002
   1.5741244361193174E-002
   1.5761230490964007E-002
   1.5781152797622822E-002
   1.5801011484980143E-002
   1.5820806756196126E-002
   1.5840538813782112E-002
   1.5860207859602293E-002
   1.5879814094876710E-002
   1.5899357720182583E-002
   1.5918838935456980E-002
   1.5938257939998257E-002
   1.5957614932467501E-002
   1.5976910110893305E-002
   1.5996143672670216E-002
   1.6015315814563280E-002
   1.6034426732708718E-002
   1.6053476622616580E-002
   1.6072465679172865E-002
   1.6091394096640843E-002
   1.6110262068663617E-002
   1.6129069788265782E-002
   1.6147817447855872E-002
   1.6166505239227358E-002
   1.6185133353561754E-002
   1.6203701981430174E-002
   1.6222211312794776E-002
   1.6240661537011314E-002
   1.6259052842830579E-002
   1.6277385418401180E-002
   1.6295659451270206E-002
   1.6313875128386335E-002
   1.6332032636101279E-002
   1.6350132160171005E-002
   1.6368173885759063E-002
   1.6386157997437367E-002
   1.6404084679188413E-002
   1.6421954114407056E-002
   1.6439766485903062E-002
   1.6457521975902112E-002
   1.6475220766047349E-002
   1.6492863037402716E-002
   1.6510448970453506E-002
   1.6527978745109029E-002
   1.6545452540703720E-002
   1.6562870535999141E-002
   1.6580232909186754E-002
   1.6597539837888253E-002
   1.6614791499158454E-002
   1.6631988069487069E-002
   1.6649129724799483E-002
   1.6666216640459530E-002
   1.6683248991271715E-002
   1.6700226951481434E-002
   1.6717150694778193E-002
   1.6734020394296500E-002
   1.6750836222618193E-002
   1.6767598351773882E-002
   1.6784306953245398E-002
   1.6800962197965785E-002
   1.6817564256322859E-002
   1.6834113298161091E-002
   1.6850609492781388E-002
   1.6867053008944421E-002
   1.6883444014872184E-002
   1.6899782678249209E-002
   1.6916069166224568E-002
   1.6932303645413649E-002
   1.6948486281900044E-002
   1.6964617241236657E-002
   1.6980696688447372E-002
   1.6996724788029716E-002
   1.7012701703955857E-002
   1.7028627599673940E-002
   1.7044502638110415E-002
   1.7060326981671259E-002
   1.7076100792244309E-002
   1.7091824231199815E-002
   1.7107497459393328E-002
   1.7123120637165923E-002
   1.7138693924347637E-002
   1.7154217480257139E-002
   1.7169691463705061E-002
   1.7185116032994774E-002
   1.7200491345923719E-002
   1.7215817559785851E-002
   1.7231094831372529E-002
   1.7246323316974399E-002
   1.7261503172383286E-002
   1.7276634552893855E-002
   1.7291717613304058E-002
   1.7306752507917689E-002
   1.7321739390546265E-002
   1.7336678414509810E-002
   1.7351569732638628E-002
   1.7366413497275190E-002
   1.7381209860275360E-002
   1.7395958973009717E-002
   1.7410660986366344E-002
   1.7425316050751150E-002
   1.7439924316089206E-002
   1.7454485931827302E-002
   1.7469001046934829E-002
   1.7483469809905672E-002
   1.7497892368759316E-002
   1.7512268871042402E-002
   1.7526599463830950E-002
   1.7540884293730796E-002
   1.7555123506879822E-002
   1.7569317248949168E-002
   1.7583465665144904E-002
   1.7597568900209137E-002
   1.7611627098422233E-002
   1.7625640403603149E-002
   1.7639608959112318E-002
   1.7653532907851877E-002
   1.7667412392267767E-002
   1.7681247554350965E-002
   1.7695038535639362E-002
   1.7708785477218103E-002
   1.7722488519722690E-002
   1.7736147803339319E-002
   1.7749763467805768E-002
   1.7763335652414391E-002
   1.7776864496012457E-002
   1.7790350137003585E-002
   1.7803792713350308E-002
   1.7817192362573619E-002
   1.7830549221755643E-002
   1.7843863427540851E-002
   1.7857135116137179E-002
   1.7870364423318130E-002
   1.7883551484423110E-002
   1.7896696434359649E-002
   1.7909799407603844E-002
   1.7922860538203023E-002
   1.7935879959776413E-002
   1.7948857805516361E-002
   1.7961794208189774E-002
   1.7974689300139679E-002
   1.7987543213286550E-002
   1.8000356079129753E-002
   1.8013128028748326E-002
   1.8025859192802862E-002
   1.8038549701536843E-002
   1.8051199684777530E-002
   1.8063809271938402E-002
   1.8076378592018605E-002
   1.8088907773606056E-002
   1.8101396944877890E-002
   1.8113846233601794E-002
   1.8126255767137001E-002
   1.8138625672437292E-002
   1.8150956076050107E-002
   1.8163247104118430E-002
   1.8175498882383678E-002
   1.8187711536184592E-002
   1.8199885190460341E-002
   1.8212019969750748E-002
   1.8224115998197621E-002
   1.8236173399547306E-002
   1.8248192297150356E-002
   1.8260172813963083E-002
   1.8272115072549888E-002
   1.8284019195083490E-002
   1.8295885303346249E-002
   1.8307713518732061E-002
   1.8319503962246686E-002
   1.8331256754509528E-002
   1.8342972015755521E-002
   1.8354649865834571E-002
   1.8366290424214560E-002
   1.8377893809981782E-002
   1.8389460141842062E-002
   1.8400989538122081E-002
   1.8412482116771267E-002
   1.8423937995361461E-002
   1.8435357291090027E-002
   1.8446740120779404E-002
   1.8458086600878998E-002
   1.8469396847466513E-002
   1.8480670976248836E-002
   1.8491909102563930E-002
   1.8503111341380718E-002
   1.8514277807301527E-002
   1.8525408614562200E-002
   1.8536503877033872E-002
   1.8547563708224524E-002
   1.8558588221279315E-002
   1.8569577528981918E-002
   1.8580531743756512E-002
   1.8591450977667567E-002
   1.8602335342421727E-002
   1.8613184949369366E-002
   1.8623999909504918E-002
   1.8634780333468548E-002
   1.8645526331547035E-002
   1.8656238013674886E-002
   1.8666915489435665E-002
   1.8677558868062882E-002
   1.8688168258441440E-002
   1.8698743769108517E-002
   1.8709285508254347E-002
   1.8719793583724109E-002
   1.8730268103018255E-002
   1.8740709173294068E-002
   1.8751116901366549E-002
   1.8761491393710084E-002
   1.8771832756458107E-002
   1.8782141095405991E-002
   1.8792416516011046E-002
   1.8802659123393517E-002
   1.8812869022338585E-002
   1.8823046317295922E-002
   1.8833191112382353E-002
   1.8843303511381970E-002
   1.8853383617747355E-002
   1.8863431534601238E-002
   1.8873447364736062E-002
   1.8883431210617085E-002
