   1.3152681402708837     
   1.3114288320357206     
   1.3068216326554400     
   1.3018486516095371     
   1.2966216924910554     
   1.2912136601233064     
   1.2856757566607429     
   1.2800455058583429     
   1.2743512498542144     
   1.2686148768616745     
   1.2628535774744607     
   1.2582334139230802     
   1.2536686913081556     
   1.2500361589645990     
   1.2466059274227834     
   1.2431312045551346     
   1.2396188863010733     
   1.2360751164971044     
   1.2325053778587109     
   1.2289145695135291     
   1.2253070735293243     
   1.2216868123458091     
   1.2180572986237641     
   1.2144216787263935     
   1.2107827708186898     
   1.2071430983919591     
   1.2035049198795116     
   1.1998702549165459     
   1.1962409077058715     
   1.1926184878764956     
   1.1890044291607420     
   1.1854000061648655     
   1.1818063494660322     
   1.1782244592335673     
   1.1746552175432359     
   1.1710993995290526     
   1.1675576834968919     
   1.1640306601072876     
   1.1605188407207276     
   1.1570226649869599     
   1.1535425077499506     
   1.1500786853318201     
   1.1466314612520641     
   1.1432010514323911     
   1.1397876289324180     
   1.1363913282570559     
   1.1330122492726138     
   1.1296504607653035     
   1.1263060036728811     
   1.1229788940175414     
   1.1196691255658247     
   1.1163766722391837     
   1.1131014902969165     
   1.1098435203114281     
   1.1066026889541534     
   1.1033789106090028     
   1.1001720888288153     
   1.0969821176490360     
   1.0938088827716714     
   1.0906522626314841     
   1.0875121293553840     
   1.0843883496250495     
   1.0812807854519413     
   1.0781892948730845     
   1.0751137325752520     
   1.0720539504545079     
   1.0690097981174398     
   1.0659811233298373     
   1.0629677724180382     
   1.0599716430947606     
   1.0569964847205746     
   1.0540359812409754     
   1.0510899798170907     
   1.0481583275710085     
   1.0452408717911830     
   1.0423374601151005     
   1.0394479406915660     
   1.0365721623247544     
   1.0337099746019351     
   1.0308612280065963     
   1.0280257740185108     
   1.0252034652021265     
   1.0223941552845213     
   1.0195976992240312     
   1.0168139532705383     
   1.0140427750183081     
   1.0112840234521612     
   1.0085375589876855     
   1.0058032435061148     
   1.0030809403844343     
   1.0003705145212047     
  0.99767183235855517     
  0.99498476190073004     
  0.99230917272954411     
  0.98964493601705406     
  0.98699192453572326     
  0.98435001266632316     
  0.98171907640379019     
  0.97909899336123141     
  0.97648964277224870     
  0.97389090549173762     
  0.97130266399529264     
  0.96872480237734337     
  0.96615720634812829     
  0.96359976322960106     
  0.96105236195035770     
  0.95851489303966098     
  0.95598724862063067     
  0.95346932240266413     
  0.95096100967314068     
  0.94846220728846331     
  0.94597281366448382     
  0.94349272876635237     
  0.94102185409783201     
  0.93856009269011209     
  0.93610734909015558     
  0.93366352934860908     
  0.93122854100730468     
  0.92880229308638018     
  0.92638469607104346     
  0.92397566189800262     
  0.92157510394158626     
  0.91918293699957443     
  0.91679907727875976     
  0.91442344238025786     
  0.91205595128458850     
  0.90969652433654002     
  0.90734508322983909     
  0.90500155099164048     
  0.90266585196685001     
  0.90033791180230216     
  0.89801765743080120     
  0.89570501705504368     
  0.89339992013143532     
  0.89110229735381630     
  0.88881208063710682     
  0.88652920310088845     
  0.88425359905292944     
  0.88198520397267111     
  0.87972395449468155     
  0.87746978839209233     
  0.87522264456002752     
  0.87298246299903348     
  0.87074918479852403     
  0.86852275212024566     
  0.86630310818177725     
  0.86409019724006941     
  0.86188396457503458     
  0.85968435647319552     
  0.85749132021140007     
  0.85530480404061027     
  0.85312475716977443     
  0.85095112974978593     
  0.84878387285753998     
  0.84662293848009074     
  0.84446827949891834     
  0.84231984967430851     
  0.84017760362985339     
  0.83804149683707652     
  0.83591148560018813     
  0.83378752704097514     
  0.83166957908382977     
  0.82955760044092197     
  0.82745155059751840     
  0.82535138979745248     
  0.82325707902874767     
  0.82116858000939941     
  0.81908585517331489     
  0.81700886765641734     
  0.81493758128291383     
  0.81287196055173139     
  0.81081197062312071     
  0.80875757730543285     
  0.80670874704206619     
  0.80466544689858877     
  0.80262764455003399     
  0.80059530826837388     
  0.79856840691016839     
  0.79654690990439148     
  0.79453078724043602     
  0.79252000945629664     
  0.79051454762693041     
  0.78851437335279750     
  0.78651945874857776     
  0.78452977643206845     
  0.78254529951325702     
  0.78056600158357337     
  0.77859185670531739     
  0.77662283940126420     
  0.77465892464444275     
  0.77270008784809074     
  0.77074630485578222     
  0.76879755193172750     
  0.76685380575124495     
  0.76491504339140248     
  0.76298124232182807     
  0.76105238039568790     
  0.75912843584083045     
  0.75720938725109543     
  0.75529521357778506     
  0.75338589412129875     
  0.75148140852292489     
  0.74958173675679385     
  0.74768685912198540     
  0.74579675623479202     
  0.74391140902113462     
  0.74203079870913002     
  0.74015490682180773     
  0.73828371516997326     
  0.73641720584521930     
  0.73455536121307807     
  0.73269816390631715     
  0.73084559681837447     
  0.72899764309693227     
  0.72715428613762523     
  0.72531550957788393     
  0.72348129729091071     
  0.72165163337978389     
  0.71982650217169208     
  0.71800588821229305     
  0.71618977626019775     
  0.71437815128157578     
  0.71257099844488125     
  0.71076830311569705     
  0.70897005085169507     
  0.70717622739771135     
  0.70538681868093245     
  0.70360181080619366     
  0.70182119005138444     
  0.70004494286296071     
  0.69827305585156318     
  0.69650551578773612     
  0.69474230959774963     
  0.69298342435951810     
  0.69122884729861955     
  0.68947856578440692     
  0.68773256732621513     
  0.68599083956965923     
  0.68425337029302269     
  0.68252014740373435     
  0.68079115893493169     
  0.67906639304210892     
  0.67734583799984860     
  0.67562948219863483     
  0.67391731414174594     
  0.67220932244222587     
  0.67050549581993224     
  0.66880582309865932     
  0.66711029320333481     
  0.66541889515728825     
  0.66373161807959036     
  0.66204845118246114     
  0.66036938376874577     
  0.65869440522945621     
  0.65702350504137796     
  0.65535667276473952     
  0.65369389804094435     
  0.65203517059036264     
  0.65038048021018313     
  0.64872981677232200     
  0.64708317022138895     
  0.64544053057270834     
  0.64380188791039383     
  0.64216723238547702     
  0.64053655421408706     
  0.63890984367568038     
  0.63728709111131998     
  0.63566828692200328     
  0.63405342156703637     
  0.63244248556245464     
  0.63083546947948743     
  0.62923236394306781     
  0.62763315963038346     
  0.62603784726947043     
  0.62444641763784692     
  0.62285886156118786     
  0.62127516991203657     
  0.61969533360855500     
  0.61811934361331178     
  0.61654719093210475     
  0.61497886661281920     
  0.61341436174432096     
  0.61185366745538106     
  0.61029677491363543     
  0.60874367532457396     
  0.60719435993056148     
  0.60564882000988918     
  0.60410704687585437     
  0.60256903187587074     
  0.60103624210461992     
  0.59950760007784842     
  0.59798268853578018     
  0.59646149890685318     
  0.59494402265065327     
  0.59343025125715598     
  0.59192017624599669     
  0.59041378916576270     
  0.58891108159330752     
  0.58741204513308876     
  0.58591667141652726     
  0.58442495210138656     
  0.58293687887117418     
  0.58145244343456226     
  0.57997163752482683     
  0.57849445289930845     
  0.57702088133888807     
  0.57555091464748287     
  0.57408454465155889     
  0.57262176319966063     
  0.57116256216195727     
  0.56970693342980339     
  0.56825486891531785     
  0.56680636055097589     
  0.56536140028921533     
  0.56391998010205957     
  0.56248209198075061     
  0.56104772793539981     
  0.55961687999464782     
  0.55818954020533917     
  0.55676570063220931     
  0.55534535335758295     
  0.55392849048108250     
  0.55251510411935123     
  0.55110518640578376     
  0.54969872949026910     
  0.54829572553894346     
  0.54689616673395303     
  0.54550004527322538     
  0.54410735337025262     
  0.54271808325388016     
  0.54133222716810758     
  0.53994977737189509     
  0.53857072613898060     
  0.53719506575770326     
  0.53582278853083509     
  0.53445388677541994     
  0.53308835282261990     
  0.53172617901756869     
  0.53036735771923149     
  0.52901188130027155     
  0.52765974214692291     
  0.52631093265886908     
  0.52496544524912858     
  0.52362327234394490     
  0.52228440638268281     
  0.52094883981772955     
  0.51961656511440113     
  0.51828757475085396     
  0.51696186121800114     
  0.51563941701943283     
  0.51432023467134258     
  0.51300430670245556     
  0.51169162565396298     
  0.51038218407945979     
  0.50907597454488607     
  0.50777298962847239     
  0.50647322192068855     
  0.50517666402419537     
  0.50388330855380115     
  0.50259314813641931     
  0.50130617541103062     
  0.50002238302864865     
  0.49874176365228551     
  0.49746430995692359     
  0.49619001462948764     
  0.49491887036882054     
  0.49365086988565998     
  0.49238600590261972     
  0.49112427115417057     
  0.48986565838662532     
  0.48861016035812477     
  0.48735776983862611     
  0.48610847960989223     
  0.48486228246548435     
  0.48361917121075482     
  0.48237913866284243     
  0.48114217765066902     
  0.47990828101493721     
  0.47867744160812975     
  0.47744965229450997     
  0.47622490595012434     
  0.47500319546280512     
  0.47378451373217401     
  0.47256885366964896     
  0.47135620819844837     
  0.47014657025359952     
  0.46893993278194668     
  0.46773628874215933     
  0.46653563110474194     
  0.46533795285204516     
  0.46414324697827580     
  0.46295150648950956     
  0.46176272440370258     
  0.46057689375070432     
  0.45939400757227189     
  0.45821405892208267     
  0.45703704086574914     
  0.45586294648083403     
  0.45469176885686446     
  0.45352350109534778     
  0.45235813630978794     
  0.45119566762569963     
  0.45003608818062635     
  0.44887939112415554     
  0.44772556961793508     
  0.44657461683569133     
  0.44542652596324428     
  0.44428129019852503     
  0.44313890275159351     
  0.44199935684465397     
  0.44086264571207379     
  0.43972876260039839     
  0.43859770076837024     
  0.43746945348694488     
  0.43634401403930800     
  0.43522137572089192     
  0.43410153183939293     
  0.43298447571478726     
  0.43187020067934867     
  0.43075870007766370     
  0.42964996726664817     
  0.42854399561556367     
  0.42744077850603257     
  0.42634030933205491     
  0.42524258150002303     
  0.42414758842873646     
  0.42305532354941777     
  0.42196578030572685     
  0.42087895215377635     
  0.41979483256214412     
  0.41871341501188886     
  0.41763469299656319     
  0.41655866002222697     
  0.41548530960746100     
  0.41441463528337930     
  0.41334663059364174     
  0.41228128909446649     
  0.41121860435464230     
  0.41015856995553879     
  0.40910117949111979     
  0.40804642656795231     
  0.40699430480521837     
  0.40594480783472464     
  0.40489792930091262     
  0.40385366286086810     
  0.40281200218433100     
  0.40177294095370386     
  0.40073647286405956     
  0.39970259162315114     
  0.39867129095141818     
  0.39764256458199498     
  0.39661640626071781     
  0.39559280974613109     
  0.39457176880949441     
  0.39355327723478795     
  0.39253732881871872     
  0.39152391737072545     
  0.39051303671298343     
  0.38950468068040967     
  0.38849884312066674     
  0.38749551789416670     
  0.38649469887407406     
  0.38549637994630981     
  0.38450055500955360     
  0.38350721797524667     
  0.38251636276759315     
  0.38152798332356219     
  0.38054207359288938     
  0.37955862753807712     
  0.37857763913439646     
  0.37759910236988636     
  0.37662301124535380     
  0.37564935977437353     
  0.37467814198328731     
  0.37370935191120314     
  0.37274298360999236     
  0.37177903114428990     
  0.37081748859149111     
  0.36985835004174894     
  0.36890160959797214     
  0.36794726137582123     
  0.36699529950370546     
  0.36604571812277931     
  0.36509851138693794     
  0.36415367346281358     
  0.36321119852976924     
  0.36227108077989545     
  0.36133331441800354     
  0.36039789366162145     
  0.35946481274098618     
  0.35853406589903858     
  0.35760564739141687     
  0.35667955148644903     
  0.35575577246514611     
  0.35483430462119525     
  0.35391514226095111     
  0.35299827970342856     
  0.35208371128029414     
  0.35117143133585771     
  0.35026143422706324     
  0.34935371432348039     
  0.34844826600729450     
  0.34754508367329739     
  0.34664416172887713     
  0.34574549459400838     
  0.34484907670124165     
  0.34395490249569327     
  0.34306296643503353     
  0.34217326298947659     
  0.34128578664176801     
  0.34040053188717445     
  0.33951749323347069     
  0.33863666520092839     
  0.33775804232230389     
  0.33688161914282455     
  0.33600739022017689     
  0.33513535012449436     
  0.33426549343834244     
  0.33339781475670660     
  0.33253230868697847     
  0.33166896984894156     
  0.33080779287475826     
  0.32994877240895393     
  0.32909190310840475     
  0.32823717964232146     
  0.32738459669223530     
  0.32653414895198274     
  0.32568583112769112     
  0.32483963793776205     
  0.32399556411285679     
  0.32315360439588059     
  0.32231375354196690     
  0.32147600631846041     
  0.32064035750490227     
  0.31980680189301292     
  0.31897533428667568     
  0.31814594950191999     
  0.31731864236690532     
  0.31649340772190337     
  0.31567024041928127     
  0.31484913532348435     
  0.31403008731101889     
  0.31321309127043395     
  0.31239814210230443     
  0.31158523471921318     
  0.31077436404573222     
  0.30996552501840613     
  0.30915871258573224     
  0.30835392170814324     
  0.30755114735798894     
  0.30675038451951642     
  0.30595162818885313     
  0.30515487337398628     
  0.30436011509474525     
  0.30356734838278199     
  0.30277656828155175     
  0.30198776984629405     
  0.30120094814401355     
  0.30041609825345983     
  0.29963321526510878     
  0.29885229428114246     
  0.29807333041542905     
  0.29729631879350316     
  0.29652125455254663     
  0.29574813284136758     
  0.29497694882038028     
  0.29420769766158594     
  0.29344037454855154     
  0.29267497467638937     
  0.29191149325173738     
  0.29114992549273822     
  0.29039026662901790     
  0.28963251190166661     
  0.28887665656321682     
  0.28812269587762351     
  0.28737062512024170     
  0.28662043957780703     
  0.28587213454841398     
  0.28512570534149539     
  0.28438114727780039     
  0.28363845568937429     
  0.28289762591953638     
  0.28215865332285950     
  0.28142153326514796     
  0.28068626112341644     
  0.27995283228586887     
  0.27922124215187605     
  0.27849148613195496     
  0.27776355964774702     
  0.27703745813199609     
  0.27631317702852698     
  0.27559071179222383     
  0.27487005788900820     
  0.27415121079581750     
  0.27343416600058235     
  0.27271891900220591     
  0.27200546531054126     
  0.27129380044636986     
  0.27058391994137865     
  0.26987581933813987     
  0.26916949419008662     
  0.26846494006149291     
  0.26776215252745028     
  0.26706112717384678     
  0.26636185959734338     
  0.26566434540535355     
  0.26496858021601999     
  0.26427455965819191     
  0.26358227937140466     
  0.26289173500585550     
  0.26220292222238317     
  0.26151583669244416     
  0.26083047409809113     
  0.26014683013195050     
  0.25946490049720028     
  0.25878468090754780     
  0.25810616708720668     
  0.25742935477087570     
  0.25675423970371614     
  0.25608081764132784     
  0.25540908434972920     
  0.25473903560533362     
  0.25407066719492688     
  0.25340397491564626     
  0.25273895457495565     
  0.25207560199062629     
  0.25141391299071159     
  0.25075388341352611     
  0.25009550910762357     
  0.24943878593177327     
  0.24878370975493902     
  0.24813027645625629     
  0.24747848192500954     
  0.24682832206061001     
  0.24617979277257351     
  0.24553288998049871     
  0.24488760961404310     
  0.24424394761290258     
  0.24360189992678793     
  0.24296146251540351     
  0.24232263134842391     
  0.24168540240547154     
  0.24104977167609642     
  0.24041573515975112     
  0.23978328886577049     
  0.23915242881334930     
  0.23852315103151911     
  0.23789545155912628     
  0.23726932644481047     
  0.23664477174698195     
  0.23602178353379966     
  0.23540035788314873     
  0.23478049088261876     
  0.23416217862948163     
  0.23354541723066946     
  0.23293020280275223     
  0.23231653147191667     
  0.23170439937394249     
  0.23109380265418222     
  0.23048473746753873     
  0.22987719997844258     
  0.22927118636083055     
  0.22866669279812379     
  0.22806371548320592     
  0.22746225061840142     
  0.22686229441545325     
  0.22626384309550129     
  0.22566689288906083     
  0.22507144003599988     
  0.22447748078551899     
  0.22388501139612837     
  0.22329402813562682     
  0.22270452728107859     
  0.22211650511879411     
  0.22152995794430663     
  0.22094488206235208     
  0.22036127378684545     
  0.21977912944086175     
  0.21919844535661182     
  0.21861921787542404     
  0.21804144334771980     
  0.21746511813299430     
  0.21689023859979395     
  0.21631680112569529     
  0.21574480209728519     
  0.21517423791013712     
  0.21460510496879071     
  0.21403739968673197     
  0.21347111848637002     
  0.21290625779901795     
  0.21234281406486977     
  0.21178078373298126     
  0.21122016326124626     
  0.21066094911637978     
  0.21010313777389245     
  0.20954672571807276     
  0.20899170944196444     
  0.20843808544734665     
  0.20788585024471296     
  0.20733500035324970     
  0.20678553230081564     
  0.20623744262392263     
  0.20569072786771225     
  0.20514538458593723     
  0.20460140934093984     
  0.20405879870363153     
  0.20351754925347287     
  0.20297765757845254     
  0.20243912027506639     
  0.20190193394829747     
  0.20136609521159610     
  0.20083160068685846     
  0.20029844700440735     
  0.19976663080297064     
  0.19923614872966233     
  0.19870699743996156     
  0.19817917359769210     
  0.19765267387500285     
  0.19712749495234738     
  0.19660363351846399     
  0.19608108627035592     
  0.19555984991327113     
  0.19503992116068103     
  0.19452129673426333     
  0.19400397336387964     
  0.19348794778755662     
  0.19297321675146661     
  0.19245977700990680     
  0.19194762532528076     
  0.19143675846807673     
  0.19092717321685049     
  0.19041886635820426     
  0.18991183468676676     
  0.18940607500517492     
  0.18890158412405311     
  0.18839835886199485     
  0.18789639604554220     
  0.18739569250916777     
  0.18689624509525360     
  0.18639805065407367     
  0.18590110604377297     
  0.18540540813035022     
  0.18491095378763633     
  0.18441773989727772     
  0.18392576334871502     
  0.18343502103916531     
  0.18294550987360236     
  0.18245722676473841     
  0.18197016863300441     
  0.18148433240653183     
  0.18099971502113332     
  0.18051631342028385     
  0.18003412455510226     
  0.17955314538433242     
  0.17907337287432457     
  0.17859480399901595     
  0.17811743573991290     
  0.17764126508607214     
  0.17716628903408238     
  0.17669250458804520     
  0.17621990875955684     
  0.17574849856769048     
  0.17527827103897686     
  0.17480922320738657     
  0.17434135211431112     
  0.17387465480854503     
  0.17340912834626776     
  0.17294476979102513     
  0.17248157621371241     
  0.17201954469255343     
  0.17155867231308575     
  0.17109895616813997     
  0.17064039335782377     
  0.17018298098950346     
  0.16972671617778423     
  0.16927159604449438     
  0.16881761771866755     
  0.16836477833652341     
  0.16791307504145059     
  0.16746250498399018     
  0.16701306532181581     
  0.16656475321971742     
  0.16611756584958370     
  0.16567150039038459     
  0.16522655402815256     
  0.16478272395596605     
  0.16434000737393273     
  0.16389840148917090     
  0.16345790351579237     
  0.16301851067488626     
  0.16258022019449969     
  0.16214302930962221     
  0.16170693526216784     
  0.16127193530095862     
  0.16083802668170644     
  0.16040520666699698     
  0.15997347252627159     
  0.15954282153581190     
  0.15911325097872120     
  0.15868475814490735     
  0.15825734033106853     
  0.15783099484067353     
  0.15740571898394617     
  0.15698151007784866     
  0.15655836544606361     
  0.15613628241897937     
  0.15571525833367206     
  0.15529529053388891     
  0.15487637637003249     
  0.15445851319914361     
  0.15404169838488424     
  0.15362592929752172     
  0.15321120331391391     
  0.15279751781748918     
  0.15238487019823355     
  0.15197325785267246     
  0.15156267818385460     
  0.15115312860133678     
  0.15074460652116706     
  0.15033710936586786     
  0.14993063456442135     
  0.14952517955225186     
  0.14912074177121171     
  0.14871731866956317     
  0.14831490770196343     
  0.14791350632944900     
  0.14751311201941997     
  0.14711372224562291     
  0.14671533448813601     
  0.14631794623335326     
  0.14592155497396897     
  0.14552615820896109     
  0.14513175344357632     
  0.14473833818931481     
  0.14434590996391394     
  0.14395446629133302     
  0.14356400470173680     
  0.14317452273148223     
  0.14278601792310130     
  0.14239848782528530     
  0.14201192999287127     
  0.14162634198682511     
  0.14124172137422675     
  0.14085806572825543     
  0.14047537262817267     
  0.14009363965931021     
  0.13971286441305231     
  0.13933304448682127     
  0.13895417748406302     
  0.13857626101423071     
  0.13819929269277154     
  0.13782327014111040     
  0.13744819098663563     
  0.13707405286268393     
  0.13670085340852522     
  0.13632859026934785     
  0.13595726109624540     
  0.13558686354619920     
  0.13521739528206611     
  0.13484885397256141     
  0.13448123729224704     
  0.13411454292151492     
  0.13374876854657280     
  0.13338391185942955     
  0.13301997055788206     
  0.13265694234549930     
  0.13229482493160782     
  0.13193361603127851     
  0.13157331336531097     
  0.13121391466022070     
  0.13085541764822328     
  0.13049782006722110     
  0.13014111966078934     
  0.12978531417815997     
  0.12943040137421047     
  0.12907637900944691     
  0.12872324484999220     
  0.12837099666757013     
  0.12801963223949309     
  0.12766914934864659     
  0.12731954578347637     
  0.12697081933797394     
  0.12662296781166282     
  0.12627598900958481     
  0.12592988074228662     
  0.12558464082580501     
  0.12524026708165370     
  0.12489675733681049     
  0.12455410942370149     
  0.12421232118018977     
  0.12387139044956075     
  0.12353131508050796     
  0.12319209292712041     
  0.12285372184886945     
  0.12251619971059413     
  0.12217952438248814     
  0.12184369374008686     
  0.12150870566425453     
  0.12117455804116917     
  0.12084124876231073     
  0.12050877572444718     
  0.12017713682962117     
  0.11984632998513822     
  0.11951635310355102     
  0.11918720410264849     
  0.11885888090544183     
  0.11853138144015163     
  0.11820470364019431     
  0.11787884544417038     
  0.11755380479584909     
  0.11722957964415825     
  0.11690616794316977     
  0.11658356765208699     
  0.11626177673523208     
  0.11594079316203265     
  0.11562061490700981     
  0.11530123994976527     
  0.11498266627496734     
  0.11466489187233986     
  0.11434791473664951     
  0.11403173286769097     
  0.11371634427027799     
  0.11340174695422678     
  0.11308793893434732     
  0.11277491823042762     
  0.11246268286722327     
  0.11215123087444390     
  0.11184056028674250     
  0.11153066914370013     
  0.11122155548981638     
  0.11091321737449555     
  0.11060565285203428     
  0.11029885998161082     
  0.10999283682727068     
  0.10968758145791591     
  0.10938309194729201     
  0.10907936637397753     
  0.10877640282136936     
  0.10847419937767255     
  0.10817275413588767     
  0.10787206519379899     
  0.10757213065396209     
  0.10727294862369252     
  0.10697451721505358     
  0.10667683454484367     
  0.10637989873458564     
  0.10608370791051436     
  0.10578826020356535     
  0.10549355374936198     
  0.10519958668820473     
  0.10490635716505903     
  0.10461386332954370     
  0.10432210333591940     
  0.10403107534307643     
  0.10374077751452426     
  0.10345120801837826     
  0.10316236502735032     
  0.10287424671873469     
  0.10258685127439948     
  0.10230017688077275     
  0.10201422172883223     
  0.10172898401409314     
  0.10144446193659862     
  0.10116065370090621     
  0.10087755751607697     
  0.10059517159566611     
  0.10031349415770907     
  0.10003252342471214     
   9.9752257623640261E-002
   9.9472694985906607E-002
   9.9193833747360349E-002
   9.8915672148277123E-002
   9.8638208433346142E-002
   9.8361440851660875E-002
   9.8085367656706390E-002
   9.7809987106349805E-002
   9.7535297462827852E-002
   9.7261296992736890E-002
   9.6987983967022684E-002
   9.6715356660967533E-002
   9.6443413354180496E-002
   9.6172152330587179E-002
   9.5901571878417524E-002
   9.5631670290195814E-002
   9.5362445862730238E-002
   9.5093896897101571E-002
   9.4826021698652063E-002
   9.4558818576976345E-002
   9.4292285845908985E-002
   9.4026421823514728E-002
   9.3761224832077827E-002
   9.3496693198091174E-002
   9.3232825252246965E-002
   9.2969619329423603E-002
   9.2707073768677928E-002
   9.2445186913233224E-002
   9.2183957110469228E-002
   9.1923382711911694E-002
   9.1663462073221735E-002
   9.1404193554185387E-002
   9.1145575518704058E-002
   9.0887606334783655E-002
   9.0630284374523695E-002
   9.0373608014108875E-002
   9.0117575633795965E-002
   8.9862185617906487E-002
   8.9607436354814940E-002
   8.9353326236938591E-002
   8.9099853660728145E-002
   8.8847017026657094E-002
   8.8594814739211714E-002
   8.8343245206881527E-002
   8.8092306842147527E-002
   8.7841998061474413E-002
   8.7592317285299481E-002
   8.7343262938022415E-002
   8.7094833447996400E-002
   8.6847027247516584E-002
   8.6599842772811408E-002
   8.6353278464033068E-002
   8.6107332765246625E-002
   8.5862004124420022E-002
   8.5617290993416084E-002
   8.5373191827980310E-002
   8.5129705087733543E-002
   8.4886829236160866E-002
   8.4644562740601392E-002
   8.4402904072240270E-002
   8.4161851706096913E-002
   8.3921404121018117E-002
   8.3681559799666294E-002
   8.3442317228510143E-002
   8.3203674897815549E-002
   8.2965631301637144E-002
   8.2728184937806315E-002
   8.2491334307923436E-002
   8.2255077917348762E-002
   8.2019414275191105E-002
   8.1784341894300727E-002
   8.1549859291258242E-002
   8.1315964986366396E-002
   8.1082657503639632E-002
   8.0849935370795878E-002
   8.0617797119246326E-002
   8.0386241284086779E-002
   8.0155266404087877E-002
   7.9924871021687327E-002
   7.9695053682979022E-002
   7.9465812937703273E-002
   7.9237147339240366E-002
   7.9009055444599241E-002
   7.8781535814409054E-002
   7.8554587012910737E-002
   7.8328207607946565E-002
   7.8102396170951494E-002
   7.7877151276945611E-002
   7.7652471504523479E-002
   7.7428355435846141E-002
   7.7204801656630906E-002
   7.6981808756144021E-002
   7.6759375327190682E-002
   7.6537499966106814E-002
   7.6316181272749528E-002
   7.6095417850488900E-002
   7.5875208306198871E-002
   7.5655551250248809E-002
   7.5436445296494403E-002
   7.5217889062268117E-002
   7.4999881168372751E-002
   7.4782420239069891E-002
   7.4565504902073476E-002
   7.4349133788540245E-002
   7.4133305533060856E-002
   7.3918018773652117E-002
   7.3703272151746990E-002
   7.3489064312187713E-002
   7.3275393903216024E-002
   7.3062259576465394E-002
   7.2849659986951476E-002
   7.2637593793064781E-002
   7.2426059656562014E-002
   7.2215056242556530E-002
   7.2004582219511226E-002
   7.1794636259230327E-002
   7.1585217036848725E-002
   7.1376323230825989E-002
   7.1167953522938365E-002
   7.0960106598267458E-002
   7.0752781145195343E-002
   7.0545975855393683E-002
   7.0339689423817076E-002
   7.0133920548694606E-002
   6.9928667931520527E-002
   6.9723930277047375E-002
   6.9519706293277750E-002
   6.9315994691454996E-002
   6.9112794186055648E-002
   6.8910103494782327E-002
   6.8707921338554634E-002
   6.8506246441500274E-002
   6.8305077530948388E-002
   6.8104413337421343E-002
   6.7904252594626957E-002
   6.7704594039448729E-002
   6.7505436411940511E-002
   6.7306778455315852E-002
   6.7108618915942664E-002
   6.6910956543333455E-002
   6.6713790090138447E-002
   6.6517118312137136E-002
   6.6320939968229853E-002
   6.6125253820431995E-002
   6.5930058633864030E-002
   6.5735353176744837E-002
   6.5541136220383711E-002
   6.5347406539173036E-002
   6.5154162910579183E-002
   6.4961404115136512E-002
   6.4769128936438269E-002
   6.4577336161130372E-002
   6.4386024578902079E-002
   6.4195192982479776E-002
   6.4004840167618093E-002
   6.3814964933093243E-002
   6.3625566080695917E-002
   6.3436642415222400E-002
   6.3248192744467024E-002
   6.3060215879215953E-002
   6.2872710633238960E-002
   6.2685675823281661E-002
   6.2499110269058633E-002
   6.2313012793245637E-002
   6.2127382221471406E-002
   6.1942217382312759E-002
   6.1757517107283499E-002
   6.1573280230830640E-002
   6.1389505590324189E-002
   6.1206192026052486E-002
   6.1023338381212211E-002
   6.0840943501902611E-002
   6.0659006237118396E-002
   6.0477525438741520E-002
   6.0296499961534966E-002
   6.0115928663134532E-002
   5.9935810404042611E-002
   5.9756144047619753E-002
   5.9576928460078893E-002
   5.9398162510477359E-002
   5.9219845070709765E-002
   5.9041975015501125E-002
   5.8864551222399308E-002
   5.8687572571769042E-002
   5.8511037946783029E-002
   5.8334946233417506E-002
   5.8159296320441811E-002
   5.7984087099414827E-002
   5.7809317464676102E-002
   5.7634986313338743E-002
   5.7461092545282533E-002
   5.7287635063148157E-002
   5.7114612772328988E-002
   5.6942024580965533E-002
   5.6769869399936113E-002
   5.6598146142853079E-002
   5.6426853726053716E-002
   5.6255991068594247E-002
   5.6085557092242500E-002
   5.5915550721471918E-002
   5.5745970883454676E-002
   5.5576816508053239E-002
   5.5408086527816369E-002
   5.5239779877970241E-002
   5.5071895496412671E-002
   5.4904432323706454E-002
   5.4737389303072037E-002
   5.4570765380381081E-002
   5.4404559504150019E-002
   5.4238770625534283E-002
   5.4073397698318759E-002
   5.3908439678915787E-002
   5.3743895526354057E-002
   5.3579764202274172E-002
   5.3416044670922647E-002
   5.3252735899143921E-002
   5.3089836856374806E-002
   5.2927346514638041E-002
   5.2765263848535193E-002
   5.2603587835239773E-002
   5.2442317454492571E-002
   5.2281451688593883E-002
   5.2120989522396632E-002
   5.1960929943300815E-002
   5.1801271941247951E-002
   5.1642014508712863E-002
   5.1483156640698136E-002
   5.1324697334727887E-002
   5.1166635590841558E-002
   5.1008970411586807E-002
   5.0851700802015287E-002
   5.0694825769673324E-002
   5.0538344324597695E-002
   5.0382255479309190E-002
   5.0226558248805953E-002
   5.0071251650556814E-002
   4.9916334704496856E-002
   4.9761806433019418E-002
   4.9607665860970540E-002
   4.9453912015642532E-002
   4.9300543926769080E-002
   4.9147560626517484E-002
   4.8994961149483096E-002
   4.8842744532683779E-002
   4.8690909815553685E-002
   4.8539456039935924E-002
   4.8388382250078577E-002
   4.8237687492627357E-002
   4.8087370816619845E-002
   4.7937431273479270E-002
   4.7787867917008509E-002
   4.7638679803385431E-002
   4.7489865991154456E-002
   4.7341425541223225E-002
   4.7193357516855272E-002
   4.7045660983663584E-002
   4.6898335009606607E-002
   4.6751378664980026E-002
   4.6604791022412773E-002
   4.6458571156860140E-002
   4.6312718145598897E-002
   4.6167231068220183E-002
   4.6022109006624179E-002
   4.5877351045015669E-002
   4.5732956269895597E-002
   4.5588923770057743E-002
   4.5445252636582056E-002
   4.5301941962828662E-002
   4.5158990844431202E-002
   4.5016398379295053E-002
   4.4874163667586675E-002
   4.4732285811730499E-002
   4.4590763916403153E-002
   4.4449597088527915E-002
   4.4308784437268045E-002
   4.4168325074022352E-002
   4.4028218112418527E-002
   4.3888462668308703E-002
   4.3749057859762575E-002
   4.3610002807063175E-002
   4.3471296632700440E-002
   4.3332938461366100E-002
   4.3194927419947460E-002
   4.3057262637522742E-002
   4.2919943245355086E-002
   4.2782968376887887E-002
   4.2646337167737469E-002
   4.2510048755689755E-002
   4.2374102280693382E-002
   4.2238496884855259E-002
   4.2103231712434352E-002
   4.1968305909836356E-002
   4.1833718625609917E-002
   4.1699469010437529E-002
   4.1565556217134425E-002
   4.1431979400641028E-002
   4.1298737718017620E-002
   4.1165830328439235E-002
   4.1033256393190776E-002
   4.0901015075661462E-002
   4.0769105541339723E-002
   4.0637526957806980E-002
   4.0506278494733650E-002
   4.0375359323873150E-002
   4.0244768619056570E-002
   4.0114505556189561E-002
   3.9984569313242568E-002
   3.9854959070250606E-002
   3.9725674009305045E-002
   3.9596713314549392E-002
   3.9468076172174182E-002
   3.9339761770411874E-002
   3.9211769299531518E-002
   3.9084097951832986E-002
   3.8956746921644081E-002
   3.8829715405312326E-002
   3.8703002601202741E-002
   3.8576607709691402E-002
   3.8450529933159894E-002
   3.8324768475991977E-002
   3.8199322544566705E-002
   3.8074191347254427E-002
   3.7949374094412125E-002
   3.7824869998376975E-002
   3.7700678273463462E-002
   3.7576798135956713E-002
   3.7453228804108063E-002
   3.7329969498129945E-002
   3.7207019440191891E-002
   3.7084377854415207E-002
   3.6962043966866531E-002
   3.6840017005554948E-002
   3.6718296200426881E-002
   3.6596880783359653E-002
   3.6475769988159268E-002
   3.6354963050552191E-002
   3.6234459208184466E-002
   3.6114257700612384E-002
   3.5994357769302265E-002
   3.5874758657622685E-002
   3.5755459610840479E-002
   3.5636459876116078E-002
   3.5517758702499069E-002
   3.5399355340922645E-002
   3.5281249044199825E-002
   3.5163439067017910E-002
   3.5045924665933814E-002
   3.4928705099370294E-002
   3.4811779627610617E-002
   3.4695147512793678E-002
   3.4578808018909335E-002
   3.4462760411795523E-002
   3.4347003959130262E-002
   3.4231537930429434E-002
   3.4116361597041900E-002
   3.4001474232145057E-002
   3.3886875110739512E-002
   3.3772563509644193E-002
   3.3658538707493468E-002
   3.3544799984730922E-002
   3.3431346623605362E-002
   3.3318177908167268E-002
   3.3205293124261903E-002
   3.3092691559527543E-002
   3.2980372503389033E-002
   3.2868335247054903E-002
   3.2756579083510706E-002
   3.2645103307516798E-002
   3.2533907215602342E-002
   3.2422990106061755E-002
   3.2312351278950269E-002
   3.2201990036078598E-002
   3.2091905681009170E-002
   3.1982097519052344E-002
   3.1872564857261310E-002
   3.1763307004426977E-002
   3.1654323271075091E-002
   3.1545612969461789E-002
   3.1437175413567608E-002
   3.1329009919094597E-002
   3.1221115803462096E-002
   3.1113492385801411E-002
   3.1006138986952481E-002
   3.0899054929458991E-002
   3.0792239537564603E-002
   3.0685692137207843E-002
   3.0579412056018995E-002
   3.0473398623314774E-002
   3.0367651170095211E-002
   3.0262169029038111E-002
   3.0156951534496157E-002
   3.0051998022491144E-002
   2.9947307830712200E-002
   2.9842880298509122E-002
   2.9738714766889052E-002
   2.9634810578513138E-002
   2.9531167077691212E-002
   2.9427783610379121E-002
   2.9324659524171848E-002
   2.9221794168303283E-002
   2.9119186893638904E-002
   2.9016837052672662E-002
   2.8914743999523651E-002
   2.8812907089931006E-002
   2.8711325681250788E-002
   2.8609999132450881E-002
   2.8508926804107215E-002
   2.8408108058400439E-002
   2.8307542259111917E-002
   2.8207228771618409E-002
   2.8107166962889174E-002
   2.8007356201481759E-002
   2.7907795857537998E-002
   2.7808485302779795E-002
   2.7709423910505793E-002
   2.7610611055586487E-002
   2.7512046114460453E-002
   2.7413728465131904E-002
   2.7315657487164247E-002
   2.7217832561678534E-002
   2.7120253071348133E-002
   2.7022918400395390E-002
   2.6925827934587421E-002
   2.6828981061232549E-002
   2.6732377169176091E-002
   2.6636015648797029E-002
   2.6539895892002896E-002
   2.6444017292228672E-002
   2.6348379244429232E-002
   2.6252981145078902E-002
   2.6157822392165464E-002
   2.6062902385187048E-002
   2.5968220525149022E-002
   2.5873776214558664E-002
   2.5779568857423163E-002
   2.5685597859244957E-002
   2.5591862627017292E-002
   2.5498362569221777E-002
   2.5405097095824170E-002
   2.5312065618269930E-002
   2.5219267549482449E-002
   2.5126702303856607E-002
   2.5034369297256998E-002
   2.4942267947014596E-002
   2.4850397671921209E-002
   2.4758757892227479E-002
   2.4667348029638214E-002
   2.4576167507308844E-002
   2.4485215749842526E-002
   2.4394492183286154E-002
   2.4303996235126801E-002
   2.4213727334287283E-002
   2.4123684911122822E-002
   2.4033868397419278E-002
   2.3944277226387367E-002
   2.3854910832659559E-002
   2.3765768652286523E-002
   2.3676850122735127E-002
   2.3588154682882223E-002
   2.3499681773013759E-002
   2.3411430834818781E-002
   2.3323401311387437E-002
   2.3235592647207648E-002
   2.3148004288160440E-002
   2.3060635681517061E-002
   2.2973486275936095E-002
   2.2886555521459018E-002
   2.2799842869507092E-002
   2.2713347772878478E-002
   2.2627069685742907E-002
   2.2541008063641454E-002
   2.2455162363479442E-002
   2.2369532043525098E-002
   2.2284116563406675E-002
   2.2198915384108009E-002
   2.2113927967964075E-002
   2.2029153778660548E-002
   2.1944592281227138E-002
   2.1860242942037145E-002
   2.1776105228801690E-002
   2.1692178610567270E-002
   2.1608462557713315E-002
   2.1524956541947526E-002
   2.1441660036302768E-002
   2.1358572515135288E-002
   2.1275693454118505E-002
   2.1193022330242117E-002
   2.1110558621807884E-002
   2.1028301808426964E-002
   2.0946251371015467E-002
   2.0864406791792467E-002
   2.0782767554274884E-002
   2.0701333143276601E-002
   2.0620103044904470E-002
   2.0539076746553198E-002
   2.0458253736904686E-002
   2.0377633505923143E-002
   2.0297215544852643E-002
   2.0216999346213793E-002
   2.0136984403800184E-002
   2.0057170212675279E-002
   1.9977556269169749E-002
   1.9898142070878588E-002
   1.9818927116656004E-002
   1.9739910906613867E-002
   1.9661092942118374E-002
   1.9582472725787392E-002
   1.9504049761485787E-002
   1.9425823554323429E-002
   1.9347793610652086E-002
   1.9269959438060980E-002
   1.9192320545377228E-002
   1.9114876442658080E-002
   1.9037626641190242E-002
   1.8960570653487219E-002
   1.8883707993285093E-002
   1.8807038175540303E-002
   1.8730560716426314E-002
   1.8654275133329401E-002
   1.8578180944848199E-002
   1.8502277670787937E-002
   1.8426564832160208E-002
   1.8351041951176095E-002
   1.8275708551247272E-002
   1.8200564156980237E-002
   1.8125608294174311E-002
   1.8050840489818754E-002
   1.7976260272089650E-002
   1.7901867170346808E-002
   1.7827660715130422E-002
   1.7753640438158858E-002
   1.7679805872325538E-002
   1.7606156551695173E-002
   1.7532692011502649E-002
   1.7459411788147472E-002
   1.7386315419193332E-002
   1.7313402443363657E-002
   1.7240672400539836E-002
   1.7168124831756337E-002
   1.7095759279200262E-002
   1.7023575286206905E-002
   1.6951572397257308E-002
   1.6879750157975826E-002
   1.6808108115126119E-002
   1.6736645816609608E-002
   1.6665362811461693E-002
   1.6594258649849092E-002
   1.6523332883066955E-002
   1.6452585063536862E-002
   1.6382014744802387E-002
   1.6311621481528649E-002
   1.6241404829496986E-002
   1.6171364345602957E-002
   1.6101499587854562E-002
   1.6031810115368916E-002
   1.5962295488368250E-002
   1.5892955268179687E-002
   1.5823789017229251E-002
   1.5754796299041862E-002
   1.5685976678237568E-002
   1.5617329720527984E-002
   1.5548854992714967E-002
   1.5480552062687059E-002
   1.5412420499417268E-002
   1.5344459872959071E-002
   1.5276669754445749E-002
   1.5209049716085943E-002
   1.5141599331161437E-002
   1.5074318174024937E-002
   1.5007205820097624E-002
   1.4940261845864722E-002
   1.4873485828875044E-002
   1.4806877347737002E-002
   1.4740435982115496E-002
   1.4674161312730583E-002
   1.4608052921355030E-002
   1.4542110390810103E-002
   1.4476333304963562E-002
   1.4410721248727443E-002
   1.4345273808055170E-002
   1.4279990569939338E-002
   1.4214871122408379E-002
   1.4149915054524342E-002
   1.4085121956380675E-002
   1.4020491419098224E-002
   1.3956023034825016E-002
   1.3891716396731812E-002
   1.3827571099009228E-002
   1.3763586736867506E-002
   1.3699762906531410E-002
   1.3636099205238672E-002
   1.3572595231239104E-002
   1.3509250583788157E-002
   1.3446064863148699E-002
   1.3383037670585241E-002
   1.3320168608363270E-002
   1.3257457279745921E-002
   1.3194903288991311E-002
   1.3132506241352093E-002
   1.3070265743069243E-002
   1.3008181401372720E-002
   1.2946252824478366E-002
   1.2884479621583234E-002
   1.2822861402866925E-002
   1.2761397779485595E-002
   1.2700088363572171E-002
   1.2638932768231692E-002
   1.2577930607539978E-002
   1.2517081496541849E-002
   1.2456385051246910E-002
   1.2395840888629328E-002
   1.2335448626623835E-002
   1.2275207884123285E-002
   1.2215118280976434E-002
   1.2155179437987274E-002
   1.2095390976909259E-002
   1.2035752520446863E-002
   1.1976263692249356E-002
   1.1916924116911698E-002
   1.1857733419969430E-002
   1.1798691227898228E-002
   1.1739797168111243E-002
   1.1681050868955989E-002
   1.1622451959712121E-002
   1.1564000070590330E-002
   1.1505694832728119E-002
   1.1447535878189141E-002
   1.1389522839959199E-002
   1.1331655351946246E-002
   1.1273933048975726E-002
   1.1216355566790126E-002
   1.1158922542044758E-002
   1.1101633612307760E-002
   1.1079502937273333E-002
   1.1137947058816988E-002
   1.1196244548589251E-002
   1.1254395774477510E-002
   1.1312401103446890E-002
   1.1370260901541585E-002
   1.1427975533886969E-002
   1.1485545364692706E-002
   1.1542970757254967E-002
   1.1600252073957651E-002
   1.1657389676275942E-002
   1.1714383924778415E-002
   1.1771235179128592E-002
   1.1827943798087603E-002
   1.1884510139516746E-002
   1.1940934560379035E-002
   1.1997217416742645E-002
   1.2053359063781466E-002
   1.2109359855779100E-002
   1.2165220146129641E-002
   1.2220940287340887E-002
   1.2276520631036347E-002
   1.2331961527957014E-002
   1.2387263327963693E-002
   1.2442426380040450E-002
   1.2497451032294493E-002
   1.2552337631960842E-002
   1.2607086525402433E-002
   1.2661698058113346E-002
   1.2716172574721241E-002
   1.2770510418988912E-002
   1.2824711933816402E-002
   1.2878777461243884E-002
   1.2932707342453109E-002
   1.2986501917770066E-002
   1.3040161526666760E-002
   1.3093686507763547E-002
   1.3147077198831014E-002
   1.3200333936792097E-002
   1.3253457057725515E-002
   1.3306446896865443E-002
   1.3359303788605725E-002
   1.3412028066501214E-002
   1.3464620063269650E-002
   1.3517080110794000E-002
   1.3569408540124783E-002
   1.3621605681481963E-002
   1.3673671864257053E-002
   1.3725607417014452E-002
   1.3777412667495437E-002
   1.3829087942617613E-002
   1.3880633568479572E-002
   1.3932049870361118E-002
   1.3983337172725818E-002
   1.4034495799224112E-002
   1.4085526072693200E-002
   1.4136428315161043E-002
   1.4187202847847358E-002
   1.4237849991166396E-002
   1.4288370064728051E-002
   1.4338763387340747E-002
   1.4389030277012105E-002
   1.4439171050953492E-002
   1.4489186025578915E-002
   1.4539075516509126E-002
   1.4588839838573175E-002
   1.4638479305809970E-002
   1.4687994231470380E-002
   1.4737384928019792E-002
   1.4786651707139553E-002
   1.4835794879728970E-002
   1.4884814755906639E-002
   1.4933711645014225E-002
   1.4982485855616567E-002
   1.5031137695504682E-002
   1.5079667471696978E-002
   1.5128075490441928E-002
   1.5176362057219506E-002
   1.5224527476743410E-002
   1.5272572052962508E-002
   1.5320496089063274E-002
   1.5368299887471903E-002
   1.5415983749855089E-002
   1.5463547977123238E-002
   1.5510992869431361E-002
   1.5558318726181519E-002
   1.5605525846025037E-002
   1.5652614526863284E-002
   1.5699585065850785E-002
   1.5746437759396548E-002
   1.5793172903165176E-002
   1.5839790792080088E-002
   1.5886291720324852E-002
   1.5932675981344402E-002
   1.5978943867847928E-002
   1.6025095671809986E-002
   1.6071131684472495E-002
   1.6117052196347292E-002
   1.6162857497216576E-002
   1.6208547876136126E-002
   1.6254123621435856E-002
   1.6299585020722818E-002
   1.6344932360882192E-002
   1.6390165928079625E-002
   1.6435286007762895E-002
   1.6480292884662906E-002
   1.6525186842796802E-002
   1.6569968165469073E-002
   1.6614637135273669E-002
   1.6659194034094660E-002
   1.6703639143109572E-002
   1.6747972742790829E-002
   1.6792195112906194E-002
   1.6836306532522216E-002
   1.6880307280005113E-002
   1.6924197633022775E-002
   1.6967977868546202E-002
   1.7011648262851731E-002
   1.7055209091522361E-002
   1.7098660629449869E-002
   1.7142003150836693E-002
   1.7185236929196046E-002
   1.7228362237356354E-002
   1.7271379347460480E-002
   1.7314288530969391E-002
   1.7357090058662261E-002
   1.7399784200639479E-002
   1.7442371226323305E-002
   1.7484851404460100E-002
   1.7527225003122426E-002
   1.7569492289709610E-002
   1.7611653530950622E-002
   1.7653708992904971E-002
   1.7695658940964365E-002
   1.7737503639855379E-002
   1.7779243353639895E-002
   1.7820878345717217E-002
   1.7862408878826397E-002
   1.7903835215046460E-002
   1.7945157615799734E-002
   1.7986376341851740E-002
   1.8027491653314853E-002
   1.8068503809647973E-002
   1.8109413069659297E-002
   1.8150219691507763E-002
   1.8190923932704606E-002
   1.8231526050114799E-002
   1.8272026299959054E-002
   1.8312424937815486E-002
   1.8352722218620499E-002
   1.8392918396671010E-002
   1.8433013725625891E-002
   1.8473008458508078E-002
   1.8512902847705015E-002
   1.8552697144971209E-002
   1.8592391601429892E-002
   1.8631986467573469E-002
   1.8671481993266736E-002
   1.8710878427746769E-002
   1.8750176019626141E-002
   1.8789375016892929E-002
   1.8828475666913591E-002
   1.8867478216433753E-002
   1.8906382911579755E-002
   1.8945189997860767E-002
   1.8983899720170005E-002
   1.9022512322786178E-002
   1.9061028049374928E-002
   1.9099447142990389E-002
   1.9137769846077735E-002
   1.9175996400472961E-002
   1.9214127047405993E-002
   1.9252162027500908E-002
   1.9290101580778596E-002
   1.9327945946657321E-002
   1.9365695363954938E-002
   1.9403350070890335E-002
   1.9440910305084214E-002
   1.9478376303561640E-002
   1.9515748302752378E-002
   1.9553026538493667E-002
   1.9590211246030442E-002
   1.9627302660017887E-002
   1.9664301014521990E-002
   1.9701206543022431E-002
   1.9738019478412028E-002
   1.9774740052999840E-002
   1.9811368498511728E-002
   1.9847905046092684E-002
   1.9884349926307276E-002
   1.9920703369142090E-002
   1.9956965604005839E-002
   1.9993136859733140E-002
   2.0029217364583074E-002
   2.0065207346242508E-002
   2.0101107031827214E-002
   2.0136916647883085E-002
   2.0172636420387580E-002
   2.0208266574751055E-002
   2.0243807335818653E-002
   2.0279258927871302E-002
   2.0314621574626934E-002
   2.0349895499242598E-002
   2.0385080924315124E-002
   2.0420178071882900E-002
   2.0455187163427757E-002
   2.0490108419874975E-002
   2.0524942061596274E-002
   2.0559688308410151E-002
   2.0594347379583544E-002
   2.0628919493833386E-002
   2.0663404869328050E-002
   2.0697803723688346E-002
   2.0732116273989076E-002
   2.0766342736760368E-002
   2.0800483327989117E-002
   2.0834538263120317E-002
   2.0868507757058397E-002
   2.0902392024168881E-002
   2.0936191278279614E-002
   2.0969905732680982E-002
   2.1003535600129464E-002
   2.1037081092846632E-002
   2.1070542422522487E-002
   2.1103919800315341E-002
   2.1137213436854263E-002
   2.1170423542239192E-002
   2.1203550326043596E-002
   2.1236593997314812E-002
   2.1269554764575704E-002
   2.1302432835825891E-002
   2.1335228418543628E-002
   2.1367941719685923E-002
   2.1400572945691088E-002
   2.1433122302479291E-002
   2.1465589995453560E-002
   2.1497976229502558E-002
   2.1530281209000135E-002
   2.1562505137808219E-002
   2.1594648219276036E-002
   2.1626710656243553E-002
   2.1658692651041589E-002
   2.1690594405493369E-002
   2.1722416120915966E-002
   2.1754157998120416E-002
   2.1785820237415154E-002
   2.1817403038605243E-002
   2.1848906600995144E-002
   2.1880331123388386E-002
   2.1911676804090230E-002
   2.1942943840908669E-002
   2.1974132431154758E-002
   2.2005242771645062E-002
   2.2036275058702204E-002
   2.2067229488156315E-002
   2.2098106255345806E-002
   2.2128905555119482E-002
   2.2159627581836983E-002
   2.2190272529370447E-002
   2.2220840591105517E-002
   2.2251331959942888E-002
   2.2281746828298754E-002
   2.2312085388107250E-002
   2.2342347830820453E-002
   2.2372534347410156E-002
   2.2402645128369203E-002
   2.2432680363712487E-002
   2.2462640242977949E-002
   2.2492524955228688E-002
   2.2522334689052181E-002
   2.2552069632563843E-002
   2.2581729973406683E-002
   2.2611315898753093E-002
   2.2640827595305613E-002
   2.2670265249298827E-002
   2.2699629046499581E-002
   2.2728919172208872E-002
   2.2758135811262958E-002
   2.2787279148033690E-002
   2.2816349366431066E-002
   2.2845346649903675E-002
   2.2874271181439143E-002
   2.2903123143566906E-002
   2.2931902718357655E-002
   2.2960610087425892E-002
   2.2989245431929706E-002
   2.3017808932573436E-002
   2.3046300769607897E-002
   2.3074721122831265E-002
   2.3103070171591078E-002
   2.3131348094784676E-002
   2.3159555070860538E-002
   2.3187691277819500E-002
   2.3215756893215866E-002
   2.3243752094158077E-002
   2.3271677057310813E-002
   2.3299531958895447E-002
   2.3327316974690593E-002
   2.3355032280034660E-002
   2.3382678049825523E-002
   2.3410254458522628E-002
   2.3437761680147329E-002
   2.3465199888284882E-002
   2.3492569256084672E-002
   2.3519869956261763E-002
   2.3547102161097899E-002
   2.3574266042442726E-002
   2.3601361771714680E-002
   2.3628389519901649E-002
   2.3655349457563091E-002
   2.3682241754830247E-002
   2.3709066581407923E-002
   2.3735824106574710E-002
   2.3762514499184539E-002
   2.3789137927667792E-002
   2.3815694560032630E-002
   2.3842184563864666E-002
   2.3868608106330180E-002
   2.3894965354175457E-002
   2.3921256473728558E-002
   2.3947481630900214E-002
   2.3973640991185263E-002
   2.3999734719662547E-002
   2.4025762980997567E-002
   2.4051725939441826E-002
   2.4077623758835709E-002
   2.4103456602607820E-002
   2.4129224633776980E-002
   2.4154928014952892E-002
   2.4180566908337586E-002
   2.4206141475725640E-002
   2.4231651878506399E-002
   2.4257098277663536E-002
   2.4282480833777376E-002
   2.4307799707025346E-002
   2.4333055057182196E-002
   2.4358247043622883E-002
   2.4383375825322018E-002
   2.4408441560855421E-002
   2.4433444408400895E-002
   2.4458384525739674E-002
   2.4483262070257084E-002
   2.4508077198943101E-002
   2.4532830068394795E-002
   2.4557520834815327E-002
   2.4582149654016394E-002
   2.4606716681418783E-002
   2.4631222072053371E-002
   2.4655665980562125E-002
   2.4680048561198542E-002
   2.4704369967830098E-002
   2.4728630353937353E-002
   2.4752829872616067E-002
   2.4776968676577971E-002
   2.4801046918151215E-002
   2.4825064749282699E-002
   2.4849022321537295E-002
   2.4872919786099845E-002
   2.4896757293775718E-002
   2.4920534994992249E-002
   2.4944253039799302E-002
   2.4967911577870261E-002
   2.4991510758502589E-002
   2.5015050730619715E-002
   2.5038531642771367E-002
   2.5061953643134016E-002
   2.5085316879512876E-002
   2.5108621499342676E-002
   2.5131867649687223E-002
   2.5155055477242283E-002
   2.5178185128334918E-002
   2.5201256748925815E-002
   2.5224270484608291E-002
   2.5247226480611840E-002
   2.5270124881800360E-002
   2.5292965832675152E-002
   2.5315749477374361E-002
   2.5338475959674311E-002
   2.5361145422991838E-002
   2.5383758010383062E-002
   2.5406313864544838E-002
   2.5428813127816530E-002
   2.5451255942180340E-002
   2.5473642449262535E-002
   2.5495972790333221E-002
   2.5518247106308678E-002
   2.5540465537751911E-002
   2.5562628224872319E-002
   2.5584735307528694E-002
   2.5606786925227665E-002
   2.5628783217127138E-002
   2.5650724322035079E-002
   2.5672610378410954E-002
   2.5694441524367839E-002
   2.5716217897671201E-002
   2.5737939635741669E-002
   2.5759606875654817E-002
   2.5781219754142159E-002
   2.5802778407592597E-002
   2.5824282972052193E-002
   2.5845733583226282E-002
   2.5867130376479475E-002
   2.5888473486836538E-002
   2.5909763048983847E-002
   2.5930999197269822E-002
   2.5952182065705598E-002
   2.5973311787965914E-002
   2.5994388497390775E-002
   2.6015412326985232E-002
   2.6036383409420494E-002
   2.6057301877035255E-002
   2.6078167861835588E-002
   2.6098981495497608E-002
   2.6119742909365917E-002
   2.6140452234455935E-002
   2.6161109601453902E-002
   2.6181715140719208E-002
   2.6202268982283616E-002
   2.6222771255852262E-002
   2.6243222090805540E-002
   2.6263621616198995E-002
   2.6283969960763875E-002
   2.6304267252909574E-002
   2.6324513620722412E-002
   2.6344709191967297E-002
   2.6364854094089174E-002
   2.6384948454212798E-002
   2.6404992399144289E-002
   2.6424986055371358E-002
   2.6444929549064522E-002
   2.6464823006077665E-002
   2.6484666551948921E-002
   2.6504460311901457E-002
   2.6524204410844354E-002
   2.6543898973373059E-002
   2.6563544123771043E-002
   2.6583139986008919E-002
   2.6602686683747323E-002
   2.6622184340335919E-002
   2.6641633078814952E-002
   2.6661033021916691E-002
   2.6680384292064763E-002
   2.6699687011375817E-002
   2.6718941301660082E-002
   2.6738147284422142E-002
   2.6757305080861937E-002
   2.6776414811875204E-002
   2.6795476598054369E-002
   2.6814490559689319E-002
   2.6833456816768075E-002
   2.6852375488977787E-002
   2.6871246695705286E-002
   2.6890070556037204E-002
   2.6908847188762852E-002
   2.6927576712372114E-002
   2.6946259245058224E-002
   2.6964894904717873E-002
   2.6983483808951436E-002
   2.7002026075065078E-002
   2.7020521820069976E-002
   2.7038971160683989E-002
   2.7057374213332430E-002
   2.7075731094147959E-002
   2.7094041918972134E-002
   2.7112306803356079E-002
   2.7130525862560484E-002
   2.7148699211557603E-002
   2.7166826965030366E-002
   2.7184909237374710E-002
   2.7202946142698914E-002
   2.7220937794825817E-002
   2.7238884307291600E-002
   2.7256785793348781E-002
   2.7274642365964774E-002
   2.7292454137823996E-002
   2.7310221221327979E-002
   2.7327943728596482E-002
   2.7345621771467710E-002
   2.7363255461499536E-002
   2.7380844909969393E-002
   2.7398390227876379E-002
   2.7415891525940372E-002
   2.7433348914604139E-002
   2.7450762504032555E-002
   2.7468132404114831E-002
   2.7485458724464062E-002
   2.7502741574418121E-002
   2.7519981063041099E-002
   2.7537177299123305E-002
   2.7554330391181714E-002
   2.7571440447461737E-002
   2.7588507575936561E-002
   2.7605531884308809E-002
   2.7622513480010658E-002
   2.7639452470204828E-002
   2.7656348961785593E-002
   2.7673203061378437E-002
   2.7690014875341951E-002
   2.7706784509766824E-002
   2.7723512070478740E-002
   2.7740197663037036E-002
   2.7756841392736820E-002
   2.7773443364608630E-002
   2.7790003683419773E-002
   2.7806522453674432E-002
   2.7822999779614999E-002
   2.7839435765221521E-002
   2.7855830514214142E-002
   2.7872184130051769E-002
   2.7888496715934963E-002
   2.7904768374804378E-002
   2.7920999209342767E-002
   2.7937189321975309E-002
   2.7953338814869944E-002
   2.7969447789938595E-002
   2.7985516348837058E-002
   2.8001544592966665E-002
   2.8017532623473729E-002
   2.8033480541251543E-002
   2.8049388446939827E-002
   2.8065256440925390E-002
   2.8081084623343799E-002
   2.8096873094079045E-002
   2.8112621952765204E-002
   2.8128331298785336E-002
   2.8144001231273919E-002
   2.8159631849116296E-002
   2.8175223250949899E-002
   2.8190775535164470E-002
   2.8206288799903279E-002
   2.8221763143063239E-002
   2.8237198662295571E-002
   2.8252595455006357E-002
   2.8267953618357433E-002
   2.8283273249267160E-002
   2.8298554444409985E-002
   2.8313797300218435E-002
   2.8329001912883123E-002
   2.8344168378352852E-002
   2.8359296792336286E-002
   2.8374387250301392E-002
   2.8389439847477327E-002
   2.8404454678853330E-002
   2.8419431839180831E-002
   2.8434371422974225E-002
   2.8449273524509544E-002
   2.8464138237827008E-002
   2.8478965656731026E-002
   2.8493755874789750E-002
   2.8508508985337855E-002
   2.8523225081474979E-002
   2.8537904256067392E-002
   2.8552546601748330E-002
   2.8567152210918989E-002
   2.8581721175747865E-002
   2.8596253588173304E-002
   2.8610749539902058E-002
   2.8625209122411510E-002
   2.8639632426949002E-002
   2.8654019544533393E-002
   2.8668370565954504E-002
   2.8682685581775447E-002
   2.8696964682330739E-002
   2.8711207957729634E-002
   2.8725415497854456E-002
   2.8739587392361932E-002
   2.8753723730684855E-002
   2.8767824602030201E-002
   2.8781890095382123E-002
   2.8795920299501510E-002
   2.8809915302926092E-002
   2.8823875193971671E-002
   2.8837800060732666E-002
   2.8851689991082008E-002
   2.8865545072672472E-002
   2.8879365392937117E-002
   2.8893151039089071E-002
   2.8906902098123632E-002
   2.8920618656816610E-002
   2.8934300801726875E-002
   2.8947948619195918E-002
   2.8961562195348733E-002
   2.8975141616094047E-002
   2.8988686967125088E-002
   2.9002198333920148E-002
   2.9015675801743024E-002
   2.9029119455643793E-002
   2.9042529380458926E-002
   2.9055905660811843E-002
   2.9069248381114021E-002
   2.9082557625564998E-002
   2.9095833478153033E-002
   2.9109076022655778E-002
   2.9122285342640941E-002
   2.9135461521465955E-002
   2.9148604642279308E-002
   2.9161714788021209E-002
   2.9174792041423592E-002
   2.9187836485010554E-002
   2.9200848201099472E-002
   2.9213827271801440E-002
   2.9226773779020720E-002
   2.9239687804456738E-002
   2.9252569429603859E-002
   2.9265418735751614E-002
   2.9278235803986141E-002
   2.9291020715189853E-002
   2.9303773550042322E-002
   2.9316494389020398E-002
   2.9329183312399199E-002
   2.9341840400252894E-002
   2.9354465732454149E-002
   2.9367059388675232E-002
   2.9379621448388793E-002
   2.9392151990868309E-002
   2.9404651095187972E-002
   2.9417118840223355E-002
   2.9429555304652744E-002
   2.9441960566956693E-002
   2.9454334705418805E-002
   2.9466677798126617E-002
   2.9478989922971710E-002
   2.9491271157649490E-002
   2.9503521579661407E-002
   2.9515741266313844E-002
   2.9527930294719562E-002
   2.9540088741797699E-002
   2.9552216684274102E-002
   2.9564314198683106E-002
   2.9576381361365978E-002
   2.9588418248472914E-002
   2.9600424935962821E-002
   2.9612401499604424E-002
   2.9624348014976043E-002
   2.9636264557466707E-002
   2.9648151202275486E-002
   2.9660008024413487E-002
   2.9671835098703969E-002
   2.9683632499781454E-002
   2.9695400302094277E-002
   2.9707138579903036E-002
   2.9718847407282367E-002
   2.9730526858121276E-002
   2.9742177006123249E-002
   2.9753797924806813E-002
   2.9765389687505861E-002
   2.9776952367370879E-002
   2.9788486037368167E-002
   2.9799990770281282E-002
   2.9811466638711259E-002
   2.9822913715076615E-002
   2.9834332071614567E-002
   2.9845721780380807E-002
   2.9857082913250399E-002
   2.9868415541918214E-002
   2.9879719737899046E-002
   2.9890995572528278E-002
   2.9902243116962213E-002
   2.9913462442178851E-002
   2.9924653618978003E-002
   2.9935816717981956E-002
   2.9946951809635802E-002
   2.9958058964207557E-002
   2.9969138251789484E-002
   2.9980189742297436E-002
   2.9991213505471959E-002
   3.0002209610879293E-002
   3.0013178127910267E-002
   3.0024119125782178E-002
   3.0035032673538131E-002
   3.0045918840048813E-002
   3.0056777694011272E-002
   3.0067609303950693E-002
   3.0078413738220289E-002
   3.0089191065001630E-002
   3.0099941352305315E-002
   3.0110664667971188E-002
   3.0121361079669229E-002
   3.0132030654899333E-002
   3.0142673460992198E-002
   3.0153289565109542E-002
   3.0163879034244112E-002
   3.0174441935221230E-002
   3.0184978334698576E-002
   3.0195488299166406E-002
   3.0205971894947559E-002
   3.0216429188199667E-002
   3.0226860244913500E-002
   3.0237265130914293E-002
   3.0247643911862521E-002
   3.0257996653253683E-002
   3.0268323420419074E-002
   3.0278624278526345E-002
   3.0288899292578386E-002
   3.0299148527416775E-002
   3.0309372047719219E-002
   3.0319569918001776E-002
   3.0329742202617860E-002
   3.0339888965760453E-002
   3.0350010271460337E-002
   3.0360106183588864E-002
   3.0370176765856405E-002
   3.0380222081813457E-002
   3.0390242194851314E-002
   3.0400237168201838E-002
