   1.2665807817562678     
   1.2408038773280046     
   1.2135853920778992     
   1.1897408827159057     
   1.1751004320915015     
   1.1607512563996605     
   1.1467506408878101     
   1.1331223118856077     
   1.1198697147646748     
   1.1069839114959568     
   1.0944486883314593     
   1.0822440140868126     
   1.0703483348798082     
   1.0587400162031293     
   1.0473981850700562     
   1.0363073856986449     
   1.0255640623920652     
   1.0150207510306852     
   1.0046626221710282     
  0.99447618897757450     
  0.98444921145930575     
  0.97457059598304141     
  0.96483029809651721     
  0.95521923224416683     
  0.94572918947259377     
  0.93635276294453673     
  0.92708328051195465     
  0.91791474342560386     
  0.90884177028780011     
  0.89985954547419800     
  0.89096377139647664     
  0.88215062411836875     
  0.87341671195789528     
  0.86475903680440935     
  0.85617495795083287     
  0.84766215829237601     
  0.83921861277706988     
  0.83084255901452742     
  0.82253246996099039     
  0.81428702860384750     
  0.80610510456970075     
  0.79798573257850014     
  0.78992809266349528     
  0.78193149207370216     
  0.77399534877280440     
  0.76611917644628336     
  0.75830257092728481     
  0.75054519795134700     
  0.74284678215062416     
  0.73520709719959010     
  0.72762595702627497     
  0.72010320800579253     
  0.71263872205611456     
  0.70523239055964981     
  0.69788411903805891     
  0.69059382251180934     
  0.68336142148015389     
  0.67618683846141314     
  0.66906999503763176     
  0.66201080935177414     
  0.65500919400961399     
  0.64806505434230388     
  0.64117828698928592     
  0.63434877876467688     
  0.62758985478781415     
  0.62091289409398231     
  0.61429278603404747     
  0.60772934730760919     
  0.60122238413048767     
  0.59477169206999636     
  0.58837705599560086     
  0.58203825012812549     
  0.57575503817249396     
  0.56952717352065274     
  0.56335439951283806     
  0.55723644974672104     
  0.55117304842520454     
  0.54516391073476589     
  0.53920874324725199     
  0.53330724433893750     
  0.52745910462147305     
  0.52166400738007623     
  0.51592162901497096     
  0.51023163948265782     
  0.50459370273411375     
  0.49900747714747673     
  0.49347261595317438     
  0.48798876764980914     
  0.48255557640943192     
  0.47717268247110400     
  0.47183972252189599     
  0.46655633006466934     
  0.46132213577218528     
  0.45613676782722401     
  0.45099985224855199     
  0.44591101320267001     
  0.44086987330139527     
  0.43587605388539585     
  0.43092917529387387     
  0.42602885712065486     
  0.42117471845697707     
  0.41636637812132749     
  0.41160345487668692     
  0.40688556763558115     
  0.40221233565334547     
  0.39758337871002680     
  0.39299831728134849     
  0.38845677269917622     
  0.38395836730191490     
  0.37950272457526635     
  0.37508946928377873     
  0.37071822759360096     
  0.36638862718685916     
  0.36210029736805049     
  0.35785286916285219     
  0.35364597540971854     
  0.34947925084463727     
  0.34535233217939831     
  0.34126485817371577     
  0.33721646970153585     
  0.33320680981184203     
  0.32923552378426302     
  0.32530225917977151     
  0.32140666588675315     
  0.31754839616270758     
  0.31372710467183618     
  0.30994244851875619     
  0.30619408727856878     
  0.30248168302350043     
  0.29880490034632290     
  0.29516340638074934     
  0.29155687081899173     
  0.28798496592665446     
  0.28444736655513581     
  0.28094375015168938     
  0.27747379676729989     
  0.27403718906251162     
  0.27063361231134597     
  0.26726275440343095     
  0.26392430584446513     
  0.26061795975512503     
  0.25734341186852538     
  0.25410036052632901     
  0.25088850667360307     
  0.24770755385250809     
  0.24455720819490467     
  0.24143717841395640     
  0.23834717579480191     
  0.23528691418436654     
  0.23225610998037816     
  0.22925448211964805     
  0.22628175206567813     
  0.22333764379564336     
  0.22042188378680216     
  0.21753420100238663     
  0.21467432687700927     
  0.21184199530163728     
  0.20903694260816463     
  0.20625890755362830     
  0.20350763130409288     
  0.20078285741824664     
  0.19808433183073082     
  0.19541180283523474     
  0.19276502106738147     
  0.19014373948743235     
  0.18754771336282672     
  0.18497670025058666     
  0.18243045997960050     
  0.17990875463280864     
  0.17741134852930496     
  0.17493800820637362     
  0.17248850240147595     
  0.17006260203420176     
  0.16766008018819600     
  0.16528071209307593     
  0.16292427510634999     
  0.16059054869534961     
  0.15827931441918031     
  0.15599035591070431     
  0.15372345885856586     
  0.15147841098925996     
  0.14925500204925868     
  0.14705302378719898     
  0.14487226993613778     
  0.14271253619588098     
  0.14057362021539155     
  0.13845532157528306     
  0.13635744177039921     
  0.13427978419248876     
  0.13222215411297511     
  0.13018435866582645     
  0.12816620683052937     
  0.12616750941516774     
  0.12418807903961193     
  0.12222773011881571     
  0.12028627884622956     
  0.11836354317732778     
  0.11645934281325077     
  0.11457349918456838     
  0.11270583543516044     
  0.11085617640621903     
  0.10902434862037191     
  0.10721018026592932     
  0.10541350118125270     
  0.10363414283924843     
  0.10187193833198549     
  0.10012672235543874     
   9.8398331194355038E-002
   9.6686602707246161E-002
   9.4991376311507780E-002
   9.3312492968661065E-002
   9.1649795169721715E-002
   9.0003126920694010E-002
   8.8372333728188535E-002
   8.6757262585164030E-002
   8.5157761956796474E-002
   8.3573681766468511E-002
   8.2004873381885224E-002
   8.0451189601309814E-002
   7.8912484639926284E-002
   7.7388614116318699E-002
   7.5879435039077237E-002
   7.4384805793519693E-002
   7.2904586128537341E-002
   7.1438637143559358E-002
   6.9986821275632716E-002
   6.8549002286626193E-002
   6.7125045250545634E-002
   6.5714816540969112E-002
   6.4318183818598218E-002
   6.2935016018922596E-002
   6.1565183339999496E-002
   6.0208557230347015E-002
   5.8865010376950577E-002
   5.7534416693378887E-002
   5.6216651308012233E-002
   5.4911590552382705E-002
   5.3619111949620324E-002
   5.2339094203010417E-002
   5.1071417184655798E-002
   4.9815961924248420E-002
   4.8572610597944488E-002
   4.7341246517346613E-002
   4.6121754118587877E-002
   4.4914018951521806E-002
   4.3717927669010725E-002
   4.2533368016321127E-002
   4.1360228820612965E-002
   4.0198399980535315E-002
   3.9047772455915952E-002
   3.7908238257551297E-002
   3.6779690437093171E-002
   3.5662023077032368E-002
   3.4555131280775253E-002
   3.3458911162818517E-002
   3.2373259839015178E-002
   3.1298075416933635E-002
   3.0233256986310630E-002
   2.9178704609593487E-002
   2.8134319312572709E-002
   2.7100003075106960E-002
   2.6075658821932635E-002
   2.5061190413565360E-002
   2.4207795565539092E-002
   2.5257325238462358E-002
   2.6296736252913511E-002
   2.7326126162417586E-002
   2.8345591580105300E-002
   2.9355228187772253E-002
   3.0355130744849190E-002
   3.1345393097287122E-002
   3.2326108186357838E-002
   3.3297368057368826E-002
   3.4259263868296363E-002
   3.5211885898333128E-002
   3.6155323556356311E-002
   3.7089665389313353E-002
   3.8014999090526191E-002
   3.8931411507918123E-002
   3.9838988652159069E-002
   4.0737815704734781E-002
   4.1627977025936458E-002
   4.2509556162775630E-002
   4.3382635856820673E-002
   4.4247298051960038E-002
   4.5103623902090217E-002
   4.5951693778728209E-002
   4.6791587278553703E-002
   4.7623383230876004E-002
   4.8447159705030440E-002
   4.9262994017703177E-002
   5.0070962740186853E-002
   5.0871141705563172E-002
   5.1663606015820318E-002
   5.2448430048898764E-002
   5.3225687465671134E-002
   5.3995451216854118E-002
   5.4757793549853440E-002
   5.5512786015543658E-002
   5.6260499474982795E-002
   5.7001004106060682E-002
   5.7734369410086583E-002
   5.8460664218308644E-002
   5.9179956698375613E-002
   5.9892314360732057E-002
   6.0597804064954852E-002
   6.1296492026027605E-002
   6.1988443820553574E-002
   6.2673724392910968E-002
   6.3352398061347293E-002
   6.4024528524015301E-002
   6.4690178864950654E-002
   6.5349411559993187E-002
   6.6002288482648219E-002
   6.6648870909896130E-002
   6.7289219527940869E-002
   6.7923394437905960E-002
   6.8551455161476205E-002
   6.9173460646481555E-002
   6.9789469272431348E-002
   7.0399538855992594E-002
   7.1003726656415411E-002
   7.1602089380908951E-002
   7.2194683189961140E-002
   7.2781563702611018E-002
   7.3362786001667790E-002
   7.3938404638881794E-002
   7.4508473640062634E-002
   7.5073046510151120E-002
   7.5632176238240256E-002
   7.6185915302548368E-002
   7.6734315675344389E-002
   7.7277428827826178E-002
   7.7815305734950990E-002
   7.8347996880219539E-002
   7.8875552260414317E-002
   7.9398021390292173E-002
   7.9915453307230155E-002
   8.0427896575830160E-002
   8.0935399292475840E-002
   8.1438009089846108E-002
   8.1935773141386337E-002
   8.2428738165736593E-002
   8.2916950431114467E-002
   8.3400455759659597E-002
   8.3879299531733009E-002
   8.4353526690177150E-002
   8.4823181744533849E-002
   8.5288308775221089E-002
   8.5748951437671028E-002
   8.6205152966426724E-002
   8.6656956179200995E-002
   8.7104403480893655E-002
   8.7547536867572884E-002
   8.7986397930415738E-002
   8.8421027859612145E-002
   8.8851467448230914E-002
   8.9277757096048904E-002
   8.9699936813341319E-002
   9.0118046224638704E-002
   9.0532124572444528E-002
   9.0942210720919237E-002
   9.1348343159527667E-002
   9.1750560006651383E-002
   9.2148899013166474E-002
   9.2543397565986951E-002
   9.2934092691572823E-002
   9.3321021059406428E-002
   9.3704218985433907E-002
   9.4083722435472361E-002
   9.4459567028587821E-002
   9.4831788040436016E-002
   9.5200420406575281E-002
   9.5565498725743048E-002
   9.5927057263105908E-002
   9.6285129953473825E-002
   9.6639750404485358E-002
   9.6990951899762479E-002
   9.7338767402034621E-002
   9.7683229556231543E-002
   9.8024370692547991E-002
   9.8362222829477819E-002
   9.8696817676819149E-002
   9.9028186638651317E-002
   9.9356360816280631E-002
   9.9681371011161479E-002
  0.10000324772778590     
  0.10032202117654676     
  0.10063772127657367     
  0.10095037765854098     
  0.10126001966744846     
  0.10156667636537664     
  0.10187037653421260     
  0.10217114867835320     
  0.10246902102737909     
  0.10276402153870512     
  0.10305617790020416     
  0.10334551753280463     
  0.10363206759306665     
  0.10391585497572819     
  0.10419690631623157     
  0.10447524799322117     
  0.10475090613102078     
  0.10502390660208616     
  0.10529427502943101     
  0.10556203678903420     
  0.10582721701221964     
  0.10608984058801707     
  0.10634993216549593     
  0.10660751615608022     
  0.10686261673583930     
  0.10711525784775611     
  0.10736546320397711     
  0.10761325628803409     
  0.10785866035705149     
  0.10810169844392670     
  0.10834239335949403     
  0.10858076769466418     
  0.10881684382254520     
  0.10905064390054275     
  0.10928218987243787     
  0.10951150347044947     
  0.10973860621727116     
  0.10996351942809324     
  0.11018626421260302     
  0.11040686147696510     
  0.11062533192578416     
  0.11084169606404881     
  0.11105597419905555     
  0.11126818644231462     
  0.11147835271143713     
  0.11168649273200670     
  0.11189262603942773     
  0.11209677198076151     
  0.11229894971654053     
  0.11249917822256728     
  0.11269747629169546     
  0.11289386253559375     
  0.11308835538649342     
  0.11328097309891549     
  0.11347173375138775     
  0.11366065524813940     
  0.11384775532078173     
  0.11403305152997278     
  0.11421656126706492     
  0.11439830175573795     
  0.11457829005361542     
  0.11475654305386485     
  0.11493307748678427     
  0.11510790992137210     
  0.11528105676688249     
  0.11545253427436442     
  0.11562235853818814     
  0.11579054549755585     
  0.11595711093799643     
  0.11612207049284828     
  0.11628543964472615     
  0.11644723372697374     
  0.11660746792510435     
  0.11676615727822393     
  0.11692331668044531     
  0.11707896088228353     
  0.11723310449204205     
  0.11738576197718231     
  0.11753694766568401     
  0.11768667574738689     
  0.11783496027532525     
  0.11798181516704442     
  0.11812725420590953     
  0.11827129104239731     
  0.11841393919537824     
  0.11855521205338482     
  0.11869512287586836     
  0.11883368479444378     
  0.11897091081412170     
  0.11910681381452992     
  0.11924140655112136     
  0.11937470165636999     
  0.11950671164095961     
  0.11963744889495587     
  0.11976692568897018     
  0.11989515417530971     
  0.12002214638912001     
  0.12014791424951432     
  0.12027246956069071     
  0.12039582401304072     
  0.12051798918424850     
  0.12063897654037414     
  0.12075879743693219     
  0.12087746311995651     
  0.12099498472705661     
  0.12111137328846144     
  0.12122663972805636     
  0.12134079486440830     
  0.12145384941177895     
  0.12156581398113309     
  0.12167669908113310     
  0.12178651511912575     
  0.12189527240211895     
  0.12200298113774855     
  0.12210965143523733     
  0.12221529330634251     
  0.12231991666629716     
  0.12242353133473949     
  0.12252614703663478     
  0.12262777340318909     
  0.12272841997275141     
  0.12282809619171053     
  0.12292681141538031     
  0.12302457490887941     
  0.12312139584799908     
  0.12321728332006576     
  0.12331224632479310     
  0.12340629377512724     
  0.12349943449808265     
  0.12359167723557163     
  0.12368303064522412     
  0.12377350330119952     
  0.12386310369499376     
  0.12395184023623407     
  0.12403972125346874     
  0.12412675499494985     
  0.12421294962940577     
  0.12429831324680984     
  0.12438285385913739     
  0.12446657940111994     
  0.12454949773098867     
  0.12463161663121158     
  0.12471294380922582     
  0.12479348689815861     
  0.12487325345754585     
  0.12495225097403995     
  0.12503048686211349     
  0.12510796846475558     
  0.12518470305415930     
  0.12526069783240512     
  0.12533595993213797     
  0.12541049641723534     
  0.12548431428347095     
  0.12555742045917029     
  0.12562982180586246     
  0.12570152511892307     
  0.12577253712821257     
  0.12584286449870774     
  0.12591251383112634     
  0.12598149166254924     
  0.12604980446703018     
  0.12611745865620705     
  0.12618446057990074     
  0.12625081652671355     
  0.12631653272461785     
  0.12638161534154135     
  0.12644607048594469     
  0.12650990420739716     
  0.12657312249714248     
  0.12663573128866168     
  0.12669773645823090     
  0.12675914382547071     
  0.12681995915389499     
  0.12688018815144964     
  0.12693983647105034     
  0.12699890971111105     
  0.12705741341607091     
  0.12711535307691424     
  0.12717273413168595     
  0.12722956196600110     
  0.12728584191355252     
  0.12734157925660883     
  0.12739677922651205     
  0.12745144700416700     
  0.12750558772052956     
  0.12755920645708652     
  0.12761230824633407     
  0.12766489807224812     
  0.12771698087075412     
  0.12776856153018867     
  0.12781964489176012     
  0.12787023575000078     
  0.12792033885321885     
  0.12796995890394314     
  0.12801910055936427     
  0.12806776843177237     
  0.12811596708898909     
  0.12816370105479824     
  0.12821097480936783     
  0.12825779278967242     
  0.12830415938990858     
  0.12835007896190853     
  0.12839555581554651     
  0.12844059421914533     
  0.12848519839987582     
  0.12852937254415431     
  0.12857312079803473     
  0.12861644726759880     
  0.12865935601934031     
  0.12870185108054755     
  0.12874393643968096     
  0.12878561604674710     
  0.12882689381367118     
  0.12886777361466106     
  0.12890825928657423     
  0.12894835462927534     
  0.12898806340599500     
  0.12902738934368063     
  0.12906633613334839     
  0.12910490743042824     
  0.12914310685510832     
  0.12918093799267227     
  0.12921840439383958     
  0.12925550957509491     
  0.12929225701902092     
  0.12932865017462358     
  0.12936469245765636     
  0.12940038725094105     
  0.12943573790468554     
  0.12947074773679734     
  0.12950542003319510     
  0.12953975804811724     
  0.12957376500442863     
  0.12960744409392144     
  0.12964079847761556     
  0.12967383128605392     
  0.12970654561959738     
  0.12973894454871759     
  0.12977103111428079     
  0.12980280832783753     
  0.12983427917190271     
  0.12986544660023647     
  0.12989631353812059     
  0.12992688288263521     
  0.12995715750292813     
  0.12998714024048508     
  0.13001683390939722     
  0.13004624129662412     
  0.13007536516225615     
  0.13010420823977276     
  0.13013277323629957     
  0.13016106283286244     
  0.13018907968463900     
  0.13021682642120824     
  0.13024430564679657     
  0.13027151994052244     
  0.13029847185663868     
  0.13032516392477200     
  0.13035159865016133     
  0.13037777851389087     
  0.13040370597312556     
  0.13042938346133948     
  0.13045481338854592     
  0.13047999814152189     
  0.13050494008403435     
  0.13052964155705982     
  0.13055410487900487     
  0.13057833234592464     
  0.13060232623173706     
  0.13062608878843762     
  0.13064962224630938     
  0.13067292881413262     
  0.13069601067939240     
  0.13071887000848492     
  0.13074150894691838     
  0.13076392961951666     
  0.13078613413061713     
  0.13080812456426982     
  0.13082990298443198     
  0.13085147143516118     
  0.13087283194080790     
  0.13089398650620598     
  0.13091493711686075     
  0.13093568573913372     
  0.13095623432042980     
  0.13097658478937713     
  0.13099673905601072     
  0.13101669901195057     
  0.13103646653057832     
  0.13105604346721500     
  0.13107543165929370     
  0.13109463292653256     
  0.13111364907110579     
  0.13113248187781257     
  0.13115113311424342     
  0.13116960453094895     
  0.13118789786160123     
  0.13120601482315819     
  0.13122395711602386     
  0.13124172642420850     
  0.13125932441548716     
  0.13127675274155504     
  0.13129401303818278     
  0.13131110692537096     
  0.13132803600750109     
  0.13134480187348618     
  0.13136140609692148     
  0.13137785023622950     
  0.13139413583480852     
  0.13141026442117698     
  0.13142623750911553     
  0.13144205659781116     
  0.13145772317199644     
  0.13147323870209005     
  0.13148860464433287     
  0.13150382244092729     
  0.13151889352017010     
  0.13153381929658869     
  0.13154860117107203     
  0.13156324053100255     
  0.13157773875038759     
  0.13159209718998710     
  0.13160631719744109     
  0.13162040010739795     
  0.13163434724163725     
  0.13164815990919632     
  0.13166183940649057     
  0.13167538701743742     
  0.13168880401357508     
  0.13170209165418334     
  0.13171525118640059     
  0.13172828384534152     
  0.13174119085421299     
  0.13175397342442841     
  0.13176663275572187     
  0.13177917003626116     
  0.13179158644275768     
  0.13180388314057834     
  0.13181606128385526     
  0.13182812201559257     
  0.13184006646777524     
  0.13185189576147383     
  0.13186361100695043     
  0.13187521330376373     
  0.13188670374087064     
  0.13189808339672937     
  0.13190935333940113     
  0.13192051462664911     
  0.13193156830603869     
  0.13194251541503510     
  0.13195335698110178     
  0.13196409402179610     
  0.13197472754486483     
  0.13198525854833854     
  0.13199568802062633     
  0.13200601694060743     
  0.13201624627772346     
  0.13202637699207020     
  0.13203641003448618     
  0.13204634634664281     
  0.13205618686113296     
  0.13206593250155807     
  0.13207558418261534     
  0.13208514281018280     
  0.13209460928140460     
  0.13210398448477623     
  0.13211326930022649     
  0.13212246459920007     
  0.13213157124474062     
  0.13214059009157109     
  0.13214952198617325     
  0.13215836776686896     
  0.13216712826389632     
  0.13217580429948983     
  0.13218439668795656     
  0.13219290623575231     
  0.13220133374155840     
  0.13220967999635547     
  0.13221794578349777     
  0.13222613187878807     
  0.13223423905054865     
  0.13224226805969508     
  0.13225021965980610     
  0.13225809459719517     
  0.13226589361098062     
  0.13227361743315469     
  0.13228126678865282     
  0.13228884239542049     
  0.13229634496448206     
  0.13230377520000602     
  0.13231113379937232     
  0.13231842145323713     
  0.13232563884559823     
  0.13233278665385884     
  0.13233986554889077     
  0.13234687619509811     
  0.13235381925047918     
  0.13236069536668893     
  0.13236750518909890     
  0.13237424935685915     
  0.13238092850295713     
  0.13238754325427782     
  0.13239409423166193     
  0.13240058204996452     
  0.13240700731811361     
  0.13241337063916547     
  0.13241967261036258     
  0.13242591382318936     
  0.13243209486342722     
  0.13243821631121078     
  0.13244427874108067     
  0.13245028272203863     
  0.13245622881760055     
  0.13246211758584914     
  0.13246794957948693     
  0.13247372534588742     
  0.13247944542714696     
  0.13248511036013544     
  0.13249072067654666     
  0.13249627690294830     
  0.13250177956083120     
  0.13250722916665869     
  0.13251262623191407     
  0.13251797126315079     
  0.13252326476203691     
  0.13252850722540477     
  0.13253369914529678     
  0.13253884100901048     
  0.13254393329914627     
  0.13254897649365138     
  0.13255397106586519     
  0.13255891748456317     
  0.13256381621400193     
  0.13256866771396147     
  0.13257347243978934     
  0.13257823084244258     
  0.13258294336853060     
  0.13258761046035761     
  0.13259223255596297     
  0.13259681008916258     
  0.13260134348959007     
  0.13260583318273711     
  0.13261027958999305     
  0.13261468312868452     
  0.13261904421211446     
  0.13262336324960122     
  0.13262764064651722     
  0.13263187680432575     
  0.13263607212061990     
  0.13264022698916045     
  0.13264434179991014     
  0.13264841693907337     
  0.13265245278913107     
  0.13265644972887536     
  0.13266040813344726     
  0.13266432837437114     
  0.13266821081958935     
  0.13267205583349573     
  0.13267586377697271     
  0.13267963500742286     
  0.13268336987880214     
  0.13268706874165503     
  0.13269073194314518     
  0.13269435982708977     
  0.13269795273399154     
  0.13270151100106986     
  0.13270503496229358     
  0.13270852494841101     
  0.13271198128698192     
  0.13271540430240836     
  0.13271879431596378     
  0.13272215164582479     
  0.13272547660710043     
  0.13272876951186219     
  0.13273203066917216     
  0.13273526038511307     
  0.13273845896281600     
  0.13274162670249012     
  0.13274476390145029     
  0.13274787085414430     
  0.13275094785218200     
  0.13275399518436126     
  0.13275701313669530     
  0.13276000199244042     
  0.13276296203212157     
  0.13276589353355939     
  0.13276879677189624     
  0.13277167201962059     
  0.13277451954659547     
  0.13277733962008109     
  0.13278013250476106     
  0.13278289846276770     
  0.13278563775370511     
  0.13278835063467498     
  0.13279103736030073     
  0.13279369818275000     
  0.13279633335176011     
  0.13279894311465990     
  0.13280152771639431     
  0.13280408739954619     
  0.13280662240436003     
  0.13280913296876284     
  0.13281161932838992     
  0.13281408171660303     
  0.13281652036451486     
  0.13281893550100987     
  0.13282132735276542     
  0.13282369614427325     
  0.13282604209786175     
  0.13282836543371479     
  0.13283066636989349     
  0.13283294512235755     
  0.13283520190498366     
  0.13283743692958616     
  0.13283965040593881     
  0.13284184254179143     
  0.13284401354289121     
  0.13284616361300250     
  0.13284829295392409     
  0.13285040176550944     
  0.13285249024568557     
  0.13285455859047102     
  0.13285660699399449     
  0.13285863564851308     
  0.13286064474443049     
  0.13286263447031432     
  0.13286460501291431     
  0.13286655655717938     
  0.13286848928627615     
  0.13287040338160483     
  0.13287229902281661     
  0.13287417638783072     
  0.13287603565285133     
  0.13287787699238351     
  0.13287970057924947     
  0.13288150658460585     
  0.13288329517795905     
  0.13288506652718146     
  0.13288682079852654     
  0.13288855815664435     
  0.13289027876459869     
  0.13289198278388104     
  0.13289367037442501     
  0.13289534169462280     
  0.13289699690134027     
  0.13289863614992958     
  0.13290025959424612     
  0.13290186738666088     
  0.13290345967807715     
  0.13290503661794228     
  0.13290659835426410     
  0.13290814503362114     
  0.13290967680118126     
  0.13291119380071126     
  0.13291269617459212     
  0.13291418406383215     
  0.13291565760808011     
  0.13291711694563912     
  0.13291856221347742     
  0.13291999354724449     
  0.13292141108128019     
  0.13292281494863056     
  0.13292420528105819     
  0.13292558220905581     
  0.13292694586185783     
  0.13292829636745207     
  0.13292963385259382     
  0.13293095844281511     
  0.13293227026243781     
  0.13293356943458545     
  0.13293485608119449     
  0.13293613032302631     
  0.13293739227967705     
  0.13293864206958994     
  0.13293987981006716     
  0.13294110561727868     
  0.13294231960627600     
  0.13294352189099978     
  0.13294471258429330     
  0.13294589179791139     
  0.13294705964253151     
  0.13294821622776354     
  0.13294936166216198     
  0.13295049605323395     
  0.13295161950744938     
  0.13295273213025283     
  0.13295383402607142     
  0.13295492529832620     
  0.13295600604944036     
  0.13295707638085030     
  0.13295813639301413     
  0.13295918618542113     
  0.13296022585660250     
  0.13296125550413751     
  0.13296227522466664     
  0.13296328511389754     
  0.13296428526661574     
  0.13296527577669237     
  0.13296625673709372     
  0.13296722823989016     
  0.13296819037626340     
  0.13296914323651721     
  0.13297008691008427     
  0.13297102148553464     
  0.13297194705058502     
  0.13297286369210615     
  0.13297377149613121     
  0.13297467054786427     
  0.13297556093168739     
  0.13297644273116971     
  0.13297731602907392     
  0.13297818090736513     
  0.13297903744721862     
  0.13297988572902653     
  0.13298072583240605     
  0.13298155783620680     
  0.13298238181851807     
  0.13298319785667623     
  0.13298400602727245     
  0.13298480640615939     
  0.13298559906845830     
  0.13298638408856567     
  0.13298716154016121     
  0.13298793149621480     
  0.13298869402899149     
  0.13298944921006095     
  0.13299019711030158     
  0.13299093779990967     
  0.13299167134840384     
  0.13299239782463324     
  0.13299311729678198     
  0.13299382983237806     
  0.13299453549829843     
  0.13299523436077365     
  0.13299592648539793     
  0.13299661193713153     
  0.13299729078030920     
  0.13299796307864487     
  0.13299862889523850     
  0.13299928829258167     
  0.13299994133256354     
  0.13300058807647663     
  0.13300122858502172     
  0.13300186291831606     
  0.13300249113589580     
  0.13300311329672332     
  0.13300372945919325     
  0.13300433968113645     
  0.13300494401982643     
  0.13300554253198538     
  0.13300613527378724     
  0.13300672230086508     
  0.13300730366831526     
  0.13300787943070369     
  0.13300844964206981     
  0.13300901435593149     
  0.13300957362529120     
  0.13301012750264030     
  0.13301067603996453     
  0.13301121928874737     
  0.13301175729997672     
  0.13301229012414884     
  0.13301281781127283     
  0.13301334041087598     
  0.13301385797200838     
  0.13301437054324627     
  0.13301487817269808     
  0.13301538090800835     
  0.13301587879636223     
  0.13301637188449078     
  0.13301686021867298     
  0.13301734384474262     
  0.13301782280809205     
  0.13301829715367441     
  0.13301876692601056     
  0.13301923216919231     
  0.13301969292688609     
  0.13302014924233685     
  0.13302060115837278     
  0.13302104871740994     
  0.13302149196145496     
  0.13302193093210901     
  0.13302236567057291     
  0.13302279621764956     
  0.13302322261374888     
  0.13302364489889151     
  0.13302406311271153     
  0.13302447729446132     
  0.13302488748301489     
  0.13302529371687122     
  0.13302569603415804     
  0.13302609447263580     
  0.13302648906970083     
  0.13302687986238881     
  0.13302726688737865     
  0.13302765018099505     
  0.13302802977921302     
  0.13302840571765961     
  0.13302877803162083     
  0.13302914675604005     
  0.13302951192552492     
  0.13302987357434892     
  0.13303023173645512     
  0.13303058644545951     
  0.13303093773465480     
  0.13303128563701150     
  0.13303163018518305     
  0.13303197141150735     
  0.13303230934801058     
  0.13303264402641068     
  0.13303297547812010     
  0.13303330373424727     
  0.13303362882560155     
  0.13303395078269542     
  0.13303426963574605     
  0.13303458541468038     
  0.13303489814913694     
  0.13303520786846779     
  0.13303551460174190     
  0.13303581837774892     
  0.13303611922499980     
  0.13303641717173176     
  0.13303671224590863     
  0.13303700447522537     
  0.13303729388711005     
  0.13303758050872583     
  0.13303786436697385     
  0.13303814548849657     
  0.13303842389967935     
  0.13303869962665282     
  0.13303897269529563     
  0.13303924313123749     
  0.13303951095986055     
  0.13303977620630292     
  0.13304003889545934     
  0.13304029905198544     
  0.13304055670029813     
  0.13304081186458006     
  0.13304106456877962     
  0.13304131483661519     
  0.13304156269157641     
  0.13304180815692623     
  0.13304205125570268     
  0.13304229201072260     
  0.13304253044458325     
  0.13304276657966230     
  0.13304300043812312     
  0.13304323204191504     
  0.13304346141277579     
  0.13304368857223325     
  0.13304391354160794     
  0.13304413634201495     
  0.13304435699436512     
  0.13304457551936899     
  0.13304479193753571     
  0.13304500626917881     
  0.13304521853441420     
  0.13304542875316483     
  0.13304563694516069     
  0.13304584312994261     
  0.13304604732686176     
  0.13304624955508415     
  0.13304644983358971     
  0.13304664818117629     
  0.13304684461646032     
  0.13304703915787863     
  0.13304723182368994     
  0.13304742263197800     
  0.13304761160065071     
  0.13304779874744477     
  0.13304798408992480     
  0.13304816764548688     
  0.13304834943135857     
  0.13304852946460177     
  0.13304870776211430     
  0.13304888434063034     
  0.13304905921672283     
  0.13304923240680555     
  0.13304940392713327     
  0.13304957379380422     
  0.13304974202276232     
  0.13304990862979604     
  0.13305007363054377     
  0.13305023704049068     
  0.13305039887497516     
  0.13305055914918595     
  0.13305071787816569     
  0.13305087507681246     
  0.13305103075988090     
  0.13305118494198243     
  0.13305133763758792     
  0.13305148886102924     
  0.13305163862649994     
  0.13305178694805653     
  0.13305193383962011     
  0.13305207931497676     
  0.13305222338778111     
  0.13305236607155546     
  0.13305250737969132     
  0.13305264732545119     
  0.13305278592197012     
  0.13305292318225703     
  0.13305305911919452     
  0.13305319374554059     
  0.13305332707393136     
  0.13305345911688060     
  0.13305358988678151     
  0.13305371939590738     
  0.13305384765641382     
  0.13305397468033919     
  0.13305410047960553     
  0.13305422506602005     
  0.13305434845127584     
  0.13305447064695319     
  0.13305459166452160     
  0.13305471151533910     
  0.13305483021065423     
  0.13305494776160809     
  0.13305506417923318     
  0.13305517947445611     
  0.13305529365809865     
  0.13305540674087712     
  0.13305551873340549     
  0.13305562964619488     
  0.13305573948965521     
  0.13305584827409667     
  0.13305595600972864     
  0.13305606270666304     
  0.13305616837491407     
  0.13305627302440004     
  0.13305637666494219     
  0.13305647930626874     
  0.13305658095801309     
  0.13305668162971518     
  0.13305678133082455     
  0.13305688007069905     
  0.13305697785860526     
  0.13305707470372186     
  0.13305717061513822     
  0.13305726560185627     
  0.13305735967279131     
  0.13305745283677273     
  0.13305754510254442     
  0.13305763647876612     
  0.13305772697401430     
  0.13305781659678240     
  0.13305790535548256     
  0.13305799325844481     
  0.13305808031391964     
  0.13305816653007807     
  0.13305825191501208     
  0.13305833647673504     
  0.13305842022318437     
  0.13305850316221979     
  0.13305858530162618     
  0.13305866664911270     
  0.13305874721231414     
  0.13305882699879223     
  0.13305890601603565     
  0.13305898427146046     
  0.13305906177241100     
  0.13305913852616191     
  0.13305921453991698     
  0.13305928982081050     
  0.13305936437590837     
  0.13305943821220834     
  0.13305951133663974     
  0.13305958375606619     
  0.13305965547728449     
  0.13305972650702658     
  0.13305979685195868     
  0.13305986651868329     
  0.13305993551373918     
  0.13306000384360228     
  0.13306007151468568     
  0.13306013853334053     
  0.13306020490585713     
  0.13306027063846537     
  0.13306033573733411     
  0.13306040020857357     
  0.13306046405823513     
  0.13306052729231110     
  0.13306058991673675     
  0.13306065193739003     
  0.13306071336009140     
  0.13306077419060647     
  0.13306083443464378     
  0.13306089409785815     
  0.13306095318584954     
  0.13306101170416351     
  0.13306106965829279     
  0.13306112705367634     
  0.13306118389570121     
  0.13306124018970289     
  0.13306129594096405     
  0.13306135115471829     
  0.13306140583614723     
  0.13306145999038321     
  0.13306151362250906     
  0.13306156673755831     
  0.13306161934051697     
  0.13306167143632130     
  0.13306172302986075     
  0.13306177412597875     
  0.13306182472947015     
  0.13306187484508469     
  0.13306192447752618     
  0.13306197363145289     
  0.13306202231147846     
  0.13306207052217189     
  0.13306211826805714     
  0.13306216555361683     
  0.13306221238328786     
  0.13306225876146627     
  0.13306230469250502     
  0.13306235018071511     
  0.13306239523036534     
  0.13306243984568411     
  0.13306248403085941     
  0.13306252779003791     
  0.13306257112732678     
  0.13306261404679343     
  0.13306265655246596     
  0.13306269864833409     
  0.13306274033834908     
  0.13306278162642360     
  0.13306282251643298     
  0.13306286301221504     
  0.13306290311757007     
  0.13306294283626241     
  0.13306298217202039     
  0.13306302112853530     
  0.13306305970946419     
  0.13306309791842774     
  0.13306313575901241     
  0.13306317323476935     
  0.13306321034921620     
  0.13306324710583661     
  0.13306328350808005     
  0.13306331955936335     
  0.13306335526307000     
  0.13306339062255113     
  0.13306342564112583     
  0.13306346032208038     
  0.13306349466866996     
  0.13306352868411842     
  0.13306356237161832     
  0.13306359573433069     
  0.13306362877538791     
  0.13306366149789040     
  0.13306369390491013     
  0.13306372599948824     
  0.13306375778463719     
  0.13306378926333995     
  0.13306382043855081     
  0.13306385131319654     
  0.13306388189017460     
  0.13306391217235491     
  0.13306394216257944     
  0.13306397186366326     
  0.13306400127839413     
  0.13306403040953207     
  0.13306405925981202     
  0.13306408783194179     
  0.13306411612860281     
  0.13306414415245049     
  0.13306417190611586     
  0.13306419939220349     
  0.13306422661329309     
  0.13306425357193929     
  0.13306428027067296     
  0.13306430671199942     
  0.13306433289840069     
  0.13306435883233436     
  0.13306438451623492     
  0.13306440995251223     
  0.13306443514355415     
  0.13306446009172479     
  0.13306448479936628     
  0.13306450926879698     
  0.13306453350231373     
  0.13306455750219071     
  0.13306458127068099     
  0.13306460481001547     
  0.13306462812240327     
  0.13306465121003241     
  0.13306467407507006     
  0.13306469671966181     
  0.13306471914593332     
  0.13306474135598889     
  0.13306476335191397     
  0.13306478513577247     
  0.13306480670960896     
  0.13306482807544850     
  0.13306484923529638     
  0.13306487019113855     
  0.13306489094494212     
  0.13306491149865440     
  0.13306493185420543     
  0.13306495201350477     
  0.13306497197844469     
  0.13306499175089948     
  0.13306501133272497     
  0.13306503072575859     
  0.13306504993182067     
  0.13306506895271375     
  0.13306508779022352     
  0.13306510644611724     
  0.13306512492214662     
  0.13306514322004515     
  0.13306516134153035     
  0.13306517928830375     
  0.13306519706204889     
  0.13306521466443488     
  0.13306523209711307     
  0.13306524936171993     
  0.13306526645987571     
  0.13306528339318513     
  0.13306530016323781     
  0.13306531677160738     
  0.13306533321985281     
  0.13306534950951843     
  0.13306536564213234     
  0.13306538161920889     
  0.13306539744224777     
  0.13306541311273423     
  0.13306542863213866     
  0.13306544400191789     
  0.13306545922351498     
  0.13306547429835747     
  0.13306548922786132     
  0.13306550401342720     
  0.13306551865644289     
  0.13306553315828284     
  0.13306554752030753     
  0.13306556174386586     
  0.13306557583029277     
  0.13306558978090965     
  0.13306560359702613     
  0.13306561727993937     
  0.13306563083093326     
  0.13306564425127965     
  0.13306565754223842     
  0.13306567070505682     
  0.13306568374097005     
  0.13306569665120183     
  0.13306570943696405     
  0.13306572209945666     
  0.13306573463986826     
  0.13306574705937524     
  0.13306575935914378     
  0.13306577154032806     
  0.13306578360407184     
  0.13306579555150666     
  0.13306580738375429     
  0.13306581910192472     
  0.13306583070711886     
  0.13306584220042539     
  0.13306585358292300     
  0.13306586485567995     
  0.13306587601975428     
  0.13306588707619360     
  0.13306589802603641     
  0.13306590887030967     
  0.13306591961003167     
  0.13306593024621005     
  0.13306594077984335     
  0.13306595121192011     
  0.13306596154341910     
  0.13306597177531043     
  0.13306598190855490     
  0.13306599194410285     
  0.13306600188289619     
