  0.95064568511969205     
  0.91110398485162458     
  0.88414532129138523     
  0.85901186967488063     
  0.83855970314546358     
  0.82489193946147754     
  0.81162742918587927     
  0.79878614793780112     
  0.78636881855726060     
  0.77436436182260648     
  0.76275466494464195     
  0.75215704620925017     
  0.74194096012657296     
  0.73198788128651837     
  0.72227843047293283     
  0.71279457966684390     
  0.70351976589665122     
  0.69443888872492643     
  0.68553824228346072     
  0.67680541613670031     
  0.66859275351920910     
  0.66070690694276724     
  0.65289693473321841     
  0.64515945855020418     
  0.63749162174242857     
  0.63030197594485360     
  0.62322337718894483     
  0.61759850017604934     
  0.61255206388519157     
  0.60729613768466550     
  0.60185321800393654     
  0.59624430522705896     
  0.59048895695018588     
  0.58460534515731122     
  0.57861031673991126     
  0.57251945659360948     
  0.56634715244829026     
  0.56010666059055103     
  0.55381017169085744     
  0.54746887603131145     
  0.54109302752850263     
  0.53469200604902711     
  0.52827437761596796     
  0.52184795219859004     
  0.51541983886223197     
  0.50899649812974790     
  0.50258379146961196     
  0.49618702787930413     
  0.48981100757655555     
  0.48346006284635978     
  0.47713809611933256     
  0.47084861537805267     
  0.46459476700338587     
  0.45837936618339015     
  0.45220492501403575     
  0.44607367842436224     
  0.43998760805948017     
  0.43394846425354150     
  0.42795778622191927     
  0.42201692059774798     
  0.41612703843299947     
  0.41028915077868411     
  0.40450412295278371     
  0.39877268759833007     
  0.39309545662776446     
  0.38747293214348433     
  0.38190551641835918     
  0.37639352101407281     
  0.37093717510944141     
  0.36553663310542178     
  0.36019198156836757     
  0.35490324556823200     
  0.34967039446385484     
  0.34449334718320995     
  0.33937197704252003     
  0.33430611614446165     
  0.32929555939226918     
  0.32434006815339705     
  0.31943937360349323     
  0.31459317977876428     
  0.30980116636235622     
  0.30506299122812569     
  0.30037829276311206     
  0.29574669198813291     
  0.29116779449420360     
  0.28664119221090356     
  0.28216646502137582     
  0.27774318223733840     
  0.27337090394628771     
  0.26904918224198848     
  0.26477756234835786     
  0.26055558364594422     
  0.25638278060938652     
  0.25225868366349119     
  0.24818281996488761     
  0.24415471411560602     
  0.24017388881435930     
  0.23623986545080405     
  0.23256129087336430     
  0.22916516743039239     
  0.22580935627727283     
  0.22249341333880823     
  0.21921689730436089     
  0.21597936974437026     
  0.21278039521782599     
  0.20961954137106731     
  0.20649637902829299     
  0.20341048227415193     
  0.20036142852879546     
  0.19734879861575927     
  0.19437217682303831     
  0.19143115095771179     
  0.18852531239446169     
  0.18565425611832309     
  0.18281758076199062     
  0.18001488863799175     
  0.17724578576603267     
  0.17450988189580197     
  0.17180679052551207     
  0.16913612891644336     
  0.16649751810374180     
  0.16389058290371405     
  0.16131495191784828     
  0.15877025753377827     
  0.15625613592340115     
  0.15377222703833893     
  0.15131817460293728     
  0.14889362610497170     
  0.14649823278423058     
  0.14413164961913183     
  0.14179353531151973     
  0.13948355226978293     
  0.13720136659042648     
  0.13494664803821832     
  0.13271907002503136     
  0.13051830958748634     
  0.12834404736350202     
  0.12619596756784579     
  0.12407375796677844     
  0.12200268465642572     
  0.11997904372283841     
  0.11797978311142954     
  0.11600461132042561     
  0.11405324018877760     
  0.11212538486727475     
  0.11022076378928114     
  0.10833909864113966     
  0.10648011433229165     
  0.10464353896515677     
  0.10282910380481358     
  0.10103654324851896     
   9.9265594795099998E-002
   9.7515999014254673E-002
   9.5787499515788910E-002
   9.4079842918818102E-002
   9.2392778820962307E-002
   9.0726059767555767E-002
   8.9079441220896949E-002
   8.7452681529556431E-002
   8.5845541897764166E-002
   8.4257786354893782E-002
   8.2689181725058902E-002
   8.1139497596836807E-002
   7.9608506293135206E-002
   7.8095982841212330E-002
   7.6601704942863336E-002
   7.5125452944783566E-002
   7.3667009809117445E-002
   7.2226161084202212E-002
   7.0802694875516159E-002
   6.9396401816836706E-002
   6.8007075041613296E-002
   6.6634510154566340E-002
   6.5278505203512305E-002
   6.3938860651420515E-002
   6.2615379348709088E-002
   6.1307866505780018E-002
   6.0016129665797835E-002
   5.8739978677715410E-002
   5.7479225669547218E-002
   5.6233685021895297E-002
   5.5003173341725997E-002
   5.3787509436400649E-002
   5.2586514287962571E-002
   5.1400011027676662E-002
   5.0227824910827890E-002
   4.9069783291773916E-002
   4.7925715599254848E-002
   4.6795453311959223E-002
   4.5678829934345466E-002
   4.4575680972717913E-002
   4.3485843911557964E-002
   4.2409158190109375E-002
   4.1345465179214669E-002
   4.0294608158405132E-002
   3.9256432293239052E-002
   3.8230784612890756E-002
   3.7217513987986006E-002
   3.6216471108684201E-002
   3.5227508463004931E-002
   3.4250480315398124E-002
   3.3285242685553884E-002
   3.2331653327453025E-002
   3.1389571708654085E-002
   3.0458858989818038E-002
   2.9539378004464711E-002
   2.8630993238961899E-002
   2.7733570812744301E-002
   2.6846978458760717E-002
   2.5971085504146174E-002
   2.5105762851118318E-002
   2.4250882958095965E-002
   2.3406319821036248E-002
   2.2571948954990373E-002
   2.1747647375872425E-002
   2.0933293582445445E-002
   2.0128767538514558E-002
   1.9333950655331056E-002
   1.8548725774202968E-002
   1.7772977149310032E-002
   1.7006590430722834E-002
   1.6249452647619345E-002
   1.6250888362128735E-002
