  0.39503409737799811     
  0.29398350037006116     
  0.21685164686588224     
  0.16835068360662608     
  0.14378602487669745     
  0.14154556152365483     
  0.14309724118180284     
  0.13963905259038203     
  0.13396325399360551     
  0.11613443781499613     
   9.9483697796262094E-002
   8.7290683443080247E-002
   7.6225774954781125E-002
   6.6312528306289920E-002
   6.0014194664549776E-002
   5.2871262592083225E-002
   4.5419215286972528E-002
   3.8421350956189114E-002
   3.2510951339861517E-002
   2.7573034648614152E-002
   2.3311850219574954E-002
   1.9609620825171620E-002
   1.6428425136559590E-002
   1.3725674265385367E-002
   1.1439615409971241E-002
   9.5069054415587682E-003
   7.8650341097747673E-003
   6.4593862250916442E-003
   5.2538741247477039E-003
   4.7440958141161671E-003
   4.6916967155437583E-003
   4.6469474051525905E-003
   4.6087486829576307E-003
   4.5761392402061118E-003
   4.5482962192665011E-003
   4.5245196302424739E-003
   4.5042152665666912E-003
   4.4868783025949210E-003
   4.4924676538201647E-003
