  0.10000000149011612     
  0.14736842246432053     
  0.19473684343852493     
  0.24210526441272937     
  0.28947368538693374     
  0.33684210636113820     
  0.38421052733534261     
  0.43157894830954702     
  0.47894736928375142     
  0.52631579025795583     
  0.57368421123216029     
  0.62105263220636464     
  0.66842105318056910     
  0.71578947415477356     
  0.76315789512897791     
  0.81052631610318238     
  0.85789473707738673     
  0.90526315805159119     
  0.95263157902579554     
   1.0000000000000000     
  0.10000000149011612     
  0.14736842246432053     
  0.19473684343852493     
  0.24210526441272937     
  0.28947368538693374     
  0.33684210636113820     
  0.38421052733534261     
  0.43157894830954702     
  0.47894736928375142     
  0.52631579025795583     
  0.57368421123216029     
  0.62105263220636464     
  0.66842105318056910     
  0.71578947415477356     
  0.76315789512897791     
  0.81052631610318238     
  0.85789473707738673     
  0.90526315805159119     
  0.95263157902579554     
   1.0000000000000000     
  0.10000000149011612     
  0.14736842246432053     
  0.19473684343852493     
  0.24210526441272937     
  0.28947368538693374     
  0.33684210636113820     
  0.38421052733534261     
  0.43157894830954702     
  0.47894736928375142     
  0.52631579025795583     
  0.57368421123216029     
  0.62105263220636464     
  0.66842105318056910     
  0.71578947415477356     
  0.76315789512897791     
  0.81052631610318238     
  0.85789473707738673     
  0.90526315805159119     
  0.95263157902579554     
   1.0000000000000000     
  0.10000000149011612     
  0.14736842246432053     
  0.19473684343852493     
  0.24210526441272937     
  0.28947368538693374     
  0.33684210636113820     
  0.38421052733534261     
  0.43157894830954702     
  0.47894736928375142     
  0.52631579025795583     
  0.57368421123216029     
  0.62105263220636464     
  0.66842105318056910     
  0.71578947415477356     
  0.76315789512897791     
  0.81052631610318238     
  0.85789473707738673     
  0.90526315805159119     
  0.95263157902579554     
   1.0000000000000000     
  0.10000000149011612     
  0.14736842246432053     
  0.19473684343852493     
  0.24210526441272937     
  0.28947368538693374     
  0.33684210636113820     
  0.38421052733534261     
  0.43157894830954702     
  0.47894736928375142     
  0.52631579025795583     
  0.57368421123216029     
  0.62105263220636464     
  0.66842105318056910     
  0.71578947415477356     
  0.76315789512897791     
  0.81052631610318238     
  0.85789473707738673     
  0.90526315805159119     
  0.95263157902579554     
   1.0000000000000000     
  0.10000000149011612     
  0.14736842246432053     
  0.19473684343852493     
  0.24210526441272937     
  0.28947368538693374     
  0.33684210636113820     
  0.38421052733534261     
  0.43157894830954702     
  0.47894736928375142     
  0.52631579025795583     
  0.57368421123216029     
  0.62105263220636464     
  0.66842105318056910     
  0.71578947415477356     
  0.76315789512897791     
  0.81052631610318238     
  0.85789473707738673     
  0.90526315805159119     
  0.95263157902579554     
   1.0000000000000000     
  0.10000000149011612     
  0.14736842246432053     
  0.19473684343852493     
  0.24210526441272937     
  0.28947368538693374     
  0.33684210636113820     
  0.38421052733534261     
  0.43157894830954702     
  0.47894736928375142     
  0.52631579025795583     
  0.57368421123216029     
  0.62105263220636464     
  0.66842105318056910     
  0.71578947415477356     
  0.76315789512897791     
  0.81052631610318238     
  0.85789473707738673     
  0.90526315805159119     
  0.95263157902579554     
   1.0000000000000000     
  0.10000000149011612     
  0.14736842246432053     
  0.19473684343852493     
  0.24210526441272937     
  0.28947368538693374     
  0.33684210636113820     
  0.38421052733534261     
  0.43157894830954702     
  0.47894736928375142     
  0.52631579025795583     
  0.57368421123216029     
  0.62105263220636464     
  0.66842105318056910     
  0.71578947415477356     
  0.76315789512897791     
  0.81052631610318238     
  0.85789473707738673     
  0.90526315805159119     
  0.95263157902579554     
   1.0000000000000000     
  0.10000000149011612     
  0.14736842246432053     
  0.19473684343852493     
  0.24210526441272937     
  0.28947368538693374     
  0.33684210636113820     
  0.38421052733534261     
  0.43157894830954702     
  0.47894736928375142     
  0.52631579025795583     
  0.57368421123216029     
  0.62105263220636464     
  0.66842105318056910     
  0.71578947415477356     
  0.76315789512897791     
  0.81052631610318238     
  0.85789473707738673     
  0.90526315805159119     
  0.95263157902579554     
   1.0000000000000000     
  0.10000000149011612     
  0.14736842246432053     
  0.19473684343852493     
  0.24210526441272937     
  0.28947368538693374     
  0.33684210636113820     
  0.38421052733534261     
  0.43157894830954702     
  0.47894736928375142     
  0.52631579025795583     
  0.57368421123216029     
  0.62105263220636464     
  0.66842105318056910     
  0.71578947415477356     
  0.76315789512897791     
  0.81052631610318238     
  0.85789473707738673     
  0.90526315805159119     
  0.95263157902579554     
   1.0000000000000000     
  0.10000000149011612     
  0.14736842246432053     
  0.19473684343852493     
  0.24210526441272937     
  0.28947368538693374     
  0.33684210636113820     
  0.38421052733534261     
  0.43157894830954702     
  0.47894736928375142     
  0.52631579025795583     
  0.57368421123216029     
  0.62105263220636464     
  0.66842105318056910     
  0.71578947415477356     
  0.76315789512897791     
  0.81052631610318238     
  0.85789473707738673     
  0.90526315805159119     
  0.95263157902579554     
   1.0000000000000000     
  0.10000000149011612     
  0.14736842246432053     
  0.19473684343852493     
  0.24210526441272937     
  0.28947368538693374     
  0.33684210636113820     
  0.38421052733534261     
  0.43157894830954702     
  0.47894736928375142     
  0.52631579025795583     
  0.57368421123216029     
  0.62105263220636464     
  0.66842105318056910     
  0.71578947415477356     
  0.76315789512897791     
  0.81052631610318238     
  0.85789473707738673     
  0.90526315805159119     
  0.95263157902579554     
   1.0000000000000000     
  0.10000000149011612     
  0.14736842246432053     
  0.19473684343852493     
  0.24210526441272937     
  0.28947368538693374     
  0.33684210636113820     
  0.38421052733534261     
  0.43157894830954702     
  0.47894736928375142     
  0.52631579025795583     
  0.57368421123216029     
  0.62105263220636464     
  0.66842105318056910     
  0.71578947415477356     
  0.76315789512897791     
  0.81052631610318238     
  0.85789473707738673     
  0.90526315805159119     
  0.95263157902579554     
   1.0000000000000000     
  0.10000000149011612     
  0.14736842246432053     
  0.19473684343852493     
  0.24210526441272937     
  0.28947368538693374     
  0.33684210636113820     
  0.38421052733534261     
  0.43157894830954702     
  0.47894736928375142     
  0.52631579025795583     
  0.57368421123216029     
  0.62105263220636464     
  0.66842105318056910     
  0.71578947415477356     
  0.76315789512897791     
  0.81052631610318238     
  0.85789473707738673     
  0.90526315805159119     
  0.95263157902579554     
   1.0000000000000000     
  0.10000000149011612     
  0.14736842246432053     
  0.19473684343852493     
  0.24210526441272937     
  0.28947368538693374     
  0.33684210636113820     
  0.38421052733534261     
  0.43157894830954702     
  0.47894736928375142     
  0.52631579025795583     
  0.57368421123216029     
  0.62105263220636464     
  0.66842105318056910     
  0.71578947415477356     
  0.76315789512897791     
  0.81052631610318238     
  0.85789473707738673     
  0.90526315805159119     
  0.95263157902579554     
   1.0000000000000000     
  0.10000000149011612     
  0.14736842246432053     
  0.19473684343852493     
  0.24210526441272937     
  0.28947368538693374     
  0.33684210636113820     
  0.38421052733534261     
  0.43157894830954702     
  0.47894736928375142     
  0.52631579025795583     
  0.57368421123216029     
  0.62105263220636464     
  0.66842105318056910     
  0.71578947415477356     
  0.76315789512897791     
  0.81052631610318238     
  0.85789473707738673     
  0.90526315805159119     
  0.95263157902579554     
   1.0000000000000000     
  0.10000000149011612     
  0.14736842246432053     
  0.19473684343852493     
  0.24210526441272937     
  0.28947368538693374     
  0.33684210636113820     
  0.38421052733534261     
  0.43157894830954702     
  0.47894736928375142     
  0.52631579025795583     
  0.57368421123216029     
  0.62105263220636464     
  0.66842105318056910     
  0.71578947415477356     
  0.76315789512897791     
  0.81052631610318238     
  0.85789473707738673     
  0.90526315805159119     
  0.95263157902579554     
   1.0000000000000000     
  0.10000000149011612     
  0.14736842246432053     
  0.19473684343852493     
  0.24210526441272937     
  0.28947368538693374     
  0.33684210636113820     
  0.38421052733534261     
  0.43157894830954702     
  0.47894736928375142     
  0.52631579025795583     
  0.57368421123216029     
  0.62105263220636464     
  0.66842105318056910     
  0.71578947415477356     
  0.76315789512897791     
  0.81052631610318238     
  0.85789473707738673     
  0.90526315805159119     
  0.95263157902579554     
   1.0000000000000000     
  0.10000000149011612     
  0.14736842246432053     
  0.19473684343852493     
  0.24210526441272937     
  0.28947368538693374     
  0.33684210636113820     
  0.38421052733534261     
  0.43157894830954702     
  0.47894736928375142     
  0.52631579025795583     
  0.57368421123216029     
  0.62105263220636464     
  0.66842105318056910     
  0.71578947415477356     
  0.76315789512897791     
  0.81052631610318238     
  0.85789473707738673     
  0.90526315805159119     
  0.95263157902579554     
   1.0000000000000000     
  0.10000000149011612     
  0.14736842246432053     
  0.19473684343852493     
  0.24210526441272937     
  0.28947368538693374     
  0.33684210636113820     
  0.38421052733534261     
  0.43157894830954702     
  0.47894736928375142     
  0.52631579025795583     
  0.57368421123216029     
  0.62105263220636464     
  0.66842105318056910     
  0.71578947415477356     
  0.76315789512897791     
  0.81052631610318238     
  0.85789473707738673     
  0.90526315805159119     
  0.95263157902579554     
   1.0000000000000000     
