  0.10000000149011612     
  0.12307692452883109     
  0.14615384756754607     
  0.16923077060626102     
  0.19230769364497602     
  0.21538461668369097     
  0.23846153972240594     
  0.26153846276112092     
  0.28461538579983592     
  0.30769230883855087     
  0.33076923187726581     
  0.35384615491598082     
  0.37692307795469576     
  0.40000000099341076     
  0.42307692403212571     
  0.44615384707084071     
  0.46923077010955566     
  0.49230769314827061     
  0.51538461618698561     
  0.53846153922570061     
  0.56153846226441551     
  0.58461538530313051     
  0.60769230834184551     
  0.63076923138056051     
  0.65384615441927540     
  0.67692307745799041     
  0.70000000049670541     
  0.72307692353542030     
  0.74615384657413530     
  0.76923076961285031     
  0.79230769265156531     
  0.81538461569028020     
  0.83846153872899520     
  0.86153846176771021     
  0.88461538480642510     
  0.90769230784514010     
  0.93076923088385510     
  0.95384615392257011     
  0.97692307696128500     
   1.0000000000000000     
  0.10000000149011612     
  0.12307692452883109     
  0.14615384756754607     
  0.16923077060626102     
  0.19230769364497602     
  0.21538461668369097     
  0.23846153972240594     
  0.26153846276112092     
  0.28461538579983592     
  0.30769230883855087     
  0.33076923187726581     
  0.35384615491598082     
  0.37692307795469576     
  0.40000000099341076     
  0.42307692403212571     
  0.44615384707084071     
  0.46923077010955566     
  0.49230769314827061     
  0.51538461618698561     
  0.53846153922570061     
  0.56153846226441551     
  0.58461538530313051     
  0.60769230834184551     
  0.63076923138056051     
  0.65384615441927540     
  0.67692307745799041     
  0.70000000049670541     
  0.72307692353542030     
  0.74615384657413530     
  0.76923076961285031     
  0.79230769265156531     
  0.81538461569028020     
  0.83846153872899520     
  0.86153846176771021     
  0.88461538480642510     
  0.90769230784514010     
  0.93076923088385510     
  0.95384615392257011     
  0.97692307696128500     
   1.0000000000000000     
  0.10000000149011612     
  0.12307692452883109     
  0.14615384756754607     
  0.16923077060626102     
  0.19230769364497602     
  0.21538461668369097     
  0.23846153972240594     
  0.26153846276112092     
  0.28461538579983592     
  0.30769230883855087     
  0.33076923187726581     
  0.35384615491598082     
  0.37692307795469576     
  0.40000000099341076     
  0.42307692403212571     
  0.44615384707084071     
  0.46923077010955566     
  0.49230769314827061     
  0.51538461618698561     
  0.53846153922570061     
  0.56153846226441551     
  0.58461538530313051     
  0.60769230834184551     
  0.63076923138056051     
  0.65384615441927540     
  0.67692307745799041     
  0.70000000049670541     
  0.72307692353542030     
  0.74615384657413530     
  0.76923076961285031     
  0.79230769265156531     
  0.81538461569028020     
  0.83846153872899520     
  0.86153846176771021     
  0.88461538480642510     
  0.90769230784514010     
  0.93076923088385510     
  0.95384615392257011     
  0.97692307696128500     
   1.0000000000000000     
  0.10000000149011612     
  0.12307692452883109     
  0.14615384756754607     
  0.16923077060626102     
  0.19230769364497602     
  0.21538461668369097     
  0.23846153972240594     
  0.26153846276112092     
  0.28461538579983592     
  0.30769230883855087     
  0.33076923187726581     
  0.35384615491598082     
  0.37692307795469576     
  0.40000000099341076     
  0.42307692403212571     
  0.44615384707084071     
  0.46923077010955566     
  0.49230769314827061     
  0.51538461618698561     
  0.53846153922570061     
  0.56153846226441551     
  0.58461538530313051     
  0.60769230834184551     
  0.63076923138056051     
  0.65384615441927540     
  0.67692307745799041     
  0.70000000049670541     
  0.72307692353542030     
  0.74615384657413530     
  0.76923076961285031     
  0.79230769265156531     
  0.81538461569028020     
  0.83846153872899520     
  0.86153846176771021     
  0.88461538480642510     
  0.90769230784514010     
  0.93076923088385510     
  0.95384615392257011     
  0.97692307696128500     
   1.0000000000000000     
  0.10000000149011612     
  0.12307692452883109     
  0.14615384756754607     
  0.16923077060626102     
  0.19230769364497602     
  0.21538461668369097     
  0.23846153972240594     
  0.26153846276112092     
  0.28461538579983592     
  0.30769230883855087     
  0.33076923187726581     
  0.35384615491598082     
  0.37692307795469576     
  0.40000000099341076     
  0.42307692403212571     
  0.44615384707084071     
  0.46923077010955566     
  0.49230769314827061     
  0.51538461618698561     
  0.53846153922570061     
  0.56153846226441551     
  0.58461538530313051     
  0.60769230834184551     
  0.63076923138056051     
  0.65384615441927540     
  0.67692307745799041     
  0.70000000049670541     
  0.72307692353542030     
  0.74615384657413530     
  0.76923076961285031     
  0.79230769265156531     
  0.81538461569028020     
  0.83846153872899520     
  0.86153846176771021     
  0.88461538480642510     
  0.90769230784514010     
  0.93076923088385510     
  0.95384615392257011     
  0.97692307696128500     
   1.0000000000000000     
  0.10000000149011612     
  0.12307692452883109     
  0.14615384756754607     
  0.16923077060626102     
  0.19230769364497602     
  0.21538461668369097     
  0.23846153972240594     
  0.26153846276112092     
  0.28461538579983592     
  0.30769230883855087     
  0.33076923187726581     
  0.35384615491598082     
  0.37692307795469576     
  0.40000000099341076     
  0.42307692403212571     
  0.44615384707084071     
  0.46923077010955566     
  0.49230769314827061     
  0.51538461618698561     
  0.53846153922570061     
  0.56153846226441551     
  0.58461538530313051     
  0.60769230834184551     
  0.63076923138056051     
  0.65384615441927540     
  0.67692307745799041     
  0.70000000049670541     
  0.72307692353542030     
  0.74615384657413530     
  0.76923076961285031     
  0.79230769265156531     
  0.81538461569028020     
  0.83846153872899520     
  0.86153846176771021     
  0.88461538480642510     
  0.90769230784514010     
  0.93076923088385510     
  0.95384615392257011     
  0.97692307696128500     
   1.0000000000000000     
  0.10000000149011612     
  0.12307692452883109     
  0.14615384756754607     
  0.16923077060626102     
  0.19230769364497602     
  0.21538461668369097     
  0.23846153972240594     
  0.26153846276112092     
  0.28461538579983592     
  0.30769230883855087     
  0.33076923187726581     
  0.35384615491598082     
  0.37692307795469576     
  0.40000000099341076     
  0.42307692403212571     
  0.44615384707084071     
  0.46923077010955566     
  0.49230769314827061     
  0.51538461618698561     
  0.53846153922570061     
  0.56153846226441551     
  0.58461538530313051     
  0.60769230834184551     
  0.63076923138056051     
  0.65384615441927540     
  0.67692307745799041     
  0.70000000049670541     
  0.72307692353542030     
  0.74615384657413530     
  0.76923076961285031     
  0.79230769265156531     
  0.81538461569028020     
  0.83846153872899520     
  0.86153846176771021     
  0.88461538480642510     
  0.90769230784514010     
  0.93076923088385510     
  0.95384615392257011     
  0.97692307696128500     
   1.0000000000000000     
  0.10000000149011612     
  0.12307692452883109     
  0.14615384756754607     
  0.16923077060626102     
  0.19230769364497602     
  0.21538461668369097     
  0.23846153972240594     
  0.26153846276112092     
  0.28461538579983592     
  0.30769230883855087     
  0.33076923187726581     
  0.35384615491598082     
  0.37692307795469576     
  0.40000000099341076     
  0.42307692403212571     
  0.44615384707084071     
  0.46923077010955566     
  0.49230769314827061     
  0.51538461618698561     
  0.53846153922570061     
  0.56153846226441551     
  0.58461538530313051     
  0.60769230834184551     
  0.63076923138056051     
  0.65384615441927540     
  0.67692307745799041     
  0.70000000049670541     
  0.72307692353542030     
  0.74615384657413530     
  0.76923076961285031     
  0.79230769265156531     
  0.81538461569028020     
  0.83846153872899520     
  0.86153846176771021     
  0.88461538480642510     
  0.90769230784514010     
  0.93076923088385510     
  0.95384615392257011     
  0.97692307696128500     
   1.0000000000000000     
  0.10000000149011612     
  0.12307692452883109     
  0.14615384756754607     
  0.16923077060626102     
  0.19230769364497602     
  0.21538461668369097     
  0.23846153972240594     
  0.26153846276112092     
  0.28461538579983592     
  0.30769230883855087     
  0.33076923187726581     
  0.35384615491598082     
  0.37692307795469576     
  0.40000000099341076     
  0.42307692403212571     
  0.44615384707084071     
  0.46923077010955566     
  0.49230769314827061     
  0.51538461618698561     
  0.53846153922570061     
  0.56153846226441551     
  0.58461538530313051     
  0.60769230834184551     
  0.63076923138056051     
  0.65384615441927540     
  0.67692307745799041     
  0.70000000049670541     
  0.72307692353542030     
  0.74615384657413530     
  0.76923076961285031     
  0.79230769265156531     
  0.81538461569028020     
  0.83846153872899520     
  0.86153846176771021     
  0.88461538480642510     
  0.90769230784514010     
  0.93076923088385510     
  0.95384615392257011     
  0.97692307696128500     
   1.0000000000000000     
  0.10000000149011612     
  0.12307692452883109     
  0.14615384756754607     
  0.16923077060626102     
  0.19230769364497602     
  0.21538461668369097     
  0.23846153972240594     
  0.26153846276112092     
  0.28461538579983592     
  0.30769230883855087     
  0.33076923187726581     
  0.35384615491598082     
  0.37692307795469576     
  0.40000000099341076     
  0.42307692403212571     
  0.44615384707084071     
  0.46923077010955566     
  0.49230769314827061     
  0.51538461618698561     
  0.53846153922570061     
  0.56153846226441551     
  0.58461538530313051     
  0.60769230834184551     
  0.63076923138056051     
  0.65384615441927540     
  0.67692307745799041     
  0.70000000049670541     
  0.72307692353542030     
  0.74615384657413530     
  0.76923076961285031     
  0.79230769265156531     
  0.81538461569028020     
  0.83846153872899520     
  0.86153846176771021     
  0.88461538480642510     
  0.90769230784514010     
  0.93076923088385510     
  0.95384615392257011     
  0.97692307696128500     
   1.0000000000000000     
  0.10000000149011612     
  0.12307692452883109     
  0.14615384756754607     
  0.16923077060626102     
  0.19230769364497602     
  0.21538461668369097     
  0.23846153972240594     
  0.26153846276112092     
  0.28461538579983592     
  0.30769230883855087     
  0.33076923187726581     
  0.35384615491598082     
  0.37692307795469576     
  0.40000000099341076     
  0.42307692403212571     
  0.44615384707084071     
  0.46923077010955566     
  0.49230769314827061     
  0.51538461618698561     
  0.53846153922570061     
  0.56153846226441551     
  0.58461538530313051     
  0.60769230834184551     
  0.63076923138056051     
  0.65384615441927540     
  0.67692307745799041     
  0.70000000049670541     
  0.72307692353542030     
  0.74615384657413530     
  0.76923076961285031     
  0.79230769265156531     
  0.81538461569028020     
  0.83846153872899520     
  0.86153846176771021     
  0.88461538480642510     
  0.90769230784514010     
  0.93076923088385510     
  0.95384615392257011     
  0.97692307696128500     
   1.0000000000000000     
  0.10000000149011612     
  0.12307692452883109     
  0.14615384756754607     
  0.16923077060626102     
  0.19230769364497602     
  0.21538461668369097     
  0.23846153972240594     
  0.26153846276112092     
  0.28461538579983592     
  0.30769230883855087     
  0.33076923187726581     
  0.35384615491598082     
  0.37692307795469576     
  0.40000000099341076     
  0.42307692403212571     
  0.44615384707084071     
  0.46923077010955566     
  0.49230769314827061     
  0.51538461618698561     
  0.53846153922570061     
  0.56153846226441551     
  0.58461538530313051     
  0.60769230834184551     
  0.63076923138056051     
  0.65384615441927540     
  0.67692307745799041     
  0.70000000049670541     
  0.72307692353542030     
  0.74615384657413530     
  0.76923076961285031     
  0.79230769265156531     
  0.81538461569028020     
  0.83846153872899520     
  0.86153846176771021     
  0.88461538480642510     
  0.90769230784514010     
  0.93076923088385510     
  0.95384615392257011     
  0.97692307696128500     
   1.0000000000000000     
  0.10000000149011612     
  0.12307692452883109     
  0.14615384756754607     
  0.16923077060626102     
  0.19230769364497602     
  0.21538461668369097     
  0.23846153972240594     
  0.26153846276112092     
  0.28461538579983592     
  0.30769230883855087     
  0.33076923187726581     
  0.35384615491598082     
  0.37692307795469576     
  0.40000000099341076     
  0.42307692403212571     
  0.44615384707084071     
  0.46923077010955566     
  0.49230769314827061     
  0.51538461618698561     
  0.53846153922570061     
  0.56153846226441551     
  0.58461538530313051     
  0.60769230834184551     
  0.63076923138056051     
  0.65384615441927540     
  0.67692307745799041     
  0.70000000049670541     
  0.72307692353542030     
  0.74615384657413530     
  0.76923076961285031     
  0.79230769265156531     
  0.81538461569028020     
  0.83846153872899520     
  0.86153846176771021     
  0.88461538480642510     
  0.90769230784514010     
  0.93076923088385510     
  0.95384615392257011     
  0.97692307696128500     
   1.0000000000000000     
  0.10000000149011612     
  0.12307692452883109     
  0.14615384756754607     
  0.16923077060626102     
  0.19230769364497602     
  0.21538461668369097     
  0.23846153972240594     
  0.26153846276112092     
  0.28461538579983592     
  0.30769230883855087     
  0.33076923187726581     
  0.35384615491598082     
  0.37692307795469576     
  0.40000000099341076     
  0.42307692403212571     
  0.44615384707084071     
  0.46923077010955566     
  0.49230769314827061     
  0.51538461618698561     
  0.53846153922570061     
  0.56153846226441551     
  0.58461538530313051     
  0.60769230834184551     
  0.63076923138056051     
  0.65384615441927540     
  0.67692307745799041     
  0.70000000049670541     
  0.72307692353542030     
  0.74615384657413530     
  0.76923076961285031     
  0.79230769265156531     
  0.81538461569028020     
  0.83846153872899520     
  0.86153846176771021     
  0.88461538480642510     
  0.90769230784514010     
  0.93076923088385510     
  0.95384615392257011     
  0.97692307696128500     
   1.0000000000000000     
  0.10000000149011612     
  0.12307692452883109     
  0.14615384756754607     
  0.16923077060626102     
  0.19230769364497602     
  0.21538461668369097     
  0.23846153972240594     
  0.26153846276112092     
  0.28461538579983592     
  0.30769230883855087     
  0.33076923187726581     
  0.35384615491598082     
  0.37692307795469576     
  0.40000000099341076     
  0.42307692403212571     
  0.44615384707084071     
  0.46923077010955566     
  0.49230769314827061     
  0.51538461618698561     
  0.53846153922570061     
  0.56153846226441551     
  0.58461538530313051     
  0.60769230834184551     
  0.63076923138056051     
  0.65384615441927540     
  0.67692307745799041     
  0.70000000049670541     
  0.72307692353542030     
  0.74615384657413530     
  0.76923076961285031     
  0.79230769265156531     
  0.81538461569028020     
  0.83846153872899520     
  0.86153846176771021     
  0.88461538480642510     
  0.90769230784514010     
  0.93076923088385510     
  0.95384615392257011     
  0.97692307696128500     
   1.0000000000000000     
  0.10000000149011612     
  0.12307692452883109     
  0.14615384756754607     
  0.16923077060626102     
  0.19230769364497602     
  0.21538461668369097     
  0.23846153972240594     
  0.26153846276112092     
  0.28461538579983592     
  0.30769230883855087     
  0.33076923187726581     
  0.35384615491598082     
  0.37692307795469576     
  0.40000000099341076     
  0.42307692403212571     
  0.44615384707084071     
  0.46923077010955566     
  0.49230769314827061     
  0.51538461618698561     
  0.53846153922570061     
  0.56153846226441551     
  0.58461538530313051     
  0.60769230834184551     
  0.63076923138056051     
  0.65384615441927540     
  0.67692307745799041     
  0.70000000049670541     
  0.72307692353542030     
  0.74615384657413530     
  0.76923076961285031     
  0.79230769265156531     
  0.81538461569028020     
  0.83846153872899520     
  0.86153846176771021     
  0.88461538480642510     
  0.90769230784514010     
  0.93076923088385510     
  0.95384615392257011     
  0.97692307696128500     
   1.0000000000000000     
  0.10000000149011612     
  0.12307692452883109     
  0.14615384756754607     
  0.16923077060626102     
  0.19230769364497602     
  0.21538461668369097     
  0.23846153972240594     
  0.26153846276112092     
  0.28461538579983592     
  0.30769230883855087     
  0.33076923187726581     
  0.35384615491598082     
  0.37692307795469576     
  0.40000000099341076     
  0.42307692403212571     
  0.44615384707084071     
  0.46923077010955566     
  0.49230769314827061     
  0.51538461618698561     
  0.53846153922570061     
  0.56153846226441551     
  0.58461538530313051     
  0.60769230834184551     
  0.63076923138056051     
  0.65384615441927540     
  0.67692307745799041     
  0.70000000049670541     
  0.72307692353542030     
  0.74615384657413530     
  0.76923076961285031     
  0.79230769265156531     
  0.81538461569028020     
  0.83846153872899520     
  0.86153846176771021     
  0.88461538480642510     
  0.90769230784514010     
  0.93076923088385510     
  0.95384615392257011     
  0.97692307696128500     
   1.0000000000000000     
  0.10000000149011612     
  0.12307692452883109     
  0.14615384756754607     
  0.16923077060626102     
  0.19230769364497602     
  0.21538461668369097     
  0.23846153972240594     
  0.26153846276112092     
  0.28461538579983592     
  0.30769230883855087     
  0.33076923187726581     
  0.35384615491598082     
  0.37692307795469576     
  0.40000000099341076     
  0.42307692403212571     
  0.44615384707084071     
  0.46923077010955566     
  0.49230769314827061     
  0.51538461618698561     
  0.53846153922570061     
  0.56153846226441551     
  0.58461538530313051     
  0.60769230834184551     
  0.63076923138056051     
  0.65384615441927540     
  0.67692307745799041     
  0.70000000049670541     
  0.72307692353542030     
  0.74615384657413530     
  0.76923076961285031     
  0.79230769265156531     
  0.81538461569028020     
  0.83846153872899520     
  0.86153846176771021     
  0.88461538480642510     
  0.90769230784514010     
  0.93076923088385510     
  0.95384615392257011     
  0.97692307696128500     
   1.0000000000000000     
  0.10000000149011612     
  0.12307692452883109     
  0.14615384756754607     
  0.16923077060626102     
  0.19230769364497602     
  0.21538461668369097     
  0.23846153972240594     
  0.26153846276112092     
  0.28461538579983592     
  0.30769230883855087     
  0.33076923187726581     
  0.35384615491598082     
  0.37692307795469576     
  0.40000000099341076     
  0.42307692403212571     
  0.44615384707084071     
  0.46923077010955566     
  0.49230769314827061     
  0.51538461618698561     
  0.53846153922570061     
  0.56153846226441551     
  0.58461538530313051     
  0.60769230834184551     
  0.63076923138056051     
  0.65384615441927540     
  0.67692307745799041     
  0.70000000049670541     
  0.72307692353542030     
  0.74615384657413530     
  0.76923076961285031     
  0.79230769265156531     
  0.81538461569028020     
  0.83846153872899520     
  0.86153846176771021     
  0.88461538480642510     
  0.90769230784514010     
  0.93076923088385510     
  0.95384615392257011     
  0.97692307696128500     
   1.0000000000000000     
  0.10000000149011612     
  0.12307692452883109     
  0.14615384756754607     
  0.16923077060626102     
  0.19230769364497602     
  0.21538461668369097     
  0.23846153972240594     
  0.26153846276112092     
  0.28461538579983592     
  0.30769230883855087     
  0.33076923187726581     
  0.35384615491598082     
  0.37692307795469576     
  0.40000000099341076     
  0.42307692403212571     
  0.44615384707084071     
  0.46923077010955566     
  0.49230769314827061     
  0.51538461618698561     
  0.53846153922570061     
  0.56153846226441551     
  0.58461538530313051     
  0.60769230834184551     
  0.63076923138056051     
  0.65384615441927540     
  0.67692307745799041     
  0.70000000049670541     
  0.72307692353542030     
  0.74615384657413530     
  0.76923076961285031     
  0.79230769265156531     
  0.81538461569028020     
  0.83846153872899520     
  0.86153846176771021     
  0.88461538480642510     
  0.90769230784514010     
  0.93076923088385510     
  0.95384615392257011     
  0.97692307696128500     
   1.0000000000000000     
  0.10000000149011612     
  0.12307692452883109     
  0.14615384756754607     
  0.16923077060626102     
  0.19230769364497602     
  0.21538461668369097     
  0.23846153972240594     
  0.26153846276112092     
  0.28461538579983592     
  0.30769230883855087     
  0.33076923187726581     
  0.35384615491598082     
  0.37692307795469576     
  0.40000000099341076     
  0.42307692403212571     
  0.44615384707084071     
  0.46923077010955566     
  0.49230769314827061     
  0.51538461618698561     
  0.53846153922570061     
  0.56153846226441551     
  0.58461538530313051     
  0.60769230834184551     
  0.63076923138056051     
  0.65384615441927540     
  0.67692307745799041     
  0.70000000049670541     
  0.72307692353542030     
  0.74615384657413530     
  0.76923076961285031     
  0.79230769265156531     
  0.81538461569028020     
  0.83846153872899520     
  0.86153846176771021     
  0.88461538480642510     
  0.90769230784514010     
  0.93076923088385510     
  0.95384615392257011     
  0.97692307696128500     
   1.0000000000000000     
  0.10000000149011612     
  0.12307692452883109     
  0.14615384756754607     
  0.16923077060626102     
  0.19230769364497602     
  0.21538461668369097     
  0.23846153972240594     
  0.26153846276112092     
  0.28461538579983592     
  0.30769230883855087     
  0.33076923187726581     
  0.35384615491598082     
  0.37692307795469576     
  0.40000000099341076     
  0.42307692403212571     
  0.44615384707084071     
  0.46923077010955566     
  0.49230769314827061     
  0.51538461618698561     
  0.53846153922570061     
  0.56153846226441551     
  0.58461538530313051     
  0.60769230834184551     
  0.63076923138056051     
  0.65384615441927540     
  0.67692307745799041     
  0.70000000049670541     
  0.72307692353542030     
  0.74615384657413530     
  0.76923076961285031     
  0.79230769265156531     
  0.81538461569028020     
  0.83846153872899520     
  0.86153846176771021     
  0.88461538480642510     
  0.90769230784514010     
  0.93076923088385510     
  0.95384615392257011     
  0.97692307696128500     
   1.0000000000000000     
  0.10000000149011612     
  0.12307692452883109     
  0.14615384756754607     
  0.16923077060626102     
  0.19230769364497602     
  0.21538461668369097     
  0.23846153972240594     
  0.26153846276112092     
  0.28461538579983592     
  0.30769230883855087     
  0.33076923187726581     
  0.35384615491598082     
  0.37692307795469576     
  0.40000000099341076     
  0.42307692403212571     
  0.44615384707084071     
  0.46923077010955566     
  0.49230769314827061     
  0.51538461618698561     
  0.53846153922570061     
  0.56153846226441551     
  0.58461538530313051     
  0.60769230834184551     
  0.63076923138056051     
  0.65384615441927540     
  0.67692307745799041     
  0.70000000049670541     
  0.72307692353542030     
  0.74615384657413530     
  0.76923076961285031     
  0.79230769265156531     
  0.81538461569028020     
  0.83846153872899520     
  0.86153846176771021     
  0.88461538480642510     
  0.90769230784514010     
  0.93076923088385510     
  0.95384615392257011     
  0.97692307696128500     
   1.0000000000000000     
  0.10000000149011612     
  0.12307692452883109     
  0.14615384756754607     
  0.16923077060626102     
  0.19230769364497602     
  0.21538461668369097     
  0.23846153972240594     
  0.26153846276112092     
  0.28461538579983592     
  0.30769230883855087     
  0.33076923187726581     
  0.35384615491598082     
  0.37692307795469576     
  0.40000000099341076     
  0.42307692403212571     
  0.44615384707084071     
  0.46923077010955566     
  0.49230769314827061     
  0.51538461618698561     
  0.53846153922570061     
  0.56153846226441551     
  0.58461538530313051     
  0.60769230834184551     
  0.63076923138056051     
  0.65384615441927540     
  0.67692307745799041     
  0.70000000049670541     
  0.72307692353542030     
  0.74615384657413530     
  0.76923076961285031     
  0.79230769265156531     
  0.81538461569028020     
  0.83846153872899520     
  0.86153846176771021     
  0.88461538480642510     
  0.90769230784514010     
  0.93076923088385510     
  0.95384615392257011     
  0.97692307696128500     
   1.0000000000000000     
  0.10000000149011612     
  0.12307692452883109     
  0.14615384756754607     
  0.16923077060626102     
  0.19230769364497602     
  0.21538461668369097     
  0.23846153972240594     
  0.26153846276112092     
  0.28461538579983592     
  0.30769230883855087     
  0.33076923187726581     
  0.35384615491598082     
  0.37692307795469576     
  0.40000000099341076     
  0.42307692403212571     
  0.44615384707084071     
  0.46923077010955566     
  0.49230769314827061     
  0.51538461618698561     
  0.53846153922570061     
  0.56153846226441551     
  0.58461538530313051     
  0.60769230834184551     
  0.63076923138056051     
  0.65384615441927540     
  0.67692307745799041     
  0.70000000049670541     
  0.72307692353542030     
  0.74615384657413530     
  0.76923076961285031     
  0.79230769265156531     
  0.81538461569028020     
  0.83846153872899520     
  0.86153846176771021     
  0.88461538480642510     
  0.90769230784514010     
  0.93076923088385510     
  0.95384615392257011     
  0.97692307696128500     
   1.0000000000000000     
  0.10000000149011612     
  0.12307692452883109     
  0.14615384756754607     
  0.16923077060626102     
  0.19230769364497602     
  0.21538461668369097     
  0.23846153972240594     
  0.26153846276112092     
  0.28461538579983592     
  0.30769230883855087     
  0.33076923187726581     
  0.35384615491598082     
  0.37692307795469576     
  0.40000000099341076     
  0.42307692403212571     
  0.44615384707084071     
  0.46923077010955566     
  0.49230769314827061     
  0.51538461618698561     
  0.53846153922570061     
  0.56153846226441551     
  0.58461538530313051     
  0.60769230834184551     
  0.63076923138056051     
  0.65384615441927540     
  0.67692307745799041     
  0.70000000049670541     
  0.72307692353542030     
  0.74615384657413530     
  0.76923076961285031     
  0.79230769265156531     
  0.81538461569028020     
  0.83846153872899520     
  0.86153846176771021     
  0.88461538480642510     
  0.90769230784514010     
  0.93076923088385510     
  0.95384615392257011     
  0.97692307696128500     
   1.0000000000000000     
  0.10000000149011612     
  0.12307692452883109     
  0.14615384756754607     
  0.16923077060626102     
  0.19230769364497602     
  0.21538461668369097     
  0.23846153972240594     
  0.26153846276112092     
  0.28461538579983592     
  0.30769230883855087     
  0.33076923187726581     
  0.35384615491598082     
  0.37692307795469576     
  0.40000000099341076     
  0.42307692403212571     
  0.44615384707084071     
  0.46923077010955566     
  0.49230769314827061     
  0.51538461618698561     
  0.53846153922570061     
  0.56153846226441551     
  0.58461538530313051     
  0.60769230834184551     
  0.63076923138056051     
  0.65384615441927540     
  0.67692307745799041     
  0.70000000049670541     
  0.72307692353542030     
  0.74615384657413530     
  0.76923076961285031     
  0.79230769265156531     
  0.81538461569028020     
  0.83846153872899520     
  0.86153846176771021     
  0.88461538480642510     
  0.90769230784514010     
  0.93076923088385510     
  0.95384615392257011     
  0.97692307696128500     
   1.0000000000000000     
  0.10000000149011612     
  0.12307692452883109     
  0.14615384756754607     
  0.16923077060626102     
  0.19230769364497602     
  0.21538461668369097     
  0.23846153972240594     
  0.26153846276112092     
  0.28461538579983592     
  0.30769230883855087     
  0.33076923187726581     
  0.35384615491598082     
  0.37692307795469576     
  0.40000000099341076     
  0.42307692403212571     
  0.44615384707084071     
  0.46923077010955566     
  0.49230769314827061     
  0.51538461618698561     
  0.53846153922570061     
  0.56153846226441551     
  0.58461538530313051     
  0.60769230834184551     
  0.63076923138056051     
  0.65384615441927540     
  0.67692307745799041     
  0.70000000049670541     
  0.72307692353542030     
  0.74615384657413530     
  0.76923076961285031     
  0.79230769265156531     
  0.81538461569028020     
  0.83846153872899520     
  0.86153846176771021     
  0.88461538480642510     
  0.90769230784514010     
  0.93076923088385510     
  0.95384615392257011     
  0.97692307696128500     
   1.0000000000000000     
  0.10000000149011612     
  0.12307692452883109     
  0.14615384756754607     
  0.16923077060626102     
  0.19230769364497602     
  0.21538461668369097     
  0.23846153972240594     
  0.26153846276112092     
  0.28461538579983592     
  0.30769230883855087     
  0.33076923187726581     
  0.35384615491598082     
  0.37692307795469576     
  0.40000000099341076     
  0.42307692403212571     
  0.44615384707084071     
  0.46923077010955566     
  0.49230769314827061     
  0.51538461618698561     
  0.53846153922570061     
  0.56153846226441551     
  0.58461538530313051     
  0.60769230834184551     
  0.63076923138056051     
  0.65384615441927540     
  0.67692307745799041     
  0.70000000049670541     
  0.72307692353542030     
  0.74615384657413530     
  0.76923076961285031     
  0.79230769265156531     
  0.81538461569028020     
  0.83846153872899520     
  0.86153846176771021     
  0.88461538480642510     
  0.90769230784514010     
  0.93076923088385510     
  0.95384615392257011     
  0.97692307696128500     
   1.0000000000000000     
  0.10000000149011612     
  0.12307692452883109     
  0.14615384756754607     
  0.16923077060626102     
  0.19230769364497602     
  0.21538461668369097     
  0.23846153972240594     
  0.26153846276112092     
  0.28461538579983592     
  0.30769230883855087     
  0.33076923187726581     
  0.35384615491598082     
  0.37692307795469576     
  0.40000000099341076     
  0.42307692403212571     
  0.44615384707084071     
  0.46923077010955566     
  0.49230769314827061     
  0.51538461618698561     
  0.53846153922570061     
  0.56153846226441551     
  0.58461538530313051     
  0.60769230834184551     
  0.63076923138056051     
  0.65384615441927540     
  0.67692307745799041     
  0.70000000049670541     
  0.72307692353542030     
  0.74615384657413530     
  0.76923076961285031     
  0.79230769265156531     
  0.81538461569028020     
  0.83846153872899520     
  0.86153846176771021     
  0.88461538480642510     
  0.90769230784514010     
  0.93076923088385510     
  0.95384615392257011     
  0.97692307696128500     
   1.0000000000000000     
  0.10000000149011612     
  0.12307692452883109     
  0.14615384756754607     
  0.16923077060626102     
  0.19230769364497602     
  0.21538461668369097     
  0.23846153972240594     
  0.26153846276112092     
  0.28461538579983592     
  0.30769230883855087     
  0.33076923187726581     
  0.35384615491598082     
  0.37692307795469576     
  0.40000000099341076     
  0.42307692403212571     
  0.44615384707084071     
  0.46923077010955566     
  0.49230769314827061     
  0.51538461618698561     
  0.53846153922570061     
  0.56153846226441551     
  0.58461538530313051     
  0.60769230834184551     
  0.63076923138056051     
  0.65384615441927540     
  0.67692307745799041     
  0.70000000049670541     
  0.72307692353542030     
  0.74615384657413530     
  0.76923076961285031     
  0.79230769265156531     
  0.81538461569028020     
  0.83846153872899520     
  0.86153846176771021     
  0.88461538480642510     
  0.90769230784514010     
  0.93076923088385510     
  0.95384615392257011     
  0.97692307696128500     
   1.0000000000000000     
  0.10000000149011612     
  0.12307692452883109     
  0.14615384756754607     
  0.16923077060626102     
  0.19230769364497602     
  0.21538461668369097     
  0.23846153972240594     
  0.26153846276112092     
  0.28461538579983592     
  0.30769230883855087     
  0.33076923187726581     
  0.35384615491598082     
  0.37692307795469576     
  0.40000000099341076     
  0.42307692403212571     
  0.44615384707084071     
  0.46923077010955566     
  0.49230769314827061     
  0.51538461618698561     
  0.53846153922570061     
  0.56153846226441551     
  0.58461538530313051     
  0.60769230834184551     
  0.63076923138056051     
  0.65384615441927540     
  0.67692307745799041     
  0.70000000049670541     
  0.72307692353542030     
  0.74615384657413530     
  0.76923076961285031     
  0.79230769265156531     
  0.81538461569028020     
  0.83846153872899520     
  0.86153846176771021     
  0.88461538480642510     
  0.90769230784514010     
  0.93076923088385510     
  0.95384615392257011     
  0.97692307696128500     
   1.0000000000000000     
  0.10000000149011612     
  0.12307692452883109     
  0.14615384756754607     
  0.16923077060626102     
  0.19230769364497602     
  0.21538461668369097     
  0.23846153972240594     
  0.26153846276112092     
  0.28461538579983592     
  0.30769230883855087     
  0.33076923187726581     
  0.35384615491598082     
  0.37692307795469576     
  0.40000000099341076     
  0.42307692403212571     
  0.44615384707084071     
  0.46923077010955566     
  0.49230769314827061     
  0.51538461618698561     
  0.53846153922570061     
  0.56153846226441551     
  0.58461538530313051     
  0.60769230834184551     
  0.63076923138056051     
  0.65384615441927540     
  0.67692307745799041     
  0.70000000049670541     
  0.72307692353542030     
  0.74615384657413530     
  0.76923076961285031     
  0.79230769265156531     
  0.81538461569028020     
  0.83846153872899520     
  0.86153846176771021     
  0.88461538480642510     
  0.90769230784514010     
  0.93076923088385510     
  0.95384615392257011     
  0.97692307696128500     
   1.0000000000000000     
  0.10000000149011612     
  0.12307692452883109     
  0.14615384756754607     
  0.16923077060626102     
  0.19230769364497602     
  0.21538461668369097     
  0.23846153972240594     
  0.26153846276112092     
  0.28461538579983592     
  0.30769230883855087     
  0.33076923187726581     
  0.35384615491598082     
  0.37692307795469576     
  0.40000000099341076     
  0.42307692403212571     
  0.44615384707084071     
  0.46923077010955566     
  0.49230769314827061     
  0.51538461618698561     
  0.53846153922570061     
  0.56153846226441551     
  0.58461538530313051     
  0.60769230834184551     
  0.63076923138056051     
  0.65384615441927540     
  0.67692307745799041     
  0.70000000049670541     
  0.72307692353542030     
  0.74615384657413530     
  0.76923076961285031     
  0.79230769265156531     
  0.81538461569028020     
  0.83846153872899520     
  0.86153846176771021     
  0.88461538480642510     
  0.90769230784514010     
  0.93076923088385510     
  0.95384615392257011     
  0.97692307696128500     
   1.0000000000000000     
  0.10000000149011612     
  0.12307692452883109     
  0.14615384756754607     
  0.16923077060626102     
  0.19230769364497602     
  0.21538461668369097     
  0.23846153972240594     
  0.26153846276112092     
  0.28461538579983592     
  0.30769230883855087     
  0.33076923187726581     
  0.35384615491598082     
  0.37692307795469576     
  0.40000000099341076     
  0.42307692403212571     
  0.44615384707084071     
  0.46923077010955566     
  0.49230769314827061     
  0.51538461618698561     
  0.53846153922570061     
  0.56153846226441551     
  0.58461538530313051     
  0.60769230834184551     
  0.63076923138056051     
  0.65384615441927540     
  0.67692307745799041     
  0.70000000049670541     
  0.72307692353542030     
  0.74615384657413530     
  0.76923076961285031     
  0.79230769265156531     
  0.81538461569028020     
  0.83846153872899520     
  0.86153846176771021     
  0.88461538480642510     
  0.90769230784514010     
  0.93076923088385510     
  0.95384615392257011     
  0.97692307696128500     
   1.0000000000000000     
  0.10000000149011612     
  0.12307692452883109     
  0.14615384756754607     
  0.16923077060626102     
  0.19230769364497602     
  0.21538461668369097     
  0.23846153972240594     
  0.26153846276112092     
  0.28461538579983592     
  0.30769230883855087     
  0.33076923187726581     
  0.35384615491598082     
  0.37692307795469576     
  0.40000000099341076     
  0.42307692403212571     
  0.44615384707084071     
  0.46923077010955566     
  0.49230769314827061     
  0.51538461618698561     
  0.53846153922570061     
  0.56153846226441551     
  0.58461538530313051     
  0.60769230834184551     
  0.63076923138056051     
  0.65384615441927540     
  0.67692307745799041     
  0.70000000049670541     
  0.72307692353542030     
  0.74615384657413530     
  0.76923076961285031     
  0.79230769265156531     
  0.81538461569028020     
  0.83846153872899520     
  0.86153846176771021     
  0.88461538480642510     
  0.90769230784514010     
  0.93076923088385510     
  0.95384615392257011     
  0.97692307696128500     
   1.0000000000000000     
  0.10000000149011612     
  0.12307692452883109     
  0.14615384756754607     
  0.16923077060626102     
  0.19230769364497602     
  0.21538461668369097     
  0.23846153972240594     
  0.26153846276112092     
  0.28461538579983592     
  0.30769230883855087     
  0.33076923187726581     
  0.35384615491598082     
  0.37692307795469576     
  0.40000000099341076     
  0.42307692403212571     
  0.44615384707084071     
  0.46923077010955566     
  0.49230769314827061     
  0.51538461618698561     
  0.53846153922570061     
  0.56153846226441551     
  0.58461538530313051     
  0.60769230834184551     
  0.63076923138056051     
  0.65384615441927540     
  0.67692307745799041     
  0.70000000049670541     
  0.72307692353542030     
  0.74615384657413530     
  0.76923076961285031     
  0.79230769265156531     
  0.81538461569028020     
  0.83846153872899520     
  0.86153846176771021     
  0.88461538480642510     
  0.90769230784514010     
  0.93076923088385510     
  0.95384615392257011     
  0.97692307696128500     
   1.0000000000000000     
  0.10000000149011612     
  0.12307692452883109     
  0.14615384756754607     
  0.16923077060626102     
  0.19230769364497602     
  0.21538461668369097     
  0.23846153972240594     
  0.26153846276112092     
  0.28461538579983592     
  0.30769230883855087     
  0.33076923187726581     
  0.35384615491598082     
  0.37692307795469576     
  0.40000000099341076     
  0.42307692403212571     
  0.44615384707084071     
  0.46923077010955566     
  0.49230769314827061     
  0.51538461618698561     
  0.53846153922570061     
  0.56153846226441551     
  0.58461538530313051     
  0.60769230834184551     
  0.63076923138056051     
  0.65384615441927540     
  0.67692307745799041     
  0.70000000049670541     
  0.72307692353542030     
  0.74615384657413530     
  0.76923076961285031     
  0.79230769265156531     
  0.81538461569028020     
  0.83846153872899520     
  0.86153846176771021     
  0.88461538480642510     
  0.90769230784514010     
  0.93076923088385510     
  0.95384615392257011     
  0.97692307696128500     
   1.0000000000000000     
  0.10000000149011612     
  0.12307692452883109     
  0.14615384756754607     
  0.16923077060626102     
  0.19230769364497602     
  0.21538461668369097     
  0.23846153972240594     
  0.26153846276112092     
  0.28461538579983592     
  0.30769230883855087     
  0.33076923187726581     
  0.35384615491598082     
  0.37692307795469576     
  0.40000000099341076     
  0.42307692403212571     
  0.44615384707084071     
  0.46923077010955566     
  0.49230769314827061     
  0.51538461618698561     
  0.53846153922570061     
  0.56153846226441551     
  0.58461538530313051     
  0.60769230834184551     
  0.63076923138056051     
  0.65384615441927540     
  0.67692307745799041     
  0.70000000049670541     
  0.72307692353542030     
  0.74615384657413530     
  0.76923076961285031     
  0.79230769265156531     
  0.81538461569028020     
  0.83846153872899520     
  0.86153846176771021     
  0.88461538480642510     
  0.90769230784514010     
  0.93076923088385510     
  0.95384615392257011     
  0.97692307696128500     
   1.0000000000000000     
  0.10000000149011612     
  0.12307692452883109     
  0.14615384756754607     
  0.16923077060626102     
  0.19230769364497602     
  0.21538461668369097     
  0.23846153972240594     
  0.26153846276112092     
  0.28461538579983592     
  0.30769230883855087     
  0.33076923187726581     
  0.35384615491598082     
  0.37692307795469576     
  0.40000000099341076     
  0.42307692403212571     
  0.44615384707084071     
  0.46923077010955566     
  0.49230769314827061     
  0.51538461618698561     
  0.53846153922570061     
  0.56153846226441551     
  0.58461538530313051     
  0.60769230834184551     
  0.63076923138056051     
  0.65384615441927540     
  0.67692307745799041     
  0.70000000049670541     
  0.72307692353542030     
  0.74615384657413530     
  0.76923076961285031     
  0.79230769265156531     
  0.81538461569028020     
  0.83846153872899520     
  0.86153846176771021     
  0.88461538480642510     
  0.90769230784514010     
  0.93076923088385510     
  0.95384615392257011     
  0.97692307696128500     
   1.0000000000000000     
