   0.0000000000000000     
   0.0000000000000000     
   0.0000000000000000     
   0.0000000000000000     
   0.0000000000000000     
   0.0000000000000000     
   0.0000000000000000     
   0.0000000000000000     
   0.0000000000000000     
   0.0000000000000000     
   0.0000000000000000     
   0.0000000000000000     
   0.0000000000000000     
   0.0000000000000000     
   0.0000000000000000     
   0.0000000000000000     
   0.0000000000000000     
   0.0000000000000000     
   0.0000000000000000     
   0.0000000000000000     
   8.2673493184541397E-002
   8.2673493184541397E-002
   8.2673493184541397E-002
   8.2673493184541397E-002
   8.2673493184541397E-002
   8.2673493184541397E-002
   8.2673493184541397E-002
   8.2673493184541397E-002
   8.2673493184541397E-002
   8.2673493184541397E-002
   8.2673493184541397E-002
   8.2673493184541397E-002
   8.2673493184541397E-002
   8.2673493184541397E-002
   8.2673493184541397E-002
   8.2673493184541397E-002
   8.2673493184541397E-002
   8.2673493184541397E-002
   8.2673493184541397E-002
   8.2673493184541397E-002
  0.16534698636908279     
  0.16534698636908279     
  0.16534698636908279     
  0.16534698636908279     
  0.16534698636908279     
  0.16534698636908279     
  0.16534698636908279     
  0.16534698636908279     
  0.16534698636908279     
  0.16534698636908279     
  0.16534698636908279     
  0.16534698636908279     
  0.16534698636908279     
  0.16534698636908279     
  0.16534698636908279     
  0.16534698636908279     
  0.16534698636908279     
  0.16534698636908279     
  0.16534698636908279     
  0.16534698636908279     
  0.24802047955362419     
  0.24802047955362419     
  0.24802047955362419     
  0.24802047955362419     
  0.24802047955362419     
  0.24802047955362419     
  0.24802047955362419     
  0.24802047955362419     
  0.24802047955362419     
  0.24802047955362419     
  0.24802047955362419     
  0.24802047955362419     
  0.24802047955362419     
  0.24802047955362419     
  0.24802047955362419     
  0.24802047955362419     
  0.24802047955362419     
  0.24802047955362419     
  0.24802047955362419     
  0.24802047955362419     
  0.33069397273816559     
  0.33069397273816559     
  0.33069397273816559     
  0.33069397273816559     
  0.33069397273816559     
  0.33069397273816559     
  0.33069397273816559     
  0.33069397273816559     
  0.33069397273816559     
  0.33069397273816559     
  0.33069397273816559     
  0.33069397273816559     
  0.33069397273816559     
  0.33069397273816559     
  0.33069397273816559     
  0.33069397273816559     
  0.33069397273816559     
  0.33069397273816559     
  0.33069397273816559     
  0.33069397273816559     
  0.41336746592270701     
  0.41336746592270701     
  0.41336746592270701     
  0.41336746592270701     
  0.41336746592270701     
  0.41336746592270701     
  0.41336746592270701     
  0.41336746592270701     
  0.41336746592270701     
  0.41336746592270701     
  0.41336746592270701     
  0.41336746592270701     
  0.41336746592270701     
  0.41336746592270701     
  0.41336746592270701     
  0.41336746592270701     
  0.41336746592270701     
  0.41336746592270701     
  0.41336746592270701     
  0.41336746592270701     
  0.49604095910724838     
  0.49604095910724838     
  0.49604095910724838     
  0.49604095910724838     
  0.49604095910724838     
  0.49604095910724838     
  0.49604095910724838     
  0.49604095910724838     
  0.49604095910724838     
  0.49604095910724838     
  0.49604095910724838     
  0.49604095910724838     
  0.49604095910724838     
  0.49604095910724838     
  0.49604095910724838     
  0.49604095910724838     
  0.49604095910724838     
  0.49604095910724838     
  0.49604095910724838     
  0.49604095910724838     
  0.57871445229178986     
  0.57871445229178986     
  0.57871445229178986     
  0.57871445229178986     
  0.57871445229178986     
  0.57871445229178986     
  0.57871445229178986     
  0.57871445229178986     
  0.57871445229178986     
  0.57871445229178986     
  0.57871445229178986     
  0.57871445229178986     
  0.57871445229178986     
  0.57871445229178986     
  0.57871445229178986     
  0.57871445229178986     
  0.57871445229178986     
  0.57871445229178986     
  0.57871445229178986     
  0.57871445229178986     
  0.66138794547633117     
  0.66138794547633117     
  0.66138794547633117     
  0.66138794547633117     
  0.66138794547633117     
  0.66138794547633117     
  0.66138794547633117     
  0.66138794547633117     
  0.66138794547633117     
  0.66138794547633117     
  0.66138794547633117     
  0.66138794547633117     
  0.66138794547633117     
  0.66138794547633117     
  0.66138794547633117     
  0.66138794547633117     
  0.66138794547633117     
  0.66138794547633117     
  0.66138794547633117     
  0.66138794547633117     
  0.74406143866087260     
  0.74406143866087260     
  0.74406143866087260     
  0.74406143866087260     
  0.74406143866087260     
  0.74406143866087260     
  0.74406143866087260     
  0.74406143866087260     
  0.74406143866087260     
  0.74406143866087260     
  0.74406143866087260     
  0.74406143866087260     
  0.74406143866087260     
  0.74406143866087260     
  0.74406143866087260     
  0.74406143866087260     
  0.74406143866087260     
  0.74406143866087260     
  0.74406143866087260     
  0.74406143866087260     
  0.82673493184541402     
  0.82673493184541402     
  0.82673493184541402     
  0.82673493184541402     
  0.82673493184541402     
  0.82673493184541402     
  0.82673493184541402     
  0.82673493184541402     
  0.82673493184541402     
  0.82673493184541402     
  0.82673493184541402     
  0.82673493184541402     
  0.82673493184541402     
  0.82673493184541402     
  0.82673493184541402     
  0.82673493184541402     
  0.82673493184541402     
  0.82673493184541402     
  0.82673493184541402     
  0.82673493184541402     
  0.90940842502995545     
  0.90940842502995545     
  0.90940842502995545     
  0.90940842502995545     
  0.90940842502995545     
  0.90940842502995545     
  0.90940842502995545     
  0.90940842502995545     
  0.90940842502995545     
  0.90940842502995545     
  0.90940842502995545     
  0.90940842502995545     
  0.90940842502995545     
  0.90940842502995545     
  0.90940842502995545     
  0.90940842502995545     
  0.90940842502995545     
  0.90940842502995545     
  0.90940842502995545     
  0.90940842502995545     
  0.99208191821449676     
  0.99208191821449676     
  0.99208191821449676     
  0.99208191821449676     
  0.99208191821449676     
  0.99208191821449676     
  0.99208191821449676     
  0.99208191821449676     
  0.99208191821449676     
  0.99208191821449676     
  0.99208191821449676     
  0.99208191821449676     
  0.99208191821449676     
  0.99208191821449676     
  0.99208191821449676     
  0.99208191821449676     
  0.99208191821449676     
  0.99208191821449676     
  0.99208191821449676     
  0.99208191821449676     
   1.0747554113990383     
   1.0747554113990383     
   1.0747554113990383     
   1.0747554113990383     
   1.0747554113990383     
   1.0747554113990383     
   1.0747554113990383     
   1.0747554113990383     
   1.0747554113990383     
   1.0747554113990383     
   1.0747554113990383     
   1.0747554113990383     
   1.0747554113990383     
   1.0747554113990383     
   1.0747554113990383     
   1.0747554113990383     
   1.0747554113990383     
   1.0747554113990383     
   1.0747554113990383     
   1.0747554113990383     
   1.1574289045835797     
   1.1574289045835797     
   1.1574289045835797     
   1.1574289045835797     
   1.1574289045835797     
   1.1574289045835797     
   1.1574289045835797     
   1.1574289045835797     
   1.1574289045835797     
   1.1574289045835797     
   1.1574289045835797     
   1.1574289045835797     
   1.1574289045835797     
   1.1574289045835797     
   1.1574289045835797     
   1.1574289045835797     
   1.1574289045835797     
   1.1574289045835797     
   1.1574289045835797     
   1.1574289045835797     
   1.2401023977681209     
   1.2401023977681209     
   1.2401023977681209     
   1.2401023977681209     
   1.2401023977681209     
   1.2401023977681209     
   1.2401023977681209     
   1.2401023977681209     
   1.2401023977681209     
   1.2401023977681209     
   1.2401023977681209     
   1.2401023977681209     
   1.2401023977681209     
   1.2401023977681209     
   1.2401023977681209     
   1.2401023977681209     
   1.2401023977681209     
   1.2401023977681209     
   1.2401023977681209     
   1.2401023977681209     
   1.3227758909526623     
   1.3227758909526623     
   1.3227758909526623     
   1.3227758909526623     
   1.3227758909526623     
   1.3227758909526623     
   1.3227758909526623     
   1.3227758909526623     
   1.3227758909526623     
   1.3227758909526623     
   1.3227758909526623     
   1.3227758909526623     
   1.3227758909526623     
   1.3227758909526623     
   1.3227758909526623     
   1.3227758909526623     
   1.3227758909526623     
   1.3227758909526623     
   1.3227758909526623     
   1.3227758909526623     
   1.4054493841372038     
   1.4054493841372038     
   1.4054493841372038     
   1.4054493841372038     
   1.4054493841372038     
   1.4054493841372038     
   1.4054493841372038     
   1.4054493841372038     
   1.4054493841372038     
   1.4054493841372038     
   1.4054493841372038     
   1.4054493841372038     
   1.4054493841372038     
   1.4054493841372038     
   1.4054493841372038     
   1.4054493841372038     
   1.4054493841372038     
   1.4054493841372038     
   1.4054493841372038     
   1.4054493841372038     
   1.4881228773217452     
   1.4881228773217452     
   1.4881228773217452     
   1.4881228773217452     
   1.4881228773217452     
   1.4881228773217452     
   1.4881228773217452     
   1.4881228773217452     
   1.4881228773217452     
   1.4881228773217452     
   1.4881228773217452     
   1.4881228773217452     
   1.4881228773217452     
   1.4881228773217452     
   1.4881228773217452     
   1.4881228773217452     
   1.4881228773217452     
   1.4881228773217452     
   1.4881228773217452     
   1.4881228773217452     
   1.5707963705062866     
   1.5707963705062866     
   1.5707963705062866     
   1.5707963705062866     
   1.5707963705062866     
   1.5707963705062866     
   1.5707963705062866     
   1.5707963705062866     
   1.5707963705062866     
   1.5707963705062866     
   1.5707963705062866     
   1.5707963705062866     
   1.5707963705062866     
   1.5707963705062866     
   1.5707963705062866     
   1.5707963705062866     
   1.5707963705062866     
   1.5707963705062866     
   1.5707963705062866     
   1.5707963705062866     
