   0.0000000000000000     
   0.0000000000000000     
   0.0000000000000000     
   0.0000000000000000     
   0.0000000000000000     
   0.0000000000000000     
   0.0000000000000000     
   0.0000000000000000     
   0.0000000000000000     
   0.0000000000000000     
  0.17453293005625406     
  0.17453293005625406     
  0.17453293005625406     
  0.17453293005625406     
  0.17453293005625406     
  0.17453293005625406     
  0.17453293005625406     
  0.17453293005625406     
  0.17453293005625406     
  0.17453293005625406     
  0.34906586011250812     
  0.34906586011250812     
  0.34906586011250812     
  0.34906586011250812     
  0.34906586011250812     
  0.34906586011250812     
  0.34906586011250812     
  0.34906586011250812     
  0.34906586011250812     
  0.34906586011250812     
  0.52359879016876221     
  0.52359879016876221     
  0.52359879016876221     
  0.52359879016876221     
  0.52359879016876221     
  0.52359879016876221     
  0.52359879016876221     
  0.52359879016876221     
  0.52359879016876221     
  0.52359879016876221     
  0.69813172022501624     
  0.69813172022501624     
  0.69813172022501624     
  0.69813172022501624     
  0.69813172022501624     
  0.69813172022501624     
  0.69813172022501624     
  0.69813172022501624     
  0.69813172022501624     
  0.69813172022501624     
  0.87266465028127038     
  0.87266465028127038     
  0.87266465028127038     
  0.87266465028127038     
  0.87266465028127038     
  0.87266465028127038     
  0.87266465028127038     
  0.87266465028127038     
  0.87266465028127038     
  0.87266465028127038     
   1.0471975803375244     
   1.0471975803375244     
   1.0471975803375244     
   1.0471975803375244     
   1.0471975803375244     
   1.0471975803375244     
   1.0471975803375244     
   1.0471975803375244     
   1.0471975803375244     
   1.0471975803375244     
   1.2217305103937786     
   1.2217305103937786     
   1.2217305103937786     
   1.2217305103937786     
   1.2217305103937786     
   1.2217305103937786     
   1.2217305103937786     
   1.2217305103937786     
   1.2217305103937786     
   1.2217305103937786     
   1.3962634404500325     
   1.3962634404500325     
   1.3962634404500325     
   1.3962634404500325     
   1.3962634404500325     
   1.3962634404500325     
   1.3962634404500325     
   1.3962634404500325     
   1.3962634404500325     
   1.3962634404500325     
   1.5707963705062866     
   1.5707963705062866     
   1.5707963705062866     
   1.5707963705062866     
   1.5707963705062866     
   1.5707963705062866     
   1.5707963705062866     
   1.5707963705062866     
   1.5707963705062866     
   1.5707963705062866     
