 -0.16951021449398535     
 -0.16022758990431879     
 -0.15536275806367655     
 -0.16867233434843179     
 -0.20764820582154675     
 -0.27859002896628476     
 -0.38745723150276384     
 -0.54010012811819597     
 -0.74234062359529762     
  -1.0000000000000000     
 -0.17019787900450767     
 -0.16016351260358314     
 -0.15278626783480892     
 -0.16107344982059787     
 -0.19174742682249069     
 -0.25033266565513929     
 -0.34200646113192568     
 -0.47182970198051999     
 -0.64482798263670416     
 -0.86602539649920685     
 -0.17231980548310225     
 -0.16026845645873791     
 -0.14605528612108640     
 -0.14061869886459713     
 -0.14858257181774664     
 -0.17336297421712735     
 -0.21800673143098701     
 -0.28542427127836767     
 -0.37847398897740869     
 -0.49999997476321700     
 -0.17603171113171934     
 -0.16135408501395440     
 -0.13790550012127742     
 -0.11372128933029084     
  -9.0572184689284588E-002
  -6.9019712965141436E-002
  -4.9227300361021673E-002
  -3.1189623997281986E-002
  -1.4821419071880336E-002
   4.3711390001862412E-008
 -0.18152671795963723     
 -0.16452813528878085     
 -0.13209858543390024     
  -8.9192097265578738E-002
  -3.4748650111175408E-002
   3.3473196364943066E-002
  0.11813589078188649     
  0.22210750203550977     
  0.34837557337353781     
  0.50000005047356477     
 -0.18895029406787922     
 -0.17089400581188646     
 -0.13244768878456681     
  -7.5953816311753602E-002
   1.6947550893345741E-003
  0.10470974718248775     
  0.23771803245744311     
  0.40557520540719971     
  0.61329790930294814     
  0.86602544021059469     
 -0.19830904870555757     
 -0.18124670593735417     
 -0.14183569499830936     
  -8.0753439986214981E-002
   5.8422044429726917E-003
  0.12276717039371067     
  0.27519005958248149     
  0.46847990952647822     
  0.70817765285906986     
  0.99999999999999623     
 -0.20938279972755827     
 -0.19584390448265443     
 -0.16147943357535538     
 -0.10647492224010305     
  -2.7716025335793409E-002
   7.8737522410969235E-002
  0.21705746918587035     
  0.39148463729823307     
  0.60632262259480130     
  0.86602535278781245     
 -0.22163198257113581     
 -0.21431213706077676     
 -0.19062161241992687     
 -0.15147747059070890     
  -9.5706960800978833E-002
  -2.1387311079646920E-002
   7.3540742311368382E-002
  0.19102106317177381     
  0.33272140375884629     
  0.49999989905286546     
 -0.23392379114904102     
 -0.23570988539762566     
 -0.22671274589347706     
 -0.21008759151454834     
 -0.18727759547766448     
 -0.15890235363594524     
 -0.12536765303881689     
  -8.7102108047170765E-002
  -4.4783648545028927E-002
  -1.3113417000558692E-007
