 -0.93715619869151034     
 -0.85861699543185110     
 -0.74591201969320564     
 -0.65101181681197595     
 -0.58884470996858995     
 -0.56739878937073651     
 -0.59261680796377703     
 -0.66975703822609201     
 -0.80387228091793728     
  -1.0000000000000000     
 -0.94210212267705329     
 -0.86324837948983824     
 -0.74822686473069855     
 -0.64802768884985074     
 -0.57695968932906694     
 -0.54238294035245593     
 -0.54956384819259907     
 -0.60303839002237092     
 -0.70710584152372602     
 -0.86602539649920685     
 -0.95692546388132382     
 -0.87746305859031826     
 -0.75630916715924257     
 -0.64163138217159033     
 -0.54608259972086481     
 -0.47536379238454946     
 -0.43293983715059192     
 -0.42141434374046399     
 -0.44304996014219378     
 -0.49999997476321700     
 -0.98155073774117163     
 -0.90213402463291692     
 -0.77331449699819943     
 -0.63889740047000476     
 -0.50938634926228943     
 -0.38839611815482100     
 -0.27710037474179755     
 -0.17559244253275996     
  -8.3447897764627091E-002
   4.3711390001862412E-008
  -1.0157424558353274     
 -0.93844442133989647     
 -0.80371232143554894     
 -0.64979760357117300     
 -0.48526813453739398     
 -0.31203217469582650     
 -0.12934493762324628     
   6.4894951711121737E-002
  0.27356552174867282     
  0.50000005047356477     
  -1.0589465790139254     
 -0.98754445873208696     
 -0.85230791282963669     
 -0.68499942729647545     
 -0.49307635834347963     
 -0.27785407822776159     
  -3.7899288302606332E-002
  0.22983965736697515     
  0.52950933565152636     
  0.86602544021059469     
  -1.1100888930584787     
  -1.0501816385542257     
 -0.92323195928760615     
 -0.75367186251247964     
 -0.54893643786534152     
 -0.31122015673947157     
  -4.0165892325153447E-002
  0.26626607001527647     
  0.61146916841368382     
  0.99999999999999623     
  -1.1673087895648591     
  -1.1263848831676235     
  -1.0191156444996647     
 -0.86185846482182071     
 -0.66287940376224752     
 -0.42641719694066715     
 -0.15480301733365059     
  0.15086267607129641     
  0.49065115699960826     
  0.86602535278781245     
  -1.2275223066087948     
  -1.2152670653187363     
  -1.1405830053392181     
  -1.0117341391806716     
 -0.83800497160841625     
 -0.62580085976872857     
 -0.38054566813101920     
 -0.10754060741173760     
  0.18773851825204776     
  0.49999989905286546     
  -1.2849424826626732     
  -1.3149708189350566     
  -1.2860599902228838     
  -1.2016873392893750     
  -1.0716004229753564     
 -0.90315143545297250     
 -0.70319895028297086     
 -0.47924494127236145     
 -0.24050952788169799     
  -1.3113417000558692E-007
