 -0.89980683331229594     
 -0.82462462521170776     
 -0.71715596196844922     
 -0.62751748339367186     
 -0.57027336124248462     
 -0.55332676512474355     
 -0.58261989610882536     
 -0.66343879604698208     
 -0.80087362942128693     
  -1.0000000000000000     
 -0.90454656606955341     
 -0.82902756130745869     
 -0.71923190169188012     
 -0.62430780850659251     
 -0.55819173953602541     
 -0.52815194282834388     
 -0.53944934772938247     
 -0.59664407092202076     
 -0.70407037501398617     
 -0.86602539649920685     
 -0.91875477052370313     
 -0.84255601347080467     
 -0.72659089119533649     
 -0.61722382354760774     
 -0.52671325089271581     
 -0.46064575622416776     
 -0.42246428415732801     
 -0.41478596470514101     
 -0.43990256070999967     
 -0.49999997476321700     
 -0.94236813941743391     
 -0.86607990191644613     
 -0.74236782242347876     
 -0.61330769001316254     
 -0.48897346154549631     
 -0.37282744585281735     
 -0.26599112127665275     
 -0.16855224145471379     
  -8.0102019559271709E-002
   4.3711390001862412E-008
 -0.97517230256435694     
 -0.90077908348686098     
 -0.77099717034667614     
 -0.62247352519505594     
 -0.46330262000418460     
 -0.29518404943757182     
 -0.11727593600419384     
   7.2562068510507449E-002
  0.27721394185448917     
  0.50000005047356477     
  -1.0166485831520979     
 -0.94780169726690799     
 -0.81723446892550489     
 -0.65530273366112279     
 -0.46894240315114510     
 -0.25919089472522794     
  -2.4453297650482847E-002
  0.23841280660213671     
  0.53359719834438935     
  0.86602544021059469     
  -1.0657765583401060     
  -1.0078986186285337     
 -0.88514895680391703     
 -0.72084318210251963     
 -0.52186000150086409     
 -0.29003848790404074     
  -2.4776540949328778E-002
  0.27613233854820463     
  0.61618692373467976     
  0.99999999999999623     
  -1.1207772962650571     
  -1.0811113200553655     
 -0.97730085014812007     
 -0.82498036392658891     
 -0.63185659877975686     
 -0.40174951317923580     
 -0.13665449615240327     
  0.16259909394546262     
  0.49629069901678941     
  0.86602535278781245     
  -1.1786919499477626     
  -1.1665808012834209     
  -1.0942448192955341     
 -0.96969439958677994     
 -0.80171221579762120     
 -0.59627026881374801     
 -0.35839229612113987     
  -9.2999261279579859E-002
  0.19479065837473417     
  0.49999989905286546     
  -1.2339601495101105     
  -1.2624993158646491     
  -1.2343579653284118     
  -1.1531639476864854     
  -1.0282983124575014     
 -0.86675966466574650     
 -0.67503670719821263     
 -0.46022136289053422     
 -0.23106154945328558     
  -1.3113417000558692E-007
