  -2.2067948198058789E-002
  -2.6336120273167851E-002
  -4.2383905383360669E-002
  -7.6527893383130513E-002
 -0.13489262911373531     
 -0.22349934681605166     
 -0.34833632989878760     
 -0.51538171830493806     
 -0.73061052382818115     
  -1.0000000000000000     
  -2.1918442215377417E-002
  -2.5369756364505256E-002
  -3.8883887433468753E-002
  -6.8064137464704078E-002
 -0.11824101853241693     
 -0.19463628071050892     
 -0.30243749892942901     
 -0.44682075406812288     
 -0.63295891354782763     
 -0.86602539649920685     
  -2.1540068122634821E-002
  -2.2763124502597959E-002
  -2.9357845977461071E-002
  -4.4976447100962609E-002
  -7.2780288998939638E-002
 -0.11580791737157897     
 -0.17705961128809539     
 -0.25952165257299525     
 -0.36617515359912817     
 -0.49999997476321700     
  -2.1124014483107991E-002
  -1.9315167473436295E-002
  -1.6467715615592318E-002
  -1.3560270467065821E-002
  -1.0791556352828479E-002
  -8.2202604414123998E-003
  -5.8617161507697009E-003
  -3.7134447515738316E-003
  -1.7644410457170487E-003
   4.3711390001862412E-008
  -2.0929676713960964E-002
  -1.6117031107036786E-002
  -3.8523402266015063E-003
   1.7579078634196551E-002
   5.0940966334478102E-002
   9.9149820692360849E-002
  0.16516914998593080     
  0.25198398455124943     
  0.36259251856116503     
  0.50000005047356477     
  -2.1212229254438435E-002
  -1.4259125553910998E-002
   4.8443385205299578E-003
   3.9823953108928646E-002
   9.5614499670509362E-002
  0.17730391320064390     
  0.29002535186346401     
  0.43893533481775565     
  0.62920645095743588     
  0.86602544021059469     
  -2.2149691950723128E-002
  -1.4537562562069593E-002
   6.9459482527598404E-003
   4.6842312094693687E-002
  0.11089039453311704     
  0.20496590328427353     
  0.33497936188263949     
  0.50685796128515859     
  0.72654471410185306     
  0.99999999999999623     
  -2.3788031876960731E-002
  -1.7238218031576023E-002
   1.4581554284017451E-003
   3.6271887149474574E-002
   9.2174425073459146E-002
  0.17424292579581901     
  0.28757077444018680     
  0.43724982537195295     
  0.62836844702230932     
  0.86602535278781245     
  -2.6015845893070592E-002
  -2.2055761930789296E-002
  -1.0664719620457936E-002
   1.0343071987783272E-002
   4.3818644106447077E-002
   9.2681871634166094E-002
  0.15985471296010406     
  0.24823778535869617     
  0.36068841039296717     
  0.49999989905286546     
  -2.8551451663579665E-002
  -2.8168305636526877E-002
  -2.6770172687404632E-002
  -2.4721278396151760E-002
  -2.2065231277192648E-002
  -1.8813008097185419E-002
  -1.4970079486757625E-002
  -1.0542059753225714E-002
  -5.5394499478005560E-003
  -1.3113417000558692E-007
