 -0.64383191396366879     
 -0.59167378479455168     
 -0.52010682168634170     
 -0.46653507054279514     
 -0.44302753071688372     
 -0.45691071703364405     
 -0.51412504688220240     
 -0.62015003900000421     
 -0.78032972524968680     
  -1.0000000000000000     
 -0.64715694672494928     
 -0.59451132945519436     
 -0.52054745159090932     
 -0.46178034106215837     
 -0.42960060045652110     
 -0.43065005905362286     
 -0.47015110995172127     
 -0.55283505553028223     
 -0.68327636476137221     
 -0.86602539649920685     
 -0.65714678506000801     
 -0.60333598082551099     
 -0.52295303749706878     
 -0.44998915470421763     
 -0.39400542241112907     
 -0.35980955939371123     
 -0.35069443706605902     
 -0.36937482320256693     
 -0.41833824175018863     
 -0.49999997476321700     
 -0.67381677073768642     
 -0.61899783823046040     
 -0.53031679705231149     
 -0.43797978108285740     
 -0.34912365533806222     
 -0.26616855698614150     
 -0.18988566418664174     
 -0.12032266135166710     
  -5.7180897031796192E-002
   4.3711390001862412E-008
 -0.69709970481765171     
 -0.64265256282429573     
 -0.54683390951337896     
 -0.43527502565455095     
 -0.31282564908271471     
 -0.17976811160811365     
  -3.4600755181899465E-002
  0.12508253268428912     
  0.30220599846426860     
  0.50000005047356477     
 -0.72671604208936447     
 -0.67543504241920782     
 -0.57692425306048523     
 -0.45186430660127042     
 -0.30362662584148453     
 -0.13135378295280073     
   6.7646893295446542E-002
  0.29713468203763782     
  0.56159402033524763     
  0.86602544021059469     
 -0.76201370824386960     
 -0.71811636547402757     
 -0.62423301680544308     
 -0.49597355150609734     
 -0.33641013929151137     
 -0.14496458081009309     
   8.0627042746318683E-002
  0.34370907643864790     
  0.64850220591586727     
  0.99999999999999623     
 -0.80177006927308980     
 -0.77082236167878526     
 -0.69083807827964294     
 -0.57240792645732563     
 -0.41941130164941692     
 -0.23282107997547632     
  -1.2357993215005055E-002
  0.24298950018316842     
  0.53492305766294324     
  0.86602535278781245     
 -0.84388460823730793     
 -0.83288097415116646     
 -0.77682058347643645     
 -0.68183113486962288     
 -0.55323403444797503     
 -0.39406535018127803     
 -0.20665905954068237     
   6.6297288287493882E-003
  0.24312022160085942     
  0.49999989905286546     
 -0.88434815786507925     
 -0.90281839953288834     
 -0.88022263795918554     
 -0.82099372897760403     
 -0.73192405218500334     
 -0.61762094468253947     
 -0.48211529435417777     
 -0.32978315129358188     
 -0.16621974994734032     
  -1.3113417000558692E-007
