 -0.64383191396366879     
 -0.62713287515945559     
 -0.59549829308428992     
 -0.56059434893851279     
 -0.52709874301966431     
 -0.49746175139099708     
 -0.47324181701169321     
 -0.45550486737119616     
 -0.44511631026030718     
 -0.44281498128322372     
 -0.44930271360906054     
 -0.46520717684195795     
 -0.49108788223393801     
 -0.52752270213691288     
 -0.57508080303378162     
 -0.63439857167477565     
 -0.70599851921064116     
 -0.79042154691856337     
 -0.88823293639208356     
  -1.0000000000000000     
 -0.64458225891492404     
 -0.62786456177653061     
 -0.59614838801805492     
 -0.56106455758189611     
 -0.52726736302744193     
 -0.49718830100559847     
 -0.47236849401783887     
 -0.45385859203243734     
 -0.44250765059871122     
 -0.43903749051931007     
 -0.44413235420368491     
 -0.45840208740168964     
 -0.48238865797989028     
 -0.51665227973650119     
 -0.56174398910779011     
 -0.61827851594726269     
 -0.68676103120350684     
 -0.76771438260219849     
 -0.86168380416598123     
 -0.96921817825966083     
 -0.64682274361999736     
 -0.63005376122536050     
 -0.59810360308216615     
 -0.56249794532514474     
 -0.52782138801205170     
 -0.49645089180152718     
 -0.46987704863825236     
 -0.44910586635959854     
 -0.43493819002664780     
 -0.42804781393173563     
 -0.42906603392812154     
 -0.43855120297571748     
 -0.45699613147571744     
 -0.48490720341831783     
 -0.52278165578223645     
 -0.57117450955825777     
 -0.63053871166101516     
 -0.70134275193628237     
 -0.78407629741517049     
 -0.87923121265432025     
 -0.65055576274701732     
 -0.63371522587837659     
 -0.60140779060653149     
 -0.56498215949957731     
 -0.52891009469298966     
 -0.49548072717951680     
 -0.46610447865858967     
 -0.44171588626943747     
 -0.42304090957467455     
 -0.41067617752205632     
 -0.40516947716821644     
 -0.40699731568730552     
 -0.41657403120886671     
 -0.43432236739784419     
 -0.46065301457751817     
 -0.49602523958447409     
 -0.54080929993306959     
 -0.59538718367162158     
 -0.66016004446646703     
 -0.73552922164000256     
 -0.65578426776547194     
 -0.63887161423606287     
 -0.60613001006322320     
 -0.56865753325067869     
 -0.53077254408610974     
 -0.49464812979929507     
 -0.46158976798873358     
 -0.43244015145169895     
 -0.40782744238774421     
 -0.38824901044913185     
 -0.37414431836843320     
 -0.36588385732331402     
 -0.36377983313537121     
 -0.36814526723909063     
 -0.37927960784405784     
 -0.39751664766293970     
 -0.42311804394495123     
 -0.45635419472306638     
 -0.49750820340498636     
 -0.54686438783447500     
 -0.66251315218404006     
 -0.64555466118718607     
 -0.61236445626750513     
 -0.57371246166438405     
 -0.53372740791958573     
 -0.49444447629904636     
 -0.45704643864845529     
 -0.42226993086941900     
 -0.39063071055694809     
 -0.36251107563178769     
 -0.33822587726085673     
 -0.31802249946054939     
 -0.30209552024584840     
 -0.29063033532779298     
 -0.28379663174598807     
 -0.28178193403811880     
 -0.28472137988418561     
 -0.29275381544114831     
 -0.30602548166880206     
 -0.32468185665406474     
 -0.67074690121116998     
 -0.65380225307544626     
 -0.62022523703430599     
 -0.58037514801473256     
 -0.53816002576105471     
 -0.49546245993249061     
 -0.45333275141714924     
 -0.41239510849777183     
 -0.37304645550208926     
 -0.33554743418691946     
 -0.30008088354155982     
 -0.26676421969694397     
 -0.23566653336616364     
 -0.20683749860417044     
 -0.18030752174170908     
 -0.15610715020826693     
 -0.13423531646947481     
 -0.11468917664033103     
  -9.7466456883419039E-002
  -8.2562810600808292E-002
 -0.68046948943484376     
 -0.66363533868095737     
 -0.62981869006400393     
 -0.58888002118481286     
 -0.54448081814234506     
 -0.49834351464594134     
 -0.45138519262620164     
 -0.40412006804193956     
 -0.35682858191728045     
 -0.30965315642008551     
 -0.26264698481827037     
 -0.21580042122115634     
 -0.16905945784847792     
 -0.12233959007251854     
  -7.5533241948975954E-002
  -2.8514008767095127E-002
   1.8855354493823924E-002
   6.6720176110651466E-002
  0.11523237247725171     
  0.16454792037321264     
 -0.69166383649127505     
 -0.67507854644054510     
 -0.64126160480081240     
 -0.59947843877268814     
 -0.55312338017264762     
 -0.50375973961980403     
 -0.45217837477611716     
 -0.39879394748757147     
 -0.34378210892311378     
 -0.28717955579732346     
 -0.22892284128253623     
 -0.16888780395742481     
 -0.10690984050010097     
  -4.2782280242221152E-002
   2.3728829599543675E-002
   9.2895342927398344E-002
  0.16498080648156632     
  0.24026349822957710     
  0.31903643973939982     
  0.40159846649274988     
 -0.70430050907205455     
 -0.68814656070939073     
 -0.65466354478008804     
 -0.61241618122971375     
 -0.56451645936515615     
 -0.51237598339843327     
 -0.45667461915759966     
 -0.39774483662069421     
 -0.33567797783315162     
 -0.27042547437237541     
 -0.20182975198751352     
 -0.12967484187243164     
  -5.3707447099513403E-002
   2.6379033440522903E-002
  0.11092317634449855     
  0.20031946011311738     
  0.29493794802005635     
  0.39517090559951218     
  0.50143295117948139     
  0.61414829031969964     
 -0.71833881290610968     
 -0.70284542304222597     
 -0.67012760842769648     
 -0.62793125987509968     
 -0.57907549554306970     
 -0.52483379707045497     
 -0.46579657858393481     
 -0.40223827511624199     
 -0.33419193303156014     
 -0.26155254349849283     
 -0.18409916391325884     
 -0.10155492913239485     
  -1.3608444417813418E-002
   8.0115035724442146E-002
  0.18002725365485647     
  0.28661186168705555     
  0.40031623302750219     
  0.52161729016873748     
  0.65102319586344337     
  0.78905554315767934     
 -0.73371082718916969     
 -0.71915581382471006     
 -0.68772744020255328     
 -0.64622124070214293     
 -0.59715785335195481     
 -0.54169138222708768     
 -0.48034893484239338     
 -0.41337455670019307     
 -0.34077428608794069     
 -0.26241995582493255     
 -0.17806390506424907     
  -8.7406047493693725E-002
   9.8855378082217359E-003
  0.11421440180912938     
  0.22602534401357291     
  0.34584838514558180     
  0.47417011508968104     
  0.61151492306821775     
  0.75844677573997810     
  0.91554863772438055     
 -0.75031869007275598     
 -0.73702926877911301     
 -0.70749852653204925     
 -0.66742786970745926     
 -0.61903855198911506     
 -0.56338743829225768     
 -0.50096658583397224     
 -0.43201907826101271     
 -0.35655622415228616     
 -0.27446247717402394     
 -0.18550270470960414     
  -8.9394763117983639E-002
   1.4172164263709274E-002
  0.12558536790528288     
  0.24527668108522660     
  0.37377190373487734     
  0.51155176163993976     
  0.65914316035642095     
  0.81711976622611537     
  0.98608278699017426     
 -0.76803940303574758     
 -0.75639737340646007     
 -0.72945103054158589     
 -0.69165093130204058     
 -0.64492536892659502     
 -0.59025785273323339     
 -0.52813372939163827     
 -0.45882292270599095     
 -0.38237390285685086     
 -0.29871721819570696     
 -0.20766920160314747     
 -0.10900664325988040     
  -2.4823878078137438E-003
  0.11222729728035882     
  0.23549091956363405     
  0.36777434633733563     
  0.50950087966047297     
  0.66114721462242698     
  0.82324574428893293     
  0.99636544583989095     
 -0.78671360908952370     
 -0.77716312816286770     
 -0.75355709162431272     
 -0.71893193127597033     
 -0.67493675063449676     
 -0.62250770585370641     
 -0.56214888591157985     
 -0.49418152012226102     
 -0.41871795332343575     
 -0.33576446820137457     
 -0.24522207081118336     
 -0.14696288926637768     
  -4.0842973423305708E-002
   7.3352711432887824E-002
  0.19587915410573381     
  0.32708430436624442     
  0.46727711398818617     
  0.61682571134546782     
  0.77616197036265389     
  0.94576353233395249     
 -0.80614053820420972     
 -0.79920709121738875     
 -0.77976157697110760     
 -0.74926703153796859     
 -0.70911982786887084     
 -0.66023509169783545     
 -0.60315743270272582     
 -0.53827793831117066     
 -0.46579259392900579     
 -0.38580400018535255     
 -0.29832216278756679     
 -0.20334146511256374     
 -0.10085114136201950     
   9.2174304739896934E-003
  0.12696102450765320     
  0.25255375720026468     
  0.38613127850485984     
  0.52788781304280052     
  0.67808467984906340     
  0.83704122661204017     
 -0.82605328301403369     
 -0.82236956914604287     
 -0.80794859225468640     
 -0.78255730810990520     
 -0.74738333079647812     
 -0.70334494214002496     
 -0.65104501251183267     
 -0.59095497215262005     
 -0.52336444190541764     
 -0.44848183538086206     
 -0.36643734884235685     
 -0.27735939709030738     
 -0.18138465334758530     
  -7.8611879549655359E-002
   3.0868044148377117E-002
  0.14701169586573790     
  0.26972717013738201     
  0.39896456967223548     
  0.53473220811015887     
  0.67710377536665944     
 -0.84610479653366166     
 -0.84647177304990529     
 -0.83796915417239448     
 -0.81864683813963124     
 -0.78954778736705400     
 -0.75161863048924915     
 -0.70553088342509895     
 -0.65183871583775166     
 -0.59092623973905700     
 -0.52310401533240725     
 -0.44861823034054515     
 -0.36772503818782165     
 -0.28070131343219290     
 -0.18780847098313178     
  -8.9326181457836357E-002
   1.4470912429234435E-002
  0.12323049352805568     
  0.23659588682593757     
  0.35422408490773993     
  0.47581525151621917     
 -0.86580637964257912     
 -0.87132328381677915     
 -0.86964307297641186     
 -0.85732456232826548     
 -0.83535320198405372     
 -0.80472518389533854     
 -0.76618614946296049     
 -0.72036980917308702     
 -0.66774411542234868     
 -0.60870811109710565     
 -0.54360571900450561     
 -0.47279464736488208     
 -0.39666187177632906     
 -0.31559490220015507     
 -0.23002179585366408     
 -0.14040739279879846     
  -4.7334010502580529E-002
   4.8531351699354942E-002
  0.14641426727332713     
  0.24543747222096757     
 -0.88434815786507925     
 -0.89673169921390028     
 -0.90275972795617010     
 -0.89832569001608031     
 -0.88445689328268795     
 -0.86222292706073667     
 -0.83244251158540028     
 -0.79581881732927129     
 -0.75288767251639044     
 -0.70411517524171963     
 -0.64991203288033450     
 -0.59070086303916280     
 -0.52692805179390978     
 -0.45904455440726755     
 -0.38754489018461524     
 -0.31297429842141095     
 -0.23600483413243864     
 -0.15743666971827330     
  -7.8286918388277921E-002
  -1.3113417000558692E-007
