 -0.89980683331229594     
 -0.87591830724120889     
 -0.83019685336592752     
 -0.77879312757812302     
 -0.72801301645419125     
 -0.68103823475855896     
 -0.63979508789926987     
 -0.60553865474373869     
 -0.57923220503249062     
 -0.56166137839494967     
 -0.55354590462351683     
 -0.55551096986151571     
 -0.56809864260821141     
 -0.59186535845030952     
 -0.62735634971957399     
 -0.67518311052444657     
 -0.73583829195376538     
 -0.80983373811573223     
 -0.89770740537024729     
  -1.0000000000000000     
 -0.90087690619872707     
 -0.87698252083056061     
 -0.83119827214527775     
 -0.77962770987592134     
 -0.72855029489863976     
 -0.68112934942183723     
 -0.63927471279245185     
 -0.60422801997181430     
 -0.57693712250387508     
 -0.55817189606731787     
 -0.54863574005243265     
 -0.54893658100640352     
 -0.55960012770259071     
 -0.58116567034691047     
 -0.61415943021594188     
 -0.65917344331547145     
 -0.71668232740950222     
 -0.78717970430024164     
 -0.87118437111364022     
 -0.96921817825966083     
 -0.90407037688216152     
 -0.88016321409703768     
 -0.83420267073177756     
 -0.78215010457320666     
 -0.73020711312323905     
 -0.68148269489419222     
 -0.63784028087423605     
 -0.60048040237601819     
 -0.57030731311188709     
 -0.54804598950732297     
 -0.53435014846718798     
 -0.52977851316997859     
 -0.53481006536110653     
 -0.54993186583965437     
 -0.57561773978798103     
 -0.61240069728644619     
 -0.66070370540754864     
 -0.72096752282737930     
 -0.79365460062653548     
 -0.87923121265432025     
 -0.90938564092693963     
 -0.88547319980627737     
 -0.83925446496790035     
 -0.78645162032129368     
 -0.73313902608567871     
 -0.68233853190525728     
 -0.63583902001096604     
 -0.59477680338764283     
 -0.55998777153476209     
 -0.53212577823102170     
 -0.51176635065983178     
 -0.49939052920641847     
 -0.49540220358721543     
 -0.50020793232968142     
 -0.51419725106281311     
 -0.53780882326680168     
 -0.57138494903448056     
 -0.61528041401329914     
 -0.66986971507193260     
 -0.73552922164000256     
 -0.91681959584327555     
 -0.89293160887488554     
 -0.84642405932756171     
 -0.79267899532973485     
 -0.73759616807434270     
 -0.68408176538882226     
 -0.63382765552840858     
 -0.58788787872042714     
 -0.54701041859935673     
 -0.51175842281902639     
 -0.48260585565760661     
 -0.45993448004206694     
 -0.44405085712312309     
 -0.43525634943570513     
 -0.43383244743007010     
 -0.44009479292822429     
 -0.45427922273101445     
 -0.47662998872485174     
 -0.50740519544625418     
 -0.54686438783447500     
 -0.92636883386307067     
 -0.90256608532297899     
 -0.85580842770520738     
 -0.80103073253634849     
 -0.74391383255939381     
 -0.68722598156909454     
 -0.63254578791085236     
 -0.58083450034474726     
 -0.53273951153667964     
 -0.48871962384266615     
 -0.44913420656111236     
 -0.41425042850433097     
 -0.38426415464688968     
 -0.35935440854644013     
 -0.33967754541007444     
 -0.32540682492067641     
 -0.31665379989598175     
 -0.31353366738167493     
 -0.31616922252643748     
 -0.32468185665406474     
 -0.93802790725988683     
 -0.91440932000842268     
 -0.86752631576421857     
 -0.81174914275204157     
 -0.75250037891724564     
 -0.69239455905766256     
 -0.63288849476783693     
 -0.57484657472470502     
 -0.51881224837646467     
 -0.46513680629887316     
 -0.41405958207057580     
 -0.36572841384769417     
 -0.32022269344394227     
 -0.27759305002910101     
 -0.23786265011273389     
 -0.20105220437473958     
 -0.16714116282682007     
 -0.13610555440511607     
 -0.10792175603799917     
  -8.2562810600808292E-002
 -0.95176082554244390     
 -0.92846867389273724     
 -0.88168114257422936     
 -0.82507766758468670     
 -0.76378593879909062     
 -0.70025756200156453     
 -0.63582842102240211     
 -0.57127066777838353     
 -0.50702894851242541     
 -0.44335253789061796     
 -0.38036671362466618     
 -0.31810481487239056     
 -0.25653470555278080     
 -0.19558214992896142     
 -0.13513994427529771     
  -7.5078195186461263E-002
  -1.5244935509552547E-002
   4.4522402534336411E-002
  0.10439452911775347     
  0.16454792037321264     
 -0.96753009875984652     
 -0.94475628099956210     
 -0.89839030007587184     
 -0.84128237943942441     
 -0.77823252049891556     
 -0.71152784109656564     
 -0.64239074348975045     
 -0.57151340035281761     
 -0.49925625978605992     
 -0.42578236950533332     
 -0.35111747527339171     
 -0.27519686438217794     
 -0.19789168205834873     
 -0.11901712183454266     
  -3.8349434462056881E-002
   4.4378695113515415E-002
  0.12943908763348688     
  0.21712238633047132     
  0.30773655929780480     
  0.40159846649274988     
 -0.98528065082286087     
 -0.96327012686055880     
 -0.91776325822019134     
 -0.86062538713601766     
 -0.79630169424626840     
 -0.72691765394885499     
 -0.65359749435622072     
 -0.57697265852696811     
 -0.49734123574617400     
 -0.41480400449531812     
 -0.32931235761795552     
 -0.24072936894642621     
 -0.14885407793666927     
  -5.3416636664944894E-002
   4.5899105920272430E-002
  0.14947295524412743     
  0.25767471689464538     
  0.37090258642204066     
  0.48958101106017238     
  0.61414829031969964     
  -1.0049424573840655     
 -0.98399831179376862     
 -0.93990375645660829     
 -0.88336591636191930     
 -0.81844906698625830     
 -0.74712702260531383     
 -0.67044558363708506     
 -0.58900022695669962     
 -0.50305534086439385     
 -0.41267920871234881     
 -0.31778408296140886     
 -0.21819382372011362     
 -0.11367026124615269     
  -3.8930021825730457E-003
  0.11151170342601296     
  0.23299968589062206     
  0.36100719181022423     
  0.49600832620867386     
  0.63851404398481482     
  0.78905554315767934     
  -1.0264083497799510     
  -1.0068956577869717     
 -0.96488096428907377     
 -0.90971944303859642     
 -0.84507282639942916     
 -0.77277652306392874     
 -0.69382139762167561     
 -0.60879492458504958     
 -0.51795928752152220     
 -0.42138590196048537     
 -0.31898675834091261     
 -0.21058791143933756     
  -9.5954928602173889E-002
   2.5239607891388363E-002
  0.15338336114207649     
  0.28896167265938083     
  0.43243550278909026     
  0.58431507859777010     
  0.74515787413849388     
  0.91554863772438055     
  -1.0495319799288807     
  -1.0318808790090421     
 -0.99272083036351311     
 -0.93984209422378173     
 -0.87648763455833356     
 -0.80436939964072485     
 -0.72444831777872809     
 -0.63733128071808687     
 -0.54331007279441790     
 -0.44249661302766780     
 -0.33484283971985135     
 -0.22022194761916475     
  -9.8448663658784477E-002
   3.0762383067787412E-002
  0.16776170542058322     
  0.31300925740458097     
  0.46694104470501741     
  0.63005419557823072     
  0.80290368278719315     
  0.98608278699017426     
  -1.0741340354122177     
  -1.0588483205220875     
  -1.0234221890204223     
 -0.97384956360070418     
 -0.91294586698479097     
 -0.84231616912680474     
 -0.76291409957410561     
 -0.67539061910724008     
 -0.58009701823589799     
 -0.47721806791963989     
 -0.36678630834653925     
 -0.24876467113509351     
 -0.12306351007879979     
   1.0508401770886720E-002
  0.15220913574562303     
  0.30241160752993629     
  0.46146969460330489     
  0.62980878005042706     
  0.80792527346855503     
  0.99636544583989095     
  -1.0999859985866616     
  -1.0876565406627345     
  -1.0569413886415437     
  -1.0117969532484019     
 -0.95461141429553431     
 -0.88690132796735743     
 -0.80963184358680496     
 -0.72351642735534005     
 -0.62898891506385723     
 -0.52633353585303688     
 -0.41569569612126800     
 -0.29716526191204434     
 -0.17079063830573865     
  -3.6524220780939851E-002
  0.10574360184754164     
  0.25623373755365381     
  0.41515360720869232     
  0.58279073729260422     
  0.75951572147613911     
  0.94576353233395249     
  -1.1268038319787843     
  -1.1181364559804803     
  -1.0932060915857051     
  -1.0536947965358823     
  -1.0015819300588904     
 -0.93831384714543942     
 -0.86488065269177639     
 -0.78206858158122872     
 -0.69040697289876374     
 -0.59029539765796146     
 -0.48201158976869546     
 -0.36579832688645475     
 -0.24187237656641192     
 -0.11037059063539589     
   2.8617934666045494E-002
  0.17509862423762559     
  0.32906329195585854     
  0.49058549665084372     
  0.65982930240499060     
  0.83704122661204017     
  -1.1542141705892186     
  -1.1500671751909044     
  -1.1320696982674467     
  -1.0994431749542664     
  -1.0538012045488276     
 -0.99653642505277062     
 -0.92867164011265213     
 -0.85106722187332329     
 -0.76434750673070839     
 -0.66902754109835483     
 -0.56552210542135817     
 -0.45423196947939731     
 -0.33555445459912692     
 -0.20983142696307697     
  -7.7383425371050168E-002
   6.1529166095481889E-002
  0.20661646705809261     
  0.35765338693070747     
  0.51449806985077928     
  0.67710377536665944     
  -1.1817345948063100     
  -1.1832042222872721     
  -1.1733472352959704     
  -1.1488786900748422     
  -1.1111189447987218     
  -1.0614260896791472     
  -1.0008549893805556     
 -0.93033066778872497     
 -0.85056038884351604     
 -0.76215933523242752     
 -0.66566152293163350     
 -0.56161068256401392     
 -0.45056775922325221     
 -0.33306904839340568     
 -0.20966549886463928     
  -8.0899393485817844E-002
   5.2615232308808137E-002
  0.19027450915696539     
  0.33150737690076049     
  0.47581525151621917     
  -1.2086889035326114     
  -1.2172878073535962     
  -1.2168153047669055     
  -1.2017729251063378     
  -1.1732942813487566     
  -1.1327200272128422     
  -1.0811319772177379     
  -1.0195018028159060     
 -0.94859521044804285     
 -0.86909756706463404     
 -0.78162721484118580     
 -0.68682777829348618     
 -0.58537906371488402     
 -0.47795987188394540     
 -0.36529878863206872     
 -0.24816948101311809     
 -0.12747877602229216     
  -4.2239930570686333E-003
  0.12048429822702864     
  0.24543747222096757     
  -1.2339601495101105     
  -1.2520553839602728     
  -1.2622102226357308     
  -1.2578290945212145     
  -1.2399872908070158     
  -1.2100287810547734     
  -1.1690522308749032     
  -1.1180511001830764     
  -1.0578173588620641     
 -0.98906646151586686     
 -0.91245185972520781     
 -0.82865746909988458     
 -0.73840772181115610     
 -0.64243720729401665     
 -0.54154337819890419     
 -0.43659289442489718     
 -0.32861814640857423     
 -0.21880931177725854     
 -0.10861803654349242     
  -1.3113417000558692E-007
