 -0.16951021449398535     
 -0.16620944803771853     
 -0.16080044050614936     
 -0.15657523038928736     
 -0.15518060496263042     
 -0.15771333595478515     
 -0.16505477460200840     
 -0.17792656587539324     
 -0.19701729247791552     
 -0.22298442850019540     
 -0.25649870659898444     
 -0.29819577046558138     
 -0.34866836846855132     
 -0.40853469862215480     
 -0.47841156214270991     
 -0.55897972567197862     
 -0.65081930414197264     
 -0.75452512285726647     
 -0.87071304563885266     
  -1.0000000000000000     
 -0.16966454977197520     
 -0.16632270752787609     
 -0.16079893082795849     
 -0.15637151192607179     
 -0.15466864641857697     
 -0.15676795597789553     
 -0.16353146435112531     
 -0.17566288493002269     
 -0.19383198336537275     
 -0.21867722714308607     
 -0.25084978608996999     
 -0.29096585359430327     
 -0.33959997951758358     
 -0.39735132349501634     
 -0.46481717652705923     
 -0.54265716731857272     
 -0.63143271597521411     
 -0.73172026978735416     
 -0.84411601612757270     
 -0.96921817825966083     
 -0.17012835933684220     
 -0.16666712880240003     
 -0.16080886673613820     
 -0.15579120755052678     
 -0.15318762264047839     
 -0.15402014846078577     
 -0.15909397266539085     
 -0.16906041015659334     
 -0.18453437467502337     
 -0.20609938684569273     
 -0.23434837423570662     
 -0.26984135558466726     
 -0.31309963952751779     
 -0.36466624261598291     
 -0.42508230506797118     
 -0.49494498366872880     
 -0.57476249069317809     
 -0.66505599347623878     
 -0.76636539681031490     
 -0.87923121265432025     
 -0.17091067016562367     
 -0.16726106232832660     
 -0.16087226701642832     
 -0.15491491200900034     
 -0.15087494234844057     
 -0.14968515358242185     
 -0.15206024676484978     
 -0.15856781006237070     
 -0.16973542537718983     
 -0.18605880480491910     
 -0.20803837689850480     
 -0.23614445625285463     
 -0.27081337406707495     
 -0.31249868118182489     
 -0.36165172174110677     
 -0.41877051219883937     
 -0.48427789111199915     
 -0.55860716660420406     
 -0.64220779105299863     
 -0.73552922164000256     
 -0.17202571446433584     
 -0.16813366784720019     
 -0.16105602133729530     
 -0.15387149037864445     
 -0.14794978146155682     
 -0.14410647996303008     
 -0.14293758911104804     
 -0.14490080431506303     
 -0.15040957622610235     
 -0.15984463380101924     
 -0.17358510371313191     
 -0.19198423893393904     
 -0.21536655314858957     
 -0.24406865155164933     
 -0.27842410469310108     
 -0.31880133881624317     
 -0.36551062653941585     
 -0.41887079335333555     
 -0.47921184851668863     
 -0.54686438783447500     
 -0.17349246841734361     
 -0.16932360910019242     
 -0.16144854230817887     
 -0.15283055166656795     
 -0.14470035319502650     
 -0.13773526197579403     
 -0.13239135113754366     
 -0.12899786913362860     
 -0.12783374905956263     
 -0.12914502635052988     
 -0.13316889061070414     
 -0.14012062128277888     
 -0.15019422457468265     
 -0.16358876844235531     
 -0.18049954884477704     
 -0.20114236225156210     
 -0.22569586774727024     
 -0.25434348152848046     
 -0.28727547810203158     
 -0.32468185665406474     
 -0.17533335278001144     
 -0.17087697939648172     
 -0.16215549601501830     
 -0.15199454605099752     
 -0.14147046666943575     
 -0.13110905519360710     
 -0.12121424262765068     
 -0.11197560070310730     
 -0.10352659222636316     
  -9.5967170865619927E-002
  -8.9380533591198061E-002
  -8.3832748140539939E-002
  -7.9376244107399629E-002
  -7.6060936047423339E-002
  -7.3932258831004807E-002
  -7.3039919873496922E-002
  -7.3419795070773716E-002
  -7.5108353791393453E-002
  -7.8143538322166098E-002
  -8.2562810600808292E-002
 -0.17756760584756520     
 -0.17283911721246437     
 -0.16328805871532934     
 -0.15158189881994522     
 -0.13863456339334040     
 -0.12481634730493449     
 -0.11027601752856137     
  -9.5061467789844895E-002
  -7.9158692788271368E-002
  -6.2519700434968559E-002
  -4.5071773032083068E-002
  -2.6729959885277016E-002
  -7.4033779991260536E-003
   1.3009208935495472E-002
   3.4614370599560497E-002
   5.7530750666572622E-002
   8.1867674687646497E-002
  0.10773804123605256     
  0.13525884538132787     
  0.16454792037321264     
 -0.18021474855955474     
 -0.17525700363870955     
 -0.16496080945757255     
 -0.15181633870333300     
 -0.13657496649740108     
 -0.11945633394557706     
 -0.10046049901803047     
  -7.9500520676528935E-002
  -5.6422149100444387E-002
  -3.1037239346389356E-002
  -3.1249728253960039E-003
   2.7542610974643306E-002
   6.1192168042893055E-002
   9.8068190297141838E-002
  0.13842154022660519     
  0.18253126351449123     
  0.23064462342914382     
  0.28301677937114517     
  0.33991263235875846     
  0.40159846649274988     
 -0.18329056188817358     
 -0.17817362877916113     
 -0.16728317339055082     
 -0.15291359948208216     
 -0.13566127019639526     
 -0.11560851637723177     
  -9.2622096865222547E-002
  -6.6495350112118240E-002
  -3.6950105008134677E-002
  -3.6743770737417982E-003
   3.3683126631215345E-002
   7.5476249761858391E-002
  0.12205081586328995     
  0.17377758528923112     
  0.23103445022016189     
  0.29424205662586045     
  0.36376987901649754     
  0.43999908815456357     
  0.52332573680604066     
  0.61414829031969964     
 -0.18680676695384199     
 -0.18162689926369369     
 -0.17035582871771365     
 -0.15507347149707099     
 -0.13623576073145044     
 -0.11380876823979433     
  -8.7549535114090221E-002
  -5.7154255623192880E-002
  -2.2244697132422983E-002
   1.7590428161367272E-002
   6.2806871079065518E-002
  0.11385883806005950     
  0.17118680422904153     
  0.23526201998363661     
  0.30656337778726089     
  0.38562518554395453     
  0.47291470889727028     
  0.56891416323333888     
  0.67412642292956571     
  0.78905554315767934     
 -0.19076490700363413     
 -0.18564230803143161     
 -0.17425860938220616     
 -0.15845999897597268     
 -0.13858250289344878     
 -0.11450364163505530     
  -8.5900510129285873E-002
  -5.2400661320674939E-002
  -1.3555898377445417E-002
   3.1113689513385806E-002
   8.2135691236933053E-002
  0.14003236635147939     
  0.20530781948840154     
  0.27850093937402592     
  0.36015926324612907     
  0.45089401645161648     
  0.55123844681929635     
  0.66174453521513255     
  0.78298792676333617     
  0.91554863772438055     
 -0.19515441044008819     
 -0.19022990145681518     
 -0.17904376416818668     
 -0.16318844996619841     
 -0.14290560096596439     
 -0.11801638505425539     
  -8.8152013907230820E-002
  -5.2903743616132454E-002
  -1.1787331283853716E-002
   3.5711138186837924E-002
   9.0154120526109965E-002
  0.15209565736799224     
  0.22206811735681375     
  0.30064041060884011     
  0.38839048671230314     
  0.48596485789449789     
  0.59392628997118102     
  0.71285810657870363     
  0.84337128861720778     
  0.98608278699017426     
 -0.19995438717439362     
 -0.19538664615523937     
 -0.18473900447519559     
 -0.16932867842903154     
 -0.14933249540837779     
 -0.12455023597238925     
  -9.4603714286084786E-002
  -5.9081770538247320E-002
  -1.7499805224650694E-002
   3.0653972270289279E-002
   8.5938421145251839E-002
  0.14890111753737995     
  0.22006543080106017     
  0.29999070603290423     
  0.38924439881259509     
  0.48846270191982910     
  0.59819711703320022     
  0.71902226644880529     
  0.85154090678619321     
  0.99636544583989095     
 -0.20512967910150681     
 -0.20109340707564249     
 -0.19134216319776967     
 -0.17689640568858173     
 -0.15790074210634469     
 -0.13416954857243371     
 -0.10535148042277184     
  -7.1066528541151336E-002
  -3.0864583076596890E-002
   1.5728899896892704E-002
   6.9231807333707499E-002
  0.13014833779979001     
  0.19895700557556922     
  0.27616835241197579     
  0.36229861849314582     
  0.45792789163501230     
  0.56355494298821462     
  0.67970050176719066     
  0.80691596064016491     
  0.94576353233395249     
 -0.21063046762483412     
 -0.20731751632199838     
 -0.19882566062227894     
 -0.18585967122731883     
 -0.16856733219841696     
 -0.14681284754381715     
 -0.12030614000832006     
  -8.8729346136393217E-002
  -5.1698796318634631E-002
  -8.8089429421086274E-003
   4.0383598421011913E-002
   9.6307039359552732E-002
  0.15936309894613149     
  0.22997881239840690     
  0.30858233320943718     
  0.39565449218104354     
  0.49160003403307639     
  0.59684318967848360     
  0.71183491348848804     
  0.83704122661204017     
 -0.21638402399583195     
 -0.21400598889797340     
 -0.20712355933247781     
 -0.19611802154161878     
 -0.18117814433766599     
 -0.16224978741872231     
 -0.13913461913825625     
 -0.11160320469696798     
  -7.9365034811335763E-002
  -4.2109569273869996E-002
   5.0521909698878203E-004
   4.8806093430865616E-002
  0.10309417346728264     
  0.16368707784895850     
  0.23089656885536808     
  0.30506997851262241     
  0.38648338059611947     
  0.47542196067988463     
  0.57218975224597313     
  0.67710377536665944     
 -0.22229249958926939     
 -0.22109471095848443     
 -0.21614557773249363     
 -0.20752511093466858     
 -0.19550225636720808     
 -0.18013248857481923     
 -0.16133323113896497     
 -0.13898412721631354     
 -0.11290811269773504     
  -8.2908545102178044E-002
  -4.8763529815453177E-002
  -1.0264179143450888E-002
   3.2776211991725729E-002
   8.0552115818160741E-002
  0.13324545711692837     
  0.19105258495870628     
  0.25410056235951750     
  0.32250482221695870     
  0.39637415816443200     
  0.47581525151621917     
 -0.22821674135295505     
 -0.22851212649134292     
 -0.22578106052461799     
 -0.21989523296254709     
 -0.21124399931453927     
 -0.20001388480057564     
 -0.18625556260362303     
 -0.16997153484957017     
 -0.15111111271045569     
 -0.12960314190680014     
 -0.10535630516552409     
  -7.8286862685901584E-002
  -4.8325883787087326E-002
  -1.5402293323903169E-002
   2.0540672724483136E-002
   5.9556099468369650E-002
  0.10163506399266839     
  0.14672755116406988     
  0.19472384853300695     
  0.24543747222096757     
 -0.23392379114904102     
 -0.23618389370765272     
 -0.23590274733033162     
 -0.23301054341150990     
 -0.22805437103982110     
 -0.22136672412962707     
 -0.21314099966337235     
 -0.20350912847648750     
 -0.19255261361382547     
 -0.18032992809061998     
 -0.16688315217401442     
 -0.15225384772112330     
 -0.13648635659470854     
 -0.11962355405382316     
 -0.10171555254862689     
  -8.2820181680393221E-002
  -6.3027289202383485E-002
  -4.2463113529375075E-002
  -2.1327219155462873E-002
  -1.3113417000558692E-007
