  -2.2067948198058789E-002
  -2.3013149223440478E-002
  -2.5884606880387073E-002
  -3.1303256427933461E-002
  -3.9960035738755624E-002
  -5.2533399123968136E-002
  -6.9700552667155552E-002
  -9.2082778681001259E-002
 -0.12031912805625669     
 -0.15504568247649603     
 -0.19692683338743855     
 -0.24660299160110044     
 -0.30467896042549425     
 -0.37178701105588363     
 -0.44855927964067099     
 -0.53569161229132989     
 -0.63378162921867642     
 -0.74344135204117689     
 -0.86530352836499902     
  -1.0000000000000000     
  -2.2033146039067301E-002
  -2.2931656733216489E-002
  -2.5680250222165569E-002
  -3.0891662287381723E-002
  -3.9239480639079276E-002
  -5.1382989965969815E-002
  -6.7979445216883816E-002
  -8.9631481925645379E-002
 -0.11695874940657970     
 -0.15057779502576665     
 -0.19113279694579363     
 -0.23924439649901161     
 -0.29549870992060884     
 -0.36050854377148861     
 -0.43488671163894199     
 -0.51930713271601681     
 -0.61434948130175515     
 -0.72060723481052047     
 -0.83869238370465671     
 -0.96921817825966083     
  -2.1932964222593374E-002
  -2.2695043134872639E-002
  -2.5084566076489807E-002
  -2.9690231169309335E-002
  -3.7134860312087639E-002
  -4.8021744450995961E-002
  -6.2949806529749852E-002
  -8.2467139542074047E-002
 -0.10713659499078652     
 -0.13751802963548243     
 -0.17419594555469992     
 -0.21773341201927318     
 -0.26866233258434602     
 -0.32753830937898015     
 -0.39491732374580657     
 -0.47141037918691925     
 -0.55754322364327291     
 -0.65385405153266996     
 -0.76089807148846766     
 -0.87923121265432025     
  -2.1778129295340697E-002
  -2.2322551947878029E-002
  -2.4139001504078793E-002
  -2.7777617107397894E-002
  -3.3780106782633518E-002
  -4.2660335650443845E-002
  -5.4924036787878050E-002
  -7.1032172318200665E-002
  -9.1457106199438643E-002
 -0.11666790387385970     
 -0.14715397234469768     
 -0.18338659511282340     
 -0.22581050943220271     
 -0.27489073650688300     
 -0.33109177242225130     
 -0.39492494870868849     
 -0.46682960803436868     
 -0.54725556430732059     
 -0.63666721064254428     
 -0.73552922164000256     
  -2.1585737748514043E-002
  -2.1844848913826913E-002
  -2.2909636969660432E-002
  -2.5279241254398333E-002
  -2.9388760459540701E-002
  -3.5634600403224248E-002
  -4.4400152470689104E-002
  -5.6032070901845282E-002
  -7.0883779726706508E-002
  -8.9305363332793292E-002
 -0.11166125385262313     
 -0.13830229608403313     
 -0.16955900856372969     
 -0.20577705637800597     
 -0.24730158431404106     
 -0.29451251268840195     
 -0.34773587433172842     
 -0.40730579402567629     
 -0.47356690929506962     
 -0.54686438783447500     
  -2.1378199772263077E-002
  -2.1302105207400567E-002
  -2.1482978690830636E-002
  -2.2359257784052049E-002
  -2.4240227321252826E-002
  -2.7383975068441996E-002
  -3.2029719118346234E-002
  -3.8389588963356563E-002
  -4.6676955069966927E-002
  -5.7101722341555007E-002
  -6.9881578235398548E-002
  -8.5225117127237709E-002
 -0.10332879523831927     
 -0.12439759947463577     
 -0.14863602623333555     
 -0.17626940377599717     
 -0.20749043111578991     
 -0.24249679046813155     
 -0.28149260883019123     
 -0.32468185665406474     
  -2.1182110787115304E-002
  -2.0742020865475184E-002
  -1.9961775628031180E-002
  -1.9212573081810548E-002
  -1.8666267471650858E-002
  -1.8430096500496172E-002
  -1.8586181327808558E-002
  -1.9200030890621174E-002
  -2.0332540048158716E-002
  -2.2040927359027549E-002
  -2.4382828327750166E-002
  -2.7412341765192534E-002
  -3.1179561989295956E-002
  -3.5736385606901323E-002
  -4.1134247573912874E-002
  -4.7429692936696161E-002
  -5.4670595770386521E-002
  -6.2906010868096524E-002
  -7.2186544204070752E-002
  -8.2562810600808292E-002
  -2.1026129200380557E-002
  -2.0216462760225352E-002
  -1.8458475843616224E-002
  -1.6053128269968665E-002
  -1.3031492575852059E-002
  -9.3466506384447066E-003
  -4.9203694714223334E-003
   3.3144938087719848E-004
   6.5034548418059467E-003
   1.3694125090996115E-002
   2.2009024130326255E-002
   3.1551687742928193E-002
   4.2421226842722357E-002
   5.4721792479871988E-002
   6.8558195481985273E-002
   8.4045793486755602E-002
  0.10128465379062029     
  0.12037742340594379     
  0.14142986544323885     
  0.16454792037321264     
  -2.0939198554566645E-002
  -1.9777861991509584E-002
  -1.7086642531228616E-002
  -1.3096817600528658E-002
  -7.7036672684473052E-003
  -7.1212586333292726E-004
   8.1099351326299716E-003
   1.8990079295558092E-002
   3.2172079264255110E-002
   4.7903626413391104E-002
   6.6446636169025686E-002
   8.8055724813186298E-002
  0.11297293235827199     
  0.14145189044464984     
  0.17374711822741998     
  0.21013870014390085     
  0.25086849411604695     
  0.29618454365079117     
  0.34634249502925835     
  0.40159846649274988     
  -2.0948834121309257E-002
  -1.9476314392457981E-002
  -1.5955157302937870E-002
  -1.0550855051901103E-002
  -3.0359031266283041E-003
   6.9179846797715961E-003
   1.9681067737064746E-002
   3.5609506821343659E-002
   5.5080671612986222E-002
   7.8475872702680000E-002
  0.10619701249582658     
  0.13863386262892000     
  0.17615630637484292     
  0.21915188588044751     
  0.26800902084352668     
  0.32315528882804279     
  0.38495945109947105     
  0.45379960484672655     
  0.53006571970895944     
  0.61414829031969964     
  -2.1079894332403072E-002
  -1.9357337458336645E-002
  -1.5163212971528183E-002
  -8.6041594608685448E-003
   6.4983528331489474E-004
   1.3037248504888915E-002
   2.9042223272434674E-002
   4.9126730319024994E-002
   7.3777969562664761E-002
  0.10348693086537962     
  0.13877062570514398     
  0.18012954063332232     
  0.22803838942442908     
  0.28299461262690251     
  0.34549640103695289     
  0.41609199625448046     
  0.49525506047214807     
  0.58346911282951930     
  0.68123574690698874     
  0.78905554315767934     
  -2.1351991630187674E-002
  -1.9457668738737839E-002
  -1.4791773489114243E-002
  -7.4115063333871096E-003
   3.0893590681578707E-003
   1.7229842441168600E-002
   3.5576793367690415E-002
   5.8668768925994458E-002
   8.7072281864872689E-002
  0.12135746858829644     
  0.16212408291885200     
  0.20995234028513432     
  0.26539234682644769     
  0.32902039478812273     
  0.40141340260439673     
  0.48320661822446404     
  0.57494809662736790     
  0.67719888012402318     
  0.79053877410278217     
  0.91554863772438055     
  -2.1777808710906676E-002
  -1.9802240569089684E-002
  -1.4897055692649210E-002
  -7.0812098292913897E-003
   4.0972126386829653E-003
   1.9203477680685744E-002
   3.8851170785031239E-002
   6.3621723541431432E-002
   9.4125742340936069E-002
  0.13097725615566735     
  0.17482174301954184     
  0.22628330068439051     
  0.28595338561693556     
  0.35445097042833029     
  0.43239649292807147     
  0.52047282799706662     
  0.61926839149043422     
  0.72938600210435400     
  0.85144962552195813     
  0.98608278699017426     
  -2.2363304626370397E-002
  -2.0404423888304175E-002
  -1.5510717443277394E-002
  -7.6751573151481829E-003
   3.5668474837316565E-003
   1.8789892749850448E-002
   3.8615647511411701E-002
   6.3632123932758800E-002
   9.4456379652052461E-002
  0.13170836409618283     
  0.17603959071951900     
  0.22807964385365032     
  0.28842434793835620     
  0.35769788726107365     
  0.43652497158798975     
  0.52559336246604105     
  0.62549601646890218     
  0.73683989603981248     
  0.86025316817802910     
  0.99636544583989095     
  -2.3106597477953413E-002
  -2.1264386225797259E-002
  -1.6636509681124637E-002
  -9.2026490206364355E-003
   1.4809388886451655E-003
   1.5960907803290326E-002
   3.4827945981654423E-002
   5.8640189019642221E-002
   8.7983070809990377E-002
  0.12344447816302007     
  0.16564187679688774     
  0.21517150418264430     
  0.27259740550861267     
  0.33850967716470426     
  0.41349899947847685     
  0.49821562795310015     
  0.59321874064578117     
  0.69908209653037179     
  0.81639875903552117     
  0.94576353233395249     
  -2.3998497653189503E-002
  -2.2370260743410895E-002
  -1.8252489690020017E-002
  -1.1624386373193884E-002
  -2.0952759297519106E-003
   1.0817978171027408E-002
   2.7637940992338912E-002
   4.8858106057738972E-002
   7.4996154282632760E-002
  0.10657173657359111     
  0.14413036193613157     
  0.18819839516545950     
  0.23927308633485897     
  0.29787443894004118     
  0.36452217882790855     
  0.43978804266641269     
  0.52416299685054879     
  0.61814950591286011     
  0.72226822399463952     
  0.83704122661204017     
  -2.5020196316309230E-002
  -2.3694928063217192E-002
  -2.0304537783117183E-002
  -1.4840705215594897E-002
  -6.9945027700746652E-003
   3.6224233768534730E-003
   1.7431830221704005E-002
   3.4832087443853091E-002
   5.6241396831658581E-002
   8.2079401080751346E-002
  0.11278674635570367     
  0.14878789014761989     
  0.19048336554322992     
  0.23829147340255485     
  0.29262947251130922     
  0.35395561567207606     
  0.42266100104789722     
  0.49914546923991032     
  0.58382181225501739     
  0.67710377536665944     
  -2.6145301706639465E-002
  -2.5200796486548206E-002
  -2.2715806446403024E-002
  -1.8709067757262911E-002
  -1.2976774131755516E-002
  -5.2505297711101335E-003
   4.7643294631067321E-003
   1.7346507981600166E-002
   3.2789247477549611E-002
   5.1386834790004735E-002
   7.3448416348281295E-002
   9.9271464063017317E-002
  0.12913598128374862     
  0.16333427977127798     
  0.20215648316510970     
  0.24592098721755273     
  0.29489599564657115     
  0.34935265266055893     
  0.40956777172206937     
  0.47581525151621917     
  -2.7338831105039645E-002
  -2.6841906866194518E-002
  -2.5390842417917527E-002
  -2.3051881795214686E-002
  -1.9742849727175448E-002
  -1.5332840603105887E-002
  -9.6726917536099390E-003
  -2.6205251807124292E-003
   5.9740801996516300E-003
   1.6262365219041442E-002
   2.8403523648304181E-002
   4.2550484692673966E-002
   5.8846769766790832E-002
   7.7442035099941603E-002
   9.8484606616708950E-002
  0.12213640950954918     
  0.14853086710016297     
  0.17779880072324333     
  0.21006514991119146     
  0.24543747222096757     
  -2.8551451663579665E-002
  -2.8566206565798953E-002
  -2.8220157062369449E-002
  -2.7665245542796098E-002
  -2.6949117114031147E-002
  -2.6087161740693296E-002
  -2.5085127348884739E-002
  -2.3946766801966335E-002
  -2.2673635631261888E-002
  -2.1266695458247987E-002
  -1.9726092247401929E-002
  -1.8052369204307080E-002
  -1.6246546521565722E-002
  -1.4309172287086469E-002
  -1.2240914258585690E-002
  -1.0041935209920730E-002
  -7.7141225709329592E-003
  -5.2601043487607805E-003
  -2.6847874401214377E-003
  -1.3113417000558692E-007
