 -0.93715619869151034     
 -0.91221956194384834     
 -0.86444412278568694     
 -0.81063405130229493     
 -0.75733287756261292     
 -0.70782901160662204     
 -0.66410239868607546     
 -0.62743549716977332     
 -0.59880618673070463     
 -0.57900704435625983     
 -0.56876037390258027     
 -0.56869081396783128     
 -0.57933815133616307     
 -0.60125641339544689     
 -0.63498618937777151     
 -0.68113592973785153     
 -0.74019383234274749     
 -0.81266726317436988     
 -0.89909054133679500     
  -1.0000000000000000     
 -0.93827287791031411     
 -0.91333223534020702     
 -0.86549682686427498     
 -0.81152191162381260     
 -0.75792406857437600     
 -0.70797327109609143     
 -0.66363349402063265     
 -0.62617380946804091     
 -0.59655696225855936     
 -0.57555959728405337     
 -0.56388838757927728     
 -0.56215032366968953     
 -0.57086918753612348     
 -0.59058156401989947     
 -0.62180966596184994     
 -0.66514224733939376     
 -0.72104961580848448     
 -0.79002093898383619     
 -0.87257107137463064     
 -0.96921817825966083     
 -0.94160525945680407     
 -0.91665752958065483     
 -0.86865425960929787     
 -0.81420335391663767     
 -0.75974183634716619     
 -0.70848602944487260     
 -0.66235340079218075     
 -0.62257302797247427     
 -0.59006427150670659     
 -0.56555995377248003     
 -0.54971670410502982     
 -0.54309347151312592     
 -0.54616725947486944     
 -0.55942254992312967     
 -0.58332967918791634     
 -0.61841797891681294     
 -0.66510670462431376     
 -0.72383211256975422     
 -0.79505277588886369     
 -0.87923121265432025     
 -0.94715118480390015     
 -0.92220803983715383     
 -0.87396112732761644     
 -0.81877013529683840     
 -0.76294319080330597     
 -0.70960867287996154     
 -0.66061077987951977     
 -0.61711562309614743     
 -0.57997521410528430     
 -0.54985191569792236     
 -0.52732471802914382     
 -0.51287607647479505     
 -0.50690782456564543     
 -0.50982444697844054     
 -0.52201250213656292     
 -0.54390761166560864     
 -0.57584774806364425     
 -0.61818425975429003     
 -0.67128718461100489     
 -0.73552922164000256     
 -0.95490679332651474     
 -0.93000208892682823     
 -0.88148775040286131     
 -0.82537001678237765     
 -0.76777897932196681     
 -0.71172788128478415     
 -0.65896503529474204     
 -0.61057531519094133     
 -0.56732469479015757     
 -0.52978547041823765     
 -0.49843674324901005     
 -0.47366200954251358     
 -0.45576735298981497     
 -0.44505196776002171     
 -0.44179501905021423     
 -0.44630958362657025     
 -0.45882754524929703     
 -0.47958927630554166     
 -0.50884978372416190     
 -0.54686438783447500     
 -0.96486710553797228     
 -0.94006681007356552     
 -0.89133161200857014     
 -0.83420282326754358     
 -0.77458766998202533     
 -0.71536098688743932     
 -0.65815957617790910     
 -0.60397727552426950     
 -0.55348105241634094     
 -0.50714075627623012     
 -0.46532248419802841     
 -0.42829612300351882     
 -0.39625774808318903     
 -0.36938558988199960     
 -0.34783430266768883     
 -0.33177459052194647     
 -0.32131489313464057     
 -0.31656691697900563     
 -0.31764989972353075     
 -0.32468185665406474     
 -0.97702534796594409     
 -0.95243432540683903     
 -0.90361215173524934     
 -0.84551324691790319     
 -0.78378074846344314     
 -0.72113562679987930     
 -0.65909462849705469     
 -0.59855717478345882     
 -0.54008803882488343     
 -0.48405194813728475     
 -0.43069643493632220     
 -0.38017390564700554     
 -0.33256518690754466     
 -0.28792120674545918     
 -0.24626389739773913     
 -0.20761293139027498     
 -0.17194447203164423     
 -0.13923175190412956     
 -0.10944793705006531     
  -8.2562810600808292E-002
 -0.99134263895097630     
 -0.96710993329080908     
 -0.91843243680199904     
 -0.85954574324324451     
 -0.79579096495010826     
 -0.72972626781223338     
 -0.66274873387992950     
 -0.59566788285933914     
 -0.52895266027196008     
 -0.46286826119051816     
 -0.39755024126139304     
 -0.33303834627969375     
 -0.26930369712557450     
 -0.20627363831408738     
 -0.14384104441062229     
  -8.1875437853938110E-002
  -2.0222769059715637E-002
   4.1282058081757667E-002
  0.10281248926046835     
  0.16454792037321264     
  -1.0077787554809678     
 -0.98410368766083134     
 -0.93590979932093377     
 -0.87656872917025908     
 -0.81108511510248205     
 -0.74185163296018741     
 -0.67015376440305074     
 -0.59672440497068446     
 -0.52195063653998419     
 -0.44601452292321908     
 -0.36895487486868173     
 -0.29071553997888866     
 -0.21117302761383516     
 -0.13014577685956838     
  -4.7411628484205548E-002
   3.7296171001856046E-002
  0.12425062215433977     
  0.21374419980903053     
  0.30608700736759720     
  0.40159846649274988     
  -1.0262742434403647     
  -1.0034112708629963     
 -0.95615383417384470     
 -0.89684667012481434     
 -0.83012920433456394     
 -0.75823085352093722     
 -0.68234087959909728     
 -0.60313441396972012     
 -0.52093997714863782     
 -0.43587989855551323     
 -0.34792239035874867     
 -0.25694133804504365     
 -0.16274391228820723     
  -6.5065595981870672E-002
   3.6406548117264570E-002
  0.14205004335027707     
  0.25223482074942227     
  0.36735965408059179     
  0.48785060617558895     
  0.61414829031969964     
  -1.0467551757051259     
  -1.0250182863177868     
 -0.97926811600898900     
 -0.92064169319866318     
 -0.85338461832042323     
 -0.77957263593971515     
 -0.70031768890219070     
 -0.61626294579702146     
 -0.52770607497820732     
 -0.43474121874741656     
 -0.33730032991371034     
 -0.23522178878691649     
 -0.12827824733818427     
  -1.6157361141753118E-002
  0.10150906085640690     
  0.22517286044006268     
  0.35526840166540102     
  0.49226951821219589     
  0.63668808490084461     
  0.78905554315767934     
  -1.0691090390434803     
  -1.0488757138750098     
  -1.0053213592196191     
 -0.94817214545542272     
 -0.88125582758874133     
 -0.80650636060042291     
 -0.72498287981573117     
 -0.63732298820846012     
 -0.54382624601439766     
 -0.44459357735256416     
 -0.33956058788860000     
 -0.22857182352701341     
 -0.11140717661427318     
   1.2249668072137992E-002
  0.14277790936870358     
  0.28065639395835645     
  0.42634238813564618     
  0.58034380543511399     
  0.74321742685937286     
  0.91554863772438055     
  -1.0931817562322754     
  -1.0748974438087977     
  -1.0343380099739585     
 -0.97959616782937775     
 -0.91406285354757499     
 -0.83954502785322538     
 -0.75707257748131829     
 -0.66730490800260622     
 -0.57057541127010825     
 -0.46702960841273478     
 -0.35664671931091058     
 -0.23932295840996590     
 -0.11489147674111594     
   1.6918167212353546E-002
  0.15644455072034086     
  0.30413801556014219     
  0.46042827462048652     
  0.62580737786602647     
  0.80082824391831464     
  0.98608278699017426     
  -1.1187859055960017     
  -1.1029720407408097     
  -1.0663153399338599     
  -1.0150319501296328     
 -0.95206522621832590     
 -0.87911023768924956     
 -0.79718966861001372     
 -0.70700936543186887     
 -0.60896557214865932     
 -0.50328082367466287     
 -0.39001899005138851     
 -0.26917060660598580     
 -0.14066919118649718     
  -4.3430180516326813E-003
  0.14004982547327127     
  0.29286868660187787     
  0.45445743332687510     
  0.62523352939412935     
  0.80568852592453266     
  0.99636544583989095     
  -1.1456827573557589     
  -1.1329517414453292     
  -1.1012071946766269     
  -1.0545360777366048     
 -0.99543276107751810     
 -0.92549787842127729     
 -0.84576400058899326     
 -0.75700146659632628     
 -0.65969191665449844     
 -0.55416039006052809     
 -0.44058801498530836     
 -0.31909725060012750     
 -0.18976463460198728     
  -5.2567025133497661E-002
   9.2583626860883964E-002
  0.24588981144879152     
  0.40754399509168798     
  0.57782212010713319     
  0.75708559999953140     
  0.94576353233395249     
  -1.1735764684012711     
  -1.1646603346287914     
  -1.1389384749644604     
  -1.0981215510761135     
  -1.0442710872042702     
 -0.97891043444215220     
 -0.90309432344829366     
 -0.81766738451600585     
 -0.72320722404005311     
 -0.62015758724741765     
 -0.50883552868330417     
 -0.38952085492609728     
 -0.26246370564174371     
 -0.12783125322540750     
   1.4260033261599666E-002
  0.16379096534036491     
  0.32073243508746946     
  0.48514026897718127     
  0.65716440908218465     
  0.83704122661204017     
  -1.2020778207831175     
  -1.1978677701324827     
  -1.1793586167071930     
  -1.1456880990514708     
  -1.0985288452671966     
  -1.0393419235776675     
 -0.96921103875336201     
 -0.88905327215706909     
 -0.79954151954873021     
 -0.70123703786110514     
 -0.59459625210471312     
 -0.48006057219841652     
 -0.35806594914497619     
 -0.22898979441790379     
  -9.3186796025034824E-002
   4.9050917992100353E-002
  0.19740468111687323     
  0.35162393492966676     
  0.51154504928337852     
  0.67710377536665944     
  -1.2306845941644882     
  -1.2323199196912322     
  -1.2222768528904406     
  -1.1970709469342902     
  -1.1580600521365665     
  -1.1066608266075764     
  -1.0439829025938308     
 -0.97100533958422974     
 -0.88848309596301511     
 -0.79707582278225886     
 -0.69736123503861736     
 -0.58992506466985961     
 -0.47537103044897600     
 -0.35427612727631996     
 -0.22723131837111030     
  -9.4818370530680984E-002
   4.2310555978121479E-002
  0.18351570689819352     
  0.32819300475654689     
  0.47581525151621917     
  -1.2586932512196367     
  -1.2677466820612460     
  -1.2674630948474483     
  -1.2520392864130343     
  -1.2226267652380574     
  -1.1806140833710481     
  -1.1271303766068768     
  -1.0631971742054800     
 -0.98962228651039608     
 -0.90713501985490785     
 -0.81639389932546791     
 -0.71808610986119459     
 -0.61293440041397373     
 -0.50166162721727237     
 -0.38504109272235959     
 -0.26389210007769615     
 -0.13916905537504876     
  -1.1917629519370868E-002
  0.11670324919278746     
  0.24543747222096757     
  -1.2849424826626732     
  -1.3038755530147428     
  -1.3146461443809918     
  -1.3102915526813588     
  -1.2918895993132520     
  -1.2608199707141898     
  -1.2182205513375515     
  -1.1651274693471949     
  -1.1023694052405961     
  -1.0306987089632178     
 -0.95080510767333060     
 -0.86341196718666557     
 -0.76928606480999595     
 -0.66920497155910630     
 -0.56401113863877084     
 -0.45462007584673203     
 -0.34211772275583113     
 -0.22775143624902533     
 -0.11303592162044430     
  -1.3113417000558692E-007
