 -0.64383191396366879     
 -0.63884197613749472     
 -0.62784878208863726     
 -0.61340585286178895     
 -0.59726345075647691     
 -0.58033155006437376     
 -0.56326895379964326     
 -0.54651249802050439     
 -0.53039356563264717     
 -0.51514881401927870     
 -0.50100396888611543     
 -0.48807914656302309     
 -0.47657825061106796     
 -0.46653507054279514     
 -0.45817060520868447     
 -0.45146467434949455     
 -0.44661179803345924     
 -0.44360945933111640     
 -0.44260569191882304     
 -0.44363070320129466     
 -0.44678201434556153     
 -0.45213279691126884     
 -0.45972544533820381     
 -0.46968489085811121     
 -0.48199308573399668     
 -0.49683425814604287     
 -0.51412504688220240     
 -0.53411587853213993     
 -0.55668470303889006     
 -0.58205742403561311     
 -0.61016844545988902     
 -0.64118322153089102     
 -0.67509913387124587     
 -0.71201603571475036     
 -0.75200012872935806     
 -0.79507931076573701     
 -0.84139553312839355     
 -0.89089829683156485     
 -0.94381139786883228     
  -1.0000000000000000     
 -0.64401572483144576     
 -0.63902480753663604     
 -0.62802824867367679     
 -0.61357821956456449     
 -0.59742409981433253     
 -0.58047463358149987     
 -0.56338813061073512     
 -0.54660071173890024     
 -0.53044313584963232     
 -0.51515181379789021     
 -0.50095164355442034     
 -0.48796264004507361     
 -0.47638777167046442     
 -0.46626104754332187     
 -0.45780222020379607     
 -0.45099135400908164     
 -0.44602187904186374     
 -0.44289124866700919     
 -0.44174683472398990     
 -0.44261829131268526     
 -0.44560289487287663     
 -0.45077306762017799     
 -0.45817083250625368     
 -0.46792026730860325     
 -0.48000352592101059     
 -0.49460351843009376     
 -0.51163714322928566     
 -0.53135334133936896     
 -0.55363056767933805     
 -0.57869330353778237     
 -0.60647606405966348     
 -0.63714328387108021     
 -0.67069229568910482     
 -0.70722191906396514     
 -0.74679825780512843     
 -0.78944848744485041     
 -0.83531354809980995     
 -0.88434330025608743     
 -0.93675984126521383     
 -0.99242935562580292     
 -0.64454188192693562     
 -0.63954824314316350     
 -0.62854220584145504     
 -0.61407209198964774     
 -0.59788465823728942     
 -0.58088536072526309     
 -0.56373075478181289     
 -0.54685520234498453     
 -0.53058778447450172     
 -0.51516359937487033     
 -0.50080595673099548     
 -0.48763408544008247     
 -0.47584865729031917     
 -0.46548390394389516     
 -0.45675608000450557     
 -0.44964631358128998     
 -0.44434459793857278     
 -0.44084853883553726     
 -0.43930305584216389     
 -0.43973731385218157     
 -0.44224669012978196     
 -0.44690209189470270     
 -0.45374478740814356     
 -0.46289614142531160     
 -0.47433838804828055     
 -0.48825092966560896     
 -0.50455190167785313     
 -0.52348559403126527     
 -0.54493226259418892     
 -0.56911191116246407     
 -0.59595972067233438     
 -0.62563674699007388     
 -0.65814014866685400     
 -0.69356677927668775     
 -0.73198108460557998     
 -0.77340909376125722     
 -0.81798892321517569     
 -0.86567122520492856     
 -0.91667347501448337     
 -0.97086398250160921     
 -0.64543171474977923     
 -0.64043366328780549     
 -0.62941226899987279     
 -0.61490901500607542     
 -0.59866611244337375     
 -0.58158369742911209     
 -0.56431555218017460     
 -0.54729272864404099     
 -0.53084157284808864     
 -0.51519533818583696     
 -0.50057397850938834     
 -0.48709612859193596     
 -0.47495807528084855     
 -0.46419479833989219     
 -0.45501666110967565     
 -0.44740608315963487     
 -0.44154788911768539     
 -0.43743990578349068     
 -0.43522285981860931     
 -0.43492496487245813     
 -0.43663821773078371     
 -0.44043151041337159     
 -0.44634424429876363     
 -0.45449399580179023     
 -0.46486300140573944     
 -0.47762453538316729     
 -0.49269892699884049     
 -0.51032190818093737     
 -0.53037752226977497     
 -0.55307789897740922     
 -0.57836007485568741     
 -0.60637945341248289     
 -0.63713241700926648     
 -0.67071226864508593     
 -0.70718044615899911     
 -0.74656219316582439     
 -0.78899052604637432     
 -0.83441676268807408     
 -0.88305082385909617     
 -0.93476519315628470     
 -0.64666849603309651     
 -0.64166469034201257     
 -0.63062306616564601     
 -0.61607556584589651     
 -0.59975757957093501     
 -0.58256225848530152     
 -0.56513926659048952     
 -0.54791517653417332     
 -0.53121285129626405     
 -0.51526278393171354     
 -0.50028043875061323     
 -0.48638341573200011     
 -0.47376244963406117     
 -0.46245288497964193     
 -0.45265768234168680     
 -0.44436091041614439     
 -0.43774000122832479     
 -0.43279348279077079     
 -0.42965586412627033     
 -0.42835424864103694     
 -0.42897655720640249     
 -0.43158819365096518     
 -0.43622662820186153     
 -0.44300358606684415     
 -0.45190162377713827     
 -0.46308569533508498     
 -0.47647903207628367     
 -0.49230618695015049     
 -0.51045554975516771     
 -0.53112906841296015     
 -0.55426620610359623     
 -0.58001376231400459     
 -0.60836841086572435     
 -0.63941772617612247     
 -0.67321998297779284     
 -0.70979848190270989     
 -0.74927872488011826     
 -0.79161443619765748     
 -0.83700430229103995     
 -0.88532620472591095     
 -0.64826520955635669     
 -0.64325473329518856     
 -0.63218913162600721     
 -0.61758709519157562     
 -0.60117582311411333     
 -0.58383917569489108     
 -0.56622150519370684     
 -0.54874391787440491     
 -0.53172457896810132     
 -0.51539078346825840     
 -0.49995194281328625     
 -0.48552495926290157     
 -0.47229283434289937     
 -0.46029188982642388     
 -0.44971522095688449     
 -0.44054961986843971     
 -0.43296281835215755     
 -0.42695430505802123     
 -0.42265094489549321     
 -0.42007831770288306     
 -0.41931902203069582     
 -0.42043428193509919     
 -0.42345885150261986     
 -0.42849736783506792     
 -0.43553277956362701     
 -0.44471942223857097     
 -0.45598431810447343     
 -0.46953788833347399     
 -0.48527404133338231     
 -0.50338187890987274     
 -0.52380299029025612     
 -0.54667509401470338     
 -0.57199339061124910     
 -0.59983968151601741     
 -0.63026761906508910     
 -0.66329781073808303     
 -0.69904739770711311     
 -0.73747120692506241     
 -0.77875537139402007     
 -0.82278442888525838     
 -0.65021391228905334     
 -0.64519635617175530     
 -0.63410423435833618     
 -0.61943993873458092     
 -0.60292013946784695     
 -0.58541745668775991     
 -0.56757024978353376     
 -0.54979265804337829     
 -0.53239731597473172     
 -0.51560743631814243     
 -0.49962603207187423     
 -0.48456860212905084     
 -0.47060872652469110     
 -0.45778443152434678     
 -0.44627692643553746     
 -0.43607598159710670     
 -0.42733857058158009     
 -0.42006462039519327     
 -0.41437217729101278     
 -0.41028499523325135     
 -0.40787927092562570     
 -0.40721141392581955     
 -0.40831296137814044     
 -0.41128018319231674     
 -0.41609622587523099     
 -0.42290313816334629     
 -0.43163252418994469     
 -0.44247751263626672     
 -0.45533913401240794     
 -0.47039053624569249     
 -0.48757715645575894     
 -0.50702463947862819     
 -0.52872759839445183     
 -0.55275968378884643     
 -0.57916917963629622     
 -0.60797399570959632     
 -0.63928117407208551     
 -0.67304785960906965     
 -0.70944354837280454     
 -0.74836136029764366     
 -0.65251899982352513     
 -0.64749500804715998     
 -0.63637539837633594     
 -0.62164312961238544     
 -0.60500251488043022     
 -0.58731268473071241     
 -0.56920506055129705     
 -0.55108573830313856     
 -0.53326085853333238     
 -0.51594934469495346     
 -0.49934606308022644     
 -0.48356523353682213     
 -0.46877018519144475     
 -0.45500058311842029     
 -0.44242403701296851     
 -0.43103388808617193     
 -0.42097422415796715     
 -0.41224612985819054     
 -0.40495741540895758     
 -0.39912970687643273     
 -0.39483210849941319     
 -0.39211527641122290     
 -0.39100737500097654     
 -0.39159461226683723     
 -0.39386091443652355     
 -0.39793406312207891     
 -0.40375065911147545     
 -0.41148435234810327     
 -0.42104413958046022     
 -0.43258539443784322     
 -0.44605746945670482     
 -0.46157214814039216     
 -0.47912313963341246     
 -0.49877559174686803     
 -0.52057150324110724     
 -0.54452567423138576     
 -0.57073263274653385     
 -0.59915283205152770     
 -0.62993717281222805     
 -0.66298801113983930     
 -0.65518092401225247     
 -0.65015180634696301     
 -0.63900555369548728     
 -0.62420270736033623     
 -0.60743251063176484     
 -0.58953894233941095     
 -0.57114541839311084     
 -0.55264885641993378     
 -0.53434823940102316     
 -0.51645750489419306     
 -0.49916277105063683     
 -0.48257668913745805     
 -0.46685129795890734     
 -0.45202810813895977     
 -0.43825935057678933     
 -0.42554265083196441     
 -0.41400786476431956     
 -0.40365731984066977     
 -0.39458748424399925     
 -0.38681771745803317     
 -0.38040911933369642     
 -0.37540610527018020     
 -0.37183294439803050     
 -0.36976513483413942     
 -0.36918708900150582     
 -0.37021063614504723     
 -0.37277815334444192     
 -0.37704193404936637     
 -0.38291967949638894     
 -0.39054685836085595     
 -0.39987690202031956     
 -0.41100689892410591     
 -0.42392925602241122     
 -0.43869947950570576     
 -0.45535277583895234     
 -0.47390032582901997     
 -0.49442312768607272     
 -0.51688474349127977     
 -0.54141568872575607     
 -0.56792885908806956     
 -0.65819555328933965     
 -0.65316345194985637     
 -0.64199366757155429     
 -0.62712074801220252     
 -0.61021628856879084     
 -0.59210740576728160     
 -0.57340853093235267     
 -0.55450628612278918     
 -0.53569224703904617     
 -0.51717440222800937     
 -0.49912989770910809     
 -0.48166935342185391     
 -0.46493265367888992     
 -0.44896303513566338     
 -0.43389702558097759     
 -0.41973611946810763     
 -0.40659515084847553     
 -0.39447762899039901     
 -0.38346784263982936     
 -0.37358268751354906     
 -0.36487489891093999     
 -0.35738201143689435     
 -0.35112410401237781     
 -0.34616497436371219     
 -0.34248963373084873     
 -0.34019288176559537     
 -0.33922334920811997     
 -0.33970968997779682     
 -0.34157960690918698     
 -0.34494680246301246     
 -0.34976936585227125     
 -0.35612809972865345     
 -0.36401414758303424     
 -0.37347287347998914     
 -0.38453173201586738     
 -0.39719800767810975     
 -0.41153820204115787     
 -0.42751947034348253     
 -0.44524963909742776     
 -0.46465318389698662     
 -0.66157150803051712     
 -0.65653963986627439     
 -0.64535209829897489     
 -0.63041299427599529     
 -0.61337408055244969     
 -0.59504374016011030     
 -0.57602615940252500     
 -0.55669706988820034     
 -0.53733980373516499     
 -0.51815644400719163     
 -0.49931396870135469     
 -0.48092142828767481     
 -0.46310536544565795     
 -0.44591159432469651     
 -0.42945901217501753     
 -0.41375419589049728     
 -0.39889537084359084     
 -0.38488782377706399     
 -0.37180282966817746     
 -0.35965466033893190     
 -0.34848721103637065     
 -0.33833078713703635     
 -0.32920093548915036     
 -0.32114937998696569     
 -0.31416168275247863     
 -0.30831440754383932     
 -0.30356285415068873     
 -0.30001097994227283     
 -0.29759659507496539     
 -0.29641064268767481     
 -0.29641606854672170     
 -0.29767627821268106     
 -0.30018128678493811     
 -0.30396538195749179     
 -0.30904803481672577     
 -0.31543241131954403     
 -0.32316962225399165     
 -0.33223004203578194     
 -0.34269830956896374     
 -0.35451069640023652     
 -0.66529580555842338     
 -0.66026846524378713     
 -0.64907107064000746     
 -0.63407325210477516     
 -0.61690437564550094     
 -0.59835220771265885     
 -0.57900972727316291     
 -0.55924129988434057     
 -0.53932124159838390     
 -0.51944559534784274     
 -0.49977079556713072     
 -0.48040416595340413     
 -0.46145844362821054     
 -0.44298211756517480     
 -0.42507577450999701     
 -0.40775131639805051     
 -0.39109011060809884     
 -0.37509882374064163     
 -0.35983528111923335     
 -0.34531166835520716     
 -0.33156205654885629     
 -0.31860981891734713     
 -0.30646553973786755     
 -0.29516815351088105     
 -0.28470454218216684     
 -0.27513171125331198     
 -0.26641233060192754     
 -0.25862431460724800     
 -0.25171621945794459     
 -0.24575527534728769     
 -0.24070960867166358     
 -0.23662438239953257     
 -0.23348857752241797     
 -0.23132475620855386     
 -0.23014409937316152     
 -0.22994558218443847     
 -0.23076395591087620     
 -0.23257379565936273     
 -0.23543447195033673     
 -0.23929533200950279     
 -0.66938496790047775     
 -0.66436773404815330     
 -0.65317184033832876     
 -0.63812737142773623     
 -0.62083842308880455     
 -0.60207038572960725     
 -0.58240428808677303     
 -0.56219234211008073     
 -0.54169943396560372     
 -0.52111533232040064     
 -0.50058561978526583     
 -0.48021605727778405     
 -0.46010491624085315     
 -0.44030373934132411     
 -0.42089431779032749     
 -0.40189438171153724     
 -0.38336740884970155     
 -0.36532238297517200     
 -0.34780306573548669     
 -0.33081932295581590     
 -0.31439571429398672     
 -0.29854806036098269     
 -0.28328251254336145     
 -0.26862469406670619     
 -0.25456261733361485     
 -0.24113366647568157     
 -0.22830805765758133     
 -0.21613679775672509     
 -0.20457985199015813     
 -0.19367991486073804     
 -0.18341035138048992     
 -0.17379795775349305     
 -0.16483038526034158     
 -0.15651830357831131     
 -0.14886441025633870     
 -0.14186335355342575     
 -0.13553314515627282     
 -0.12985238417684788     
 -0.12485485928151975     
 -0.12050304670371630     
 -0.67381677073768642     
 -0.66881626181066089     
 -0.65763526468063949     
 -0.64255954673106053     
 -0.62516493818491059     
 -0.60619315122066009     
 -0.58621201320134397     
 -0.56556120581627267     
 -0.54449597508815872     
 -0.52319958182253457     
 -0.50180658890454266     
 -0.48042119736366751     
 -0.45912737880922516     
 -0.43797978108285740     
 -0.41704109880927065     
 -0.39633504427869137     
 -0.37590748484311398     
 -0.35576956282820765     
 -0.33595103170199747     
 -0.31645944250963831     
 -0.29730983063726174     
 -0.27851075776303480     
 -0.26006369058218309     
 -0.24198107356090492     
 -0.22425199765594861     
 -0.20689425562942082     
 -0.18988566418664174     
 -0.17325009533328350     
 -0.15695926230973245     
 -0.14103092134404727     
 -0.12544404343189913     
 -0.11020648505463587     
  -9.5304898378109043E-002
  -8.0737941568351873E-002
  -6.6499710699173722E-002
  -5.2580396244089486E-002
  -3.8981267730970569E-002
  -2.5684849599866246E-002
  -1.2699195377597266E-002
   4.3711390001862412E-008
 -0.67861544339077406     
 -0.67364000972525384     
 -0.66249135547142624     
 -0.64740569144184701     
 -0.62992670974895970     
 -0.61077104314849184     
 -0.59049241737403835     
 -0.56941755690863816     
 -0.54779162496129130     
 -0.52579160168614580     
 -0.50354085953319361     
 -0.48114241186339546     
 -0.45866552191245796     
 -0.43616853422047763     
 -0.41369489206676147     
 -0.39127480264422798     
 -0.36893635295130067     
 -0.34669324369305088     
 -0.32456131165997953     
 -0.30254602965570399     
 -0.28065321608192545     
 -0.25888406195796415     
 -0.23723560405923183     
 -0.21570728346005477     
 -0.19428958986780054     
 -0.17298065873884122     
 -0.15176610552001607     
 -0.13064292496931174     
 -0.10959447637868498     
  -8.8613728738521733E-002
  -6.7685468057208611E-002
  -4.6798771961054170E-002
  -2.5939280923550932E-002
  -5.0936615683263142E-003
   1.5752472059030766E-002
   3.6613308195895172E-002
   5.7504323783831288E-002
   7.8438925671740295E-002
   9.9434860631933228E-002
  0.12050313346464919     
 -0.68375350070474072     
 -0.67881245919451694     
 -0.66771567817075173     
 -0.65264420098192799     
 -0.63510644561636820     
 -0.61579180882437368     
 -0.59524015241056749     
 -0.57376408359746522     
 -0.55159895994926467     
 -0.52891534225219683     
 -0.50582562459621927     
 -0.48243180875490371     
 -0.45878867974721621     
 -0.43495858922713282     
 -0.41096585444494782     
 -0.38684749322240930     
 -0.36261411700550700     
 -0.33828217383139381     
 -0.31385410600066060     
 -0.28933364276591200     
 -0.26471720824394346     
 -0.23999923500488354     
 -0.21517275519580548     
 -0.19022436544433308     
 -0.16514615219755516     
 -0.13991691614032423     
 -0.11453031871035875     
  -8.8956788474326157E-002
  -6.3191519329186277E-002
  -3.7203130047600272E-002
  -1.0982194042630563E-002
   1.5500593812883556E-002
   4.2260514209523835E-002
   6.9322582427215979E-002
   9.6709473494981393E-002
  0.12443960938390158     
  0.15254496086425279     
  0.18103483912521678     
  0.20995236484794907     
  0.23929541688513101     
 -0.68924900603899841     
 -0.68435374554305084     
 -0.67333298294349775     
 -0.65830618483873171     
 -0.64074251826849138     
 -0.62130316927942819     
 -0.60051237001551150     
 -0.57866904832812471     
 -0.55599851963966607     
 -0.53266518567843368     
 -0.50877081209005637     
 -0.48441631663556944     
 -0.45964262011258250     
 -0.43451627644323554     
 -0.40904321796938847     
 -0.38326735776366866     
 -0.35718236627749977     
 -0.33080796681730912     
 -0.30413348839385407     
 -0.27716114531281055     
 -0.24987903776201315     
 -0.22227485576500991     
 -0.19433803555602708     
 -0.16604299191417138     
 -0.13738356204429306     
 -0.10832007337510427     
  -7.8854163010940073E-002
  -4.8930717400251254E-002
  -1.8556535363256452E-002
   1.2323193149214148E-002
   4.3712129211740954E-002
   7.5657260310312086E-002
  0.10817463630483759     
  0.14130044580462475     
  0.17506533810002844     
  0.20949172770325067     
  0.24462751119137383     
  0.28047800131638201     
  0.31711068802592679     
  0.35451077812000842     
 -0.69508190307364792     
 -0.69024472236231449     
 -0.67932641504975078     
 -0.66437791288138781     
 -0.64682578419822012     
 -0.62730087313939586     
 -0.60631151107523029     
 -0.58414264873561361     
 -0.56100976098691280     
 -0.53707116649738273     
 -0.51241826461642670     
 -0.48715165354158124     
 -0.46129841370205737     
 -0.43492994259854939     
 -0.40803427996970398     
 -0.38066258848104861     
 -0.35279242499404684     
 -0.32444697568973729     
 -0.29560313365029928     
 -0.26626238830228566     
 -0.23640454193331306     
 -0.20601147213934726     
 -0.17506949339301364     
 -0.14354142466841885     
 -0.11142326575092715     
  -7.8657730253960501E-002
  -4.5254466883738527E-002
  -1.1134061839898299E-002
   2.3685295291864601E-002
   5.9280664709474254E-002
   9.5650007755443717E-002
  0.13285699042697716     
  0.17091834026338315     
  0.20988066893487153     
  0.24978225523471043     
  0.29064923058608005     
  0.33254428507635181     
  0.37546907491892123     
  0.41951437900817889     
  0.46465326129466455     
 -0.70126055537850884     
 -0.69649549713382908     
 -0.68571058616804204     
 -0.67088003528544427     
 -0.65338388718828355     
 -0.63382110791047186     
 -0.61268329192893844     
 -0.59024152432455157     
 -0.56670135038301572     
 -0.54221551087819042     
 -0.51686575292862336     
 -0.49075208497866735     
 -0.46388929939954282     
 -0.43635317157101750     
 -0.40811517324363100     
 -0.37923398934769981     
 -0.34967198980077574     
 -0.31945613006329182     
 -0.28855182801337753     
 -0.25696019751877636     
 -0.22465376989220598     
 -0.19160933106434974     
 -0.15781036362361067     
 -0.12320931900414611     
  -8.7804572976391063E-002
  -5.1522495504324181E-002
  -1.4380669845607326E-002
   2.3722928914163204E-002
   6.2759071448578493E-002
  0.10282550740559657     
  0.14391446166988650     
  0.18610529659391256     
  0.22941480714927884     
  0.27389958432985806     
  0.31960446138666626     
  0.36655920953284332     
  0.41484044368754958     
  0.46444579785599327     
  0.51548820328363676     
  0.56792893101817166     
 -0.70777117666171230     
 -0.70309386138245389     
 -0.69247579073944376     
 -0.67780695276391612     
 -0.66041603918674840     
 -0.64086877348678939     
 -0.61963942000698113     
 -0.59698509246573717     
 -0.57310192202736643     
 -0.54813719511245740     
 -0.52216358520621653     
 -0.49528121399187514     
 -0.46749296714145244     
 -0.43887973149726844     
 -0.40939743655883754     
 -0.37911229805441804     
 -0.34797277098925827     
 -0.31600983445204428     
 -0.28317883263853083     
 -0.24948079683765881     
 -0.21488187204039039     
 -0.17935458551448780     
 -0.14288040377109482     
 -0.10540235922345570     
  -6.6921438366422850E-002
  -2.7349397598380010E-002
   1.3288503565925744E-002
   5.5114839869241025E-002
   9.8089866577534088E-002
  0.14232998088270193     
  0.18782202776352058     
  0.23465938241603623     
  0.28285872235775988     
  0.33248559133514100     
  0.38359085223380446     
  0.43620693450974279     
  0.49042333267917210     
  0.54623424314728619     
  0.60377209900720907     
  0.66298807656366965     
 -0.71461132603768762     
 -0.71003905693063363     
 -0.69962549914084726     
 -0.68516736725683103     
 -0.66793701271315886     
 -0.64846595744560342     
 -0.62721015671452574     
 -0.60441298821560852     
 -0.58026155461240292     
 -0.55489819567095888     
 -0.52838682845853047     
 -0.50082844819640937     
 -0.47221500306455699     
 -0.44263267239262721     
 -0.41202315801628275     
 -0.38046062595716179     
 -0.34788063536880121     
 -0.31431882795145627     
 -0.27972140770112841     
 -0.24409009414365948     
 -0.20738586590422575     
 -0.16957770298155125     
 -0.13064562446578054     
  -9.0524808423201930E-002
  -4.9219128311505281E-002
  -6.6275003954507465E-003
   3.7217339551863078E-002
   8.2456149291002478E-002
  0.12903915760419252     
  0.17709937898021710     
  0.22661826592051248     
  0.27770137097617786     
  0.33036548545206224     
  0.38468308777704013     
  0.44071066688533617     
  0.49848271587393889     
  0.55810017777400800     
  0.61955395195441054     
  0.68299407088105302     
  0.74836141825789859     
 -0.72177326775048245     
 -0.71732497810887907     
 -0.70715718588878085     
 -0.69296342081770534     
 -0.67595487828213729     
 -0.65662706417692696     
 -0.63541737561673994     
 -0.61255557708775532     
 -0.58822005278613410     
 -0.56254870713542438     
 -0.53559766364540518     
 -0.50746891746583367     
 -0.47814483891791570     
 -0.44771708753315442     
 -0.41611482647657061     
 -0.38341976073912393     
 -0.34955664783555263     
 -0.31456580497154663     
 -0.27838579133898722     
 -0.24101966567549768     
 -0.20242423652203451     
 -0.16256602813558627     
 -0.12142453708325041     
  -7.8928399242471289E-002
  -3.5084770587480558E-002
   1.0218317764126274E-002
   5.6940829959217398E-002
  0.10523910379260557     
  0.15505391435650606     
  0.20653236467913105     
  0.25965066566921613     
  0.31452479920653909     
  0.37117062978526882     
  0.42966711063572482     
  0.49007483652868133     
  0.55243030093054546     
  0.61684364527371649     
  0.68330225500796338     
  0.75197172281874924     
  0.82278447853517811     
 -0.72924406899382710     
 -0.72494048634973918     
 -0.71506270843711417     
 -0.70119107595833485     
 -0.68446996761633605     
 -0.66535751144897493     
 -0.64427251972619637     
 -0.62143078058624623     
 -0.59700289671493989     
 -0.57112264181099481     
 -0.54383924616704482     
 -0.51525616288238418     
 -0.48534733243217487     
 -0.45421013067633970     
 -0.42176269307442971     
 -0.38809450587562577     
 -0.35312114370482156     
 -0.31688771118059084     
 -0.27932686818778474     
 -0.24044352930083557     
 -0.20019154672480757     
 -0.15853598440583910     
 -0.11545664898207748     
  -7.0877341562051749E-002
  -2.4808741617027268E-002
   2.2869768964730419E-002
   7.2111160345639275E-002
  0.12308436463041689     
  0.17572147028348750     
  0.23018093775782741     
  0.28643396179457731     
  0.34460462406412112     
  0.40470765921972762     
  0.46682710776942887     
  0.53102630613171009     
  0.59734281901021058     
  0.66589436412991043     
  0.73666581947101928     
  0.80983472231425435     
  0.88532624534718407     
 -0.73702058018580519     
 -0.73288458444547788     
 -0.72334615567449567     
 -0.70986034220742378     
 -0.69349902218709147     
 -0.67468190012132145     
 -0.65380835339046017     
 -0.63108095523798324     
 -0.60666292159551449     
 -0.58068424319686907     
 -0.55318838761534428     
 -0.52428065699106563     
 -0.49392800451188057     
 -0.46223346414115091     
 -0.42910594507198929     
 -0.39464289736838526     
 -0.35875225299256497     
 -0.32148453770082414     
 -0.28276768990904588     
 -0.24260926191749632     
 -0.20096159003258440     
 -0.15778935126972732     
 -0.11307360847747711     
  -6.6734937604445516E-002
  -1.8787986198759019E-002
   3.0894162110002329E-002
   8.2257688756876821E-002
  0.13548112758034095     
  0.19048840612976156     
  0.24744644416452383     
  0.30632157394966342     
  0.36724351863122112     
  0.43022566145012120     
  0.49535495964682541     
  0.56269670196837041     
  0.63228901022575679     
  0.70425470155486358     
  0.77857596612295898     
  0.85543975688634533     
  0.93476522414859520     
 -0.74507995690748519     
 -0.74113574490790435     
 -0.73198764540341033     
 -0.71895350750424136     
 -0.70302653054900832     
 -0.68458707144692310     
 -0.66401455573803214     
 -0.64149878961960505     
 -0.61719599088944654     
 -0.59123326525134534     
 -0.56364892421551460     
 -0.53455089083444651     
 -0.50390005570917906     
 -0.47180554429836069     
 -0.43816872648830629     
 -0.40309479501463719     
 -0.36648582867967250     
 -0.32839813126745859     
 -0.28875662205003566     
 -0.24757206217209274     
 -0.20479623288517990     
 -0.16039492984508838     
 -0.11435121550702376     
  -6.6584151649866599E-002
  -1.7112754185183248E-002
   3.4193786829517979E-002
   8.7275193366425682E-002
  0.14231622997960408     
  0.19923356588033395     
  0.25819940600879759     
  0.31917539673755813     
  0.38229464434635707     
  0.44756837429961449     
  0.51508489820146686     
  0.58491017930589839     
  0.65708176783262418     
  0.73172578452881620     
  0.80882204033573024     
  0.88856323579503327     
  0.97086400342147228     
 -0.75342151835035320     
 -0.74969655101995025     
 -0.74099666244122053     
 -0.72848766209644711     
 -0.71307793775070150     
 -0.69510745019054798     
 -0.67493524688411632     
 -0.65273939715405072     
 -0.62866896968304231     
 -0.60284924394143935     
 -0.57531462869485006     
 -0.54617535358943425     
 -0.51538817465559095     
 -0.48306827837393429     
 -0.44911119904258701     
 -0.41363003623834221     
 -0.37652275174301347     
 -0.33785165351850410     
 -0.29754017547867373     
 -0.25560301578378886     
 -0.21199300685319716     
 -0.16667792098860804     
 -0.11964383603225294     
  -7.0810121088253325E-002
  -2.0200597886197755E-002
   3.2316852333806073E-002
   8.6675754672534966E-002
  0.14306374712136932     
  0.20139082435082434     
  0.26183129206421185     
  0.32434191801108242     
  0.38905665368064046     
  0.45598405782602619     
  0.52521199197071722     
  0.59680558967292729     
  0.67080056784950060     
  0.74732407367388154     
  0.82635386051389870     
  0.90808515634038223     
  0.99242936616051425     
 -0.76201370824386960     
 -0.75853598252889654     
 -0.75034249276488940     
 -0.73843180622186622     
 -0.72362172109634748     
 -0.70621039724177259     
 -0.68653669939780926     
 -0.66476701910833302     
 -0.64104501925252499     
 -0.61549395665050521     
 -0.58814493166144743     
 -0.55911142257854773     
 -0.52834726606278115     
 -0.49597355150609734     
 -0.46188191549641355     
 -0.42619293915402645     
 -0.38880255597074664     
 -0.34977906097907385     
 -0.30904581836755135     
 -0.26662225086569585     
 -0.22246324536227746     
 -0.17653989894702082     
 -0.12884202465013761     
  -7.9291085810264242E-002
  -2.7915987898438920E-002
   2.5414194451565564E-002
   8.0627042746318683E-002
  0.13790971224355489     
  0.19716613981012923     
  0.25856964779218611     
  0.32207220158113364     
  0.38780603691438142     
  0.45577608573764439     
  0.52606823526909197     
  0.59874485265301114     
  0.67383921689480930     
  0.75147752316386995     
  0.83163486467544523     
  0.91450571701358596     
  0.99999999999999623     
 -0.77085603256947410     
 -0.76765861702408933     
 -0.76003854507934399     
 -0.74880902436388674     
 -0.73469081049458451     
 -0.71793977809305343     
 -0.69887418842522098     
 -0.67764999404053394     
 -0.65440544262551748     
 -0.62926263164248331     
 -0.60225088825972550     
 -0.57348671261457773     
 -0.54292242729497264     
 -0.51068515616885468     
 -0.47666440007387850     
 -0.44098803152490335     
 -0.40355172066364187     
 -0.36442956057062081     
 -0.32354696690345353     
 -0.28092836882405070     
 -0.23653204804134365     
 -0.19033330601842330     
 -0.14232687167282121     
  -9.2437921840605897E-002
  -4.0700910793386003E-002
   1.3011378248888199E-002
   6.8620759527610736E-002
  0.12631043179951415     
  0.18597898231009133     
  0.24779503356768218     
  0.31170611140471227     
  0.37783962908867558     
  0.44619621006872306     
  0.51685732120513572     
  0.58988137214925707     
  0.66529855266719706     
  0.74322997574141003     
  0.82364908846904683     
  0.90674593073607257     
  0.99242934509108394     
 -0.77991133770164478     
 -0.77702795840145988     
 -0.77004790997526873     
 -0.75958067901633852     
 -0.74624376670166470     
 -0.73025022820816055     
 -0.71189841540811427     
 -0.69133369091415031     
 -0.66869048793950336     
 -0.64408993738593134     
 -0.61756024684035060     
 -0.58922172965084774     
 -0.55902592952402297     
 -0.52710588126694158     
 -0.49335109367225100     
 -0.45789597188323850     
 -0.42063755006460474     
 -0.38165613345864768     
 -0.34088016568940521     
 -0.29833960904516693     
 -0.25399729890308625     
 -0.20783368139413153     
 -0.15984903674735676     
 -0.10997395628836970     
  -5.8248692957322337E-002
  -4.5520656540521016E-003
   5.1032172568574972E-002
  0.10868006846649025     
  0.16828540832443079     
  0.23000913144592011     
  0.29379397224515152     
  0.35975987274218435     
  0.42790249371769440     
  0.49829675313780919     
  0.57099546359853270     
  0.64602427818842789     
  0.72349730559947634     
  0.80338576427633257     
  0.88587127707488567     
  0.97086396158173860     
 -0.78916965864302391     
 -0.78663940979378766     
 -0.78037530072360051     
 -0.77076024757783224     
 -0.75830268746313045     
 -0.74317283276551083     
 -0.72564926766645610     
 -0.70586837037964667     
 -0.68396048161312040     
 -0.66004712391626053     
 -0.63415620662678451     
 -0.60641154701953925     
 -0.57676564595057545     
 -0.54535736223621933     
 -0.51207720625525655     
 -0.47706625045260648     
 -0.44022452081279106     
 -0.40163814664713499     
 -0.36124011600923744     
 -0.31906614074487671     
 -0.27508455729295289     
 -0.22928212389671801     
 -0.18166513755597102     
 -0.13217117724403091     
  -8.0846591901662823E-002
  -2.7578516866463572E-002
   2.7543967512551955E-002
   8.4686635270590685E-002
  0.14373877350895156     
  0.20485051864094581     
  0.26795959722728036     
  0.33317583731391265     
  0.40048875650958332     
  0.46996474087579415     
  0.54164872124329977     
  0.61556062359924002     
  0.69180526656112817     
  0.77035083569325091     
  0.85136719978267239     
  0.93476516216396688     
 -0.79859567411718180     
 -0.79646059158906557     
 -0.79098983849618409     
 -0.78231634884574230     
 -0.77083427708742691     
 -0.75667155423310639     
 -0.74008768136420588     
 -0.72121047655243375     
 -0.70016752694020234     
 -0.67708120635349478     
 -0.65197972704223761     
 -0.62499070385897360     
 -0.59606878567774069     
 -0.56535798124895920     
 -0.53275168569068510     
 -0.49839716807661560     
 -0.46219808337827850     
 -0.42424710739585053     
 -0.38448234289154004     
 -0.34294551013205088     
 -0.29961162953767728     
 -0.25447408415736711     
 -0.20754581316574588     
 -0.15877256933019102     
 -0.10820708310392714     
  -5.5746621879570919E-002
  -1.4854740621929570E-003
   5.4729101585930195E-002
  0.11278235267190587     
  0.17281067389746935     
  0.23474675088622504     
  0.29868723793302704     
  0.36461481675036483     
  0.43258522501012375     
  0.50263378845755835     
  0.57477316167439685     
  0.64909523132366687     
  0.72556552150503406     
  0.80433797518759598     
  0.88532616410463127     
 -0.80816628314635552     
 -0.80647550230418130     
 -0.80188414785730155     
 -0.79424846077827727     
 -0.78384401301650275     
 -0.77075680608543262     
 -0.75522915595994067     
 -0.73738131572433319     
 -0.71733878944325702     
 -0.69522477945400207     
 -0.67106913109662725     
 -0.64500365351624067     
 -0.61698524746340833     
 -0.58716356737999065     
 -0.55543565870213674     
 -0.52195467733240597     
 -0.48662942488593125     
 -0.44955831137949354     
 -0.41068564110516814     
 -0.37005951831922379     
 -0.32766172013479528     
 -0.28349317830173382     
 -0.23757378848736604     
 -0.18985844322705739     
 -0.14040630974530388     
  -8.9126510282030572E-002
  -3.6118311954817219E-002
   1.8755593743893885E-002
   7.5376668427409310E-002
  0.13386509335375613     
  0.19414783808880026     
  0.25630653464813730     
  0.32031529474902248     
  0.38621703199959734     
  0.45403558648820475     
  0.52377410589893114     
  0.59550961582519646     
  0.66920353250819276     
  0.74498935626434970     
  0.82278437923533221     
 -0.81784506289837133     
 -0.81665386116399152     
 -0.81303269001651468     
 -0.80653200176799911     
 -0.79730613968873454     
 -0.78540181826628896     
 -0.77104456199933968     
 -0.75434867020336505     
 -0.73543874948720633     
 -0.71443857512444897     
 -0.69138073339953388     
 -0.66640103941727535     
 -0.63945996300262453     
 -0.61071196115744353     
 -0.58005891671071597     
 -0.54765924113513675     
 -0.51342810168060427     
 -0.47746872562776993     
 -0.43973280104328699     
 -0.40027450987764324     
 -0.35908316368603321     
 -0.31616698953057137     
 -0.27155324186033664     
 -0.22520660931851771     
 -0.17719265132142317     
 -0.12743359727750983     
  -7.6033223981521625E-002
  -2.2871682248766182E-002
   3.1929098470433889E-002
   8.8470882584951130E-002
  0.14667467383271604     
  0.20660465667798328     
  0.26822558024285781     
  0.33156523845329700     
  0.39663374180627525     
  0.46342320074616183     
  0.53199195278453604     
  0.60229626160809313     
  0.67444635932582264     
  0.74836130233738296     
 -0.82759582053157921     
 -0.82697006854696620     
 -0.82441852571904750     
 -0.81915386683038172     
 -0.81121010955891149     
 -0.80059723041670572     
 -0.78752592277281330     
 -0.77210565440281642     
 -0.75446039913168628     
 -0.73471629834621743     
 -0.71290834631489797     
 -0.68917626764052708     
 -0.66348505798612067     
 -0.63599366527518497     
 -0.60660955755743839     
 -0.57549582679420686     
 -0.54257420242632404     
 -0.50795321921416892     
 -0.47159183790795350     
 -0.43355016171784888     
 -0.39382494812892677     
 -0.35243223636498744     
 -0.30940629213863791     
 -0.26472199243691513     
 -0.21845098256919995     
 -0.17052932853935177     
 -0.12106505873967743     
  -6.9956808009678628E-002
  -1.7329706612568208E-002
   3.6898176195002373E-002
   9.2641444087717392E-002
  0.14994520795127503     
  0.20876358381259771     
  0.26910725171941452     
  0.33097044480280291     
  0.39433220404371516     
  0.45922858463510902     
  0.52560931112964626     
  0.59355516752262438     
  0.66298794571600406     
 -0.83737426835767381     
 -0.83739379847940298     
 -0.83601950130407399     
 -0.83209479039727441     
 -0.82553759808630667     
 -0.81632422184787090     
 -0.80465332531194445     
 -0.79063083173754634     
 -0.77438082477695325     
 -0.75603194999009804     
 -0.73562290160441068     
 -0.71329681690907254     
 -0.68902375939267502     
 -0.66296637567123751     
 -0.63503916686136441     
 -0.60540852269770162     
 -0.57400385124107389     
 -0.54093765252756953     
 -0.50617686849954624     
 -0.46978692766555197     
 -0.43177202149656813     
 -0.39215569195307443     
 -0.35097896179512839     
 -0.30822691196602020     
 -0.26397681189944039     
 -0.21817849890407470     
 -0.17094373911238128     
 -0.12219023876001912     
  -7.2045815197697705E-002
  -2.0449110135549002E-002
   3.2508082897308846E-002
   8.6850649472853231E-002
  0.14252116447997606     
  0.19951142503347333     
  0.25779772627532777     
  0.31734342267210414     
  0.37815908527064535     
  0.44018455021823588     
  0.50346730500372605     
  0.56792878715796347     
 -0.84712949882428645     
 -0.84789307718946338     
 -0.84781131680648514     
 -0.84533146571066475     
 -0.84026348305090148     
 -0.83255571572861009     
 -0.82239661792777885     
 -0.80989028673836794     
 -0.79516195896719988     
 -0.77834301303435338     
 -0.75947628403237522     
 -0.73870813393558676     
 -0.71601421290314349     
 -0.69156030786120892     
 -0.66526836316253823     
 -0.63730754710617254     
 -0.60761492293123442     
 -0.57630662922001819     
 -0.54335709085627049     
 -0.50883682387905005     
 -0.47275731846106417     
 -0.43514885903645639     
 -0.39605872553698857     
 -0.35548178751897141     
 -0.31349970143529649     
 -0.27007645420395426     
 -0.22532630240651474     
 -0.17918583121149645     
 -0.13178466028400515     
  -8.3081808993040754E-002
  -3.3175218498924838E-002
   1.7939625907551830E-002
   7.0193314263501325E-002
  0.12355787811731987     
  0.17798977259651716     
  0.23343441000194601     
  0.28987295963636189     
  0.34723222444796836     
  0.40551978092985258     
  0.46465310649930580     
 -0.85679677038826307     
 -0.85843656605096219     
 -0.85977545427453939     
 -0.85884928273907724     
 -0.85537511778185893     
 -0.84927940183649775     
 -0.84074361215333593     
 -0.82987182605067589     
 -0.81679134012923593     
 -0.80163614654670512     
 -0.78445338159041378     
 -0.76539317564224707     
 -0.74443658423159953     
 -0.72175264371340109     
 -0.69727020296237063     
 -0.67116065042720618     
 -0.64336898329045122     
 -0.61401405440059309     
 -0.58307776761799279     
 -0.55063480789894015     
 -0.51670310066138125     
 -0.48131941908323439     
 -0.44453614976651973     
 -0.40635715898428948     
 -0.36686784478535750     
 -0.32604477052857567     
 -0.28400379621529570     
 -0.24069897869796725     
 -0.19626084121106172     
 -0.15066723500909038     
 -0.10402130242362997     
  -5.6337692336942982E-002
  -7.6972248338900316E-003
   4.1852594556315514E-002
   9.2247808776519294E-002
  0.14341385824774494     
  0.19529949053035262     
  0.24781272531861295     
  0.30091445478937007     
  0.35451061468046197     
 -0.86630278379355585     
 -0.86899156469490446     
 -0.87188393441217238     
 -0.87261687967875212     
 -0.87083585255265339     
 -0.86645266244650687     
 -0.85964492978849649     
 -0.85051828126430706     
 -0.83920286458621574     
 -0.82583569441823335     
 -0.81046866008176588     
 -0.79325497210489382     
 -0.77418180125326885     
 -0.75342021075512855     
 -0.73090663898778541     
 -0.70681404281308902     
 -0.68109449085301155     
 -0.65386928355341023     
 -0.62512711066277804     
 -0.59494636605401807     
 -0.56335078011643214     
 -0.53038194890157253     
 -0.49609690078052165     
 -0.46050739036928590     
 -0.42370130132516637     
 -0.38566591565785019     
 -0.34651766599498757     
 -0.30622592689587630     
 -0.26492058631201260     
 -0.22259590481281888     
 -0.17935831318825368     
 -0.13523900360609692     
  -9.0328167795238751E-002
  -4.4690601317887615E-002
   1.5908499980038940E-003
   4.8422023021995012E-002
   9.5717698766410120E-002
  0.14336220130549943     
  0.19126091833206843     
  0.23929524713387298     
 -0.87552976416937001     
 -0.87952680460783128     
 -0.88412070274177601     
 -0.88662277233630227     
 -0.88663668627313907     
 -0.88406822721910039     
 -0.87909470461052863     
 -0.87182440166734287     
 -0.86239194686923248     
 -0.85093751822062114     
 -0.83751780231165018     
 -0.82228853540022562     
 -0.80524393818861228     
 -0.78655562765847842     
 -0.76616821020779857     
 -0.74425483751024957     
 -0.72077470619843120     
 -0.69585081246867797     
 -0.66947792674627260     
 -0.64173677651233008     
 -0.61265611019185706     
 -0.58228183741080630     
 -0.55067416535807967     
 -0.51785078976447019     
 -0.48390106871268196     
 -0.44882097266328197     
 -0.41272565131888234     
 -0.37559685385126645     
 -0.33756207570734270     
 -0.29862781175173908     
 -0.25890143859344239     
 -0.21842568386271316     
 -0.17729630124517654     
 -0.13558992452122079     
  -9.3402714180505483E-002
  -5.0843513366598758E-002
  -8.0257783626275329E-003
   3.4910328657676654E-002
   7.7809027183576990E-002
  0.12050295994278258     
 -0.88434815786507925     
 -0.89001761809617685     
 -0.89645729119204598     
 -0.90083079168654523     
 -0.90273264876691539     
 -0.90207119822770854     
 -0.89902758932479443     
 -0.89371410701862231     
 -0.88627014455220432     
 -0.87683990982195736     
 -0.86548449224591106     
 -0.85236310216727440     
 -0.83747508913696378     
 -0.82099372897760403     
 -0.80287075039608991     
 -0.78327874181070800     
 -0.76218412888073295     
 -0.73971038062817696     
 -0.71585764125685214     
 -0.69070869453003159     
 -0.66429556611956975     
 -0.63666780481458329     
 -0.60788721387827482     
 -0.57797629514833970     
 -0.54702376636299566     
 -0.51503272234828279     
 -0.48211529435417777     
 -0.44826221807103805     
 -0.41359652817029846     
 -0.37813288831837433     
 -0.34197616895930655     
 -0.30517498631759576     
 -0.26782535317679051     
 -0.23000811901567753     
 -0.19182307880940774     
 -0.15338294038178096     
 -0.11481220131028405     
  -7.6259824539820831E-002
  -3.7916651179519055E-002
  -1.3113417000558692E-007
