 -0.93715619869151034     
 -0.92972228843300297     
 -0.91329307645982383     
 -0.89158313754996410     
 -0.86713356617976500     
 -0.84123096385379847     
 -0.81481108991929374     
 -0.78847472711916489     
 -0.76267157160640042     
 -0.73772014982224365     
 -0.71390566072502182     
 -0.69138783188736030     
 -0.67040692818319791     
 -0.65101181681197595     
 -0.63345047505105101     
 -0.61770367038487028     
 -0.60398398950422827     
 -0.59228662398818288     
 -0.58276959146150575     
 -0.57546023573022320     
 -0.57045897391037692     
 -0.56783853447932464     
 -0.56763787788218201     
 -0.56998412207450000     
 -0.57485061399275872     
 -0.58242703022403641     
 -0.59261680796377703     
 -0.60567901675504876     
 -0.62147639767505314     
 -0.64024060019972628     
 -0.66189484459659487     
 -0.68660682962676545     
 -0.71436616740954284     
 -0.74527086172034795     
 -0.77938351004221773     
 -0.81672648575426177     
 -0.85744172647023131     
 -0.90147009390151123     
 -0.94903801309821767     
  -1.0000000000000000     
 -0.93742974388426503     
 -0.92999602530123071     
 -0.91356574269883828     
 -0.89185134864913285     
 -0.86739263681139811     
 -0.84147462670848672     
 -0.81503234207499253     
 -0.78866599749904420     
 -0.76282469853214463     
 -0.73782647525587852     
 -0.71395588217077299     
 -0.69137264553547384     
 -0.67031610307818390     
 -0.65083536644536866     
 -0.63317723849868635     
 -0.61732274729795000     
 -0.60348339296810050     
 -0.59165451749593057     
 -0.58199320489859252     
 -0.57452669565932435     
 -0.56935493999360043     
 -0.56654985293135929     
 -0.56615032189230630     
 -0.56828264662990924     
 -0.57292005648704247     
 -0.58025105673332189     
 -0.59017951705391880     
 -0.60296296840674191     
 -0.61846461561395705     
 -0.63691460712894199     
 -0.65823673762641777     
 -0.68259707113233459     
 -0.70998554847271655     
 -0.74049916238580260     
 -0.77419993633110207     
 -0.81111011626106233     
 -0.85137045852911442     
 -0.89492206928734253     
 -0.94199009726513239     
 -0.99242935562580292     
 -0.93821279808724056     
 -0.93077952268445230     
 -0.91434645096188605     
 -0.89261959427070947     
 -0.86813477406596029     
 -0.84217307806847619     
 -0.81566733173548656     
 -0.78921561887745739     
 -0.76326564973356503     
 -0.73813416146148092     
 -0.71410393500956015     
 -0.69133439036951527     
 -0.67006241515843834     
 -0.65033773145338758     
 -0.63240362259347838     
 -0.61624227417909794     
 -0.60206205387851908     
 -0.58985848127532536     
 -0.57978586019607492     
 -0.57187171952181759     
 -0.56621385088178877     
 -0.56288285811253413     
 -0.56191669041648240     
 -0.56343912005357522     
 -0.56742379450715685     
 -0.57405560454827409     
 -0.58323976307640846     
 -0.59522871154211876     
 -0.60988752555994274     
 -0.62744261012665137     
 -0.64781800613913310     
 -0.67117655458603376     
 -0.69750820319192619     
 -0.72690757824393826     
 -0.75943521022019755     
 -0.79511229474984513     
 -0.83407675453761732     
 -0.87627030786722782     
 -0.92191369707867166     
 -0.97086398250160921     
 -0.93953664765040101     
 -0.93210445603411918     
 -0.91566735211458761     
 -0.89392043372289831     
 -0.86939256995974579     
 -0.84335813024917217     
 -0.81674668214549329     
 -0.79015248991705422     
 -0.76402088645804977     
 -0.73866657903519384     
 -0.71436912861771706     
 -0.69128788635853589     
 -0.66965526208768189     
 -0.64952199661022270     
 -0.63112567495575067     
 -0.61445025572121470     
 -0.59969875093174219     
 -0.58686739282025779     
 -0.57610640612311637     
 -0.56744229249056433     
 -0.56096977577158302     
 -0.55675781034012162     
 -0.55484215370789181     
 -0.55534304894890540     
 -0.55823474031967357     
 -0.56369540761207948     
 -0.57163255606228036     
 -0.58229085485485266     
 -0.59553869064120390     
 -0.61159458158885760     
 -0.63038439327256590     
 -0.65206553273726753     
 -0.67662727823291258     
 -0.70416051758649845     
 -0.73472337191844272     
 -0.76833590748601455     
 -0.80513051756263543     
 -0.84505047826223134     
 -0.88830811858805658     
 -0.93476519315628470     
 -0.94137593797053520     
 -0.93394562071517540     
 -0.91750409174795355     
 -0.89573143731798743     
 -0.87114593693483877     
 -0.84501322181461935     
 -0.81825812015885924     
 -0.79146981063420807     
 -0.76508989109368741     
 -0.73943078027905029     
 -0.71476776002592168     
 -0.69125946618991085     
 -0.66913275162548602     
 -0.64843945371403966     
 -0.62940974793984417     
 -0.61202951328062127     
 -0.59649492139993865     
 -0.58280272308502223     
 -0.57109782977942281     
 -0.56140536999815627     
 -0.55381642725634328     
 -0.54839623871284282     
 -0.54517923520819733     
 -0.54427998083831164     
 -0.54567272999895888     
 -0.54952795641138363     
 -0.55575597709237534     
 -0.56459010889451322     
 -0.57590344266845750     
 -0.58990487537126290     
 -0.60652177161527998     
 -0.62590404824505363     
 -0.64803992905277175     
 -0.67301628745771624     
 -0.70088700367323764     
 -0.73167037529932100     
 -0.76549158383844196     
 -0.80229599048347633     
 -0.84228510360589914     
 -0.88532620472591095     
 -0.94374923110647546     
 -0.93632226999264356     
 -0.91987757804617931     
 -0.89807466088709476     
 -0.87341869023987984     
 -0.84716393416350766     
 -0.82022872424247317     
 -0.79319640205043496     
 -0.76650381549711621     
 -0.74045993314064074     
 -0.71533500010614237     
 -0.69128659652277347     
 -0.66853445818730561     
 -0.64713225467083602     
 -0.62730008411710958     
 -0.60902717284597940     
 -0.59250037564263169     
 -0.57771783642873931     
 -0.56481695069779692     
 -0.55382162873007412     
 -0.54481798990154906     
 -0.53786713142163700     
 -0.53300139549462455     
 -0.53032801222242698     
 -0.52982203837892761     
 -0.53164345264685087     
 -0.53570648431196033     
 -0.54223034077351773     
 -0.55109432329897134     
 -0.56249338209887800     
 -0.57635886336471376     
 -0.59282998264209730     
 -0.61189488932764513     
 -0.63363365864307297     
 -0.65809596165835249     
 -0.68529742462588517     
 -0.71535489117904516     
 -0.74821552845908434     
 -0.78406727623365202     
 -0.82278442888525838     
 -0.94664363135555418     
 -0.93922220919728205     
 -0.92277685974218471     
 -0.90094153186290926     
 -0.87620558394488457     
 -0.84980896044804743     
 -0.82266254234744829     
 -0.79534238464821938     
 -0.76827956237767303     
 -0.74177923401076062     
 -0.71610499929123717     
 -0.69141422485991821     
 -0.66791746332912050     
 -0.64567063912593059     
 -0.62488217930763257     
 -0.60554526313749935     
 -0.58783576160281648     
 -0.57175303874929406     
 -0.55742615110555105     
 -0.54487736149753385     
 -0.53418673766861069     
 -0.52541097957120142     
 -0.51857941190390178     
 -0.51379132659199334     
 -0.51102166723487541     
 -0.51041881416039703     
 -0.51190149624267878     
 -0.51567195246736075     
 -0.52161662451030832     
 -0.52991515678913093     
 -0.54050186693132629     
 -0.55350455592052228     
 -0.56891086098024801     
 -0.58679261804000549     
 -0.60719491089003452     
 -0.63013030471903919     
 -0.65570502628163863     
 -0.68386873357487943     
 -0.71479345617663359     
 -0.74836136029764366     
 -0.95006499401157873     
 -0.94265211609321975     
 -0.92621047712801452     
 -0.90434334506365510     
 -0.87952115231685257     
 -0.85296667571714391     
 -0.82558244874080211     
 -0.79793580692262189     
 -0.77045068758024704     
 -0.74342876118039991     
 -0.71712555525067812     
 -0.69169791434330929     
 -0.66734642651965737     
 -0.64412942004657792     
 -0.62224207276636245     
 -0.60168201684086797     
 -0.58261263363303106     
 -0.56503497377200285     
 -0.54906816392749791     
 -0.53473279392277895     
 -0.52210238056889113     
 -0.51122802630240649     
 -0.50213621790482821     
 -0.49491627283366879     
 -0.48954431433316148     
 -0.48615459615380419     
 -0.48467117364972750     
 -0.48527719095306865     
 -0.48786689929903670     
 -0.49260237474705648     
 -0.49942187439497615     
 -0.50843996450763007     
 -0.51964280265469776     
 -0.53309437488327549     
 -0.54883300821685799     
 -0.56686842584084074     
 -0.58729509778198685     
 -0.61006518261232390     
 -0.63533227965735262     
 -0.66298801113983930     
 -0.95401254191186868     
 -0.94661229098982647     
 -0.93018057948580846     
 -0.90828571571736205     
 -0.88337490824440079     
 -0.85665175875783561     
 -0.82900885463686269     
 -0.80100332509995331     
 -0.77305207699808476     
 -0.74545200395480060     
 -0.71844986168368541     
 -0.69220220294993628     
 -0.66689848117987638     
 -0.64259956026766429     
 -0.61948611415596466     
 -0.59756074839926587     
 -0.57697307978484158     
 -0.55772585185344203     
 -0.53992746444847040     
 -0.52359683620024677     
 -0.50879985919752468     
 -0.49558192392293265     
 -0.48396584529332315     
 -0.47403065524712606     
 -0.46575335244766747     
 -0.45925247389848234     
 -0.45445812899944604     
 -0.45153217801789070     
 -0.45037790063978322     
 -0.45113768437852431     
 -0.45375409164590780     
 -0.45832681641827056     
 -0.46484116717907475     
 -0.47335139618745603     
 -0.48388919554400733     
 -0.49646075048760990     
 -0.51114699265595620     
 -0.52790349615884136     
 -0.54686343253173542     
 -0.56792885908806956     
 -0.95847862418721419     
 -0.95109618503274040     
 -0.93468334310255319     
 -0.91276823370419025     
 -0.88777088543946148     
 -0.86087365154133011     
 -0.83295762248682581     
 -0.80456869365498807     
 -0.77611607575066799     
 -0.74789118003437838     
 -0.72013204192481350     
 -0.69299413446465186     
 -0.66665484330355451     
 -0.64117861476998195     
 -0.61672970498091040     
 -0.59331685092408915     
 -0.57107407007029698     
 -0.55000691356351439     
 -0.53021156130916647     
 -0.51170510113845569     
 -0.49454577268369032     
 -0.47877282815044453     
 -0.46440485193287434     
 -0.45150974533016752     
 -0.44006572050936410     
 -0.43017432304516279     
 -0.42177220617302563     
 -0.41499809259253495     
 -0.40976517269063223     
 -0.40619460596885149     
 -0.40423356319074261     
 -0.40396567045723208     
 -0.40537528060710853     
 -0.40850632400582998     
 -0.41338310964776598     
 -0.42000798868661715     
 -0.42844744600950169     
 -0.43866022287501927     
 -0.45075765978643445     
 -0.46465318389698662     
 -0.96347453942224037     
 -0.95611616910067621     
 -0.93973469258147113     
 -0.91781063109480387     
 -0.89273423669594687     
 -0.86566352995850393     
 -0.83746660790028726     
 -0.80867775117560592     
 -0.77969715237436721     
 -0.75081057352999658     
 -0.72224684849322207     
 -0.69416042028214187     
 -0.66671587744962379     
 -0.63998151378745927     
 -0.61410446171060906     
 -0.58909942780553248     
 -0.56508460247119063     
 -0.54206806215755254     
 -0.52013356898402108     
 -0.49929664278789787     
 -0.47960687705391641     
 -0.46109707978017117     
 -0.44378168088460462     
 -0.42771686538225484     
 -0.41288194974492654     
 -0.39936073357419399     
 -0.38709685874410371     
 -0.37620420412095257     
 -0.36660695522759534     
 -0.35840347086263685     
 -0.35154611626230881     
 -0.34610116310666816     
 -0.34205204346082274     
 -0.33943178080664016     
 -0.33825685605178135     
 -0.33852542906290456     
 -0.34028877552196263     
 -0.34350950030126781     
 -0.34827497547621250     
 -0.35451069640023652     
 -0.96897962881503819     
 -0.96165273134102758     
 -0.94531719077221266     
 -0.92339980342453298     
 -0.89825675479066480     
 -0.87101930559841623     
 -0.84254167004677250     
 -0.81334491695111377     
 -0.78382045155878499     
 -0.75424792664855123     
 -0.72484595670006202     
 -0.69576883798409883     
 -0.66716731434922338     
 -0.63911400131125184     
 -0.61173793699750600     
 -0.58506068638722852     
 -0.55918407982749585     
 -0.53411864791800612     
 -0.50993552218567151     
 -0.48664858774313802     
 -0.46429833553536015     
 -0.44291124945968696     
 -0.42249764421488922     
 -0.40310123725663738     
 -0.38470317368991080     
 -0.36736792079525965     
 -0.35104721518623533     
 -0.33582915630251431     
 -0.32164887770106126     
 -0.30858132045304248     
 -0.29658422094988207     
 -0.28570613645618764     
 -0.27592937687637947     
 -0.26727550032484687     
 -0.25975271107609021     
 -0.25335535687348693     
 -0.24811846237528185     
 -0.24400831852567401     
 -0.24108794018994645     
 -0.23929533200950279     
 -0.97501638139499502     
 -0.96773021889595356     
 -0.95145935023328154     
 -0.92956961118258230     
 -0.90437885039584154     
 -0.87698896152650074     
 -0.84823885541227817     
 -0.81863599266307197     
 -0.78856180378437024     
 -0.75829014925467075     
 -0.72802914614105951     
 -0.69793257559702826     
 -0.66813723989045537     
 -0.63872055515413217     
 -0.60979311927951452     
 -0.58138347725551531     
 -0.55357662120401918     
 -0.52638640874908016     
 -0.49987031446269725     
 -0.47404120907337421     
 -0.44893076181875691     
 -0.42455846724293705     
 -0.40093093603727986     
 -0.37807913780799990     
 -0.35598577480092419     
 -0.33469637422393494     
 -0.31417050779411426     
 -0.29446991812452183     
 -0.27554145499081595     
 -0.25743558113658344     
 -0.24011606277559644     
 -0.22361290604349990     
 -0.20790750510638448     
 -0.19300975257394362     
 -0.17891956047466073     
 -0.16562685985060474     
 -0.15315029546892830     
 -0.14146016293938410     
 -0.13059399584322648     
 -0.12050304670371630     
 -0.98155073774117163     
 -0.97431545713823531     
 -0.95813022613773857     
 -0.93629290554108258     
 -0.91107799188164673     
 -0.88355627117277091     
 -0.85454984182316485     
 -0.82455168119514388     
 -0.79393312922827730     
 -0.76296199801921361     
 -0.73183552383243078     
 -0.70070755723784850     
 -0.66970077452200494     
 -0.63889740047000476     
 -0.60838922553823360     
 -0.57821320846068425     
 -0.54843630775165886     
 -0.51907664179878488     
 -0.49017807214615766     
 -0.46175227685996578     
 -0.43382201659648262     
 -0.40640043684080401     
 -0.37949019028819880     
 -0.35310975953720081     
 -0.32724342109526916     
 -0.30191771602536877     
 -0.27710037474179755     
 -0.25282631554931839     
 -0.22905472749081451     
 -0.20581145684135335     
 -0.18306595103950518     
 -0.16082993620840658     
 -0.13908380430672757     
 -0.11782580473503117     
  -9.7047329161471393E-002
  -7.6734132904460045E-002
  -5.6888083258400335E-002
  -3.7483742518924244E-002
  -1.8532874623575918E-002
   4.3711390001862412E-008
 -0.98861556274619655     
 -0.98144388065895183     
 -0.96537066467500598     
 -0.94361751579265363     
 -0.91841066682499461     
 -0.89078703516490887     
 -0.86155076090816041     
 -0.83117960519304912     
 -0.80003429497799483     
 -0.76837679400227676     
 -0.73639347484955275     
 -0.70423815431544645     
 -0.67201942595276909     
 -0.63982525913796118     
 -0.60772843136606602     
 -0.57577420766473864     
 -0.54401243217829554     
 -0.51246506497448596     
 -0.48116315175485486     
 -0.45011746363688443     
 -0.41934213939087794     
 -0.38884385224457929     
 -0.35862177653601812     
 -0.32868196016244106     
 -0.29901096366297292     
 -0.26961597129134596     
 -0.24047340065515502     
 -0.21159186194414081     
 -0.18294230122540089     
 -0.15452639005712893     
 -0.12631985107488891     
  -9.8315730759878331E-002
  -7.0493938617925578E-002
  -4.2840854321728766E-002
  -1.5339646316198384E-002
   1.2028133126111069E-002
   3.9277149580314571E-002
   6.6428721346980343E-002
   9.3496619737325537E-002
  0.12050313346464919     
 -0.99616970087494372     
 -0.98907502536899128     
 -0.97314236936478105     
 -0.95150813623521835     
 -0.92634570148573370     
 -0.89865554770200629     
 -0.86922316262818622     
 -0.83850977817801353     
 -0.80686569375394523     
 -0.77454691340074178     
 -0.74172874480748796     
 -0.70856593334737694     
 -0.67515286736359914     
 -0.64158331466776342     
 -0.60791172283272732     
 -0.57419196632692093     
 -0.54045712413798719     
 -0.50673344780555796     
 -0.47303943331075143     
 -0.43938529949138388     
 -0.40577700499251357     
 -0.37221498708942530     
 -0.33869557074283185     
 -0.30521261579675968     
 -0.27175538992848597     
 -0.23831207732765045     
 -0.20486786809752963     
 -0.17140537697085875     
 -0.13790793630933249     
 -0.10435336833575246     
  -7.0723502455533604E-002
  -3.6993495998108278E-002
  -3.1426123958332715E-003
   3.0854164949781691E-002
   6.5021692051187019E-002
   9.9382395186608172E-002
  0.13396728122142926     
  0.16879336234797776     
  0.20389972486561114     
  0.23929541688513101     
  -1.0042374035783732     
 -0.99723577008649866     
 -0.98147779649103439     
 -0.96000545338815524     
 -0.93493310862826973     
 -0.90722247440561055     
 -0.87763867923951366     
 -0.84662642026057666     
 -0.81452523892826312     
 -0.78158526489589275     
 -0.74797128348092135     
 -0.71383848353150747     
 -0.67926814306700500     
 -0.64436031182816589     
 -0.60915114619012800     
 -0.57370379245216252     
 -0.53803505375675875     
 -0.50217628606349951     
 -0.46613347137815297     
 -0.42991711939954225     
 -0.39352540827973920     
 -0.35695356438916831     
 -0.32019493659673254     
 -0.28323216840618126     
 -0.24605728383367298     
 -0.20864063973270006     
 -0.17097606968590495     
 -0.13302125322657754     
  -9.4771953552287291E-002
  -5.6182886215609726E-002
  -1.7242259486390243E-002
   2.2092086306794774E-002
   6.1841249357623501E-002
  0.10204115328475113     
  0.14272426515106684     
  0.18391679622882737     
  0.22566529164262938     
  0.26798278786075791     
  0.31093248868685436     
  0.35451077812000842     
  -1.0127875838902434     
  -1.0058964325949178     
 -0.99035001044518411     
 -0.96908610652668770     
 -0.94415435191414743     
 -0.91647492746065473     
 -0.88679160547164348     
 -0.85553237890073397     
 -0.82302557880913774     
 -0.78951550841350249     
 -0.75515736134851952     
 -0.72010686567622284     
 -0.68443253932148562     
 -0.64824114037415426     
 -0.61155125096520779     
 -0.57443581899458152     
 -0.53689610811189614     
 -0.49896897766536491     
 -0.46064886305260083     
 -0.42194666202587022     
 -0.38285384426284041     
 -0.34336090776088335     
 -0.30345897959163776     
 -0.26312015886895823     
 -0.22233952887215563     
 -0.18107060494594313     
 -0.13931631854872376     
  -9.7010518814998642E-002
  -5.4161092367081644E-002
  -1.0701127502216932E-002
   3.3374942462455454E-002
   7.8125489507841733E-002
  0.12357174326488134     
  0.16975986064110296     
  0.21672942795421865     
  0.26451002120685185     
  0.31316306224442658     
  0.36269747547220943     
  0.41319949517005694     
  0.46465326129466455     
  -1.0218301520487103     
  -1.0150692952707563     
 -0.99977719054513892     
 -0.97877556843463842     
 -0.95404358504258213     
 -0.92645716822694435     
 -0.89673742384718413     
 -0.86529538627360814     
 -0.83244816780394970     
 -0.79843467613001506     
 -0.76339999898213995     
 -0.72750219486059509     
 -0.69079649765215911     
 -0.65339758380815538     
 -0.61530708755552477     
 -0.57660823350632662     
 -0.53728785173500149     
 -0.49738845573319096     
 -0.45689411587771900     
 -0.41581696607805396     
 -0.37414226661217304     
 -0.33185665942989001     
 -0.28894977572234287     
 -0.24538434672589102     
 -0.20115880737998773     
 -0.15621132818723182     
 -0.11055381588486402     
  -6.4098056563966804E-002
  -1.6863860281955353E-002
   3.1235690703456991E-002
   8.0199905946038624E-002
  0.13010212251252035     
  0.18096338804823578     
  0.23283908305990153     
  0.28577525854691455     
  0.33980468815679132     
  0.39500201589492395     
  0.45137264806192878     
  0.50902413603872820     
  0.56792893101817166     
  -1.0313437155853808     
  -1.0247348466242454     
  -1.0097429592682849     
 -0.98906250386768857     
 -0.96459495012390828     
 -0.93717009980558952     
 -0.90748492747077691     
 -0.87593290067877960     
 -0.84282028970338674     
 -0.80838114368473368     
 -0.77275085814293665     
 -0.73608944971382761     
 -0.69844083815871472     
 -0.65992706117336497     
 -0.62053475578415096     
 -0.58035717676213550     
 -0.53936788178348083     
 -0.49761566200748691     
 -0.45507550397417085     
 -0.41176124541797970     
 -0.36765317917535134     
 -0.32273463445260631     
 -0.27699481611619681     
 -0.23038799294714499     
 -0.18291670726407211     
 -0.13450522961439507     
  -8.5174319577106056E-002
  -3.4815972680249344E-002
   1.6538456739622030E-002
   6.8994037042189718E-002
  0.12254374587826354     
  0.17727434452172833     
  0.23320640207472731     
  0.29040339758034966     
  0.34891722740158126     
  0.40878297357171695     
  0.47008779633110437     
  0.53283300614174567     
  0.59714582766901014     
  0.66298807656366965     
  -1.0413233801948745     
  -1.0348899368710949     
  -1.0202496444565070     
 -0.99995563528886855     
 -0.97582526290938743     
 -0.94863920066557417     
 -0.91906914673043816     
 -0.88749086222462004     
 -0.85420016475465466     
 -0.81942620867327398     
 -0.78329518965695699     
 -0.74596993119771149     
 -0.70748383812605087     
 -0.66796676074524042     
 -0.62739112054596435     
 -0.58586125210932483     
 -0.54333819828420249     
 -0.49987797702399472     
 -0.45544738018152237     
 -0.41006283264605808     
 -0.36370063648154605     
 -0.31634221065799584     
 -0.26797681081657221     
 -0.21855192062614823     
 -0.16807442111353887     
 -0.11645655209519087     
  -6.3728057327901710E-002
  -9.7634432479145085E-003
   4.5394743880809746E-002
  0.10186744411530430     
  0.15964140530082202     
  0.21881495877895946     
  0.27940771003011006     
  0.34149021669582463     
  0.40511886115081280     
  0.47033080347601208     
  0.53722388395111875     
  0.60579591570036462     
  0.67619093029898214     
  0.74836141825789859     
  -1.0517558008244590     
  -1.0455238828573776     
  -1.0312910460282363     
  -1.0114553730590436     
 -0.98774167006739555     
 -0.96087959335372686     
 -0.93151408865382734     
 -0.90000343366443403     
 -0.86663283346005415     
 -0.83162647950991109     
 -0.79510309535288060     
 -0.75722837106299745     
 -0.71802554576508359     
 -0.67763345691007282     
 -0.63601142183494752     
 -0.59327491375682295     
 -0.54937446290003100     
 -0.50437321148943282     
 -0.45823148439534128     
 -0.41096901574026551     
 -0.36255934781538846     
 -0.31298304977522323     
 -0.26223037132361127     
 -0.21024354038469834     
 -0.15703426393512737     
 -0.10250500721362750     
  -4.6694190327585011E-002
   1.0538308556624982E-002
   6.9139278765020989E-002
  0.12924283450337062     
  0.19082968908877893     
  0.25400764421936567     
  0.31879484488769222     
  0.38526732928984464     
  0.45348512411801112     
  0.52348687197643251     
  0.59537884498671811     
  0.66915592134387258     
  0.74497657247130156     
  0.82278447853517811     
  -1.0626211200271989     
  -1.0566191289940958     
  -1.0428535475118075     
  -1.0235529367816354     
  -1.0003413765632305     
 -0.97389459541829360     
 -0.94483069641323081     
 -0.91348931240508424     
 -0.88014558867816195     
 -0.84501949510231600     
 -0.80822277689956545     
 -0.76992400927797522     
 -0.73013820601532653     
 -0.68901286344363177     
 -0.64649579786513223     
 -0.60271379703489369     
 -0.55760856745992227     
 -0.51125082561453439     
 -0.46359574764463629     
 -0.41466739553304888     
 -0.36443765854806681     
 -0.31288748261376054     
 -0.26000904906090511     
 -0.20574099931917722     
 -0.15010044867946964     
  -9.2982206658244360E-002
  -3.4433424569008809E-002
   2.5697781249386376E-002
   8.7347999096061030E-002
  0.15066180316193695     
  0.21561378436876982     
  0.28231881373504730     
  0.35079331165039718     
  0.42111733716707672     
  0.49335324555922955     
  0.56754001697037737     
  0.64379125301939977     
  0.72209807142084947     
  0.80263104171971822     
  0.88532624534718407     
  -1.0739126113958337     
  -1.0681719882379268     
  -1.0549405792314717     
  -1.0362597466469836     
  -1.0136443624741907     
 -0.98771450014961137     
 -0.95905939827496589     
 -0.92800032840921864     
 -0.89480287217654708     
 -0.85968299691755590     
 -0.82274641409424631     
 -0.78416516204307396     
 -0.74394666802225029     
 -0.70224732972187276     
 -0.65900545454661652     
 -0.61435936385508527     
 -0.56824309472034584     
 -0.52073593853745204     
 -0.47178921880410274     
 -0.42143207202106509     
 -0.36963632796382795     
 -0.31638418747222663     
 -0.26167106615294922     
 -0.20543372446837246     
 -0.14769528282660804     
  -8.8345366923104865E-002
  -2.7439734124122123E-002
   3.5181999168845304E-002
   9.9446759978871480E-002
  0.16550637322111744     
  0.23332929627964177     
  0.30303546821221228     
  0.37463838365135022     
  0.44822050623007570     
  0.52384522416269552     
  0.60155096694413390     
  0.68145628763542099     
  0.76354947167092824     
  0.84800889385757494     
  0.93476522414859520     
  -1.0855968316136320     
  -1.0801506556410130     
  -1.0675228414647386     
  -1.0495494352776276     
  -1.0276275448075296     
  -1.0023189292029171     
 -0.97418340594441633     
 -0.94352389796422609     
 -0.91059657213828937     
 -0.87561435841828017     
 -0.83867650688900475     
 -0.79995974105473577     
 -0.75946500171265452     
 -0.71735764793304679     
 -0.67356812344203998     
 -0.62824613391005824     
 -0.58131984478859344     
 -0.53287749965614339     
 -0.48286833905368365     
 -0.43132701287859110     
 -0.37822640900429394     
 -0.32355181121638565     
 -0.26730250157954399     
 -0.20941527205383892     
 -0.14991977277239446     
  -8.8702857976036387E-002
  -2.5828925762480651E-002
   3.8867689399091139E-002
  0.10530461772991798     
  0.17363792188803889     
  0.24382997018036096     
  0.31600289744203180     
  0.39016681084675159     
  0.46640480706663262     
  0.54477956479585665     
  0.62532882327963957     
  0.70817285685335918     
  0.79329704016863145     
  0.88088558645732085     
  0.97086400342147228     
  -1.0976708135649287     
  -1.0925566904987918     
  -1.0806110304573233     
  -1.0634431286566759     
  -1.0423234388479299     
  -1.0177523954972596     
 -0.99025971723432726     
 -0.96013088716380701     
 -0.92761236086367305     
 -0.89291406438811916     
 -0.85613067100738383     
 -0.81744292835008803     
 -0.77684686724638130     
 -0.73451708817194539     
 -0.69037753437666438     
 -0.64458924639350712     
 -0.59707670538861113     
 -0.54793679186915956     
 -0.49711853911824705     
 -0.44466315453267435     
 -0.39054572026719647     
 -0.33475567312546400     
 -0.27729767898805441     
 -0.21811014549718183     
 -0.15722980423221322     
  -9.4543588209342583E-002
  -3.0124428530927484E-002
   3.6195044261031407E-002
  0.10432365111802869     
  0.17441843403728519     
  0.24643523344911672     
  0.32049557762211389     
  0.39660573758750400     
  0.47484700873529756     
  0.55528012792684822     
  0.63794019570967087     
  0.72294793685619863     
  0.81028532359381988     
  0.90013854095616663     
  0.99242936616051425     
  -1.1100888930584787     
  -1.1053453458056099     
  -1.0941612831242062     
  -1.0778973911810439     
  -1.0576874709800081     
  -1.0339696354381014     
  -1.0072426432303487     
 -0.97777415974977666     
 -0.94580232083318272     
 -0.91153385401225751     
 -0.87505925947286145     
 -0.83656398399137910     
 -0.79604035488482017     
 -0.75367186251247964     
 -0.70937768685584435     
 -0.66333013902293769     
 -0.61545136261260713     
 -0.56584751077358064     
 -0.51446850058688054     
 -0.46136267376062412     
 -0.40650893178366709     
 -0.34990204916962719     
 -0.29155239676740974     
 -0.23140249038276245     
 -0.16949645224160864     
 -0.10572370938340836     
  -4.0165892325153447E-002
   2.7342825113115352E-002
   9.6702815626264746E-002
  0.16806852905335681     
  0.24138947252954365     
  0.31678372106884678     
  0.39425279805205660     
  0.47387384514461461     
  0.55570454015352033     
  0.63977630599465840     
  0.72620687714078935     
  0.81497584672626266     
  0.90626699894574003     
  0.99999999999999623     
  -1.1228480740353988     
  -1.1185208819869721     
  -1.1081901197570778     
  -1.0929414599909570     
  -1.0737632713118992     
  -1.0510290810405927     
  -1.0252057178215179     
 -0.99654400006104582     
 -0.96527356459847680     
 -0.93159879221060760     
 -0.89560677332620831     
 -0.85748768120922780     
 -0.81723093813831460     
 -0.77502949274378197     
 -0.73079867311534130     
 -0.68472237245556200     
 -0.63672182092065599     
 -0.58691242840222291     
 -0.53524671562611448     
 -0.48178055793702212     
 -0.42649816216721692     
 -0.36940044570227554     
 -0.31050503474626168     
 -0.24975967249834499     
 -0.18721700994150681     
 -0.12277145703962900     
  -5.6513343114963914E-002
   1.1718037562701593E-002
   8.1814847324809148E-002
  0.15392563504997886     
  0.22799284672613940     
  0.30412853830204545     
  0.38232786258103540     
  0.46266237933403731     
  0.54518378779182874     
  0.62991880208168349     
  0.71697976692621834     
  0.80634302946149461     
  0.89818657945982183     
  0.99242934509108394     
  -1.1358952558097248     
  -1.1320312604990161     
  -1.1226455804504638     
  -1.1085220126936208     
  -1.0904941002694437     
  -1.0688696716606800     
  -1.0440838601917632     
  -1.0163702081689741     
 -0.98595109044423823     
 -0.95302861406715533     
 -0.91768696484163581     
 -0.88012150369053599     
 -0.84031909539810978     
 -0.79848231392070312     
 -0.75452411850554502     
 -0.70863923796041384     
 -0.66074983590387637     
 -0.61098050489362887     
 -0.55928718517110909     
 -0.50573426511734010     
 -0.45031195855246564     
 -0.39302860157673181     
 -0.33390958123643943     
 -0.27290983170831251     
 -0.21009076116957878     
 -0.14535404298972252     
  -7.8798875512825162E-002
  -1.0272929603006211E-002
   6.0107969385592382E-002
  0.13248319214625121     
  0.20678791677948433     
  0.28312485450390235     
  0.36148215455826016     
  0.44192317521488289     
  0.52449193889296486     
  0.60920940518774658     
  0.69617933233736518     
  0.78537411547649150     
  0.87696277871974959     
  0.97086396158173860     
  -1.1492137531488065     
  -1.1458678798000379     
  -1.1375321356069343     
  -1.1246561919002696     
  -1.1079096813301510     
  -1.0875339356015676     
  -1.0639321769583978     
  -1.0373221254040172     
  -1.0079183708579857     
 -0.97592178100780314     
 -0.94141398398946097     
 -0.90459520920471514     
 -0.86545152695019145     
 -0.82419404331085400     
 -0.78073507066101011     
 -0.73527987420106389     
 -0.68775216038802012     
 -0.63828597997365111     
 -0.58684225587321459     
 -0.53349344573223267     
 -0.47823726770938668     
 -0.42108992265079570     
 -0.36208566997292602     
 -0.30118776601185532     
 -0.23846703619453802     
 -0.17383483767091618     
 -0.10739916748898434     
  -3.9019230154247186E-002
   3.1181160453416675E-002
  0.10332895951025409     
  0.17735137276194937     
  0.25333898698447133     
  0.33127130662786014     
  0.41120130745417244     
  0.49316331706732291     
  0.57716999660836965     
  0.66331377367240851     
  0.75156381779898784     
  0.84207440187970484     
  0.93476516216396688     
  -1.1627534777624138     
  -1.1599846001538585     
  -1.1528066849038625     
  -1.1413007702859319     
  -1.1259651922169271     
  -1.1069746989454354     
  -1.0847011458036140     
  -1.0593464451586185     
  -1.0311184878820647     
  -1.0002172562689289     
 -0.96672241912003087     
 -0.93083870605559849     
 -0.89255229900280775     
 -0.85208254578604181     
 -0.80934164963283739     
 -0.76454525071754575     
 -0.71761949964017879     
 -0.66870822150070619     
 -0.61777721442269984     
 -0.56490797053138908     
 -0.51010585355027493     
 -0.45339592298308234     
 -0.39482149686857870     
 -0.33435568091043433     
 -0.27207885158730233     
 -0.20791378393273768     
 -0.14197766838598380     
  -7.4143809368764385E-002
  -4.5440149623445867E-003
   6.6933258932879963E-002
  0.14020664137434496     
  0.21535176314834675     
  0.29233820578428205     
  0.37120581347214315     
  0.45197690988438483     
  0.53465460517557772     
  0.61931698852894446     
  0.70592798043797045     
  0.79462412040364816     
  0.88532616410463127     
  -1.1764799651554467     
  -1.1743569518754735     
  -1.1684572525857693     
  -1.1584543889009107     
  -1.1446681700381236     
  -1.1272076526480728     
  -1.1064144758993162     
  -1.0824762524315963     
  -1.0555941362184196     
  -1.0259670530213194     
 -0.99367364529261626     
 -0.95892358889336338     
 -0.92170249616306110     
 -0.88223856911534959     
 -0.84044434970930348     
 -0.79654522109649661     
 -0.75047060039690083     
 -0.70237309736693476     
 -0.65222484217025833     
 -0.60011617824501162     
 -0.54606013386542129     
 -0.49009155597535980     
 -0.43226293789634523     
 -0.37255793061128178     
 -0.31106688390097592     
 -0.24772552486900407     
 -0.18266022581602398     
 -0.11576065885532488     
  -4.7166865575551192E-002
   2.3214683287900079E-002
   9.5293295699305905E-002
  0.16912677493532946     
  0.24467338056003690     
  0.32195706291846860     
  0.40098572231364049     
  0.48175081621768190     
  0.56431185900255365     
  0.64862684358989919     
  0.73481025126092081     
  0.82278437923533221     
  -1.1903402829318872     
  -1.1889416603351906     
  -1.1844478841812307     
  -1.1760831334984663     
  -1.1639852040890739     
  -1.1481986908349264     
  -1.1290373811422036     
  -1.1066748583756556     
  -1.0813067256178679     
  -1.0531310262401372     
  -1.0222254342477621     
 -0.98880441654609863     
 -0.95285375422403629     
 -0.91460930639236149     
 -0.87398503770994485     
 -0.83121521592043690     
 -0.78623294570692948     
 -0.73919952299390268     
 -0.69009319896564347     
 -0.63901294032239719     
 -0.58598016033996103     
 -0.53103873984050654     
 -0.47425079162842881     
 -0.41561130007262626     
 -0.35522026667234768     
 -0.29302736999651408     
 -0.22916810603501603     
 -0.16355032270136449     
  -9.6322417228428964E-002
  -2.7410871580785489E-002
   4.3083346082026540E-002
  0.11519802239075930     
  0.18887818642659893     
  0.26412967427554102     
  0.34094323254986242     
  0.41929587666993828     
  0.49922540629982681     
  0.58068217036356340     
  0.66375309471107247     
  0.74836130233738296     
  -1.2042820117472404     
  -1.2037012470272843     
  -1.2007540271911072     
  -1.1941690454406357     
  -1.1839025377779648     
  -1.1699384417909005     
  -1.1525636586670167     
  -1.1319396849133316     
  -1.1082572395580139     
  -1.0817133748067653     
  -1.0523853690366949     
  -1.0204919243603192     
 -0.98601958985030458     
 -0.94921094016760388     
 -0.90998188477303521     
 -0.86857449530976072     
 -0.82492611626872603     
 -0.77920532575668966     
 -0.73139748586049524     
 -0.68160900529554058     
 -0.62986971680011561     
 -0.57623256743309881     
 -0.52076888107421238     
 -0.46348464925691774     
 -0.40448964045261815     
 -0.34374795004982028     
 -0.28140392415604143     
 -0.21738448250761597     
 -0.15184646095373924     
  -8.4737703161248679E-002
  -1.6170289700674377E-002
   5.3871632918746526E-002
  0.12531817649995988     
  0.19815451674540380     
  0.27235145490846990     
  0.34786887052623905     
  0.42471882758922413     
  0.50284076191060234     
  0.58228978815162924     
  0.66298794571600406     
  -1.2182407561507971     
  -1.2185918569809659     
  -1.2173442595942787     
  -1.2126859926100098     
  -1.2043968805639043     
  -1.1924043236467512     
  -1.1769717603255336     
  -1.1582502036622646     
  -1.1364255736175277     
  -1.1116946237501280     
  -1.0841343144832001     
  -1.0539668243412290     
  -1.0211804534669748     
 -0.98602257326487597     
 -0.94841199736273918     
 -0.90859734263167580     
 -0.86652018130927766     
 -0.82235602396755614     
 -0.77609576033523320     
 -0.72785362502678386     
 -0.67766698281184756     
 -0.62559714767278929     
 -0.57172447381308489     
 -0.51606528950139652     
 -0.45873846561766757     
 -0.39972236127241578     
 -0.33916971527695883     
 -0.27702630019642244     
 -0.21345752572012791     
 -0.14843306460576522     
  -8.2076528320546599E-002
  -1.4395184848622259E-002
   5.4524749999783163E-002
  0.12464549760985361     
  0.19591522556119764     
  0.26827358611178515     
  0.34170209884593794     
  0.41612613157041212     
  0.49156207906568472     
  0.56792878715796347     
  -1.2321441114978853     
  -1.2335677899272870     
  -1.2341845595512699     
  -1.2316021654785989     
  -1.2254355860827499     
  -1.2155627397453943     
  -1.2022265782184578     
  -1.1855690328166046     
  -1.1657723481682587     
  -1.1430327410694405     
  -1.1174276156145029     
  -1.0891816015038391     
  -1.0582843011238270     
  -1.0249883712079337     
 -0.98921397567546188     
 -0.95121620700205767     
 -0.91094041786066327     
 -0.86856755744995662     
 -0.82409413131842890     
 -0.77764049296592319     
 -0.72925143377687907     
 -0.67899568888381479     
 -0.62696123948938631     
 -0.57317406258346393     
 -0.51776136424563923     
 -0.46071396685816290     
 -0.40219300735994978     
 -0.34216227255670284     
 -0.28079478287316406     
 -0.21808148145054135     
 -0.15415756074601317     
  -8.9053471022819769E-002
  -2.2872598833138601E-002
   4.4322930745059143E-002
  0.11245621177235982     
  0.18144323735965073     
  0.25123074679518231     
  0.32172445465806698     
  0.39289530909050352     
  0.46465310649930580     
  -1.2458977717716315     
  -1.2485829526766885     
  -1.2512476864847935     
  -1.2508973614051067     
  -1.2470031183865100     
  -1.2394012274291772     
  -1.2283183502195565     
  -1.2138895166948702     
  -1.1962938563610246     
  -1.1757275650840815     
  -1.1522676332311985     
  -1.1261415280344764     
  -1.0973395124546341     
  -1.0661185142226177     
  -1.0324004568187863     
 -0.99644518393920312     
 -0.95820079005970127     
 -0.91785328105869690     
 -0.87540378305596800     
 -0.83097786751322156     
 -0.78462571603693743     
 -0.73642252988153567     
 -0.68646286396990197     
 -0.63478068849902836     
 -0.58151011394915009     
 -0.52665341445371960     
 -0.47037794405583377     
 -0.41266327900447874     
 -0.35368975089484894     
 -0.29346697198277155     
 -0.23214099257322440     
 -0.16976383877448809     
 -0.10645587542607463     
  -4.2303372919755146E-002
   2.2590426564908374E-002
   8.8115066267647729E-002
  0.15417766231046992     
  0.22065801003708799     
  0.28747190888181001     
  0.35451061468046197     
  -1.2593977487106975     
  -1.2635908831021589     
  -1.2684950966273991     
  -1.2705295303043966     
  -1.2690508442813602     
  -1.2638648191687571     
  -1.2551854444298076     
  -1.2431424980407684     
  -1.2279134048676859     
  -1.2096934899897340     
  -1.1885603707498760     
  -1.1647428962626689     
  -1.1382326996039798     
  -1.1092892613432384     
  -1.0778364029197696     
  -1.0441368615861080     
  -1.0081407445808237     
 -0.97003860832052424     
 -0.92983433236466340     
 -0.88765795453306762     
 -0.84356337877591814     
 -0.79763089100703122     
 -0.74996004191603594     
 -0.70059108488803334     
 -0.64966326640015692     
 -0.59718730782506602     
 -0.54333591291552985     
 -0.48810115345132676     
 -0.43166882467658707     
 -0.37406391364447678     
 -0.31544142411068937     
 -0.25587129447999618     
 -0.19548889674108680     
 -0.13440211184092460     
  -7.2739234586941051E-002
  -1.0637539390984552E-002
   5.1768471286908521E-002
  0.11432514515334372     
  0.17688210175170987     
  0.23929524713387298     
  -1.2724740225037698     
  -1.2785450328219623     
  -1.2859025504390706     
  -1.2904824950937273     
  -1.2915686800614457     
  -1.2889482254820026     
  -1.2828275587179567     
  -1.2733329188023708     
  -1.2606406692483818     
  -1.2449462642178544     
  -1.2263271741181894     
  -1.2050134015965028     
  -1.1809974980008398     
  -1.1545406641533642     
  -1.1255669978054665     
  -1.0943417399631818     
  -1.0608167908293111     
  -1.0251841078617663     
 -0.98745031714082199     
 -0.94774777226013296     
 -0.90613277084741117     
 -0.86268879495549788     
 -0.81751865509963606     
 -0.77066601061640427     
 -0.72227326652548396     
 -0.67235698435408175     
 -0.62109322270582557     
 -0.56848136665256044     
 -0.51471082313944649     
 -0.45981644713151493     
 -0.40395943430553327     
 -0.34722156340165922     
 -0.28974855193909071     
 -0.23166353123362426     
 -0.17311337500260998     
 -0.11425724727964391     
  -5.5265262741858757E-002
   3.6727551957289519E-003
   6.2332318622251200E-002
  0.12050295994278258     
  -1.2849424826626732     
  -1.2934112247767928     
  -1.3034315120296120     
  -1.3107072381199081     
  -1.3144962945868082     
  -1.3145792388173512     
  -1.3111599604935704     
  -1.3043632340111522     
  -1.2943657020606574     
  -1.2813616753380015     
  -1.2654298201175602     
  -1.2468001690313932     
  -1.2254655800977190     
  -1.2016873392893750     
  -1.1753909143073800     
  -1.1468415745628471     
  -1.1159925333699672     
  -1.0830354775375610     
  -1.0479784939372325     
  -1.0109546713766784     
 -0.97202125913519266     
 -0.93126272775082763     
 -0.88878311889786332     
 -0.84462761566764732     
 -0.79893959455519692     
 -0.75173761446668896     
 -0.70319895028297086     
 -0.65332543383765862     
 -0.60230830974652405     
 -0.55018576281592024     
 -0.49712134647117151     
 -0.44320100704448673     
 -0.38857449386733128     
 -0.33337093459325345     
 -0.27774434006449372     
 -0.22186308626471504     
 -0.16591312853894294     
 -0.11010348369068337     
  -5.4704468491104503E-002
  -1.3113417000558692E-007
