  -2.2067948198058789E-002
  -2.2315446373176326E-002
  -2.2963711717548844E-002
  -2.4067232399515054E-002
  -2.5676216083719026E-002
  -2.7890298870278826E-002
  -3.0776791193040658E-002
  -3.4422858013375884E-002
  -3.8908287012930753E-002
  -4.4298642896195096E-002
  -5.0694201336536522E-002
  -5.8132634568803215E-002
  -6.6742708672495432E-002
  -7.6527893383130513E-002
  -8.7653079224945085E-002
 -0.10009804145922024     
 -0.11401952127466987     
 -0.12942188897604762     
 -0.14643326308471422     
 -0.16508966819128937     
 -0.18548372296108362     
 -0.20769020690021098     
 -0.23175934721532673     
 -0.25781154775523069     
 -0.28584779015294742     
 -0.31604105445462066     
 -0.34833632989878760     
 -0.38296613231663923     
 -0.41984083220153651     
 -0.45917372853013294     
 -0.50092329090793342     
 -0.54525132756953409     
 -0.59217074766379107     
 -0.64178536738825220     
 -0.69416977459739115     
 -0.74936327275486703     
 -0.80750857763738781     
 -0.86857245928023874     
 -0.93277362256067842     
  -1.0000000000000000     
  -2.2059364930146843E-002
  -2.2303705331876172E-002
  -2.2944206467381018E-002
  -2.4035553851098235E-002
  -2.5627993678059038E-002
  -2.7820596816097595E-002
  -3.0680309132016265E-002
  -3.4293727027667135E-002
  -3.8740083089111456E-002
  -4.4084492216914364E-002
  -5.0426501475478273E-002
  -5.7803515443709874E-002
  -6.6343358694659321E-002
  -7.6049472744002325E-002
  -8.7085501850013944E-002
  -9.9431393495933704E-002
 -0.11324270703804781     
 -0.12852376367761123     
 -0.14540175149875473     
 -0.16391238286263771     
 -0.18414760779645570     
 -0.20618164003691014     
 -0.23006429192027208     
 -0.25591509417499086     
 -0.28373502165891684     
 -0.31369578946335624     
 -0.34574261409010698     
 -0.38010632149385426     
 -0.41669826116493797     
 -0.45572972499626063     
 -0.49715956686639812     
 -0.54114852436788619     
 -0.58770933799264458     
 -0.63694513543200937     
 -0.68892985905191861     
 -0.74370216356549002     
 -0.80140404261398457     
 -0.86200254242327434     
 -0.92571482332400845     
 -0.99242935562580292     
  -2.2034998127973483E-002
  -2.2270346023954845E-002
  -2.2888731532735383E-002
  -2.3945404490304613E-002
  -2.5490716842225827E-002
  -2.7622145770125183E-002
  -3.0405577108064102E-002
  -3.3925989001200377E-002
  -3.8261049711018111E-002
  -4.3474581013538890E-002
  -4.9664057887533926E-002
  -5.6866122580286761E-002
  -6.5205891489284795E-002
  -7.4686757526317857E-002
  -8.5468816097853312E-002
  -9.7532493472792289E-002
 -0.11102998463065947     
 -0.12596551987768767     
 -0.14246349040353123     
 -0.16055887583292450     
 -0.18034170530804000     
 -0.20188446907205534     
 -0.22523597743461707     
 -0.25051307214725399     
 -0.27771677983724524     
 -0.30701503338539304     
 -0.33835426231622495     
 -0.37196037178129743     
 -0.40774634025984030     
 -0.44591923695809893     
 -0.48643857820272196     
 -0.52946146346441425     
 -0.57500081995703189     
 -0.62315706010383420     
 -0.67400318866340769     
 -0.72757616329728081     
 -0.78401514414408602     
 -0.84328830910420105     
 -0.90560748908323996     
 -0.97086398250160921     
  -2.1994511130464682E-002
  -2.2214807652540362E-002
  -2.2796184589499346E-002
  -2.3794831509004626E-002
  -2.5261263636162469E-002
  -2.7290287461523528E-002
  -2.9946045789182363E-002
  -3.3310770943536107E-002
  -3.7459539255504243E-002
  -4.2453991180920345E-002
  -4.8388134736136124E-002
  -5.5297350779199797E-002
  -6.3302197048950085E-002
  -7.2406005326428186E-002
  -8.2762940712304833E-002
  -9.4354200928312232E-002
 -0.10732633703081870     
 -0.12168345664040454     
 -0.13754535635532586     
 -0.15494570258102883     
 -0.17397117014437902     
 -0.19469154414720569     
 -0.21715384849506586     
 -0.24147065688163569     
 -0.26764279968988958     
 -0.29583208126356469     
 -0.32598699291596500     
 -0.35832477953029884     
 -0.39276178673052797     
 -0.42949743936219431     
 -0.46849265849214317     
 -0.50989866939861639     
 -0.55372797366101612     
 -0.60007736157829283     
 -0.64901676442127543     
 -0.70058238432028452     
 -0.75490767013627169     
 -0.81196189886162662     
 -0.87194919161523998     
 -0.93476519315628470     
  -2.1939666687462275E-002
  -2.2139352210925931E-002
  -2.2670058001959544E-002
  -2.3589260801803767E-002
  -2.4947680685734819E-002
  -2.6836472274748637E-002
  -2.9317397855589334E-002
  -3.2468905463970570E-002
  -3.6362537706921105E-002
  -4.1056963911887567E-002
  -4.6641415282629863E-002
  -5.3149563155536261E-002
  -6.0695721932124594E-002
  -6.9283092767467053E-002
  -7.9057819720117939E-002
  -9.0002047782026071E-002
 -0.10225469742194389     
 -0.11581962969707177     
 -0.13081035933097490     
 -0.14725882954669106     
 -0.16524697906373631     
 -0.18484105791102715     
 -0.20608558047489847     
 -0.22908712703956738     
 -0.25384653532902862     
 -0.28051705684097822     
 -0.30904969432404522     
 -0.33965045132610883     
 -0.37224012287682040     
 -0.40700737364668116     
 -0.44391508523149992     
 -0.48310689797089101     
 -0.52459421562148234     
 -0.56846884580236023     
 -0.61479680829925687     
 -0.66361311997779171     
 -0.71504348231329118     
 -0.76905886814501789     
 -0.82585273984870367     
 -0.88532620472591095     
  -2.1871353570008918E-002
  -2.2044977486282955E-002
  -2.2511615911459743E-002
  -2.3330351699738766E-002
  -2.4552166208555617E-002
  -2.6263597053617384E-002
  -2.8523367354761953E-002
  -3.1405180592844889E-002
  -3.4976077377956535E-002
  -3.9290967183651895E-002
  -4.4433060924478879E-002
  -5.0433849274455017E-002
  -5.7399752327714527E-002
  -6.5333791941029284E-002
  -7.4371945863337952E-002
  -8.4497661351664186E-002
  -9.5840097245788583E-002
 -0.10840290062633401     
 -0.12229152158908657     
 -0.13753572419967997     
 -0.15421170853753674     
 -0.17238094432717097     
 -0.19208486023878424     
 -0.21342247912578011     
 -0.23639467071517589     
 -0.26114375246505084     
 -0.28762428161854747     
 -0.31602762221491998     
 -0.34628005142758245     
 -0.37855707293828722     
 -0.41282415076798551     
 -0.44921470128588414     
 -0.48773933439360312     
 -0.52848340520793502     
 -0.57150841291869203     
 -0.61684620361492626     
 -0.66461445582942269     
 -0.71478555143940004     
 -0.76753955043322497     
 -0.82278442888525838     
  -2.1791672742760886E-002
  -2.1934306007958457E-002
  -2.2324752872392557E-002
  -2.3023981619287776E-002
  -2.4083292311761605E-002
  -2.5583718471096362E-002
  -2.7580365458831847E-002
  -3.0141278487140762E-002
  -3.3328147531514918E-002
  -3.7191412848140537E-002
  -4.1807115086566191E-002
  -4.7204166436669769E-002
  -5.3479552220636342E-002
  -6.0636146201423401E-002
  -6.8797778372524335E-002
  -7.7949428633682608E-002
  -8.8208704958170875E-002
  -9.9578885853220125E-002
 -0.11215601156899004     
 -0.12596708506893761     
 -0.14108150288219892     
 -0.15755514544163166     
 -0.17542576647506725     
 -0.19478334016624116     
 -0.21562861908700817     
 -0.23809114583791799     
 -0.26212956203309307     
 -0.28791799875800178     
 -0.31538924957036696     
 -0.34470283231411747     
 -0.37582755797919715     
 -0.40888460664307880     
 -0.44388361499797846     
 -0.48090232209719502     
 -0.51999637284394862     
 -0.56119509052683880     
 -0.60460494791157016     
 -0.65020170762838669     
 -0.69814835614937354     
 -0.74836136029764366     
  -2.1702588333934302E-002
  -2.1809703082688044E-002
  -2.2112805606570501E-002
  -2.2675018204828295E-002
  -2.3547990466350512E-002
  -2.4806429999936687E-002
  -2.6501304842001045E-002
  -2.8694148656434000E-002
  -3.1440530460731149E-002
  -3.4785748328254859E-002
  -3.8797614378523693E-002
  -4.3502080392509121E-002
  -4.8985328916931123E-002
  -5.5250058331782877E-002
  -6.2406171845910040E-002
  -7.0440390346591303E-002
  -7.9457071733029891E-002
  -8.9459095108049724E-002
 -0.10053165064917072     
 -0.11269868072328927     
 -0.12602165958518585     
 -0.14055016568237771     
 -0.15631751487057399     
 -0.17340360142698699     
 -0.19180894126561721     
 -0.21164841075056123     
 -0.23288530512649780     
 -0.25567380256355443     
 -0.27995434064113839     
 -0.30586856260385242     
 -0.33338835188233651     
 -0.36262132008727171     
 -0.39357596160074415     
 -0.42632095321552077     
 -0.46090571553653009     
 -0.49735595231714025     
 -0.53576662586745216     
 -0.57611526736573571     
 -0.61854741528743673     
 -0.66298801113983930     
  -2.1606566933566954E-002
  -2.1674178359098687E-002
  -2.1880106519445695E-002
  -2.2289861247473303E-002
  -2.2955456392737481E-002
  -2.3944549555117420E-002
  -2.5303499741417223E-002
  -2.7086589210774517E-002
  -2.9342554823262885E-002
  -3.2110987161999296E-002
  -3.5450535419395218E-002
  -3.9383839452727984E-002
  -4.3985074042791547E-002
  -4.9256722846229430E-002
  -5.5293171862322812E-002
  -6.2083127639449585E-002
  -6.9716117112516282E-002
  -7.8194677978853364E-002
  -8.7591902280639539E-002
  -9.7928220637697211E-002
 -0.10925633616562569     
 -0.12161882976789218     
 -0.13504423528512244     
 -0.14960098122390617     
 -0.16528941224975036     
 -0.18220805546053948     
 -0.20032526540530268     
 -0.21977344503728069     
 -0.24050124729116010     
 -0.26263002598899726     
 -0.28613581946439748     
 -0.31111072429859338     
 -0.33756189971825395     
 -0.36554810370011392     
 -0.39511198871934150     
 -0.42627519353803361     
 -0.45911898905827525     
 -0.49362438347645937     
 -0.52991561759056816     
 -0.56792885908806956     
  -2.1506328682736529E-002
  -2.1531074460209222E-002
  -2.1631535694189092E-002
  -2.1875791281082940E-002
  -2.2316220629959520E-002
  -2.3012819561347035E-002
  -2.4006916353406575E-002
  -2.5344920199202797E-002
  -2.7068149636928291E-002
  -2.9209990529500806E-002
  -3.1819137989424970E-002
  -3.4914622621560996E-002
  -3.8557570152589218E-002
  -4.2750243307538981E-002
  -4.7570192493724392E-002
  -5.3008220001682947E-002
  -5.9137864022389103E-002
  -6.5961151211521268E-002
  -7.3538021017698102E-002
  -8.1885246790414229E-002
  -9.1046017184498895E-002
 -0.10105512658348782     
 -0.11193589388375672     
 -0.12374444908027640     
 -0.13648097743709972     
 -0.15022611153648122     
 -0.16495386759342293     
 -0.18077269669067275     
 -0.19764041673078048     
 -0.21565646317816278     
 -0.23480100959620745     
 -0.25514943998797029     
 -0.27670763944922400     
 -0.29952373210868610     
 -0.32363219411905308     
 -0.34905107402211732     
 -0.37584680238407714     
 -0.40400355731000875     
 -0.43362315740575802     
 -0.46465318389698662     
  -2.1404788213836706E-002
  -2.1383884001625650E-002
  -2.1372018493264613E-002
  -2.1439940122605396E-002
  -2.1640415172462048E-002
  -2.2025243877528036E-002
  -2.2630378696192732E-002
  -2.3493826300943120E-002
  -2.4648993194631590E-002
  -2.6122629499671049E-002
  -2.7952847771113214E-002
  -3.0154806370591859E-002
  -3.2775729254811668E-002
  -3.5817631184740337E-002
  -3.9340123048192607E-002
  -4.3336239175397577E-002
  -4.7862399212790466E-002
  -5.2920181476692592E-002
  -5.8555498122019323E-002
  -6.4781169012744236E-002
  -7.1630226399951549E-002
  -7.9129237015072754E-002
  -8.7295982277571016E-002
  -9.6173319364468601E-002
 -0.10576135860371821     
 -0.11612175218489386     
 -0.12723442834913018     
 -0.13918233516225531     
 -0.15193304539669653     
 -0.16556249901767367     
 -0.18005554155598838     
 -0.19546970911307757     
 -0.21180925713405435     
 -0.22911095156722600     
 -0.24740117118035945     
 -0.26669345478126211     
 -0.28703861222309557     
 -0.30842433008257986     
 -0.33092847550838062     
 -0.35451069640023652     
  -2.1305002520939451E-002
  -2.1236433637009673E-002
  -2.1107246838120940E-002
  -2.0990933208420152E-002
  -2.0940618137110213E-002
  -2.0999516929270785E-002
  -2.1197958457117708E-002
  -2.1565146105128392E-002
  -2.2126199893705272E-002
  -2.2900949457029779E-002
  -2.3916395864612569E-002
  -2.5183693600519991E-002
  -2.6735484249516741E-002
  -2.8573550613189100E-002
  -3.0738705235727755E-002
  -3.3226381461271604E-002
  -3.6075053608810990E-002
  -3.9285828451325194E-002
  -4.2889960762576146E-002
  -4.6896115800227553E-002
  -5.1326694532148359E-002
  -5.6199715920466999E-002
  -6.1527124605491472E-002
  -6.7337968902525761E-002
  -7.3632164032678832E-002
  -8.0451526200908577E-002
  -8.7782280745621388E-002
  -9.5680580475687407E-002
 -0.10412433380171794     
 -0.11316486819793108     
 -0.12279176481604645     
 -0.13304395011817338     
 -0.14392418848054400     
 -0.15545725737484198     
 -0.16766080872523681     
 -0.18054405182263242     
 -0.19414109049660816     
 -0.20844367473607511     
 -0.22350420428756299     
 -0.23929533200950279     
  -2.1210441119479617E-002
  -2.1092841444424269E-002
  -2.0842920867974978E-002
  -2.0536935212016591E-002
  -2.0228337475979886E-002
  -1.9951457815233883E-002
  -1.9730821645683926E-002
  -1.9586549035953249E-002
  -1.9535203561887263E-002
  -1.9589477624072902E-002
  -1.9764922078376681E-002
  -2.0068550654460282E-002
  -2.0517987745608014E-002
  -2.1114773049348272E-002
  -2.1880327451205238E-002
  -2.2812551141119547E-002
  -2.3931449686555969E-002
  -2.5237645064034264E-002
  -2.6747244405074401E-002
  -2.8464666109746142E-002
  -3.0401363307040557E-002
  -3.2566480182308739E-002
  -3.4966021356599916E-002
  -3.7614762216477186E-002
  -4.0512473093616351E-002
  -4.3680455642810236E-002
  -4.7111387219373593E-002
  -5.0833920592662403E-002
  -5.4836475490615544E-002
  -5.9145171791105122E-002
  -6.3754394815246238E-002
  -6.8683878206921872E-002
  -7.3934789315203281E-002
  -7.9519601609976676E-002
  -8.5447158434511547E-002
  -9.1721814996679057E-002
  -9.8360880000038287E-002
 -0.10535984526439857     
 -0.11274526322710003     
 -0.12050304670371630     
  -2.1124014483107991E-002
  -2.0956802293108475E-002
  -2.0584676196477018E-002
  -2.0086618362027509E-002
  -1.9516350218590963E-002
  -1.8899180786760790E-002
  -1.8253709609445216E-002
  -1.7590848167171658E-002
  -1.6918474987793246E-002
  -1.6242029889515747E-002
  -1.5565452711036900E-002
  -1.4891560263415170E-002
  -1.4222740405954512E-002
  -1.3560270467065821E-002
  -1.2905937548659426E-002
  -1.2260125056900982E-002
  -1.1624113511149350E-002
  -1.0998009747538609E-002
  -1.0382608141050680E-002
  -9.7779817357061642E-003
  -9.1844879172907068E-003
  -8.6022934980482697E-003
  -8.0313523165249767E-003
  -7.4719823912577869E-003
  -6.9237840467953156E-003
  -6.3872763518375954E-003
  -5.8617161507697009E-003
  -5.3478169590822910E-003
  -4.8446730020825328E-003
  -4.3528077891715894E-003
  -3.8715568721030590E-003
  -3.4011427526347516E-003
  -2.9411417322310184E-003
  -2.4915072073821488E-003
  -2.0520463511976366E-003
  -1.6224623641305901E-003
  -1.2027954928939071E-003
  -7.9249485312093808E-004
  -3.9179735224130008E-004
   4.3711390001862412E-008
  -2.1049872626510674E-002
  -2.0833211616990727E-002
  -2.0339234039995987E-002
  -1.9649535962598764E-002
  -1.8818039949132517E-002
  -1.7860993861843942E-002
  -1.6791068747203829E-002
  -1.5609934291856625E-002
  -1.4316783356515502E-002
  -1.2909805253342722E-002
  -1.1381322196792132E-002
  -9.7299537613553047E-003
  -7.9428443419500075E-003
  -6.0210304508380007E-003
  -3.9466407757707406E-003
  -1.7225616733346069E-003
   6.6865861447062470E-004
   3.2274046928466777E-003
   5.9682166873742254E-003
   8.8953391659841938E-003
   1.2019518720919215E-002
   1.5349562302628392E-002
   1.8891567736116568E-002
   2.2659663439970397E-002
   2.6654421625701981E-002
   3.0896067236667685E-002
   3.5378800763394794E-002
   4.0129834451264224E-002
   4.5139379488272229E-002
   5.0432524527088428E-002
   5.6004990371516301E-002
   6.1876011641349767E-002
   6.8047632359351282E-002
   7.4532422474902271E-002
   8.1339615193800618E-002
   8.8474159859428220E-002
   9.5953279844974509E-002
  0.10377354568680683     
  0.11196105339429541     
  0.12050313346464919     
  -2.0990450765119552E-002
  -2.0725239050555136E-002
  -2.0111541610576662E-002
  -1.9233409493064145E-002
  -1.8144898612486103E-002
  -1.6853276244789037E-002
  -1.5365348025734202E-002
  -1.3673664747911790E-002
  -1.1768847402128232E-002
  -9.6419279806365076E-003
  -7.2737697594802905E-003
  -4.6588636660080847E-003
  -1.7693202447346872E-003
   1.3940528870708335E-003
   4.8685136350831359E-003
   8.6486956221591953E-003
   1.2770521218472018E-002
   1.7234855111010344E-002
   2.2071343565298308E-002
   2.7288483529988274E-002
   3.2907980307539421E-002
   3.8947459621929685E-002
   4.5418975764448317E-002
   5.2350938960606427E-002
   5.9744032728460073E-002
   6.7638979573853591E-002
   7.6023488025601549E-002
   8.4952276452742101E-002
   9.4405013059669168E-002
  0.10443208041608154     
  0.11502424401512369     
  0.12622009523296879     
  0.13802305361413172     
  0.15045816644620991     
  0.16354343833825560     
  0.17728860734022583     
  0.19172777245917666     
  0.20685357064722074     
  0.22271808598323392     
  0.23929541688513101     
  -2.0950034017093711E-002
  -2.0637976846200740E-002
  -1.9908679169383586E-002
  -1.8848413290236801E-002
  -1.7511268627124450E-002
  -1.5895760906981637E-002
  -1.4002969339862134E-002
  -1.1816586203303690E-002
  -9.3189037324571695E-003
  -6.4940119505154936E-003
  -3.3116563920629295E-003
   2.3768068320750184E-004
   4.1964708761075735E-003
   8.5641247877606269E-003
   1.3396701122719300E-002
   1.8686430514865324E-002
   2.4487135963775969E-002
   3.0800141523608049E-002
   3.7669764247011558E-002
   4.5108593638717401E-002
   5.3148945645995573E-002
   6.1817037474403660E-002
   7.1130695212542602E-002
   8.1132096068112877E-002
   9.1822105787947556E-002
  0.10326128831807727     
  0.11543104667307347     
  0.12841279604212222     
  0.14217600526469998     
  0.15679546716877901     
  0.17225731689769214     
  0.18861861042306796     
  0.20588448557868561     
  0.22409175326006847     
  0.24326717232781611     
  0.26342483367226949     
  0.28461531277739477     
  0.30682776242362580     
  0.33013927416612393     
  0.35451077812000842     
  -2.0930901403779727E-002
  -2.0574343840684538E-002
  -1.9735128391494342E-002
  -1.8501471539612183E-002
  -1.6927384806421846E-002
  -1.5002964970294033E-002
  -1.2723779773692948E-002
  -1.0065033596701882E-002
  -7.0010487313909167E-003
  -3.5092682191937897E-003
   4.5119710017515655E-004
   4.8936964380165366E-003
   9.8746431544558463E-003
   1.5393654545529699E-002
   2.1524763857308900E-002
   2.8257888800924585E-002
   3.5663977034878377E-002
   4.3744773594457519E-002
   5.2558622640874193E-002
   6.2122006333649935E-002
   7.2477422347707682E-002
   8.3659229641629390E-002
   9.5690791347657622E-002
  0.10862749608847107     
  0.12247028941340148     
  0.13729869821217730     
  0.15308817525812013     
  0.16994562465383445     
  0.18783061683319485     
  0.20684153030028579     
  0.22695982018681288     
  0.24826046260214638     
  0.27074978417035683     
  0.29447630262699098     
  0.31947490207679530     
  0.34576396202727622     
  0.37340977304775713     
  0.40239796675756950     
  0.43282959925301950     
  0.46465326129466455     
  -2.0936877606427925E-002
  -2.0538947349762457E-002
  -1.9597408438231996E-002
  -1.8202069705953172E-002
  -1.6406749278185702E-002
  -1.4193562918546485E-002
  -1.1552882784306332E-002
  -8.4519296558651161E-003
  -4.8575327935853870E-003
  -7.4089513201448928E-004
   3.9488507670986418E-003
   9.2286466967124239E-003
   1.5167986812038032E-002
   2.1766668484558084E-002
   2.9115596285572094E-002
   3.7202491463405943E-002
   4.6114370726773525E-002
   5.5853378848455322E-002
   6.6490968708255244E-002
   7.8047351789229807E-002
   9.0574429628346317E-002
  0.10411429082912101     
  0.11869538899508583     
  0.13438559709276071     
  0.15118587768530575     
  0.16919356839748945     
  0.18837843648465696     
  0.20887135363725537     
  0.23062273355110247     
  0.25375273774828078     
  0.27823868132725454     
  0.30417211520959631     
  0.33156089093561553     
  0.36046403112306213     
  0.39092429223882791     
  0.42296400221047042     
  0.45666430156972704     
  0.49200705444250381     
  0.52911615314662952     
  0.56792893101817166     
  -2.0970206934867012E-002
  -2.0534616071224775E-002
  -1.9499768870271193E-002
  -1.7956682338249097E-002
  -1.5958829382514386E-002
  -1.3480913499388472E-002
  -1.0508468225425859E-002
  -7.0013348398378352E-003
  -2.9194344861636478E-003
   1.7717854720007912E-003
   7.1323917536054073E-003
   1.3182627006395704E-002
   2.0004039432676129E-002
   2.7596573870980218E-002
   3.6066672514606775E-002
   4.5400043931941567E-002
   5.5698474856062039E-002
   6.6964450897348551E-002
   7.9281544030862502E-002
   9.2673298496558670E-002
  0.10720037421223484     
  0.12291189740762473     
  0.13984105956947951     
  0.15806701812823784     
  0.17759096860895904     
  0.19852656104844524     
  0.22083834902478744     
  0.24467908601966010     
  0.26999094624121944     
  0.29691403685488632     
  0.32542196662899570     
  0.35562146495736541     
  0.38752167574490071     
  0.42119145422587406     
  0.45668048108805681     
  0.49401501166280398     
  0.53328992893043048     
  0.57448355658967742     
  0.61774085393729916     
  0.66298807656366965     
  -2.1033761512827043E-002
  -2.0564859082293691E-002
  -1.9447291691254372E-002
  -1.7772830383356922E-002
  -1.5594438621245812E-002
  -1.2880072614039749E-002
  -9.6108634636376481E-003
  -5.7399939599265433E-003
  -1.2211525499265634E-003
   3.9853910899952461E-003
   9.9479824212751720E-003
   1.6689824184922465E-002
   2.4303306740965636E-002
   3.2788485101931039E-002
   4.2265783752843275E-002
   5.2719049974882845E-002
   6.4263412920798874E-002
   7.6901594781683902E-002
   9.0728006768883887E-002
  0.10576927337944912     
  0.12209385422319965     
  0.13975719460475830     
  0.15879674623017798     
  0.17930183530389585     
  0.20127370178570464     
  0.22484082786338666     
  0.24996284028734597     
  0.27681243448653392     
  0.30532405815222741     
  0.33565600092134318     
  0.36777803078048482     
  0.40181105060144001     
  0.43776530866311103     
  0.47571834248259220     
  0.51572607253322977     
  0.55781820832442053     
  0.60210153218196760     
  0.64855215758367513     
  0.69733310630382761     
  0.74836141825789859     
  -2.1129844662047974E-002
  -2.0632538297158456E-002
  -1.9444194106674351E-002
  -1.7656824853216943E-002
  -1.5322728436018736E-002
  -1.2403850736314455E-002
  -8.8774285002801399E-003
  -4.6907927246905966E-003
   2.0782638521955931E-004
   5.8626929944792005E-003
   1.2349377858798562E-002
   1.9693678658647160E-002
   2.7997422226568206E-002
   3.7260783254996779E-002
   4.7616364354996742E-002
   5.9046399545156780E-002
   7.1677590094254381E-002
   8.5512917295007235E-002
  0.10065622420290257     
  0.11713674324224682     
  0.13502985762172076     
  0.15439641923853853     
  0.17527756468823966     
  0.19777146118767749     
  0.22187947088478022     
  0.24774279061265550     
  0.27531708563403123     
  0.30479210205779089     
  0.33609559581181075     
  0.36940180790119587     
  0.40467738118901647     
  0.44205496911178060     
  0.48154584029307390     
  0.52323538203517184     
  0.56718503793986041     
  0.61342714390239617     
  0.66207926238375492     
  0.71311514770215312     
  0.76671396357449983     
  0.82278447853517811     
  -2.1259954150829992E-002
  -2.0739572227165590E-002
  -1.9493392891882420E-002
  -1.7613141655625844E-002
  -1.5150260507485825E-002
  -1.2061514602519131E-002
  -8.3207880031946728E-003
  -3.8704371038061494E-003
   1.3459255866271548E-003
   7.3763944672925481E-003
   1.4302635981062350E-002
   2.2152609836392716E-002
   3.1036123795292296E-002
   4.0953410343908966E-002
   5.2047339197140302E-002
   6.4298765874579139E-002
   7.7844095445680578E-002
   9.2686573708956277E-002
  0.10893791631095760     
  0.12662957978959510     
  0.14584262717076438     
  0.16664258404187338     
  0.18907350288638028     
  0.21324127949535790     
  0.23914703682541055     
  0.26694280684895511     
  0.29658088021797807     
  0.32826522148034748     
  0.36191816729653453     
  0.39772703756143712     
  0.43565595580897087     
  0.47584750288880950     
  0.51831377672539802     
  0.56314678797151707     
  0.61041229554202858     
  0.66014550148460760     
  0.71247235259480912     
  0.76736460277759311     
  0.82501531978147602     
  0.88532624534718407     
  -2.1426519586852343E-002
  -2.0888938752821148E-002
  -1.9599199897146917E-002
  -1.7648141938192505E-002
  -1.5086161895488018E-002
  -1.1865754941293988E-002
  -7.9580508952765555E-003
  -3.3014057293059098E-003
   2.1642615274103274E-003
   8.4900918516170563E-003
   1.5762611605673126E-002
   2.4011481813920932E-002
   3.3352841970954270E-002
   4.3786975240060116E-002
   5.5464848673707288E-002
   6.8366215821185530E-002
   8.2635218701795812E-002
   9.8275166649325341E-002
  0.11540415123651124     
  0.13405527370287509     
  0.15431409140385927     
  0.17624974577853592     
  0.19990884590034108     
  0.22540296757250078     
  0.25273327421220693     
  0.28206041521615799     
  0.31333349181800796     
  0.34676840543051701     
  0.38228263810866814     
  0.42007414270470261     
  0.46010482525511293     
  0.50252513166528412     
  0.54734825634208795     
  0.59467043299805389     
  0.64456174279647449     
  0.69705876399810007     
  0.75229504115800927     
  0.81024033415148156     
  0.87109818912530790     
  0.93476522414859520     
  -2.1629384876812058E-002
  -2.1080599562713152E-002
  -1.9761850597819666E-002
  -1.7762470029808172E-002
  -1.5131625777500967E-002
  -1.1818473091545552E-002
  -7.7919966220672977E-003
  -2.9875514645618319E-003
   2.6577023560243628E-003
   9.1971617218053192E-003
   1.6720933157199906E-002
   2.5259921221433897E-002
   3.4934935717353781E-002
   4.5746227425513902E-002
   5.7850801684410369E-002
   7.1227474782894956E-002
   8.6026105132641542E-002
  0.10225005206329779     
  0.12002193876075412     
  0.13937617116233397     
  0.16040152103256311     
  0.18316980269731897     
  0.20772930863363248     
  0.23419598919978685     
  0.26257093600377485     
  0.29302072713869531     
  0.32549264625138025     
  0.36021095237020495     
  0.39708953316288337     
  0.43633408320201017     
  0.47790496353327838     
  0.52195867094801329     
  0.56850812926637528     
  0.61765376969300312     
  0.66946795688085214     
  0.72398938527551182     
  0.78135559472575278     
  0.84153583036323876     
  0.90474122635699894     
  0.97086400342147228     
  -2.1871096549103252E-002
  -2.1317653008087335E-002
  -1.9985774412201729E-002
  -1.7962593626341734E-002
  -1.5295852425036680E-002
  -1.1932376121543796E-002
  -7.8396831771350341E-003
  -2.9512115942414568E-003
   2.7976133284785426E-003
   9.4615852517583900E-003
   1.7133004927717025E-002
   2.5843529721434083E-002
   3.5716784540452927E-002
   4.6753013038244619E-002
   5.9112812646379402E-002
   7.2774466809419000E-002
   8.7891211598698851E-002
  0.10446641496073440     
  0.12262548757427177     
  0.14240342621236970     
  0.16389105275114241     
  0.18716164992459244     
  0.21226455213845638     
  0.23931816172583470     
  0.26832363451560404     
  0.29945108009955307     
  0.33264654849616537     
  0.36813895555410475     
  0.40584071296855950     
  0.44596172290217706     
  0.48846127367636721     
  0.53349921118158883     
  0.58108863893746476     
  0.63133242339638906     
  0.68430434325529965     
  0.74004348787931340     
  0.79869083764634818     
  0.86021463408677867     
  0.92483087887034621     
  0.99242936616051425     
  -2.2149691950723128E-002
  -2.1597926115687376E-002
  -2.0268254419606165E-002
  -1.8244920507822285E-002
  -1.5574057674335635E-002
  -1.2201154636217263E-002
  -8.0929061556579609E-003
  -3.1818752080264075E-003
   2.5972526820128754E-003
   9.2998467760376045E-003
   1.7019062069207180E-002
   2.5786832469229113E-002
   3.5727852647858618E-002
   4.6842312094693687E-002
   5.9292133651044604E-002
   7.3055344830803864E-002
   8.8286440802825272E-002
  0.10498872685825864     
  0.12328851992188780     
  0.14322110318114020     
  0.16487787809682880     
  0.18833265780007394     
  0.21363510262401936     
  0.24090443578501097     
  0.27014156142536527     
  0.30151808629682925     
  0.33497936188263949     
  0.37075597167301122     
  0.40875951965303409     
  0.44920146656968762     
  0.49204059927752841     
  0.53743794697958447     
  0.58540686215393345     
  0.63605048959132759     
  0.68944310812404952     
  0.74562377224020937     
  0.80473507779760478     
  0.86674450493305266     
  0.93186982584420486     
  0.99999999999999623     
  -2.2467747936573294E-002
  -2.1924569589745049E-002
  -2.0613755105324007E-002
  -1.8615908322128047E-002
  -1.5975358281162904E-002
  -1.2637334366381342E-002
  -8.5684128530849300E-003
  -3.7014104192403790E-003
   2.0286594718800957E-003
   8.6768450426059629E-003
   1.6335709179733041E-002
   2.5036950155619717E-002
   3.4904431394946700E-002
   4.5938226842758584E-002
   5.8299216991688461E-002
   7.1965419370336722E-002
   8.7090256444279673E-002
  0.10367688748729841     
  0.12185069406665938     
  0.14164661331357409     
  0.16315528891340583     
  0.18644992782843492     
  0.21157970084187766     
  0.23866290491993084     
  0.26770033652902159     
  0.29886205764725371     
  0.33209384122654206     
  0.36762456599767501     
  0.40536602142797340     
  0.44552823255063911     
  0.48806996668946034     
  0.53315114194192836     
  0.58078440771618189     
  0.63107232058560614     
  0.68408849226649060     
  0.73987167981004021     
  0.79856279544430464     
  0.86012999323195549     
  0.92478899884023935     
  0.99242934509108394     
  -2.2821956644459452E-002
  -2.2293810636709190E-002
  -2.1017325177727260E-002
  -1.9068729616455143E-002
  -1.6490382404590682E-002
  -1.3228259199366819E-002
  -9.2494741606573942E-003
  -4.4881411856153956E-003
   1.1194118078081067E-003
   7.6270814449411594E-003
   1.5125516760693358E-002
   2.3645687285819887E-002
   3.3308861283648794E-002
   4.4115018164198092E-002
   5.6221676954141375E-002
   6.9607169846398184E-002
   8.4421667080196244E-002
  0.10066814003053144     
  0.11846930312634747     
  0.13785915671002957     
  0.15892639255943314     
  0.18174247130870030     
  0.20635549199475400     
  0.23288109387101283     
  0.26131987033115811     
  0.29183817265924228     
  0.32438275310796882     
  0.35917736494192781     
  0.39613567420495949     
  0.43546280657768272     
  0.47711848111275212     
  0.52125873475971585     
  0.56789609060206891     
  0.61713038654105268     
  0.66903379530294838     
  0.72364371332756783     
  0.78109818928987418     
  0.84136530038223234     
  0.90465685017912723     
  0.97086396158173860     
  -2.3213455513816338E-002
  -2.2707130838619125E-002
  -2.1481151086331154E-002
  -1.9606566508068305E-002
  -1.7123624045834149E-002
  -1.3980092623068412E-002
  -1.0144310500434330E-002
  -5.5527794732119114E-003
  -1.4416410282588698E-004
   6.1334208020817436E-003
   1.3367332875028021E-002
   2.1587302263272205E-002
   3.0910220683587276E-002
   4.1335903522909195E-002
   5.3016162636670465E-002
   6.5929960653507647E-002
   8.0221979428865942E-002
   9.5894939859055950E-002
  0.11306700669788780     
  0.13177085659787047     
  0.15209182447258601     
  0.17409860094096102     
  0.19783739093941205     
  0.22341946006103464     
  0.25084529512022180     
  0.28027491573081886     
  0.31165692675747220     
  0.34520664513070132     
  0.38084052732832069     
  0.41875621445752287     
  0.45891458240445188     
  0.50146567697662647     
  0.54642125332704250     
  0.59387752795890802     
  0.64390328550169196     
  0.69653493280097012     
  0.75190476465608114     
  0.80998238044130932     
  0.87097064459743090     
  0.93476516216396688     
  -2.3639004439483802E-002
  -2.3160854956202442E-002
  -2.2000359466629989E-002
  -2.0222612944396718E-002
  -1.7865640868655889E-002
  -1.4879995334761229E-002
  -1.1235863621523571E-002
  -6.8731362235926255E-003
  -1.7337569305549947E-003
   4.2313626702070416E-003
   1.1105014977153244E-002
   1.8915248109995494E-002
   2.7772895105038536E-002
   3.7677589205845068E-002
   4.8773297455606046E-002
   6.1039881078762979E-002
   7.4614476066624733E-002
   8.9499480534376438E-002
  0.10580692124347374     
  0.12356754257694960     
  0.14286219420196478     
  0.16375581883706666     
  0.18629207138631557     
  0.21057629036007025     
  0.23660866247371404     
  0.26454083515561577     
  0.29432362423751302     
  0.32616128039086678     
  0.35997421041845162     
  0.39594942604825201     
  0.43404957056413612     
  0.47441664686400409     
  0.51706148309449862     
  0.56207493100430517     
  0.60952195356982919     
  0.65943648906023422     
  0.71194435659063704     
  0.76701554477655509     
  0.82484245199596207     
  0.88532616410463127     
  -2.4097863759372735E-002
  -2.3654302344800468E-002
  -2.2574166275266982E-002
  -2.0915796625613457E-002
  -1.8714932258143038E-002
  -1.5925887354199725E-002
  -1.2521332046827960E-002
  -8.4455260643495518E-003
  -3.6446143872106776E-003
   1.9269260221849729E-003
   8.3460711707666162E-003
   1.5638749143289374E-002
   2.3908086286279294E-002
   3.3153524930246578E-002
   4.3509062451361193E-002
   5.4955717406041764E-002
   6.7621117709593476E-002
   8.1507285334625632E-002
   9.6718413646606882E-002
  0.11328291554092701     
  0.13127590809067624     
  0.15075769509913700     
  0.17176862453890496     
  0.19440665083272968     
  0.21867171559516319     
  0.24470478376461724     
  0.27245985614790219     
  0.30212643907435832     
  0.33363059383536114     
  0.36714581183199779     
  0.40263701741466013     
  0.44023605070264066     
  0.47995270612044799     
  0.52187099182691488     
  0.56605096476209515     
  0.61252389477793745     
  0.66140600344798761     
  0.71266965057580389     
  0.76649325436244764     
  0.82278437923533221     
  -2.4586807461773410E-002
  -2.4183908602756564E-002
  -2.3197828452850251E-002
  -2.1679399542196984E-002
  -1.9662097567315070E-002
  -1.7104908538122299E-002
  -1.3983558411330596E-002
  -1.0247566081831257E-002
  -5.8481139933102772E-003
  -7.4394537736633694E-004
   5.1349769997921487E-003
   1.1812054912200283E-002
   1.9381217901387835E-002
   2.7841721694037213E-002
   3.7315659638451022E-002
   4.7785472464801124E-002
   5.9367438686081277E-002
   7.2063172394995614E-002
   8.5967498000644793E-002
  0.10110619645597629     
  0.11754751217996051     
  0.13534625899733793     
  0.15453893515259778     
  0.17521468606401014     
  0.19737318354873115     
  0.22114266745441061     
  0.24648093662470316     
  0.27356055198334883     
  0.30231349636778682     
  0.33289782319782873     
  0.36528099659493651     
  0.39958279059026164     
  0.43581169124896563     
  0.47404366328223291     
  0.51433316093415826     
  0.55670804415297215     
  0.60127358293990019     
  0.64800413790675537     
  0.69706148644797727     
  0.74836130233738296     
  -2.5103352394684905E-002
  -2.4747073676979883E-002
  -2.3867926362791274E-002
  -2.2508533904003387E-002
  -2.0700249305569275E-002
  -1.8407578239556376E-002
  -1.5609837744451276E-002
  -1.2262631335059905E-002
  -8.3229451048618674E-003
  -3.7544322863463878E-003
   1.5049668792617044E-003
   7.4757589395201794E-003
   1.4241311758869576E-002
   2.1800677721362911E-002
   3.0262276292837974E-002
   3.9610228788881090E-002
   4.9947763603810598E-002
   6.1276065066630109E-002
   7.3679230722620628E-002
   8.7179959539332580E-002
  0.10183872610786154     
  0.11770399582693135     
  0.13480807987620391     
  0.15322977796860096     
  0.17296866063145111     
  0.19413837071824500     
  0.21670121982357718     
  0.24080992736744083     
  0.26640409337514320     
  0.29362330669631076     
  0.32243874959611740     
  0.35295587360179093     
  0.38518181792974404     
  0.41918355091318127     
  0.45500882503668932     
  0.49268163450415603     
  0.53229453816203365     
  0.57382463465275324     
  0.61741387240625722     
  0.66298794571600406     
  -2.5644111748539464E-002
  -2.5340282217732941E-002
  -2.4579757813582473E-002
  -2.3396473132995269E-002
  -2.1819892351023978E-002
  -1.9820835932807652E-002
  -1.7382687158899318E-002
  -1.4467855533130167E-002
  -1.1039816485314683E-002
  -7.0676935096164253E-003
  -2.4983269000632977E-003
   2.6855730584345425E-003
   8.5556123670103585E-003
   1.5110605924889619E-002
   2.2443766344777454E-002
   3.0541086142267075E-002
   3.9491267032212299E-002
   4.9295042990681950E-002
   6.0024577502688220E-002
   7.1699161943370976E-002
   8.4370607180985602E-002
   9.8080396221015734E-002
  0.11285605104377329     
  0.12876514084325608     
  0.14580702967682585     
  0.16407916113486229     
  0.18354880619582511     
  0.20434702145306841     
  0.22642133821149610     
  0.24989150623806386     
  0.27473234866092144     
  0.30103403932727801     
  0.32880207467191785     
  0.35809313815777688     
  0.38894769515346228     
  0.42138533366585890     
  0.45548510339102055     
  0.49122593903765932     
  0.52872862267610898     
  0.56792878715796347     
  -2.6205050543671247E-002
  -2.5959474413725939E-002
  -2.5327850579030465E-002
  -2.4335331447241412E-002
  -2.3009889195766967E-002
  -2.1329369390993724E-002
  -1.9281612682674348E-002
  -1.6836451682760212E-002
  -1.3964423442150004E-002
  -1.0640599559092110E-002
  -6.8215034950557850E-003
  -2.4933261845764510E-003
   2.4027369316491584E-003
   7.8652816302327982E-003
   1.3970969331115702E-002
   2.0707854589797792E-002
   2.8148834752517456E-002
   3.6294178619095611E-002
   4.5203134435624778E-002
   5.4891274460879810E-002
   6.5401048631482439E-002
   7.6766321814126945E-002
   8.9009484255182209E-002
  0.10218592493717965     
  0.11629481675349829     
  0.13141603106967109     
  0.14752237143371696     
  0.16472131453370631     
  0.18296942021590151     
  0.20236454892517308     
  0.22288570409098860     
  0.24460645565243461     
  0.26753068133786118     
  0.29170442501777288     
  0.31715967850644883     
  0.34391207172504573     
  0.37202468916619402     
  0.40147932055430502     
  0.43237352885438707     
  0.46465310649930580     
  -2.6782154469524644E-002
  -2.6601115032598766E-002
  -2.6107408468519423E-002
  -2.5318125049186371E-002
  -2.4260310385879724E-002
  -2.2919450796232872E-002
  -2.1288183413708452E-002
  -1.9344269823331293E-002
  -1.7065788138526123E-002
  -1.4434154920296134E-002
  -1.1416213801929989E-002
  -8.0018740963686934E-003
  -4.1459860526901126E-003
   1.4982573499281490E-004
   4.9445594358792679E-003
   1.0228491493621780E-002
   1.6057663075382742E-002
   2.2431875837126497E-002
   2.9396590002534161E-002
   3.6963454837571345E-002
   4.5164895780820197E-002
   5.4026748103567959E-002
   6.3565949510766828E-002
   7.3824903756539897E-002
   8.4802584897778699E-002
   9.6560321579548622E-002
  0.10907672620972354     
  0.12243418928219651     
  0.13659898056325720     
  0.15164613756061252     
  0.16755882956203494     
  0.18439316538015985     
  0.20215157242965251     
  0.22086867174723360     
  0.24056818724689044     
  0.26126074551151779     
  0.28299330243462828     
  0.30575031659545243     
  0.32960378985465699     
  0.35451061468046197     
  -2.7369907878592462E-002
  -2.7260341441654349E-002
  -2.6911684772241182E-002
  -2.6335076139840510E-002
  -2.5557348947653859E-002
  -2.4572116593037010E-002
  -2.3377045367417380E-002
  -2.1958201957537473E-002
  -2.0301540781469906E-002
  -1.8395119251899170E-002
  -1.6216584861959555E-002
  -1.3759719044923079E-002
  -1.0993669053201078E-002
  -7.9202730245029676E-003
  -4.4990184757917094E-003
  -7.3728764454788771E-004
   3.4033296694155300E-003
   7.9221567918807707E-003
   1.2850224642411895E-002
   1.8195103598873445E-002
   2.3978787622058181E-002
   3.0218680069571149E-002
   3.6926035753312964E-002
   4.4129708715547639E-002
   5.1828604430900607E-002
   6.0064501842952193E-002
   6.8822321833755917E-002
   7.8158313132496368E-002
   8.8048940548565088E-002
   9.8545203619996108E-002
  0.10963521756350585     
  0.12135687910092099     
  0.13371130347079724     
  0.14672142920988673     
  0.16040261334262099     
  0.17476101224151022     
  0.18982687490359443     
  0.20558728289804357     
  0.22208779488173319     
  0.23929524713387298     
  -2.7962357836772894E-002
  -2.7933599424402097E-002
  -2.7735567231075509E-002
  -2.7378590698601130E-002
  -2.6890142001893397E-002
  -2.6272309765119954E-002
  -2.5527949820182725E-002
  -2.4651669480332605E-002
  -2.3637558942290592E-002
  -2.2480502758867552E-002
  -2.1169287123321348E-002
  -1.9701680450902370E-002
  -1.8061579734575475E-002
  -1.6251026545568405E-002
  -1.4248573359803989E-002
  -1.2059177232368015E-002
  -9.6626010859225536E-003
  -7.0600066623563995E-003
  -4.2352436674969332E-003
  -1.1849168011589142E-003
   2.1022009789524437E-003
   5.6348371246740777E-003
   9.4184463370668506E-003
   1.3467881976751393E-002
   1.7782005218338431E-002
   2.2382549424421003E-002
   2.7260967218240780E-002
   3.2446622291142840E-002
   3.7926459205795175E-002
   4.3727046337338947E-002
   4.9841503300582582E-002
   5.6289334422692947E-002
   6.3070524014726889E-002
   7.0196567094426301E-002
   7.7674680120279671E-002
   8.5507111036142086E-002
   9.3708153183718348E-002
  0.10226891124072286     
  0.11120866564671943     
  0.12050295994278258     
  -2.8551451663579665E-002
  -2.8616083729166825E-002
  -2.8571922998206472E-002
  -2.8438306673839557E-002
  -2.8244088489681407E-002
  -2.8000001315135636E-002
  -2.7714147144472057E-002
  -2.7389788926682951E-002
  -2.7029246660694166E-002
  -2.6634319243800639E-002
  -2.6205098522466247E-002
  -2.5743382898587019E-002
  -2.5248032211252602E-002
  -2.4721278396151760E-002
  -2.4161038807172644E-002
  -2.3569774693873936E-002
  -2.2945711064211997E-002
  -2.2290468136921308E-002
  -2.1603008112347243E-002
  -2.0884155994303905E-002
  -2.0133598470416115E-002
  -1.9351396945190627E-002
  -1.8537991275295169E-002
  -1.7692681176036923E-002
  -1.6816655212513316E-002
  -1.5908476811242713E-002
  -1.4970079486757625E-002
  -1.3999306835668444E-002
  -1.2998470813828645E-002
  -1.1965822677550144E-002
  -1.0902958439588526E-002
  -9.8089194620820316E-003
  -8.6846215351891656E-003
  -7.5299284794652123E-003
  -6.3451835399754688E-003
  -5.1311756107424271E-003
  -3.8878942710380681E-003
  -2.6174291724150710E-003
  -1.3204269579658568E-003
  -1.3113417000558692E-007
