 -0.16951021449398535     
 -0.16849644982066236     
 -0.16634396975281590     
 -0.16371299244331766     
 -0.16106483309160963     
 -0.15869513778274502     
 -0.15681320001600837     
 -0.15558975769536942     
 -0.15516411240820038     
 -0.15564205000700176     
 -0.15715310773040458     
 -0.15975373748997304     
 -0.16359021985193761     
 -0.16867233434843179     
 -0.17517799026716227     
 -0.18308629536402496     
 -0.19256266253201690     
 -0.20360945882314230     
 -0.21635927049068573     
 -0.23084636810193312     
 -0.24716433929599760     
 -0.26538735073021102     
 -0.28556364742109164     
 -0.30781449157754809     
 -0.33213629049867754     
 -0.35870451353312960     
 -0.38745723150276384     
 -0.41863126094070657     
 -0.45212930783987643     
 -0.48816748197345167     
 -0.52669816537180114     
 -0.56788457735308806     
 -0.61173568497894848     
 -0.65835438384375289     
 -0.70781338002882943     
 -0.76014873790125204     
 -0.81550317776808789     
 -0.87383958068832657     
 -0.93537771759075472     
  -1.0000000000000000     
 -0.16954796681165099     
 -0.16853149238107765     
 -0.16637212367697821     
 -0.16372997872183609     
 -0.16106622406728624     
 -0.15867578989678138     
 -0.15676758220132897     
 -0.15551174271426205     
 -0.15504704078670356     
 -0.15547875034005335     
 -0.15693577619642154     
 -0.15947429015794892     
 -0.16323960739178553     
 -0.16824159146388640     
 -0.17465684876286536     
 -0.18246468408946620     
 -0.19182938342552364     
 -0.20275325181769513     
 -0.21536791833484181     
 -0.22970744892392153     
 -0.24586475448767836     
 -0.26391343919790222     
 -0.28390126334822668     
 -0.30594870911893080     
 -0.33005215740848315     
 -0.35638585870017681     
 -0.38488816681748333     
 -0.41579418291446468     
 -0.44900737724094436     
 -0.48474209939705815     
 -0.52295124466502629     
 -0.56379657872132682     
 -0.60728718017059458     
 -0.65352496500811696     
 -0.70258222216702382     
 -0.75449454211823874     
 -0.80940383595286991     
 -0.86727312469453655     
 -0.92832051069421540     
 -0.99242935562580292     
 -0.16965622832213711     
 -0.16863202051489351     
 -0.16645305898404852     
 -0.16377912680545459     
 -0.16107093186219038     
 -0.15862147373607713     
 -0.15663845858166087     
 -0.15529035097060370     
 -0.15471436909003256     
 -0.15501448305026264     
 -0.15631758407557308     
 -0.15867912383157540     
 -0.16224179695051069     
 -0.16701540204580964     
 -0.17317315238546346     
 -0.18069479324185417     
 -0.18974137431142157     
 -0.20031503166150932     
 -0.21254478386166978     
 -0.22646393139033025     
 -0.24216346091121899     
 -0.25971541790116476     
 -0.27916647872950540     
 -0.30063451098464233     
 -0.32411603988659438     
 -0.34978143753377827     
 -0.37757046834248525     
 -0.40771307024907283     
 -0.44011452155127229     
 -0.47498496335997381     
 -0.51227796011536963     
 -0.55215172850147187     
 -0.59461510604558721     
 -0.63976802225242313     
 -0.68768067905331620     
 -0.73838864821871386     
 -0.79202989649582434     
 -0.84856834033743345     
 -0.90821794429120217     
 -0.97086398250160921     
 -0.16983988393163274     
 -0.16880276464177074     
 -0.16659111620940123     
 -0.16386407942310266     
 -0.16108157726794087     
 -0.15853338826366797     
 -0.15642522641960541     
 -0.15492273769676582     
 -0.15416049225312750     
 -0.15424038598767625     
 -0.15528580759552166     
 -0.15735116763705448     
 -0.16057454828117673     
 -0.16496588288479377     
 -0.17069248459904882     
 -0.17773502598526178     
 -0.18624891236772725     
 -0.19623635174070442     
 -0.20782173162440676     
 -0.22103718741655090     
 -0.23597035352044674     
 -0.25269064294036570     
 -0.27124303317215065     
 -0.29174117796017884     
 -0.31418132606223287     
 -0.33872798855732311     
 -0.36532278419182573     
 -0.39418728726534225     
 -0.42523005025445737     
 -0.45865345842310523     
 -0.49441269301290697     
 -0.53266004484252738     
 -0.57340409397922409     
 -0.61674063571518567     
 -0.66273785617129344     
 -0.71142909564305268     
 -0.76294776447495172     
 -0.81725886802693826     
 -0.87456791389483524     
 -0.93476519315628470     
 -0.17009627333638122     
 -0.16904152106033932     
 -0.16678529488259827     
 -0.16398578260953744     
 -0.16110170462104320     
 -0.15841845764905690     
 -0.15613912467647881     
 -0.15442527774301176     
 -0.15340801564247505     
 -0.15318636454771195     
 -0.15387893581110762     
 -0.15553863610439378     
 -0.15829730370545400     
 -0.16216500973776468     
 -0.16730104660715633     
 -0.17368733203599790     
 -0.18147157909885439     
 -0.19065597757364633     
 -0.20135867147262909     
 -0.21361013445852250     
 -0.22749353374773085     
 -0.24307463521269762     
 -0.26039604869483396     
 -0.27956552813064556     
 -0.30057946176772687     
 -0.32359355224626857     
 -0.34855244340465763     
 -0.37566626084245536     
 -0.40484792138504971     
 -0.43628943885938248     
 -0.46994781239697364     
 -0.50596751112572935     
 -0.54435648130638226     
 -0.58520536026215109     
 -0.62857862572908019     
 -0.67450767475219930     
 -0.72311914398387489     
 -0.77437940090190294     
 -0.82848338880890648     
 -0.88532620472591095     
 -0.17042924787592495     
 -0.16935231830896008     
 -0.16704004921406151     
 -0.16414921115142356     
 -0.16113699707738272     
 -0.15828326255955577     
 -0.15578753701924672     
 -0.15380660207790997     
 -0.15246694798195440     
 -0.15186389517881238     
 -0.15211018818434180     
 -0.15325669712899345     
 -0.15542744163847913     
 -0.15863267453624605     
 -0.16302144718138181     
 -0.16857730296587051     
 -0.17543831351320605     
 -0.18360647463079519     
 -0.19319223379231218     
 -0.20422388017793891     
 -0.21677890443811829     
 -0.23091844522473653     
 -0.24668227429795911     
 -0.26417059134817333     
 -0.28337965963207012     
 -0.30445463590864918     
 -0.32734361645602389     
 -0.35224229467485335     
 -0.37906915449724343     
 -0.40800270621269219     
 -0.43900301101181349     
 -0.47220416711681734     
 -0.50761321150401528     
 -0.54531474524613288     
 -0.58536812066551469     
 -0.62780258816301326     
 -0.67273590805333516     
 -0.72013649585300732     
 -0.77018510452544398     
 -0.82278442888525838     
 -0.17083853018584930     
 -0.16973542012990472     
 -0.16735690562724548     
 -0.16435791128453908     
 -0.16119379061811190     
 -0.15813766486628275     
 -0.15538495036899005     
 -0.15308650825850323     
 -0.15136347801942823     
 -0.15030677556732649     
 -0.15002203982733969     
 -0.15055786249512526     
 -0.15202891829537304     
 -0.15444559952571002     
 -0.15794495222086960     
 -0.16251226541660410     
 -0.16827421298430797     
 -0.17523276507029709     
 -0.18348885280083355     
 -0.19306837355317391     
 -0.20404207160528323     
 -0.21646570827083467     
 -0.23037527900841540     
 -0.24586224240856391     
 -0.26292303931907374     
 -0.28168993305700707     
 -0.30211493447604248     
 -0.32437685773407754     
 -0.34840075318742086     
 -0.37434931827234441     
 -0.40218567855332771     
 -0.43203222146126424     
 -0.46389480754814838     
 -0.49785030747947517     
 -0.53395247546944657     
 -0.57222781350671537     
 -0.61278343419389536     
 -0.65558979533128126     
 -0.70081218022947955     
 -0.74836136029764366     
 -0.17132676106258568     
 -0.17019396631274519     
 -0.16774011667408167     
 -0.16461788109425690     
 -0.16128026119773817     
 -0.15799269370316416     
 -0.15494582554625333     
 -0.15228366997319442     
 -0.15012122201408690     
 -0.14854437105960380     
 -0.14765061832925802     
 -0.14748588351829828     
 -0.14815419599754187     
 -0.14966605657939963     
 -0.15214472820854369     
 -0.15557764672952271     
 -0.16007829284090588     
 -0.16564855549150734     
 -0.17237867095360307     
 -0.18029164210390397     
 -0.18945052852064742     
 -0.19990484186277468     
 -0.21168653755442424     
 -0.22487680156616155     
 -0.23947202028763681     
 -0.25559017599136180     
 -0.27318781508246986     
 -0.29242389205665442     
 -0.31323131036384239     
 -0.33575456591378983     
 -0.35996062881489171     
 -0.38595769023841503     
 -0.41375079939946635     
 -0.44340784886746837     
 -0.47497653844167809     
 -0.50847984344127239     
 -0.54401249950301178     
 -0.58154822229758873     
 -0.62123329763426538     
 -0.66298801113983930     
 -0.17189597164615433     
 -0.17073061343391110     
 -0.16819377331792010     
 -0.16493539120357298     
 -0.16140573230613850     
 -0.15786144800061785     
 -0.15448793183600693     
 -0.15142152887603585     
 -0.14877033544172205     
 -0.14661470754891767     
 -0.14504299990353225     
 -0.14409824569562088     
 -0.14387260274728020     
 -0.14437671041241396     
 -0.14571841440138139     
 -0.14788766048773277     
 -0.15098314323290515     
 -0.15500674691654065     
 -0.16003687478569356     
 -0.16609320532915386     
 -0.17323016831170929     
 -0.18149059246443672     
 -0.19090165081095381     
 -0.20153337296989451     
 -0.21338212487793592     
 -0.22654947337190845     
 -0.24099737499238866     
 -0.25686290737246931     
 -0.27408744880165870     
 -0.29279540607860932     
 -0.31295764206384097     
 -0.33466717919465083     
 -0.35792775785436026     
 -0.38279726865370589     
 -0.40931659270737486     
 -0.43750486301353980     
 -0.46744341988485827     
 -0.49910906711417691     
 -0.53262737382768599     
 -0.56792885908806956     
 -0.17254730207374050     
 -0.17134719670019288     
 -0.16872136006884941     
 -0.16531655815492532     
 -0.16157965742815034     
 -0.15775782548598954     
 -0.15403055255624198     
 -0.15052590509715180     
 -0.14734446046556354     
 -0.14456047546944473     
 -0.14225250073071299     
 -0.14046034511158437     
 -0.13926321772976213     
 -0.13867211158279497     
 -0.13877803538529987     
 -0.13957360485709050     
 -0.14114158575767469     
 -0.14348379563897312     
 -0.14666564458806786     
 -0.15070345449581030     
 -0.15564240844086757     
 -0.16151770230652102     
 -0.16835156386929961     
 -0.17620184907491332     
 -0.18506488654491882     
 -0.19502457658589423     
 -0.20604877012419015     
 -0.21825060093755172     
 -0.23158069698464101     
 -0.24614175955452933     
 -0.26190868211756674     
 -0.27895816931377349     
 -0.29729226491678690     
 -0.31695883368138666     
 -0.33799020904133631     
 -0.36040241356508407     
 -0.38426147789584353     
 -0.40954777782810392     
 -0.43636435735889523     
 -0.46465318389698662     
 -0.17328525629659650     
 -0.17204879328119527     
 -0.16932968156744438     
 -0.16577057741991671     
 -0.16181460557150129     
 -0.15769855170410221     
 -0.15359556272824262     
 -0.14962477800601384     
 -0.14587876440593400     
 -0.14242531255298241     
 -0.13933248443774962     
 -0.13663666091639237     
 -0.13440323423865053     
 -0.13264358113586106     
 -0.13143086033708848     
 -0.13076036930667792     
 -0.13069807382535908     
 -0.13124569098413649     
 -0.13245483651005671     
 -0.13433815688720779     
 -0.13693098224050726     
 -0.14026056151981633     
 -0.14434373314530746     
 -0.14922533891172107     
 -0.15490184368886561     
 -0.16143824977566312     
 -0.16880853229657683     
 -0.17710055061110996     
 -0.18627466505134929     
 -0.19641043391325411     
 -0.20748733290942761     
 -0.21956419843328112     
 -0.23264201079939736     
 -0.24675689611075363     
 -0.26193340419546646     
 -0.27818275185154828     
 -0.29555569055769904     
 -0.31403601230288625     
 -0.33370301929337387     
 -0.35451069640023652     
 -0.17410909431375821     
 -0.17283552965430315     
 -0.17002081229018565     
 -0.16630261915845257     
 -0.16211983709044403     
 -0.15769817046695006     
 -0.15320401010660845     
 -0.14874719258968899     
 -0.14441181449791726     
 -0.14025886723518133     
 -0.13634551912532888     
 -0.13270453693661396     
 -0.12938686005033745     
 -0.12640432898976486     
 -0.12381126999818459     
 -0.12160614582302157     
 -0.11983703522601136     
 -0.11850571893117195     
 -0.11764934550613575     
 -0.11727691093754722     
 -0.11741327737374421     
 -0.11807734753338328     
 -0.11928060193160543     
 -0.12105407116962047     
 -0.12339445951947252     
 -0.12634698478152251     
 -0.12989214769540844     
 -0.13409123259639999     
 -0.13891498832033872     
 -0.14441852771328972     
 -0.15058627916992118     
 -0.15745850200124467     
 -0.16503466411434900     
 -0.17333911307274064     
 -0.18238787797318085     
 -0.19218773820114368     
 -0.20277282305846156     
 -0.21413088996936122     
 -0.22631604399421151     
 -0.23929533200950279     
 -0.17502557675222669     
 -0.17371500825957162     
 -0.17080426891444092     
 -0.16692512051437822     
 -0.16251157862573801     
 -0.15777765420932807     
 -0.15288267940055741     
 -0.14792678395090123     
 -0.14298534689192952     
 -0.13811236306891000     
 -0.13335364460622073     
 -0.12873836416017820     
 -0.12430258680760448     
 -0.12005847098667211     
 -0.11604120684406677     
 -0.11225228060804715     
 -0.10872157876029391     
 -0.10545087536691083     
 -0.10246246290811785     
  -9.9761466784588623E-002
  -9.7362143449261918E-002
  -9.5274861277144587E-002
  -9.3505317266939919E-002
  -9.2070684768464431E-002
  -9.0967671391639970E-002
  -9.0221285268403131E-002
  -8.9818728567588768E-002
  -8.9793810034522872E-002
  -9.0128125134703502E-002
  -9.0851655847233662E-002
  -9.1953733366470336E-002
  -9.3455672152028463E-002
  -9.5355448867266990E-002
  -9.7665062710875938E-002
 -0.10039188055138482     
 -0.10353793771527567     
 -0.10712068118638540     
 -0.11113159236765838     
 -0.11559893312697647     
 -0.12050304670371630     
 -0.17603171113171934     
 -0.17468501470757486     
 -0.17167982776979426     
 -0.16764099930790460     
 -0.16299691750275555     
 -0.15794959448098733     
 -0.15265091600926362     
 -0.14719120388696710     
 -0.14163685693014619     
 -0.13603485374302116     
 -0.13041941327958573     
 -0.12481609235486017     
 -0.11924584700498508     
 -0.11372128933029084     
 -0.10825810885945801     
 -0.10286100119991370     
  -9.7541284967435554E-002
  -9.2300895002667430E-002
  -8.7146962887677495E-002
  -8.2080833560780359E-002
  -7.7105923127593970E-002
  -7.2223976881600122E-002
  -6.7435023873686079E-002
  -6.2742037213208451E-002
  -5.8141845199262715E-002
  -5.3638931922457084E-002
  -4.9227300361021673E-002
  -4.4913017224833901E-002
  -4.0688605161082275E-002
  -3.6558558744593142E-002
  -3.2517382546912020E-002
  -2.8567010343113167E-002
  -2.4703947506787789E-002
  -2.0927798312169867E-002
  -1.7236984107178263E-002
  -1.3628926911101931E-002
  -1.0103947254417609E-002
  -6.6574687585969220E-003
  -3.2915839317276181E-003
   4.3711390001862412E-008
 -0.17713673403684183     
 -0.17575572778904244     
 -0.17265999415742819     
 -0.16846618626922466     
 -0.16359626828425733     
 -0.15823989218282059     
 -0.15254142965545694     
 -0.14658110529753238     
 -0.14041640122748880     
 -0.13408721423090278     
 -0.12761621478497887     
 -0.12102534538952012     
 -0.11432040413652325     
 -0.10751463258702465     
 -0.10060407654020091     
  -9.3596758172727376E-002
  -8.6485471341245568E-002
  -7.9272268056877121E-002
  -7.1949317949951977E-002
  -6.4514047754562390E-002
  -5.6959221486339834E-002
  -4.9277963820208104E-002
  -4.1464636410426373E-002
  -3.3508014090709255E-002
  -2.5405170626164292E-002
  -1.7140037731900488E-002
  -8.7134776900733533E-003
  -1.0389804571042313E-004
   8.6852961293678935E-003
   1.7675003813117811E-002
   2.6865595258350156E-002
   3.6274421615756003E-002
   4.5906470893086374E-002
   5.5774487152181529E-002
   6.5888988177631211E-002
   7.6257123468874394E-002
   8.6895729403495464E-002
   9.7805409816467043E-002
  0.10901021166672528     
  0.12050313346464919     
 -0.17833593256571795     
 -0.17692329434034176     
 -0.17374276039892494     
 -0.16940145125414452     
 -0.16431426675015209     
 -0.15865817027654278     
 -0.15257002879795789     
 -0.14611989762460625     
 -0.13935647389169756     
 -0.13231259691490779     
 -0.12499957522978056     
 -0.11743582127945809     
 -0.10961223178066373     
 -0.10154260501480764     
  -9.3203649033545347E-002
  -8.4606835888725695E-002
  -7.5726603755094060E-002
  -6.6565263023191781E-002
  -5.7100166943777911E-002
  -4.7325075209348873E-002
  -3.7222127111814787E-002
  -2.6776070368719061E-002
  -1.5975718012887882E-002
  -4.7959238634285748E-003
   6.7659846923954804E-003
   1.8746303057318510E-002
   3.1137324339273839E-002
   4.3987931174013395E-002
   5.7283917715694584E-002
   7.1071162778677033E-002
   8.5344996884833907E-002
  0.10014177127879624     
  0.11546784495437154     
  0.13134816407740388     
  0.14780202595607336     
  0.16484105247416292     
  0.18249895435281716     
  0.20077237463846653     
  0.21971132239117186     
  0.23929541688513101     
 -0.17963730937510766     
 -0.17819669499680718     
 -0.17493960723998614     
 -0.17046208744926550     
 -0.16517107206310824     
 -0.15923075866568875     
 -0.15277033034680904     
 -0.14584996649249879     
 -0.13850968747673215     
 -0.13077554414733417     
 -0.12264774849367126     
 -0.11414137473094535     
 -0.10523275598782390     
  -9.5936407241169835E-002
  -8.6210298630541818E-002
  -7.6069202024052568E-002
  -6.5469873941667422E-002
  -5.4414917471205242E-002
  -4.2867378119679583E-002
  -3.0817428266661413E-002
  -1.8237050000166531E-002
  -5.1028853363596447E-003
   8.6015715976867982E-003
   2.2914924321762977E-002
   3.7839552543533703E-002
   5.3431284414498022E-002
   6.9675702354567520E-002
   8.6648213076674863E-002
  0.10432393911674878     
  0.12277308693993434     
  0.14198600110522974     
  0.16201733505591948     
  0.18287490814313639     
  0.20459541627475031     
  0.22720644191818723     
  0.25072419025050507     
  0.27519870291749859     
  0.30062272664089495     
  0.32707105177426576     
  0.35451077812000842     
 -0.18103783576616464     
 -0.17957371206285674     
 -0.17625006493576631     
 -0.17165022095889029     
 -0.16617232265982543     
 -0.15996774392816696     
 -0.15315802402128878     
 -0.14579375322224372     
 -0.13790658412070728     
 -0.12951601679333624     
 -0.12061166910281303     
 -0.11120537498068886     
 -0.10125967319150289     
  -9.0789787490852258E-002
  -7.9735683561484000E-002
  -6.8115479056929731E-002
  -5.5869004627011914E-002
  -4.2999219457189229E-002
  -2.9455488306150877E-002
  -1.5224717874504471E-002
  -2.6918432387101562E-004
   1.5442155099818632E-002
   3.1930832641612811E-002
   4.9248235251716774E-002
   6.7396377397386353E-002
   8.6449753940642152E-002
  0.10638753119699651     
  0.12731018660312632     
  0.14918280937352818     
  0.17209870988731238     
  0.19604345353177863     
  0.22108921369113135     
  0.24724503338355541     
  0.27455870679996247     
  0.30306615010848675     
  0.33278753722317106     
  0.36378812937776972     
  0.39605762710353720     
  0.42969448593600174     
  0.46465326129466455     
 -0.18254275174569029     
 -0.18106056720337557     
 -0.17768277842689348     
 -0.17297808864356187     
 -0.16733497069426928     
 -0.16089190797586245     
 -0.15376299205394872     
 -0.14598960955725659     
 -0.13759541146394630     
 -0.12859380828383693     
 -0.11896440148221987     
 -0.10871607670873991     
  -9.7798350990784794E-002
  -8.6227211030726628E-002
  -7.3925760515848871E-002
  -6.0915396891178614E-002
  -4.7119996303468345E-002
  -3.2543020896533825E-002
  -1.7121040255401176E-002
  -8.3797422680867287E-004
   1.6352925796999682E-002
   3.4489853458377837E-002
   5.3598930381871107E-002
   7.3743530184943284E-002
   9.4925170973543749E-002
  0.11723580949756915     
  0.14064849003943794     
  0.16528727726381515     
  0.19110757763313177     
  0.21822439413439482     
  0.24661861620652498     
  0.27637901800337217     
  0.30751542453426778     
  0.34008657751428595     
  0.37413533596367804     
  0.40968597596946321     
  0.44681860947641006     
  0.48551895997307443     
  0.52590809694232066     
  0.56792893101817166     
 -0.18415070452873714     
 -0.18265669859875769     
 -0.17923889411516461     
 -0.17444947685715401     
 -0.16866607365378913     
 -0.16201463856821174     
 -0.15460182827665084     
 -0.14646039815620615     
 -0.13760655034481023     
 -0.12804796666107521     
 -0.11775503087168078     
 -0.10673397986861595     
  -9.4922274004107618E-002
  -8.2336754066286308E-002
  -6.8884947017586434E-002
  -5.4591399457235332E-002
  -3.9365320046277186E-002
  -2.3210735480683656E-002
  -6.0524940434148302E-003
   1.2128144364771262E-002
   3.1386157871373319E-002
   5.1766211604433295E-002
   7.3298586409818567E-002
   9.6057612531392167E-002
  0.12004425555703180     
  0.14536646529933978     
  0.17199139467468935     
  0.20006502558700912     
  0.22953356470909247     
  0.26053203982408063     
  0.29303691962285611     
  0.32715192888456962     
  0.36288796993953931     
  0.40031331481614141     
  0.43947767164726792     
  0.48040894654014316     
  0.52320033246605779     
  0.56783454100993469     
  0.61445312235477667     
  0.66298807656366965     
 -0.18586367862886424     
 -0.18436488005594534     
 -0.18092330902737155     
 -0.17607228060559299     
 -0.17017752657687521     
 -0.16335262198778511     
 -0.15569716454004021     
 -0.14723576426288199     
 -0.13797785905976928     
 -0.12792597300434322     
 -0.11704206549510626     
 -0.10533013526905274     
  -9.2716694812400607E-002
  -7.9219574212791591E-002
  -6.4732183719472786E-002
  -4.9282088872129801E-002
  -3.2765313425801468E-002
  -1.5186565152947045E-002
   3.5398457251959782E-003
   2.3434884086803446E-002
   4.4560872649369331E-002
   6.6968171595640044E-002
   9.0690677648995299E-002
  0.11581239980628391     
  0.14233379462563819     
  0.17037710114851096     
  0.19990402790382808     
  0.23108000536850989     
  0.26384300345866174     
  0.29834582800086151     
  0.33456087767841197     
  0.37260554649044836     
  0.41249141027237468     
  0.45429510033410558     
  0.49807256145107637     
  0.54385463191879158     
  0.59174645788296720     
  0.64172804156292540     
  0.69395882011661159     
  0.74836141825789859     
 -0.18768191498285880     
 -0.18618616513546049     
 -0.18273892132371961     
 -0.17785206062810965     
 -0.17187826929707045     
 -0.16491906333316408     
 -0.15706729962127319     
 -0.14834016901152119     
 -0.13874102757808324     
 -0.12826784762895138     
 -0.11687514801372199     
 -0.10456510660210579     
  -9.1254605676919412E-002
  -7.6962467297405732E-002
  -6.1569729257104300E-002
  -4.5106811161105584E-002
  -2.7458197871643303E-002
  -8.6293677068945956E-003
   1.1474506760126364E-002
   3.2876195690813875E-002
   5.5644303704179665E-002
   7.9834046291761912E-002
  0.10548235333293582     
  0.13268162504596395     
  0.16143154077149363     
  0.19186672686194797     
  0.22394422045777188     
  0.25784601765372361     
  0.29350306368668294     
  0.33108320699842270     
  0.37055549414181799     
  0.41204873929386149     
  0.45557528723775470     
  0.50121882794716310     
  0.54904069221231289     
  0.59907401510678560     
  0.65143485011531954     
  0.70610011761363412     
  0.76324504474507759     
  0.82278447853517811     
 -0.18960375160789936     
 -0.18811966024824461     
 -0.18468620936389191     
 -0.17979139743842587     
 -0.17377344978303147     
 -0.16672234152453824     
 -0.15872449944159078     
 -0.14979049057274205     
 -0.13991835835884531     
 -0.12910214010014937     
 -0.11729013332146518     
 -0.10448294402306854     
  -9.0589313134746163E-002
  -7.5629110412993333E-002
  -5.9472832621906932E-002
  -4.2153587316708069E-002
  -2.3546083489498666E-002
  -3.6566657324280105E-003
   1.7617138136470343E-002
   4.0299432560778357E-002
   6.4464017968330928E-002
   9.0170052080219151E-002
  0.11745676838941904     
  0.14642358439751815     
  0.17706930226719200     
  0.20953892464247270     
  0.24378508570519072     
  0.28000395822840518     
  0.31812002958809088     
  0.35831396656835512     
  0.40055175424537270     
  0.44497148857957131     
  0.49158585169320684     
  0.54048475446988065     
  0.59173409302733959     
  0.64536864362699164     
  0.70151288338037465     
  0.76014145857201343     
  0.82144349306318665     
  0.88532624534718407     
 -0.19163070164165288     
 -0.19016779747110457     
 -0.18676981772456394     
 -0.18189776209685776     
 -0.17587416046843565     
 -0.16877791769707035     
 -0.16068947930456692     
 -0.15161362279585888     
 -0.14154401167709457     
 -0.13047141986700628     
 -0.11833910074092219     
 -0.10514655309273459     
  -9.0795978362997715E-002
  -7.5308283532873721E-002
  -5.8545463400828307E-002
  -4.0543109852594739E-002
  -2.1168086798859644E-002
  -4.2771730068180691E-004
   2.1786488955554375E-002
   4.5499471772384226E-002
   7.0789010953433235E-002
   9.7717181570556311E-002
  0.12632489054332763     
  0.15671688625090319     
  0.18889104670306275     
  0.22300041394346271     
  0.25899387147482117     
  0.29707876870079919     
  0.33717402884417308     
  0.37947057449666449     
  0.42393118478490593     
  0.47070166192738760     
  0.51979480571500392     
  0.57130509981352495     
  0.62530104600097358     
  0.68181943073344686     
  0.74099148710266272     
  0.80278997105851868     
  0.86741387033661299     
  0.93476522414859520     
 -0.19375748059290637     
 -0.19232566587796154     
 -0.18898543717520988     
 -0.18416765009117184     
 -0.17817775932416027     
 -0.17108419640088202     
 -0.16296186233762394     
 -0.15381068011393892     
 -0.14362075439369437     
 -0.13238047597332053     
 -0.12002911394621094     
 -0.10656560921977269     
  -9.1887087650271190E-002
  -7.6015647646735421E-002
  -5.8806800408624640E-002
  -4.0298354662702957E-002
  -2.0351338945103301E-002
   1.0258700873692786E-003
   2.3946135586030586E-002
   4.8434736647938514E-002
   7.4572174372287720E-002
  0.10242248784398426     
  0.13202751771702359     
  0.16349566569886537     
  0.19682400279215467     
  0.23217111347210551     
  0.26948285255753046     
  0.30897428617117395     
  0.35056023670462999     
  0.39443878610372957     
  0.44057023101379844     
  0.48910555255126248     
  0.54005751675094715     
  0.59352323217617098     
  0.64957372715767681     
  0.70824672885597961     
  0.76967779421921767     
  0.83383802025768672     
  0.90093433245241661     
  0.97086400342147228     
 -0.19598655563062212     
 -0.19459688196273447     
 -0.19133921868475362     
 -0.18661037601385067     
 -0.18069746228155070     
 -0.17365899625907638     
 -0.16556491822883143     
 -0.15641137188317145     
 -0.14618576213312570     
 -0.13487494947760034     
 -0.12241557095657037     
 -0.10880640415137782     
  -9.3941288604109663E-002
  -7.7843486158449882E-002
  -6.0364312379315360E-002
  -4.1543469697919812E-002
  -2.1238332476243856E-002
   5.4161145041871882E-004
   2.3911829853956901E-002
   4.8897409526790905E-002
   7.5580252227295919E-002
  0.10402523644992280     
  0.13427448705559386     
  0.16643833170364564     
  0.20051264167762409     
  0.23665923355546686     
  0.27482159844927723     
  0.31521934847128891     
  0.35776413960810211     
  0.40265772856184728     
  0.44985888072586244     
  0.49952125962022931     
  0.55165710489640973     
  0.60636477419613211     
  0.66371662609585258     
  0.72375005969803774     
  0.78660332725893223     
  0.85224650734858587     
  0.92089019440548314     
  0.99242936616051425     
 -0.19830904870555757     
 -0.19697253335994647     
 -0.19382191951799765     
 -0.18921602763820314     
 -0.18342223358439075     
 -0.17648983294660384     
 -0.16848443840239005     
 -0.15939922708149906     
 -0.14922009947628634     
 -0.13793300470074560     
 -0.12547325437862300     
 -0.11183986182187379     
  -9.6925132031010483E-002
  -8.0753439986214981E-002
  -6.3174005410930545E-002
  -4.4228217596969634E-002
  -2.3771792363371354E-002
  -1.8154124765266673E-003
   2.1757294550813995E-002
   4.6970736671215416E-002
   7.3907006348387400E-002
  0.10263076580884770     
  0.13318362709912290     
  0.16567616493132858     
  0.20010317994656029     
  0.23662721983476076     
  0.27519005958248149     
  0.31601241428496429     
  0.35900410327021309     
  0.40436762347046812     
  0.45206034404460455     
  0.50223624157086677     
  0.55490665398811490     
  0.61017034806831794     
  0.66809856359605757     
  0.72872913138450368     
  0.79220016601275545     
  0.85848074888255455     
  0.92778305001861616     
  0.99999999999999623     
 -0.20072771704426196     
 -0.19945706413707553     
 -0.19644087658273129     
 -0.19199553289085367     
 -0.18636716258561395     
 -0.17959670234931413     
 -0.17174601848948307     
 -0.16280654875851058     
 -0.15276359513422672     
 -0.14160313200231983     
 -0.12926043746093246     
 -0.11573535635154814     
 -0.10092027080920717     
  -8.4840751296916095E-002
  -6.7346270560200233E-002
  -4.8479523590821423E-002
  -2.8096782369379986E-002
  -6.2099567424338739E-003
   1.7296414291720134E-002
   4.2445540341518553E-002
   6.9318383415521781E-002
   9.7978295664205420E-002
  0.12846560893095538     
  0.16088953782384324     
  0.19524345119421876     
  0.23168817212223514     
  0.27016430311484407     
  0.31089058769201994     
  0.35377558942244031     
  0.39901989864590004     
  0.44657953407406903     
  0.49660664004578270     
  0.54911091718578908     
  0.60418938511800446     
  0.66191220411279006     
  0.72231560283417329     
  0.78553563164894258     
  0.85154054663238665     
  0.92054072421163391     
  0.99242934509108394     
 -0.20323128867712248     
 -0.20203893506163886     
 -0.19918372891549627     
 -0.19493463554720697     
 -0.18951533190864567     
 -0.18295928608017906     
 -0.17532518286425094     
 -0.16660388680420343     
 -0.15678100823532365     
 -0.14584333420705617     
 -0.13372737598554543     
 -0.12043422046250826     
 -0.10585802573113304     
  -9.0025482696991732E-002
  -7.2788422521003621E-002
  -5.4190561407201271E-002
  -3.4090734351500181E-002
  -1.2502104383286269E-002
   1.0688233662789660E-002
   3.5501850911753119E-002
   6.2017311554697953E-002
   9.0295818136517825E-002
  0.12037559496162094     
  0.15236291010438777     
  0.18624974107769190     
  0.22219287675599109     
  0.26013222913822714     
  0.30028134685669067     
  0.34254882984236068     
  0.38713020339088788     
  0.43398057641931737     
  0.48324776304235229     
  0.53493971752157898     
  0.58915014089735374     
  0.64594630237221473     
  0.70536219667647315     
  0.76753065056631531     
  0.83241882808047440     
  0.90023132339394540     
  0.97086396158173860     
 -0.20581912365690008     
 -0.20471918396973390     
 -0.20205404906131932     
 -0.19803958458866028     
 -0.19287583775067976     
 -0.18658969945522441     
 -0.17923758039918475     
 -0.17081080886774719     
 -0.16129628008563504     
 -0.15068253747151272     
 -0.13890867287112657     
 -0.12597726060125239     
 -0.11178606972802760     
  -9.6362810019287551E-002
  -7.9563934757813551E-002
  -6.1433759100787709E-002
  -4.1835777229663369E-002
  -2.0784406801381276E-002
   1.8290403884354677E-003
   2.6024019477170764E-002
   5.1875548896786333E-002
   7.9441558666189266E-002
  0.10875770199509130     
  0.13992545859954170     
  0.17293545682477876     
  0.20793803978059711     
  0.24487341106397137     
  0.28394607945565387     
  0.32506635663759659     
  0.36842108607211821     
  0.41396529968406648     
  0.46183965703322433     
  0.51205017553648613     
  0.56468576210343013     
  0.61980907151216869     
  0.67745166714456628     
  0.73773924491266574     
  0.80064031331234686     
  0.86634933897076305     
  0.93476516216396688     
 -0.20848063732809344     
 -0.20748755673082769     
 -0.20504111581416692     
 -0.20129804971894355     
 -0.19643374300017685     
 -0.19046973081790575     
 -0.18346082046780846     
 -0.17539993420192362     
 -0.16627627777158183     
 -0.15608083277072576     
 -0.14475646297603875     
 -0.13230767532338539     
 -0.11863735074938564     
 -0.10377423836532951     
  -8.7581324016889089E-002
  -7.0103206075379093E-002
  -5.1209945146058630E-002
  -3.0917154277438647E-002
  -9.1218898551382339E-003
   1.4192821660004811E-002
   3.9097360735285420E-002
   6.5645532372701987E-002
   9.3869828212923487E-002
  0.12386550900540851     
  0.15562187322365378     
  0.18928060653532286     
  0.22478271359737789     
  0.26232130552288674     
  0.30180870909136664     
  0.34342072513118349     
  0.38711244552016683     
  0.43301534755733695     
  0.48113303423621251     
  0.53154763789669257     
  0.58431673035323739     
  0.63946772594120194     
  0.69711816015068928     
  0.75723647689436102     
  0.82000470406575821     
  0.88532616410463127     
 -0.21121069032685411     
 -0.21034066348241856     
 -0.20814346166385855     
 -0.20470973990375529     
 -0.20018962272823537     
 -0.19460038449442435     
 -0.18799636879928250     
 -0.18037307754043611     
 -0.17172302116493016     
 -0.16204033603496071     
 -0.15127283370624153     
 -0.13942743646991326     
 -0.12641356982607663     
 -0.11226094271602197     
  -9.6841041656389432E-002
  -8.0198415073196000E-002
  -6.2211477821697211E-002
  -4.2896970044012578E-002
  -2.2159193679697719E-002
   1.6053602428048558E-005
   2.3693467077447697E-002
   4.8921943595042108E-002
   7.5730244176194311E-002
  0.10420612734343720     
  0.13433756231631766     
  0.16625558299487594     
  0.19990266305520371     
  0.23545745008381222     
  0.27283582787957061     
  0.31219936736871634     
  0.35350407129319106     
  0.39686969638285730     
  0.44229709374514664     
  0.48985999326185203     
  0.53960936186992314     
  0.59156852103525925     
  0.64584343150127410     
  0.70240289802852773     
  0.76141377578060010     
  0.82278437923533221     
 -0.21399851916966206     
 -0.21326914214704462     
 -0.21135191667897618     
 -0.20826410410175028     
 -0.20413053174533247     
 -0.19896564909025688     
 -0.19282419148819310     
 -0.18570540305129576     
 -0.17760589567564375     
 -0.16852372845882327     
 -0.15841275293595053     
 -0.14728261352731475     
 -0.13505064342066503     
 -0.12174744407673149     
 -0.10725474723309197     
  -9.1616698689719445E-002
  -7.4721704742738093E-002
  -5.6587561294150039E-002
  -3.7127061533415016E-002
  -1.6329089180580271E-002
   5.8645122022120098E-003
   2.9497077039772980E-002
   5.4593205915463711E-002
   8.1231965776539350E-002
  0.10940011330248910     
  0.13921633488460988     
  0.17062510275419709     
  0.20378855149492522     
  0.23862636203651724     
  0.27528440901385565     
  0.31371917733228938     
  0.35403744808407589     
  0.39623655378299333     
  0.44038064613875372     
  0.48651251553505837     
  0.53465033125606842     
  0.58488697173616144     
  0.63719120498786408     
  0.69171074602950278     
  0.74836130233738296     
 -0.21683433066048904     
 -0.21626576627670180     
 -0.21466075532973128     
 -0.21195510579016880     
 -0.20824918874599593     
 -0.20355634405238043     
 -0.19793262111105026     
 -0.19138211506877589     
 -0.18390640648877848     
 -0.17550815764266209     
 -0.16614818501012035     
 -0.15583918622549053     
 -0.14450764302313931     
 -0.13218497027747428     
 -0.11876480473914272     
 -0.10429048236896707     
  -8.8661870610627372E-002
  -7.1897739160050864E-002
  -5.3920535337354802E-002
  -3.4722382858818825E-002
  -1.4252458637404892E-002
   7.5264280865730369E-003
   3.0634416610401262E-002
   5.5140930659803439E-002
   8.1031640798626126E-002
  0.10841124814661773     
  0.13722729237822617     
  0.16762287748505827     
  0.19952292582787962     
  0.23305521256978143     
  0.26817738295945154     
  0.30498129351340841     
  0.34346072704719477     
  0.38366868947124505     
  0.42563898179191234     
  0.46938332484425027     
  0.51497929706933232     
  0.56239558338437035     
  0.61175758653979506     
  0.66298794571600406     
 -0.21970554037256801     
 -0.21932153719496150     
 -0.21806200106875057     
 -0.21577371961290676     
 -0.21253445555859463     
 -0.20835821301075888     
 -0.20330357561648385     
 -0.19738035616602700     
 -0.19059611960102060     
 -0.18295852191902220     
 -0.17443634114573783     
 -0.16504552715905346     
 -0.15472289192804289     
 -0.14350051572360994     
 -0.13128534941574554     
 -0.11811956220662208     
 -0.10391584507193506     
  -8.8693761653177272E-002
  -7.2386410456945632E-002
  -5.4989299204281201E-002
  -3.6459544178253728E-002
  -1.6766529770533757E-002
   4.1052055732008529E-003
   2.6214641534794039E-002
   4.9546576742074827E-002
   7.4190742645300109E-002
  0.10009812604038104     
  0.12739143544688830     
  0.15600166362294343     
  0.18603706057162836     
  0.21745693708166983     
  0.25033673107500420     
  0.28466689026413272     
  0.32048794631481148     
  0.35782383005565926     
  0.39667887124855050     
  0.43711353147623805     
  0.47909474910303396     
  0.52272344181017438     
  0.56792878715796347     
 -0.22259735359763869     
 -0.22242652614132721     
 -0.22154660087034170     
 -0.21970908941274975     
 -0.21697246985397942     
 -0.21335344007753643     
 -0.20891429562234454     
 -0.20367155506487947     
 -0.19763935597452145     
 -0.19083099494903172     
 -0.18322399814881801     
 -0.17483764927589723     
 -0.16562012313724545     
 -0.15560407018685085     
 -0.14471087589909679     
 -0.13298133521581379     
 -0.12034195369192593     
 -0.10681298694718142     
  -9.2338958294989670E-002
  -7.6918864667247178E-002
  -6.0518191698856458E-002
  -4.3113264594749796E-002
  -2.4693381682194454E-002
  -5.2105506538531639E-003
   1.5319446058583238E-002
   3.6970463724326601E-002
   5.9697746383978810E-002
   8.3602455845723095E-002
  0.10862255019456638     
  0.13484582261597833     
  0.16223379773775248     
  0.19084538798516754     
  0.22066683890855954     
  0.25172649186271118     
  0.28403711277986599     
  0.31759521166123850     
  0.35244181502670396     
  0.38854165359448406     
  0.42596714591803952     
  0.46465310649930580     
 -0.22549199507286988     
 -0.22557195920659759     
 -0.22510780176511408     
 -0.22375357852093411     
 -0.22155334465346352     
 -0.21852904303379558     
 -0.21474786139852317     
 -0.21023392694881832     
 -0.20500863268403871     
 -0.19909137024103510     
 -0.19246897424334419     
 -0.18516437566352825     
 -0.17713781988333130     
 -0.16842239295747743     
 -0.15895503759367008     
 -0.14877469941133609     
 -0.13782274541540090     
 -0.12611986101117648     
 -0.11362271461999242     
 -0.10033375210991378     
  -8.6227231245422448E-002
  -7.1286557283640611E-002
  -5.5505802595442376E-002
  -3.8848381509242323E-002
  -2.1330249477781046E-002
  -2.8939744210638922E-003
   1.6420677615711345E-002
   3.6692697079315717E-002
   5.7868034029178360E-002
   8.0013714384453760E-002
  0.10309419383059924     
  0.12715173965478507     
  0.15216960552979217     
  0.17816347364797652     
  0.20513521191273146     
  0.23307276303293356     
  0.26199672599887824     
  0.29186786721262503     
  0.32272665594208533     
  0.35451061468046197     
 -0.22836746638204497     
 -0.22874704708862142     
 -0.22873463987417464     
 -0.22789292190887545     
 -0.22625840819052473     
 -0.22386083604418827     
 -0.22077334513694646     
 -0.21702863716427007     
 -0.21265586008840814     
 -0.20768074778528497     
 -0.20210006889717419     
 -0.19594047211722038     
 -0.18917483588844475     
 -0.18183661075303623     
 -0.17387907711334555     
 -0.16533906495349091     
 -0.15617338618527976     
 -0.14640308389401349     
 -0.13599738740640344     
 -0.12496216208433440     
 -0.11328061047100210     
 -0.10094333995533204     
  -8.7949120666663577E-002
  -7.4272970407024116E-002
  -5.9930632218065293E-002
  -4.4881325329059474E-002
  -2.9159070135930994E-002
  -1.2707291308821370E-002
   4.4289755717944138E-003
   2.2296179374854241E-002
   4.0862881622625524E-002
   6.0155319311797663E-002
   8.0154886484948187E-002
  0.10086577607180344     
  0.12228030655311521     
  0.14437879591247088     
  0.16716124865875265     
  0.19058329897025955     
  0.21464947689110891     
  0.23929524713387298     
 -0.23119110218489591     
 -0.23194374441499194     
 -0.23242140324268329     
 -0.23212018251156738     
 -0.23107831712778393     
 -0.22933610951350303     
 -0.22697396212614329     
 -0.22403370664890526     
 -0.22055279140727613     
 -0.21656360873788283     
 -0.21207324153516538     
 -0.20711210417583803     
 -0.20166623817613033     
 -0.19576927866818250     
 -0.18939131493505632     
 -0.18256696189532706     
 -0.17526880801339947     
 -0.16751826246219670     
 -0.15929724407331977     
 -0.15061497864865803     
 -0.14146385008751278     
 -0.13184154127583836     
 -0.12175146306379524     
 -0.11118020030259787     
 -0.10014288156830797     
  -8.8615385531107982E-002
  -7.6625360576452695E-002
  -6.4138399054541051E-002
  -5.1189569254129957E-002
  -3.7752275811732225E-002
  -2.3852566736153494E-002
  -9.4787011015822070E-003
   5.3507383975458867E-003
   2.0631041109112534E-002
   3.6347913333822493E-002
   5.2477552494191615E-002
   6.9003546498142304E-002
   8.5878487338455781E-002
  0.10307081310616309     
  0.12050295994278258     
 -0.23392379114904102     
 -0.23515327601976777     
 -0.23615655932190541     
 -0.23641938596699780     
 -0.23599176053004209     
 -0.23492703768051876     
 -0.23331417286853506     
 -0.23120465241653493     
 -0.22864452064582530     
 -0.22567313147888579     
 -0.22230799972976822     
 -0.21858327714656747     
 -0.21449862522665350     
 -0.21008759151454834     
 -0.20533739165822196     
 -0.20028019964929819     
 -0.19490487065323459     
 -0.18923256709574549     
 -0.18325846956969083     
 -0.17699490548359337     
 -0.17044329148441167     
 -0.16360850100057614     
 -0.15649831425306948     
 -0.14911081875274534     
 -0.14146028193431834     
 -0.13353898144506557     
 -0.12536765303881689     
 -0.11693374675870052     
 -0.10826147403529229     
  -9.9343303909877001E-002
  -9.0198638444449586E-002
  -8.0828540708701768E-002
  -7.1249363779459146E-002
  -6.1471671916674075E-002
  -5.1511903306245443E-002
  -4.1392097368304105E-002
  -3.1135407209026383E-002
  -2.0780844325251582E-002
  -1.0376289007516745E-002
  -1.3113417000558692E-007
