 -0.64658548363214141     
 -0.64292942461758418     
 -0.63497089971768927     
 -0.62439670800709923     
 -0.61223274730516708     
 -0.59914455625413243     
 -0.58558812676540595     
 -0.57189057177772684     
 -0.55829571908358899     
 -0.54499149213459619     
 -0.53212751778566425     
 -0.51982573659856879     
 -0.50818812295860183     
 -0.49730160142806273     
 -0.48724195993489594     
 -0.47807623974428509     
 -0.46986483677780022     
 -0.46266269186218556     
 -0.45652061948383643     
 -0.45148598725891925     
 -0.44760352484244653     
 -0.44491554149220447     
 -0.44346276472422463     
 -0.44328436515962955     
 -0.44441822146555621     
 -0.44690132279903039     
 -0.45076967660954931     
 -0.45605890662834636     
 -0.46280374652588702     
 -0.47103872075052861     
 -0.48079786255081586     
 -0.49211491359759474     
 -0.50502346022522637     
 -0.51955680392254300     
 -0.53574803155459938     
 -0.55363048729594522     
 -0.57323694941975989     
 -0.59460035090437069     
 -0.61775367417750737     
 -0.64272980671976143     
 -0.66956170302309603     
 -0.69828228507935430     
 -0.72892440020509108     
 -0.76152115995112757     
 -0.79610539827137872     
 -0.83271030855664452     
 -0.87136891160983332     
 -0.91211457058143663     
 -0.95498054664280374     
  -1.0000000000000000     
 -0.64669686718013208     
 -0.64304048597582053     
 -0.63508082748315697     
 -0.62450427825492660     
 -0.61233637853587075     
 -0.59924228770632637     
 -0.58567775907392916     
 -0.57196966756760270     
 -0.55836161435309828     
 -0.54504142464147176     
 -0.53215849533854498     
 -0.51983460405718429     
 -0.50817162520709191     
 -0.49725633532809815     
 -0.48716430522300613     
 -0.47796259234523247     
 -0.46971126531732482     
 -0.46246521372095739     
 -0.45627517950041729     
 -0.45118826305361109     
 -0.44724911308612902     
 -0.44449985482495880     
 -0.44298108806911712     
 -0.44273184269203958     
 -0.44378982098849573     
 -0.44619186321039500     
 -0.44997389023218681     
 -0.45517128079103847     
 -0.46181862848205202     
 -0.46995032001296794     
 -0.47960024285655328     
 -0.49080198126352320     
 -0.50358896459563451     
 -0.51799423486470120     
 -0.53405083385232832     
 -0.55179192646796971     
 -0.57124996175028675     
 -0.59245802745317444     
 -0.61544862999230510     
 -0.64025476186972141     
 -0.66690899121967495     
 -0.69544412426337610     
 -0.72589292771789538     
 -0.75828827696878665     
 -0.79266280046228121     
 -0.82904965177335388     
 -0.86748156055514958     
 -0.90799163006641481     
 -0.95061315596076723     
 -0.99537911269222068     
 -0.64703101526428253     
 -0.64337366201557411     
 -0.63541065888532133     
 -0.62482719141999432     
 -0.61264749239652461     
 -0.59953585951351540     
 -0.58594707466937235     
 -0.57220748143373201     
 -0.55856004254870917     
 -0.54519205795476011     
 -0.53225243683806089     
 -0.51986255313930430     
 -0.50812374113146486     
 -0.49712230165558263     
 -0.48693356586878755     
 -0.47762401209792904     
 -0.46925337434532743     
 -0.46187610548984426     
 -0.45554247279430377     
 -0.45029920010066782     
 -0.44619038512373116     
 -0.44325788992884380     
 -0.44154173277350289     
 -0.44108055131307222     
 -0.44191160371992250     
 -0.44407126451830536     
 -0.44759498031981931     
 -0.45251762001445195     
 -0.45887338207904543     
 -0.46669613829309187     
 -0.47601937369754477     
 -0.48687615099505061     
 -0.49929945058000558     
 -0.51332163474866765     
 -0.52897554914993716     
 -0.54629372087460260     
 -0.56530827302497166     
 -0.58605148809685859     
 -0.60855553184121225     
 -0.63285280066729077     
 -0.65897574570963346     
 -0.68695621150612063     
 -0.71682682941673515     
 -0.74861963807119958     
 -0.78236690144833720     
 -0.81810120386301710     
 -0.85585510612550575     
 -0.89566095048618610     
 -0.93755150468855164     
 -0.98155915596790499     
 -0.64758800896754309     
 -0.64392906927988736     
 -0.63596067821389579     
 -0.62536586599442412     
 -0.61316672746561163     
 -0.60002613610076372     
 -0.58639738175887235     
 -0.57260574506903494     
 -0.55889319640715129     
 -0.54544611996907666     
 -0.53241269967111304     
 -0.51991337321627884     
 -0.50804895769717251     
 -0.49690504240763689     
 -0.48655604812682590     
 -0.47706792226342382     
 -0.46849967311602492     
 -0.46090490020764618     
 -0.45433337514778510     
 -0.44883097659774118     
 -0.44444113693494908     
 -0.44120495057257003     
 -0.43916176943548019     
 -0.43834936871591906     
 -0.43880434285369807     
 -0.44056236548476613     
 -0.44365811843427044     
 -0.44812555798811926     
 -0.45399827374050050     
 -0.46130926110697645     
 -0.47009123841942013     
 -0.48037637880882217     
 -0.49219698872275003     
 -0.50558469830375397     
 -0.52057145482859302     
 -0.53718883605455070     
 -0.55546834396888256     
 -0.57544147665398571     
 -0.59713962464167880     
 -0.62059416157225655     
 -0.64583662322795088     
 -0.67289819747906843     
 -0.70181068763722931     
 -0.73260547319435132     
 -0.76531360367448409     
 -0.79996737010549490     
 -0.83659778012921426     
 -0.87523709072186240     
 -0.91591645847000125     
 -0.95866785075229599     
 -0.64836786212226805     
 -0.64470690837498368     
 -0.63673127597819701     
 -0.62612098340233113     
 -0.61389532405027991     
 -0.60071474168461259     
 -0.58703081701645032     
 -0.57316729415111867     
 -0.55936461177652597     
 -0.54580800401305840     
 -0.53264460225482535     
 -0.51999373162515583     
 -0.50795506208903241     
 -0.49661348128854899     
 -0.48604227295727631     
 -0.47630633228644148     
 -0.46746380296303869     
 -0.45956746404473525     
 -0.45266570638868930     
 -0.44680388799857423     
 -0.44202397084883105     
 -0.43836633995718444     
 -0.43586930403386648     
 -0.43456964783829166     
 -0.43450283871229417     
 -0.43570339492818588     
 -0.43820510703992754     
 -0.44204088620845872     
 -0.44724324556760037     
 -0.45384405416199664     
 -0.46187494678486790     
 -0.47136699469103882     
 -0.48235142404916187     
 -0.49485860876748611     
 -0.50891967369993019     
 -0.52456479651882515     
 -0.54182453048746870     
 -0.56072909985316055     
 -0.58130886944287075     
 -0.60359404904470626     
 -0.62761498324577836     
 -0.65340188236018482     
 -0.68098514601394655     
 -0.71039519144968633     
 -0.74166190329391479     
 -0.77481603600209548     
 -0.80988831167847819     
 -0.84690865963475193     
 -0.88590789625586241     
 -0.92691675332885215     
 -0.64937070049983459     
 -0.64570743703141875     
 -0.63772298756954471     
 -0.62709356349418721     
 -0.61483467579481033     
 -0.60160397047714964     
 -0.58785058399896406     
 -0.57389603354856311     
 -0.55997926589982627     
 -0.54628393017306198     
 -0.53295563089038134     
 -0.52011252413353115     
 -0.50785287026414760     
 -0.49626014268159546     
 -0.48540679600563225     
 -0.47535618406907332     
 -0.46616534317999225     
 -0.45788570298137521     
 -0.45056456852421850     
 -0.44424586471232408     
 -0.43897052570816436     
 -0.43477742854953638     
 -0.43170372964935094     
 -0.42978477043741414     
 -0.42905488627312960     
 -0.42954727964260969     
 -0.43129428439308187     
 -0.43432750545671134     
 -0.43867800759395342     
 -0.44437647407960973     
 -0.45145298524235961     
 -0.45993729319297610     
 -0.46985924307422650     
 -0.48124795338198501     
 -0.49413272908319406     
 -0.50854270838196303     
 -0.52450694888899163     
 -0.54205418306105724     
 -0.56121320260551832     
 -0.58201302167279456     
 -0.60448237800125337     
 -0.62865006105244903     
 -0.65454497126957201     
 -0.68219592100447257     
 -0.71163171938155623     
 -0.74288145878015532     
 -0.77597396505314131     
 -0.81093834867727943     
 -0.84780386663777341     
 -0.88659930018375765     
 -0.65059673876782420     
 -0.64693097217597262     
 -0.63893654931228994     
 -0.62828485073214979     
 -0.61598686911444356     
 -0.60269659456478331     
 -0.58886030013280566     
 -0.57479693004986498     
 -0.56074347640118105     
 -0.54688179426147621     
 -0.53335544971806725     
 -0.52028127796471690     
 -0.50775588848446629     
 -0.49586123997892068     
 -0.48466827796849649     
 -0.47423899964952088     
 -0.46462883766708352     
 -0.45588766813089915     
 -0.44806157781560346     
 -0.44119277509904520     
 -0.43532083208703581     
 -0.43048288968795922     
 -0.42671464719225422     
 -0.42405001166224693     
 -0.42252162898200019     
 -0.42216118093433475     
 -0.42299923320361121     
 -0.42506599603164830     
 -0.42839078014663334     
 -0.43300257376835294     
 -0.43892984452304434     
 -0.44620091270773632     
 -0.45484359860574447     
 -0.46488544381520930     
 -0.47635417429671512     
 -0.48927709152994325     
 -0.50368135533854075     
 -0.51959446513057939     
 -0.53704332464666316     
 -0.55605485458360460     
 -0.57665621960784030     
 -0.59887477535837674     
 -0.62273730753982914     
 -0.64827097334439299     
 -0.67550277645004209     
 -0.70445998424124845     
 -0.73516995061961210     
 -0.76765966828437660     
 -0.80195656789916459     
 -0.83808809613205282     
 -0.65204610786768957     
 -0.64837786749181558     
 -0.64037275605999266     
 -0.62969633882730658     
 -0.61735417185659947     
 -0.60399602222672122     
 -0.59006462413856609     
 -0.57587605065807346     
 -0.56166495211109513     
 -0.54761089835948284     
 -0.53385556887624019     
 -0.52051379462533021     
 -0.50768048441083047     
 -0.49543589365737684     
 -0.48384904833063563     
 -0.47298041558380122     
 -0.46288365652916191     
 -0.45360714522839191     
 -0.44519481023493662     
 -0.43768748320221895     
 -0.43112290054179969     
 -0.42553651996627034     
 -0.42096208739613838     
 -0.41743185283384143     
 -0.41497648770542717     
 -0.41362591156297857     
 -0.41340887630997691     
 -0.41435367378974369     
 -0.41648772112248161     
 -0.41983819315979071     
 -0.42443166716647068     
 -0.43029435276089900     
 -0.43745220397467593     
 -0.44593094728505800     
 -0.45575617750833319     
 -0.46695321695802272     
 -0.47954752445752286     
 -0.49356407048047768     
 -0.50902801916791385     
 -0.52596455994788305     
 -0.54439866707487894     
 -0.56435526419646476     
 -0.58585965981988330     
 -0.60893657501965437     
 -0.63361138914753512     
 -0.65990883756647523     
 -0.68785435629097236     
 -0.71747303930633266     
 -0.74879034888430229     
 -0.78183147078791282     
 -0.65371901165135515     
 -0.65004852337649355     
 -0.64203262117313686     
 -0.63132970469780547     
 -0.61893935851362558     
 -0.60550619875374434     
 -0.59146891193215445     
 -0.57714045681072812     
 -0.56275256652582006     
 -0.54848239502056195     
 -0.53446936301700709     
 -0.52082618249709189     
 -0.50764578103944957     
 -0.49500638101360445     
 -0.48297515099936705     
 -0.47161057206184004     
 -0.46096444489403232     
 -0.45108311428597458     
 -0.44200877581752446     
 -0.43378015435038764     
 -0.42643307009210812     
 -0.42000105380248060     
 -0.41451574065801672     
 -0.41000732725684336     
 -0.40650463477744553     
 -0.40403536106934740     
 -0.40262624849269835     
 -0.40230342748694881     
 -0.40309230291385578     
 -0.40501782353135457     
 -0.40810437078793149     
 -0.41237613302874371     
 -0.41785676407666916     
 -0.42456986020610316     
 -0.43253863170756607     
 -0.44178645301090180     
 -0.45233623555879776     
 -0.46421093897412580     
 -0.47743347378530621     
 -0.49202662100249983     
 -0.50801303995311287     
 -0.52541571114449281     
 -0.54425703554257765     
 -0.56456012682159484     
 -0.58634760057795154     
 -0.60964217056627878     
 -0.63446682294660317     
 -0.66084408798229277     
 -0.68879748562973264     
 -0.71834933520340016     
 -0.65561554028434299     
 -0.65194330709928816     
 -0.64391704048779019     
 -0.63318695556711346     
 -0.62074545464466724     
 -0.60723148184871123     
 -0.59307917685309330     
 -0.57859794516649787     
 -0.56401628701025774     
 -0.54950864059140347     
 -0.53521197594691683     
 -0.52123658584743959     
 -0.50767320315801534     
 -0.49459800594921577     
 -0.48207589113460869     
 -0.47016333370939722     
 -0.45890996072587842     
 -0.44836002702581024     
 -0.43855350967299472     
 -0.42952721445352943     
 -0.42131452662474955     
 -0.41394702126417648     
 -0.40745413756569809     
 -0.40186375563311694     
 -0.39720244845412295     
 -0.39349559870759288     
 -0.39076782161908824     
 -0.38904287392129439     
 -0.38834377124838826     
 -0.38869319386457291     
 -0.39011302406112208     
 -0.39262517630154203     
 -0.39625086793136699     
 -0.40101122807244466     
 -0.40692720073111854     
 -0.41401949613462802     
 -0.42230870879364074     
 -0.43181529290080806     
 -0.44255956736291552     
 -0.45456185450210046     
 -0.46784245853410278     
 -0.48242152765681723     
 -0.49831932466966172     
 -0.51555601139182605     
 -0.53415194845909986     
 -0.55412735344955910     
 -0.57550225299828517     
 -0.59829721265651925     
 -0.62253242068393266     
 -0.64822837696770130     
 -0.65773577148515250     
 -0.65406270996666471     
 -0.64602723705619225     
 -0.63527013833059987     
 -0.62277579210302014     
 -0.60917673626306501     
 -0.59490222765722800     
 -0.58025733575222338     
 -0.56546719458001005     
 -0.55070341607601825     
 -0.53610016790609627     
 -0.52176519893654172     
 -0.50778675574235754     
 -0.49423880411490528     
 -0.48118398663869244     
 -0.46867627337068113     
 -0.45676327290732510     
 -0.44548676283371053     
 -0.43488458401797814     
 -0.42499102674651779     
 -0.41583741652154371     
 -0.40745282053126541     
 -0.39986433199767984     
 -0.39309747311488219     
 -0.38717632166095906     
 -0.38212396203718640     
 -0.37796245772308901     
 -0.37471296104299517     
 -0.37239615846089119     
 -0.37103206778407083     
 -0.37063996964631696     
 -0.37123928616648344     
 -0.37284863326058332     
 -0.37548660480599350     
 -0.37917132981373258     
 -0.38392100677214736     
 -0.38975341123331247     
 -0.39668646692039206     
 -0.40473775469805051     
 -0.41392485886830599     
 -0.42426535658733211     
 -0.43577675690430412     
 -0.44847646536916574     
 -0.46238199634716254     
 -0.47751098122140267     
 -0.49388067721531570     
 -0.51150843787235589     
 -0.53041194206918785     
 -0.55060891179671023     
 -0.57211663817265757     
 -0.66007978729122929     
 -0.65640703891630281     
 -0.64836430908898834     
 -0.63758146645041947     
 -0.62503404989457856     
 -0.61134731178566581     
 -0.59694511897496205     
 -0.58212794472040708     
 -0.56711740111471831     
 -0.55208169581181854     
 -0.53715221905175270     
 -0.52243392837485625     
 -0.50801251240707523     
 -0.49395946163110072     
 -0.48033480277556939     
 -0.46719047305579742     
 -0.45457126167811346     
 -0.44251672391415747     
 -0.43106221855275328     
 -0.42023970612694284     
 -0.41007792242792590     
 -0.40060347453003975     
 -0.39184100929572746     
 -0.38381343103908361     
 -0.37654228404046997     
 -0.37004806811916890     
 -0.36435012337602585     
 -0.35946698517668679     
 -0.35541670016894916     
 -0.35221652851076318     
 -0.34988331842021497     
 -0.34843343051997283     
 -0.34788273002168962     
 -0.34824707940052529     
 -0.34954183826393398     
 -0.35178235015961973     
 -0.35498362291063901     
 -0.35916060187499793     
 -0.36432801925622926     
 -0.37050068299209299     
 -0.37769309074162671     
 -0.38591996296491504     
 -0.39519580811398491     
 -0.40553512100369865     
 -0.41695242858035214     
 -0.42946231095235315     
 -0.44307910794675887     
 -0.45781751745366167     
 -0.47369215204340004     
 -0.49071752635381094     
 -0.66264758523649980     
 -0.65897667825463213     
 -0.65092935152696840     
 -0.64012335911728269     
 -0.62752402559042486     
 -0.61374889184755310     
 -0.59921560356842085     
 -0.58422014049727011     
 -0.56897991785777502     
 -0.55365967368082525     
 -0.53838776228999952     
 -0.52326631307714244     
 -0.50837836924493396     
 -0.49379256152318157     
 -0.47956659815973557     
 -0.46574964637248634     
 -0.45238416620490723     
 -0.43950716624662517     
 -0.42715137760787736     
 -0.41534617903930832     
 -0.40411782470028629     
 -0.39349036334921195     
 -0.38348563920878204     
 -0.37412403850037029     
 -0.36542436036449144     
 -0.35740430559397596     
 -0.35008062979279631     
 -0.34346903908398241     
 -0.33758467812810000     
 -0.33244208335242265     
 -0.32805518331669969     
 -0.32443750067938276     
 -0.32160198262077744     
 -0.31956153343770921     
 -0.31832864803191574     
 -0.31791555777548514     
 -0.31833448965026490     
 -0.31959716631931401     
 -0.32171546207446394     
 -0.32470099006224135     
 -0.32856542353822954     
 -0.33332015242106494     
 -0.33897671968945575     
 -0.34554669022089307     
 -0.35304128586878480     
 -0.36147189751512715     
 -0.37084999664061380     
 -0.38118693233304801     
 -0.39249422629054470     
 -0.40478331375649795     
 -0.66543910241762516     
 -0.66177191521531598     
 -0.65372367621671679     
 -0.64289823688544512     
 -0.63024983132704215     
 -0.61638726592704396     
 -0.60172194042129956     
 -0.58654456643045982     
 -0.57106832926837980     
 -0.55545434331930976     
 -0.53982764311792808     
 -0.52428742118460081     
 -0.50891384982162091     
 -0.49377286576758433     
 -0.47891951493174201     
 -0.46440039214481843     
 -0.45025527782380698     
 -0.43651868587195181     
 -0.42322057786854872     
 -0.41038775112663545     
 -0.39804374649223206     
 -0.38621002202421434     
 -0.37490565054497971     
 -0.36414823200257251     
 -0.35395387226873953     
 -0.34433739907813798     
 -0.33531271107294358     
 -0.32689267563973839     
 -0.31908956078885536     
 -0.31191495035514233     
 -0.30537982812900516     
 -0.29949462208347399     
 -0.29426942437522929     
 -0.28971409701950684     
 -0.28583797851121973     
 -0.28265028726437047     
 -0.28016002720670929     
 -0.27837596346577409     
 -0.27730670705484151     
 -0.27696084781582975     
 -0.27734671206513950     
 -0.27847268535589442     
 -0.28034703084753948     
 -0.28297792393550297     
 -0.28637365001131188     
 -0.29054216338279776     
 -0.29549171656127121     
 -0.30123048054579810     
 -0.30776657200501190     
 -0.31510818500530841     
 -0.66845400934079724     
 -0.66479288125571068     
 -0.65674836723066743     
 -0.64590860538808037     
 -0.63321553027942590     
 -0.61926875440393669     
 -0.60447272840294664     
 -0.58911259597035348     
 -0.57339714015955912     
 -0.55748358579700785     
 -0.54149364119300591     
 -0.52552334958037450     
 -0.50965014150374999     
 -0.49393688917662126     
 -0.47843618655298648     
 -0.46319163035426958     
 -0.44824057682191709     
 -0.43361482812666335     
 -0.41934176830015657     
 -0.40544530930360795     
 -0.39194639254165964     
 -0.37886367871213733     
 -0.36621343001760487     
 -0.35401053943967947     
 -0.34226820688665577     
 -0.33099840045863566     
 -0.32021216120841700     
 -0.30991943398315674     
 -0.30012948917124960     
 -0.29085079195330182     
 -0.28209149202055411     
 -0.27385889028580312     
 -0.26615998453103062     
 -0.25900147402452278     
 -0.25238969935510419     
 -0.24633061595031813     
 -0.24083005340300701     
 -0.23589355698008707     
 -0.23152654695728775     
 -0.22773436997911764     
 -0.22452209537197676     
 -0.22189483523881873     
 -0.21985744410561295     
 -0.21841486999799800     
 -0.21757203782407314     
 -0.21733367282700916     
 -0.21770456471558128     
 -0.21868960115387567     
 -0.22029340797128352     
 -0.22252089742878206     
 -0.67169201789508937     
 -0.66803974051857329     
 -0.66000446095906673     
 -0.64915692293072547     
 -0.63642544191924588     
 -0.62239973447020080     
 -0.60747674000550644     
 -0.59193584951580636     
 -0.57598119714313778     
 -0.55976600466307236     
 -0.54340843222213409     
 -0.52700146336237852     
 -0.51061947446938560     
 -0.49432249638762954     
 -0.47816035630813947     
 -0.46217401217226212     
 -0.44639818445367002     
 -0.43086173322734150     
 -0.41558953934193349     
 -0.40060281219538602     
 -0.38591970288977556     
 -0.37155608928011502     
 -0.35752545255654206     
 -0.34383986533009947     
 -0.33050970861352863     
 -0.31754401328973336     
 -0.30495074885837958     
 -0.29273716246354509     
 -0.28090938293922851     
 -0.26947286127693099     
 -0.25843262569462178     
 -0.24779295926670505     
 -0.23755777497972363     
 -0.22773057381146045     
 -0.21831447590298705     
 -0.20931232150786644     
 -0.20072659079575542     
 -0.19255967230422974     
 -0.18481374380169591     
 -0.17749068030938714     
 -0.17059234720486960     
 -0.16412048603627902     
 -0.15807665132938920     
 -0.15246242451875935     
 -0.14727924976262455     
 -0.14252846234399169     
 -0.13821152780347251     
 -0.13432977096994925     
 -0.13088452640088552     
 -0.12787712187096703     
 -0.67515248198383371     
 -0.67151234463792309     
 -0.66349290918012782     
 -0.65264556671604768     
 -0.63988374865341624     
 -0.62578657886520117     
 -0.61074298557901152     
 -0.59502643172990788     
 -0.57883593174947523     
 -0.56232075189826425     
 -0.54559538259165119     
 -0.52874970610191485     
 -0.51185500009765228     
 -0.49496860607464976     
 -0.47813740997913001     
 -0.46139973541013191     
 -0.44478756377484135     
 -0.42832717108679697     
 -0.41204068050084619     
 -0.39594658450242209     
 -0.38006027505259138     
 -0.36439497254363012     
 -0.34896130898143196     
 -0.33376856633417196     
 -0.31882420925834265     
 -0.30413446926690618     
 -0.28970447908877200     
 -0.27553826826965261     
 -0.26163919742731595     
 -0.24800957796912471     
 -0.23465141661570324     
 -0.22156588466918620     
 -0.20875377293517336     
 -0.19621542307790699     
 -0.18395077189471129     
 -0.17195940352920433     
 -0.16024060635917292     
 -0.14879352086604472     
 -0.13761698478195947     
 -0.12670956808424708     
 -0.11606978143099581     
 -0.10569598313073250     
  -9.5586407751360236E-002
  -8.5739184855030043E-002
  -7.6152326086888350E-002
  -6.6823844328054535E-002
  -5.7751650710308113E-002
  -4.8933623163694887E-002
  -4.0367634770709517E-002
  -3.2051534774333972E-002
 -0.67883477613040011     
 -0.67521047573549842     
 -0.66721461317192510     
 -0.65637690487567757     
 -0.64359479258046204     
 -0.62943593867450276     
 -0.61428079220881782     
 -0.59839651759495660     
 -0.58197683935948641     
 -0.56516712756835807     
 -0.54807823002183864     
 -0.53079663066657190     
 -0.51339072853996315     
 -0.49591492220321554     
 -0.47841346151380282     
 -0.46092195388698581     
 -0.44346965066479987     
 -0.42608022765637837     
 -0.40877314748785615     
 -0.39156427989517767     
 -0.37446636893360108     
 -0.35748983489258640     
 -0.34064259901559052     
 -0.32393114462826639     
 -0.30736021956187470     
 -0.29093309612843088     
 -0.27465211434939130     
 -0.25851838767040880     
 -0.24253220743436821     
 -0.22669302201497607     
 -0.21099979784277800     
 -0.19545055532701211     
 -0.18004307474955911     
 -0.16477451520158515     
 -0.14964165388775055     
 -0.13464095519376712     
 -0.11976846387524390     
 -0.10502000717966485     
  -9.0391125043008475E-002
  -7.5877198008689389E-002
  -6.1473381681166110E-002
  -4.7174635956665760E-002
  -3.2975829632468805E-002
  -1.8871707665047078E-002
  -4.8568994005421581E-003
   9.0740391119502710E-003
   2.2926627835211606E-002
   3.6706442330129943E-002
   5.0419110679071642E-002
   6.4070265382765779E-002
 -0.68273788570452032     
 -0.67913361788417981     
 -0.67117021397062060     
 -0.66035317275953032     
 -0.64756281384318903     
 -0.63335434164091797     
 -0.61809926281294925     
 -0.60205826177273580     
 -0.58541985793084728     
 -0.56832500468085512     
 -0.55088104546865324     
 -0.53317123743270056     
 -0.51526091185330547     
 -0.49720177361182316     
 -0.47903522830040868     
 -0.46079443891353766     
 -0.44250592412263196     
 -0.42419081661035224     
 -0.40586603963337714     
 -0.38754477038960866     
 -0.36923728997468236     
 -0.35095124575280850     
 -0.33269205524198581     
 -0.31446340135625978     
 -0.29626730061177098     
 -0.27810431158986981     
 -0.25997390453520608     
 -0.24187433641179928     
 -0.22380315912833884     
 -0.20575673448378909     
 -0.18773112973888958     
 -0.16972149832460209     
 -0.15172237905475325     
 -0.13372803315031376     
 -0.11573206521327664     
  -9.7727789100008011E-002
  -7.9708143387519539E-002
  -6.1665730963945918E-002
  -4.3592914000189810E-002
  -2.5481753393770776E-002
  -7.3241440596661586E-003
   1.0888215817606154E-002
   2.9163805785966980E-002
   4.7511239256401654E-002
   6.5939248385981392E-002
   8.4456651590750845E-002
  0.10307241132441620     
  0.12179549620314792     
  0.14063496709206211     
  0.15959994258763940     
 -0.68686056944399776     
 -0.68328113008836189     
 -0.67536009644991135     
 -0.66457658671392128     
 -0.65179184856420336     
 -0.63754811452820337     
 -0.62220766485502355     
 -0.60602401859866672     
 -0.58918063168922175     
 -0.57181407812988705     
 -0.55402803014858937     
 -0.53590251110044707     
 -0.51749999135963198     
 -0.49886947616789379     
 -0.48004970178999301     
 -0.46107119324140083     
 -0.44195804883852030     
 -0.42272891386438549     
 -0.40339830742049493     
 -0.38397691454362465     
 -0.36447237675565075     
 -0.34488993213823793     
 -0.32523246339532386     
 -0.30550098317891128     
 -0.28569492624125442     
 -0.26581221396892646     
 -0.24584961111347561     
 -0.22580270806319891     
 -0.20566611251836414     
 -0.18543358928951065     
 -0.16509819469684103     
 -0.14465223481971640     
 -0.12408743743289147     
 -0.10339491532078032     
  -8.2565378975581263E-002
  -6.1589121217162521E-002
  -4.0455965824981933E-002
  -1.9155444203707125E-002
   2.3232389628280864E-003
   2.3991154985792969E-002
   4.5859609639100844E-002
   6.7940132151653967E-002
   9.0244444183110811E-002
  0.11278442320889172     
  0.13557212778259006     
  0.15861963939494936     
  0.18193926621677223     
  0.20554332660145899     
  0.22944428745841694     
  0.25365463309446157     
 -0.69120131368449178     
 -0.68765195986972927     
 -0.67978454264389054     
 -0.66904886286483278     
 -0.65628580655187307     
 -0.64202363103755422     
 -0.62661492379942751     
 -0.61030602236710851     
 -0.59327497417964903     
 -0.57565403841380647     
 -0.55754326195103898     
 -0.53901951770415579     
 -0.52014239144203755     
 -0.50095829736221109     
 -0.48150340389643997     
 -0.46180593302720108     
 -0.44188739489490730     
 -0.42176429898920981     
 -0.40144869996075450     
 -0.38094888970668611     
 -0.36027033198352565     
 -0.33941570803830562     
 -0.31838553515122314     
 -0.29717839304803728     
 -0.27579129987496459     
 -0.25421958029497949     
 -0.23245745535411302     
 -0.21049793542249665     
 -0.18833306508403502     
 -0.16595391063307641     
 -0.14335074813194074     
 -0.12051321935851596     
  -9.7430218849079472E-002
  -7.4090091380294654E-002
  -5.0480658186588166E-002
  -2.6589273368215267E-002
  -2.4028606565922638E-003
   2.2092026597439272E-002
   4.6909200024336462E-002
   7.2062749840711773E-002
   9.7567051545650915E-002
  0.12343675168898802     
  0.14968670628661734     
  0.17633191892844871     
  0.20338761782272355     
  0.23086919966910618     
  0.25879208731242770     
  0.28717193456510981     
  0.31602424405738960     
  0.34536510465203285     
 -0.69575828398099382     
 -0.69224495476014469     
 -0.68444351277791993     
 -0.67377168195358339     
 -0.66104827636271357     
 -0.64678692059487597     
 -0.63132980735468913     
 -0.61491609958816185     
 -0.59771823679263203     
 -0.57986419018893576     
 -0.56145041511578564     
 -0.54255068665578898     
 -0.52322196353531925     
 -0.50350790468042572     
 -0.48344264069538861     
 -0.46305175071081589     
 -0.44235466074566432     
 -0.42136571941737427     
 -0.40009476702401447     
 -0.37854795726957891     
 -0.35672844532480064     
 -0.33463676270961956     
 -0.31227114360638902     
 -0.28962804016890414     
 -0.26670199873485012     
 -0.24348613818444531     
 -0.21997223458312787     
 -0.19615094418480739     
 -0.17201177619179917     
 -0.14754337294583419     
 -0.12273350235980336     
  -9.7569151607727819E-002
  -7.2036661942756527E-002
  -4.6121728892066963E-002
  -1.9809458442516373E-002
   6.9155178581599515E-003
   3.4069046686883465E-002
   6.1667390246727405E-002
   8.9727192958512558E-002
  0.11826543937203075     
  0.14729942111531247     
  0.17684673894626829     
  0.20692512676509023     
  0.23755270238442122     
  0.26874776313481835     
  0.30052859714720803     
  0.33291383212921333     
  0.36592224139347324     
  0.39957255098877892     
  0.43388378975233083     
 -0.70052930996878005     
 -0.69705836363831486     
 -0.68933658472347192     
 -0.67874621410971336     
 -0.66608270404070657     
 -0.65184372041877148     
 -0.63636091830644637     
 -0.61986589620056209     
 -0.60252551486801764     
 -0.58446354515992704     
 -0.56577279041398876     
 -0.54652417750341531     
 -0.52677185845392005     
 -0.50655735679148306     
 -0.48591242007787466     
 -0.46486058931011343     
 -0.44341926155322831     
 -0.42160055090547927     
 -0.39941248429366266     
 -0.37685913108858848     
 -0.35394171449300171     
 -0.33065869077970822     
 -0.30700633966467128     
 -0.28297893862690865     
 -0.25856905024911220     
 -0.23376759438761777     
 -0.20856420639518949     
 -0.18294733714346184     
 -0.15690425531308097     
 -0.13042132585436264     
 -0.10348401157431174     
  -7.6076951487947020E-002
  -4.8184031234554420E-002
  -1.9788526316268384E-002
   9.1269337298793482E-003
   3.8580255428242990E-002
   6.8589850792377977E-002
   9.9174592762274902E-002
  0.13035378143421261     
  0.16214703952047815     
  0.19457450202922377     
  0.22765635233234080     
  0.26141331131581141     
  0.29586617328488601     
  0.33103602507178465     
  0.36694432324172449     
  0.40361231403247666     
  0.44106179993200051     
  0.47931456923431376     
  0.51839261865839370     
 -0.70551181538574625     
 -0.70209028792220463     
 -0.69446312111308994     
 -0.68397364758848311     
 -0.67139204534794605     
 -0.65719942345180149     
 -0.64171630311332828     
 -0.62516653440106262     
 -0.60771144385458986     
 -0.58947042619055423     
 -0.57053300217576475     
 -0.55096718573354042     
 -0.53082464303841037     
 -0.51014469381439231     
 -0.48895702094655397     
 -0.46728310878881146     
 -0.44513874178871954     
 -0.42253418241879193     
 -0.39947544095968995     
 -0.37596500108465181     
 -0.35200219865409876     
 -0.32758374993918227     
 -0.30270419087872485     
 -0.27735580400643361     
 -0.25152945173406693     
 -0.22521409533228676     
 -0.19839743162602899     
 -0.17106594622274196     
 -0.14320497674357099     
 -0.11479877362523923     
  -8.5830765534319689E-002
  -5.6283428402250396E-002
  -2.6138552703629515E-002
   4.6228376018497804E-003
   3.6020339818874217E-002
   6.8074161311884401E-002
  0.10080504654301257     
  0.13423427033590152     
  0.16838348009788859     
  0.20327484102734691     
  0.23893091228269356     
  0.27537449812664172     
  0.31262877074648526     
  0.35071720140428747     
  0.38966358295550590     
  0.42949183672532670     
  0.47022616019852159     
  0.51189104728121326     
  0.55451089830513256     
  0.59811057982044602     
 -0.71070271441426391     
 -0.70733832421781795     
 -0.69982185396276142     
 -0.68945443009791663     
 -0.67697904218714677     
 -0.66285911069757730     
 -0.64740365222755869     
 -0.63082869444705914     
 -0.61328999278082175     
 -0.59490259231958698     
 -0.57575286891949673     
 -0.55590598259727664     
 -0.53541133695241938     
 -0.51430636461288615     
 -0.49261861765397219     
 -0.47036813463926019     
 -0.44756884144237125     
 -0.42422951500552836     
 -0.40035456028813565     
 -0.37594491923122930     
 -0.35099833458327162     
 -0.32551013944657009     
 -0.29947319778253556     
 -0.27287826055693426     
 -0.24571442066013799     
 -0.21796918526460166     
 -0.18962864093076190     
 -0.16067747521330641     
 -0.13109929087521113     
 -0.10087664531217866     
  -6.9991099746607568E-002
  -3.8423340397037813E-002
  -6.1532192701344050E-003
   2.6840152610219704E-002
   6.0578354843769604E-002
   9.5083622226482548E-002
  0.13037875025764781     
  0.16648707030901250     
  0.20343253848427095     
  0.24123934719162357     
  0.27993240440550682     
  0.31953675345258137     
  0.36007785846377283     
  0.40158160179825414     
  0.44407410397625841     
  0.48758184936203280     
  0.53213140335302112     
  0.57774962601754920     
  0.62446371149716307     
  0.67230093780861711     
 -0.71609859152709010     
 -0.71279958465242255     
 -0.70541130427189369     
 -0.69518888889456520     
 -0.68284580370341597     
 -0.66882716017849464     
 -0.65343003114560150     
 -0.63686239958059399     
 -0.61927433875184146     
 -0.60077681015920925     
 -0.58145306303892974     
 -0.56136561421456233     
 -0.54056185863000106     
 -0.51907727687904293     
 -0.49693785401041768     
 -0.47416212653168732     
 -0.45076252980360981     
 -0.42674657295986707     
 -0.40211730624182879     
 -0.37687442186860221     
 -0.35101433750240446     
 -0.32453109769317412     
 -0.29741628735754538     
 -0.26965936332254165     
 -0.24124814897873656     
 -0.21216875616900580     
 -0.18240593821657941     
 -0.15194298204025011     
 -0.12076205578008806     
  -8.8844270527013269E-002
  -5.6169657026151266E-002
  -2.2717363265333811E-002
   1.1534346848829671E-002
   4.6607975871040090E-002
   8.2526805777233189E-002
  0.11931473814888451     
  0.15699640170614806     
  0.19559694303581690     
  0.23514209849845763     
  0.27565804524468362     
  0.31717157350183811     
  0.35970965313027409     
  0.40329997700623355     
  0.44797040501099894     
  0.49374918919671235     
  0.54066505295957801     
  0.58874659732338119     
  0.63802311853884097     
  0.68852363657898918     
  0.74027804205573178     
 -0.72169549638465891     
 -0.71847078314207891     
 -0.71122956822983008     
 -0.70117656794008043     
 -0.68899408240907034     
 -0.67510760880995535     
 -0.65980198997475359     
 -0.64327684345323977     
 -0.62567679388866437     
 -0.60710883500581836     
 -0.58765317854746446     
 -0.56736987680760576     
 -0.54630435057143234     
 -0.52449060872134312     
 -0.50195303322229246     
 -0.47870906105616018     
 -0.45477004594898029     
 -0.43014209856330193     
 -0.40482742876978928     
 -0.37882463954068712     
 -0.35212921151284554     
 -0.32473419002508602     
 -0.29663009224873738     
 -0.26780539129205766     
 -0.23824694623394124     
 -0.20793981693659752     
 -0.17686768026551716     
 -0.14501278652725519     
 -0.11235618233145009     
  -7.8877825251789893E-002
  -4.4556581131849980E-002
  -9.3703734648194533E-003
   2.6703789837022700E-002
   6.3689701492465334E-002
  0.10161199778524586     
  0.14049592670743247     
  0.18036763192835334     
  0.22125366124877757     
  0.26318134327809023     
  0.30617846934922072     
  0.35027328930568774     
  0.39549471998265856     
  0.44187195082799591     
  0.48943461930734250     
  0.53821291966006413     
  0.58823721827532938     
  0.63953834679897670     
  0.69214715939259086     
  0.74609505100587825     
  0.80141366348532062     
 -0.72748889073380407     
 -0.72434804202762226     
 -0.71727407176187707     
 -0.70741685742076943     
 -0.69542500930054574     
 -0.68170380048555668     
 -0.66652518124628268     
 -0.65008051349686824     
 -0.63250900868387361     
 -0.61391352348952832     
 -0.59437150751552359     
 -0.57394083949851638     
 -0.55266523614190988     
 -0.53057726137024086     
 -0.50770013135391634     
 -0.48405035553645392     
 -0.45963821269253863     
 -0.43446916096715671     
 -0.40854452387379231     
 -0.38186213059448482     
 -0.35441688634082247     
 -0.32620096952205468     
 -0.29720435028754222     
 -0.26741484245052655     
 -0.23681851840345813     
 -0.20539975983827605     
 -0.17314149346466937     
 -0.14002528527939098     
 -0.10603141622085370     
  -7.1139008047801031E-002
  -3.5326115622304026E-002
   1.4301993317701355E-003
   3.9153822111272871E-002
   7.7869501418489570E-002
  0.11760280680420508     
  0.15838014909300649     
  0.20022859244015095     
  0.24317590995254557     
  0.28725059759845428     
  0.33248159285368056     
  0.37889855622973939     
  0.42653162737490918     
  0.47541142805955938     
  0.52556905307754975     
  0.57703620436703784     
  0.62984450863066732     
  0.68402658333371902     
  0.73961491040022898     
  0.79664263532815238     
  0.85514280046314872     
 -0.73347355443973905     
 -0.73042700656129156     
 -0.72354192146125440     
 -0.71390842821864142     
 -0.70213922940832096     
 -0.68861836734892279     
 -0.67360470940932782     
 -0.65728109482982988     
 -0.63978121344331818     
 -0.62120420084180683     
 -0.60162480970085008     
 -0.58109896972058594     
 -0.55966890117418866     
 -0.53736590472560530     
 -0.51421238648407663     
 -0.49022398312716337     
 -0.46541045146816801     
 -0.43977651446320176     
 -0.41332319852601490     
 -0.38604787953761710     
 -0.35794494650988684     
 -0.32900623777493720     
 -0.29922132024202863     
 -0.26857769641824220     
 -0.23706105890759768     
 -0.20465543662899705     
 -0.17134333234731564     
 -0.13710599842289953     
 -0.10192326206563632     
  -6.5773828999473066E-002
  -2.8635302283798507E-002
   9.5157447507645092E-003
   4.8703728473478210E-002
   8.8953938625550677E-002
  0.13029259859768916     
  0.17274680935362363     
  0.21634417551026758     
  0.26111333006353327     
  0.30708343417484696     
  0.35428448140400304     
  0.40274690659509915     
  0.45250172394214988     
  0.50358066871730589     
  0.55601605592035475     
  0.60984034050597424     
  0.66508659406725634     
  0.72178854343182042     
  0.77997993320534831     
  0.83969529410703725     
  0.90096890041497890     
 -0.73964381536367807     
 -0.73670261984756225     
 -0.73002944592376873     
 -0.72064930128580407     
 -0.70913680358852393     
 -0.69585346961104144     
 -0.68104483616113209     
 -0.66488516220391347     
 -0.64750266226045461     
 -0.62899310074775794     
 -0.60942838529993459     
 -0.58886288036690260     
 -0.56733756827176740     
 -0.54488269423624258     
 -0.52151999011277383     
 -0.49726473242301444     
 -0.47212610736508903     
 -0.44610882407078634     
 -0.41921350661572576     
 -0.39143741066460325     
 -0.36277481801659001     
 -0.33321758730782708     
 -0.30275510802897154     
 -0.27137494264645234     
 -0.23906273422124077     
 -0.20580250273492870     
 -0.17157675375210513     
 -0.13636668498340931     
 -0.10015211070138130     
  -6.2911670046243554E-002
  -2.4622919687345743E-002
   1.4737687056194926E-002
   5.5194687923293677E-002
   9.6773561012147430E-002
  0.13950066371002143     
  0.18340332735723938     
  0.22850954326374220     
  0.27484826638819732     
  0.32244896328912198     
  0.37134211327992334     
  0.42155861582639698     
  0.47313020310456155     
  0.52608903199556378     
  0.58046807955484692     
  0.63630063221874877     
  0.69362060785571822     
  0.75246223798214262     
  0.81286065860345824     
  0.87485082578962736     
  0.93846844885354597     
 -0.74599327981640817     
 -0.74316935902829773     
 -0.73673258764587268     
 -0.72763714634930310     
 -0.71641693449226329     
 -0.70341031567833201     
 -0.68884881101547724     
 -0.67289827655665657     
 -0.65568153084133074     
 -0.63729083708750311     
 -0.61779582058728888     
 -0.59724920740384624     
 -0.57569107453362323     
 -0.55315096582285861     
 -0.52965025597677029     
 -0.50520378410404720     
 -0.47982078544728207     
 -0.45350588637929712     
 -0.42625992480738828     
 -0.39808015399272084     
 -0.36896117463931655     
 -0.33889497689682224     
 -0.30787135962310846     
 -0.27587802634635689     
 -0.24290107547285208     
 -0.20892488750600341     
 -0.17393226586275159     
 -0.13790469786456405     
 -0.10082242605634581     
  -6.2664413981906086E-002
  -2.3408524795276640E-002
   1.6968456207341113E-002
   5.8490796315000253E-002
  0.10118369499505078     
  0.14507335781795777     
  0.19018686092189446     
  0.23655212950951163     
  0.28419790941099965     
  0.33315374696471756     
  0.38345002440769566     
  0.43511784062483105     
  0.48818890788508656     
  0.54269574374192087     
  0.59867124078206679     
  0.65614940776862063     
  0.71516420181426421     
  0.77575060095667703     
  0.83794391850971151     
  0.90177997966559875     
  0.96729488340399572     
 -0.75251480413138705     
 -0.74982097818311955     
 -0.74364657106046639     
 -0.73486881212060795     
 -0.72397843545667884     
 -0.71128944847790898     
 -0.69701918339579916     
 -0.68132512525208511     
 -0.66432459032071889     
 -0.64610652900920007     
 -0.62673863530484319     
 -0.60627236642196114     
 -0.58474693679456169     
 -0.56219138288571191     
 -0.53862696271398891     
 -0.51406855026060361     
 -0.48852546519155066     
 -0.46200271926424025     
 -0.43450139440641128     
 -0.40601925507753539     
 -0.37655142866697749     
 -0.34609046311075814     
 -0.31462670792045633     
 -0.28214852716389227     
 -0.24864273695342545     
 -0.21409429560597570     
 -0.17848680090316746     
 -0.14180245540096728     
 -0.10402223179668028     
  -6.5125822830210317E-002
  -2.5091818224608903E-002
   1.6102265642416725E-002
   5.8479981682795119E-002
  0.10206588715616512     
  0.14688547511604633     
  0.19296515601291714     
  0.24033230446687009     
  0.28901527903740887     
  0.33904294861515261     
  0.39044535568568128     
  0.44325315025299072     
  0.49749769564375956     
  0.55321132546088625     
  0.61042676763540460     
  0.66917758396655347     
  0.72949826388403394     
  0.79142309604149796     
  0.85498792399501045     
  0.92022863051877068     
  0.98718179665524253     
 -0.75920048145017860     
 -0.75665053291904361     
 -0.75076604952250692     
 -0.74234056996949838     
 -0.73181912891296608     
 -0.71949058570035362     
 -0.70555744021547784     
 -0.69016890497020134     
 -0.67343697524009871     
 -0.65544771270193036     
 -0.63626685478284872     
 -0.61594469316340494     
 -0.59451998052685684     
 -0.57202156754580513     
 -0.54847070070081128     
 -0.52388252320845463     
 -0.49826689786462114     
 -0.47162920934933855     
 -0.44397123348826839     
 -0.41529155218146069     
 -0.38558602976429024     
 -0.35484806416262377     
 -0.32306889843148479     
 -0.29023793894186745     
 -0.25634297328722211     
 -0.22136992435245034     
 -0.18530352946629944     
 -0.14812712296158415     
 -0.10982269567927043     
  -7.0371157177598967E-002
  -2.9752199456880703E-002
   1.2055513738004321E-002
   5.5074412749951257E-002
   9.9327903681595595E-002
  0.14484039981526714     
  0.19163723140449618     
  0.23974478424416681     
  0.28919020732685019     
  0.34000167553029270     
  0.39220808244851402     
  0.44583928291012748     
  0.50092594889301023     
  0.55749957490295576     
  0.61559231990333052     
  0.67523714229476606     
  0.73646781602811806     
  0.79931855840046007     
  0.86382445467999280     
  0.93002135630319605     
  0.99794539823721928     
 -0.76604148683478601     
 -0.76365031074375533     
 -0.75808495874966819     
 -0.75004808480772989     
 -0.73993648395070244     
 -0.72801249806684487     
 -0.71446391390695152     
 -0.69943170846095404     
 -0.68302280817981165     
 -0.66532032538810626     
 -0.64638825360051433     
 -0.62627623102133467     
 -0.60502247335535742     
 -0.58265604726203080     
 -0.55919844623829440     
 -0.53466524706404917     
 -0.50906700187876253     
 -0.48240999223031766     
 -0.45469688512400336     
 -0.42592717621405374     
 -0.39609781753642487     
 -0.36520334213004085     
 -0.33323636189249545     
 -0.30018738753377250     
 -0.26604556368348697     
 -0.23079827880031850     
 -0.19443158621678605     
 -0.15693031343621675     
 -0.11827796077632904     
  -7.8456950820906785E-002
  -3.7448516470491307E-002
   4.7671233326839575E-003
   4.8210835870004305E-002
   9.2904461504325742E-002
  0.13887082495152142     
  0.18613380584877404     
  0.23471823972000097     
  0.28464976443643814     
  0.33595493864411763     
  0.38866148660117761     
  0.44279781731616452     
  0.49839339963836848     
  0.55547824745219743     
  0.61408373897954227     
  0.67424150856376064     
  0.73598435236256099     
  0.79934577592508449     
  0.86435969892546061     
  0.93106132664077912     
  0.99948621337005372     
 -0.77302828399526591     
 -0.77081192133744036     
 -0.76559651318468014     
 -0.75798639887031971     
 -0.74832694916968256     
 -0.73685325556357384     
 -0.72373830891953694     
 -0.70911464887418163     
 -0.69308463730033021     
 -0.67572845652639990     
 -0.65710878012241059     
 -0.63727462537622126     
 -0.61626399825894540     
 -0.59410623545281060     
 -0.57082357432100839     
 -0.54643210143816678     
 -0.52094337425439885     
 -0.49436457722224791     
 -0.46669976756781029     
 -0.43794949419547990     
 -0.40811214204682583     
 -0.37718366630100714     
 -0.34515805389343218     
 -0.31202757744107973     
 -0.27778291007086658     
 -0.24241309797345584     
 -0.20590602009230830     
 -0.16824821970925591     
 -0.12942511011867738     
  -8.9421019089022544E-002
  -4.8219108651115172E-002
  -5.8015449200685271E-003
   3.7850547660054398E-002
   8.2757008417006561E-002
  0.12893867108680371     
  0.17641735547519674     
  0.22521590452178178     
  0.27535803773787726     
  0.32686837542809216     
  0.37977259164652094     
  0.43409733613300039     
  0.48987022011464693     
  0.54711974702877053     
  0.60587499187276539     
  0.66616677782254041     
  0.72802587849931255     
  0.79148454910977017     
  0.85657549879690020     
  0.92333239047751547     
  0.99179000218756397     
 -0.78014995159753953     
 -0.77812612438470807     
 -0.77329351080531339     
 -0.76614984829954902     
 -0.75698628695417902     
 -0.74600995234959466     
 -0.73337889561128489     
 -0.71921743558861595     
 -0.70362344140716027     
 -0.68667460220574583     
 -0.66843217883386696     
 -0.64894501666156801     
 -0.62825120197606810     
 -0.60638043179065149     
 -0.58335569092802719     
 -0.55919416505015529     
 -0.53390844729340925     
 -0.50750706979585747     
 -0.47999527795164337     
 -0.45137530528213177     
 -0.42164692983342361     
 -0.39080784699888838     
 -0.35885384894149491     
 -0.32577898478322193     
 -0.29157585892106941     
 -0.25623554137187543     
 -0.21974788845387688     
 -0.18210165950573484     
 -0.14328441073812481     
 -0.10328272936085151     
  -6.2082087761471734E-002
  -1.9666998420463579E-002
   2.3979004246244728E-002
   6.8873337195283116E-002
  0.11503438787303526     
  0.16248150310002607     
  0.21123498763571724     
  0.26131612580349539     
  0.31274720623824281     
  0.36555129948293591     
  0.41975269787599973     
  0.47537666642194754     
  0.53244935927070391     
  0.59099784539728406     
  0.65105050123172226     
  0.71263649893879155     
  0.77578577042561048     
  0.84052919184857466     
  0.90689904318882852     
  0.97492789133889213     
 -0.78739499734382290     
 -0.78558289868220954     
 -0.78116796147674195     
 -0.77453206639063787     
 -0.76590954509897047     
 -0.75547879770004911     
 -0.74338302038527493     
 -0.72973847072816245     
 -0.71463877908717732     
 -0.69815914408628654     
 -0.68036026042265030     
 -0.66129032159501278     
 -0.64098795660256791     
 -0.61948349963111282     
 -0.59680098482237431     
 -0.57295856224507402     
 -0.54797030950890890     
 -0.52184619195958770     
 -0.49459297580843309     
 -0.46621456866918642     
 -0.43671254604423826     
 -0.40608645734546939     
 -0.37433423240541752     
 -0.34145186670469757     
 -0.30743409181067755     
 -0.27227433551703578     
 -0.23596476795704535     
 -0.19849652679006505     
 -0.15985969684885984     
 -0.12004341562670491     
  -7.9035819468373458E-002
  -3.6824152547766185E-002
   6.6052691060864161E-003
   5.1267049039618456E-002
   9.7176674991284503E-002
  0.14435054023003899     
  0.19280600776027362     
  0.24256140470109741     
  0.29363596542308706     
  0.34604991388213818     
  0.39982462817341646     
  0.45498234446216618     
  0.51154624152649497     
  0.56954103249695176     
  0.62899194335264230     
  0.68992583133334073     
  0.75236981357730726     
  0.81635286985705391     
  0.88190445849974131     
  0.94905571665204436     
 -0.79475046755619883     
 -0.79317136073711958     
 -0.78921112464869481     
 -0.78312616097002508     
 -0.77509099963538775     
 -0.76525510714547307     
 -0.75374692173471358     
 -0.74067492121016887     
 -0.72612852970021080     
 -0.71018112746097128     
 -0.69289242831668252     
 -0.67431069584308423     
 -0.65447525586143473     
 -0.63341721787178429     
 -0.61116167605106475     
 -0.58772816897385305     
 -0.56313228983219199     
 -0.53738547354276522     
 -0.51049630256109602     
 -0.48247060830983191     
 -0.45331204398136365     
 -0.42302211526253269     
 -0.39160082787415201     
 -0.35904657699456671     
 -0.32535645390232437     
 -0.29052637089861549     
 -0.25455097216119366     
 -0.21742425042571797     
 -0.17913892315557947     
 -0.13968705906177395     
  -9.9059708554242440E-002
  -5.7247191839707973E-002
  -1.4238963770893334E-002
   2.9976340275320104E-002
   7.5410932728939381E-002
  0.12207784269304602     
  0.16999105067276626     
  0.21916534883249025     
  0.26961656232099790     
  0.32136144627000507     
  0.37441776039113883     
  0.42880427034849172     
  0.48454089350184143     
  0.54164864964517123     
  0.60014973658273341     
  0.66006766658849236     
  0.72142655675405776     
  0.78425226678137283     
  0.84857148859564391     
  0.91441258293429106     
 -0.80220221841338291     
 -0.80087970279232168     
 -0.79741376512523610     
 -0.79192440242742113     
 -0.78452428434756227     
 -0.77533349761265691     
 -0.76446596761175711     
 -0.75202261851779306     
 -0.73808914850935103     
 -0.72273722319755285     
 -0.70602606151742864     
 -0.68800419121807077     
 -0.66871143304072089     
 -0.64818010898570799     
 -0.62643644141204036     
 -0.60350167072833916     
 -0.57939281880695481     
 -0.55412317445667736     
 -0.52770321278284471     
 -0.50014076347641268     
 -0.47144150951832831     
 -0.44160935786017752     
 -0.41064650371182465     
 -0.37855389965409691     
 -0.34533119654504185     
 -0.31097676504822380     
 -0.27548830564752197     
 -0.23886243103497509     
 -0.20109500373699829     
 -0.16218112300929077     
 -0.12211515882728512     
  -8.0890674673241389E-002
  -3.8500629266661812E-002
   5.0627950039584917E-003
   4.9808134458453668E-002
   9.5744662274872272E-002
  0.14288253486320845     
  0.19123263774742041     
  0.24080670677482338     
  0.29161756429955077     
  0.34367879719742411     
  0.39700518377303307     
  0.45161267922461684     
  0.50751827575836239     
  0.56474010178025857     
  0.62329761299051567     
  0.68321131051183626     
  0.74450362641801338     
  0.80719794459132488     
  0.87131865421942822     
 -0.80973457373756175     
 -0.80869541569188719     
 -0.80576589592977865     
 -0.80091865826093955     
 -0.79420216474347483     
 -0.78570749605495360     
 -0.77553418537128838     
 -0.76377603097555558     
 -0.75051556565505007     
 -0.73582285320113794     
 -0.71975664136263762     
 -0.70236615738604946     
 -0.68369187703807388     
 -0.66376745862139208     
 -0.64262050121098302     
 -0.62027367936707978     
 -0.59674596780194089     
 -0.57205238289258786     
 -0.54620561123848255     
 -0.51921552195269272     
 -0.49108992315872213     
 -0.46183517117188461     
 -0.43145596805406833     
 -0.39995560796218915     
 -0.36733651830552022     
 -0.33360001465345257     
 -0.29874648789751374     
 -0.26277566218904624     
 -0.22568660715785771     
 -0.18747771741938959     
 -0.14814673452821198     
 -0.10769086221214484     
  -6.6106725734761562E-002
  -2.3390371801059025E-002
   2.0462780751853864E-002
   6.5457892672922346E-002
  0.11160081880067742     
  0.15889816455243999     
  0.20735714753847861     
  0.25698600841959623     
  0.30779389467741908     
  0.35979075975527858     
  0.41298779561105975     
  0.46739738288665506     
  0.52303303528295064     
  0.57990951325584872     
  0.63804315306399750     
  0.69745168599842911     
  0.75815456641629320     
  0.82017219488393722     
 -0.81733020993069982     
 -0.81660499084340954     
 -0.81425691670434341     
 -0.81010008904062047     
 -0.80411700218143600     
 -0.79636984479738615     
 -0.78694467312693184     
 -0.77592862327561796     
 -0.76340113207250793     
 -0.74943116516897612     
 -0.73407740590638215     
 -0.71738960439352428     
 -0.69940936266260822     
 -0.68017141459359021     
 -0.65970511521607578     
 -0.63803488998516900     
 -0.61518132022967253     
 -0.59116163688618972     
 -0.56599034641386725     
 -0.53967971153357686     
 -0.51223991190421525     
 -0.48367940936716741     
 -0.45400573767186664     
 -0.42322468101536986     
 -0.39134139078242086     
 -0.35836008943843412     
 -0.32428420715912576     
 -0.28911657672574309     
 -0.25285944731231386     
 -0.21551475018000674     
 -0.17708372658848959     
 -0.13756736464478470     
  -9.6966158380826215E-002
  -5.5280212916825111E-002
  -1.2509179112946871E-002
   3.1347691035265489E-002
   7.6291682511807457E-002
  0.12232460950813659     
  0.16944892555068494     
  0.21766770266875671     
  0.26698492263609785     
  0.31740535201108089     
  0.36893475404759579     
  0.42158013227364383     
  0.47534968986786441     
  0.53025279624905497     
  0.58630054591968361     
  0.64350552725696286     
  0.70188199653005490     
  0.76144588897738075     
 -0.82497005134333301     
 -0.82459401535869181     
 -0.82287588736431350     
 -0.81945932307641078     
 -0.81426023584631069     
 -0.80731246779365284     
 -0.79868943029830752     
 -0.78847223488378249     
 -0.77673758906394619     
 -0.76355385528765063     
 -0.74897953856666766     
 -0.73306521939254610     
 -0.71585365762253561     
 -0.69738113651840650     
 -0.67767856861158626     
 -0.65677205908702474     
 -0.63468425996898670     
 -0.61143429752743061     
 -0.58703888274983729     
 -0.56151242635975218     
 -0.53486749554901281     
 -0.50711512982358731     
 -0.47826515127842417     
 -0.44832609371722904     
 -0.41730596526064523     
 -0.38521180947353401     
 -0.35204997783733760     
 -0.31782659910732325     
 -0.28254726871158958     
 -0.24621727548943936     
 -0.20884158802359956     
 -0.17042490748176614     
 -0.13097177890236894     
  -9.0486488001589399E-002
  -4.8973075024901315E-002
  -6.4353922326584045E-003
   3.7123001023359477E-002
   8.1698857116819762E-002
  0.12728940641222269     
  0.17389225560106500     
  0.22150562783098901     
  0.27012848554181168     
  0.31976064105327540     
  0.37040290718355362     
  0.42205725575078296     
  0.47472689318375705     
  0.52841680532887825     
  0.58313358195702880     
  0.63888532327765124     
  0.69568247178295195     
 -0.83263276996341973     
 -0.83264721006986120     
 -0.83161118836867765     
 -0.82898653239612263     
 -0.82462262651000151     
 -0.81852639400964833     
 -0.81075954159324803     
 -0.80139763005146936     
 -0.79051551140204701     
 -0.77818053906236295     
 -0.76445203565820530     
 -0.74938118869048764     
 -0.73301218502214094     
 -0.71538279935176141     
 -0.69652541756948905     
 -0.67646832462093021     
 -0.65523584758907794     
 -0.63284937326682467     
 -0.60932762266263152     
 -0.58468720662146512     
 -0.55894317465896337     
 -0.53210880853132558     
 -0.50419645546984537     
 -0.47521741457160038     
 -0.44518229056939596     
 -0.41410104313189999     
 -0.38198311602278584     
 -0.34883760574970463     
 -0.31467343490777483     
 -0.27949926416378174     
 -0.24332374201784501     
 -0.20615538165715913     
 -0.16800264605190207     
 -0.12887406690117961     
  -8.8778182107339731E-002
  -4.7723489700272251E-002
  -5.7185413948582188E-003
   3.7228212498646281E-002
   8.1108391065758734E-002
  0.12591386335225666     
  0.17163668206555946     
  0.21826951164061498     
  0.26580541276492703     
  0.31423838001386095     
  0.36356326904711067     
  0.41377627733539052     
  0.46487505375391491     
  0.51685894477016336     
  0.56972938053055355     
  0.62348971398031039     
 -0.84029464583149260     
 -0.84074861673525969     
 -0.84045103400609122     
 -0.83867152938496448     
 -0.83519460231055587     
 -0.83000209896366450     
 -0.82314497404579567     
 -0.81469441663520537     
 -0.80472359709745855     
 -0.79329957592559375     
 -0.78048219983849387     
 -0.76632356994421047     
 -0.75086968439092039     
 -0.73415949568421790     
 -0.71622729678236219     
 -0.69710321030837186     
 -0.67681357287178046     
 -0.65538165612093857     
 -0.63282840118326755     
 -0.60917262766590863     
 -0.58443148651212795     
 -0.55862088097042717     
 -0.53175557866693757     
 -0.50384935328316460     
 -0.47491538510836079     
 -0.44496641343670656     
 -0.41401478226433475     
 -0.38207265204982349     
 -0.34915207638484624     
 -0.31526501531323442     
 -0.28042355451410150     
 -0.24463993615391560     
 -0.20792648161239055     
 -0.17029588503206974     
 -0.13176102089690966     
  -9.2335077829375736E-002
  -5.2031570293033916E-002
  -1.0864195774653014E-002
   3.1153007414936429E-002
   7.4005827794707241E-002
  0.11768000875183489     
  0.16216124621709482     
  0.20743557953593367     
  0.25348926553531881     
  0.30030925623380150     
  0.34788348717232931     
  0.39620125559545188     
  0.44525329761595672     
  0.49503275470542912     
  0.54553480476594363     
 -0.84792880740543342     
 -0.84888157882249138     
 -0.84938319343383717     
 -0.84850381052588408     
 -0.84596597486207625     
 -0.84172897752124931     
 -0.83583489491449903     
 -0.82835106333408481     
 -0.81934939440309962     
 -0.80889718576654501     
 -0.79705505142774491     
 -0.78387629135769410     
 -0.76940827922845956     
 -0.75369157566054013     
 -0.73676258327877164     
 -0.71865282109757711     
 -0.69939075845216370     
 -0.67900172324619523     
 -0.65750857303217958     
 -0.63493232538941002     
 -0.61129234703850854     
 -0.58660690609983301     
 -0.56089284830474073     
 -0.53416647742669654     
 -0.50644362522109743     
 -0.47773938697943680     
 -0.44806908790032618     
 -0.41744748285752520     
 -0.38588968695946013     
 -0.35341074660407562     
 -0.32002602242083600     
 -0.28575111969996325     
 -0.25060221067540406     
 -0.21459567511876301     
 -0.17774867571755634     
 -0.14007881048168494     
 -0.10160432788459585     
  -6.2344111168589893E-002
  -2.2317773650591496E-002
   1.8454496850520943E-002
   5.9951904786815738E-002
  0.10215315435887715     
  0.14503649913976491     
  0.18858007042370858     
  0.23276205689184548     
  0.27756098228609477     
  0.32295628529829778     
  0.36892872125444731     
  0.41546093315244143     
  0.46253818584098644     
 -0.85550505154422019     
 -0.85702898481943202     
 -0.85839554270440943     
 -0.85847240994286456     
 -0.85692600447823220     
 -0.85369601761871405     
 -0.84881738543356811     
 -0.84235467025348787     
 -0.83437908519553672     
 -0.82495832018703164     
 -0.81415410280978817     
 -0.80202102399664221     
 -0.78860775043314779     
 -0.77395707417889881     
 -0.75810663494358643     
 -0.74109005513716741     
 -0.72293751296852593     
 -0.70367635310370125     
 -0.68333134784946681     
 -0.66192575521897845     
 -0.63948083620828289     
 -0.61601692491138771     
 -0.59155326674625397     
 -0.56610812626290430     
 -0.53969982952130602     
 -0.51234592560464920     
 -0.48406408832305214     
 -0.45487168133122374     
 -0.42478652486942281     
 -0.39382649444924583     
 -0.36200998291362524     
 -0.32935553010607055     
 -0.29588259787944066     
 -0.26161127177789617     
 -0.22656233770721779     
 -0.19075745859373822     
 -0.15421933619823827     
 -0.11697158780213698     
  -7.9039052564171972E-002
  -4.0447590454547586E-002
  -1.2243203958208662E-003
   3.8602448730829332E-002
   7.9003256732558647E-002
  0.11994762752633396     
  0.16140427768741564     
  0.20334130115206617     
  0.24572665303512617     
  0.28852898261252086     
  0.33171820539597302     
  0.37526689325139823     
 -0.86298839262793403     
 -0.86517342517152329     
 -0.86747569087714416     
 -0.86856635238769042     
 -0.86806349389916937     
 -0.86589150766441025     
 -0.86207971359999891     
 -0.85669138450936533     
 -0.84979729435530149     
 -0.84146616916597694     
 -0.83176075032275232     
 -0.82073735944865567     
 -0.80844593041694290     
 -0.79493099781549226     
 -0.78023207462872624     
 -0.76438450177452122     
 -0.74742039070014843     
 -0.72936869647456970     
 -0.71025626944846743     
 -0.69010806789073631     
 -0.66894747119082310     
 -0.64679663253797814     
 -0.62367678393668224     
 -0.59960847613767809     
 -0.57461182582032677     
 -0.54870665484206316     
 -0.52191270759320130     
 -0.49424989516783208     
 -0.46573813854366114     
 -0.43639778345200020     
 -0.40624971673377913     
 -0.37531534035294550     
 -0.34361681568885882     
 -0.31117725937326007     
 -0.27802065746402316     
 -0.24417216279371765     
 -0.20965823308919221     
 -0.17450660248868818     
 -0.13874661448381373     
 -0.10240922360308882     
  -6.5527239619716654E-002
  -2.8135395664207120E-002
   9.7295378734410208E-003
   4.8028663831299750E-002
   8.6720961045924666E-002
  0.12576335351804183     
  0.16511108237185093     
  0.20471815675639796     
  0.24453852871881385     
  0.28452746861369971     
 -0.87033866244062386     
 -0.87329809371762379     
 -0.87661192126235554     
 -0.87877447369116302     
 -0.87936702824304136     
 -0.87830297929286638     
 -0.87560848743302122     
 -0.87134622533164907     
 -0.86558766148514088     
 -0.85840253044141823     
 -0.84985506877798944     
 -0.84000306258180002     
 -0.82889811582679784     
 -0.81658630001980004     
 -0.80310905575552949     
 -0.78850336687821909     
 -0.77280300152250025     
 -0.75603883305956632     
 -0.73823923753922338     
 -0.71943098114307846     
 -0.69963925589913945     
 -0.67888790819503808     
 -0.65719992349010758     
 -0.63459782195215608     
 -0.61110336694049094     
 -0.58673831370565599     
 -0.56152415365773767     
 -0.53548292746217163     
 -0.50863628474288736     
 -0.48100667695433325     
 -0.45261706014536585     
 -0.42349097679438291     
 -0.39365277879943150     
 -0.36312805373192625     
 -0.33194318657764266     
 -0.30012619507105126     
 -0.26770624122268288     
 -0.23471438175520962     
 -0.20118350871713789     
 -0.16714844425679073     
 -0.13264659277656343     
  -9.7717918197648718E-002
  -6.2405307105828298E-002
  -2.6754982985125561E-002
   9.1831743326568193E-003
   4.5355261792895160E-002
   8.1703127990887872E-002
  0.11816425397362004     
  0.15467229200507171     
  0.19115850523913702     
 -0.87750866128346572     
 -0.88138695233013842     
 -0.88579275970634741     
 -0.88908580764052636     
 -0.89082464559345464     
 -0.89091741249916589     
 -0.88938911818129696     
 -0.88630327033149969     
 -0.88173250180458940     
 -0.87574778056759184     
 -0.86841514822881072     
 -0.85979386659775969     
 -0.84993741536334921     
 -0.83889345476501431     
 -0.82670504148466950     
 -0.81341085226276177     
 -0.79904623866981062     
 -0.78364354139864656     
 -0.76723285017518539     
 -0.74984260544737358     
 -0.73149943542188212     
 -0.71222878799974998     
 -0.69205531383976882     
 -0.67100279314313538     
 -0.64909465940732614     
 -0.62635423021077485     
 -0.60280441457955447     
 -0.57846873184051795     
 -0.55337052857989044     
 -0.52753367914609195     
 -0.50098265406841735     
 -0.47374256036328743     
 -0.44583936344114172     
 -0.41730037466902231     
 -0.38815348443849818     
 -0.35842857663860295     
 -0.32815674083806096     
 -0.29737101611439648     
 -0.26610640990389955     
 -0.23440040554334016     
 -0.20229311434842090     
 -0.16982779686859500     
 -0.13705131014008293     
 -0.10401479425975693     
  -7.0774371847497117E-002
  -3.7392171315948151E-002
  -3.9375108456642790E-003
   2.9511427879426351E-002
   6.2865639352973665E-002
   9.6022898043308019E-002
 -0.88444223323906590     
 -0.88942578567848440     
 -0.89500755843078295     
 -0.89948918105907449     
 -0.90242432594846289     
 -0.90372130329350564     
 -0.90340652734483273     
 -0.90154561561007007     
 -0.89821285657607508     
 -0.89348088536294890     
 -0.88741766678503176     
 -0.88008406986460785     
 -0.87153534246706965     
 -0.86182113755927603     
 -0.85098539742575663     
 -0.83906875114374735     
 -0.82610794336288618     
 -0.81213688621245739     
 -0.79718710484956723     
 -0.78128832418179806     
 -0.76446846418448722     
 -0.74675459808396527     
 -0.72817234383103890     
 -0.70874690532697737     
 -0.68850299217885147     
 -0.66746486174684494     
 -0.64565703685894571     
 -0.62310370754629041     
 -0.59982923668866772     
 -0.57585869762181785     
 -0.55121752111411682     
 -0.52593179701484627     
 -0.50002838255881499     
 -0.47353527565908793     
 -0.44648137856545000     
 -0.41889717100572477     
 -0.39081461519411514     
 -0.36226739338245667     
 -0.33329121694142305     
 -0.30392424469184220     
 -0.27420728798880556     
 -0.24418437613488400     
 -0.21390325801766763     
 -0.18341617606389976     
 -0.15278077657049513     
 -0.12206144758434775     
  -9.1331075730395894E-002
  -6.0673810884638059E-002
  -3.0189358996470690E-002
  -1.3113417000558692E-007
