  -2.9484154084550083E-003
  -3.4090102627830411E-003
  -4.4856203020583168E-003
  -6.1397795616846195E-003
  -8.4034716030085537E-003
  -1.1331199340760567E-002
  -1.4985506579327268E-002
  -1.9432060262036178E-002
  -2.4737853664012353E-002
  -3.0970529890398939E-002
  -3.8198134745479492E-002
  -4.6489040533687194E-002
  -5.5911938185014130E-002
  -6.6535855187261295E-002
  -7.8430181225228018E-002
  -9.1664693747098125E-002
 -0.10630958016241970     
 -0.12243545535726712     
 -0.14011337409295627     
 -0.15941483824502506     
 -0.18041179901081783     
 -0.20317665428974607     
 -0.22778224147578979     
 -0.25430182592192241     
 -0.28280908535152427     
 -0.31337809050658300     
 -0.34608328233769614     
 -0.38099944605646657     
 -0.41820168238621458     
 -0.45776537636130482     
 -0.49976616403813545     
 -0.54427989749138717     
 -0.59138260847702218     
 -0.64115047114842716     
 -0.69365976421375941     
 -0.74898683292084023     
 -0.80720805125077932     
 -0.86839978469289913     
 -0.93263835396153283     
  -1.0000000000000000     
  -2.9429611531625981E-003
  -3.3989342121555923E-003
  -4.4649984001453374E-003
  -6.1036332738363648E-003
  -8.3469471437242794E-003
  -1.1249261240339826E-002
  -1.4872804939716062E-002
  -1.9282865626939968E-002
  -2.4546021219959097E-002
  -3.0729477501100378E-002
  -3.7900827943681367E-002
  -4.6127981186215632E-002
  -5.5479155167395100E-002
  -6.6022896187030986E-002
  -7.7828105193916156E-002
  -9.0964063736912390E-002
 -0.10550045640538638     
 -0.12150738851582180     
 -0.13905539865397540     
 -0.15821546605581682     
 -0.17905901297212171     
 -0.20165790223100474     
 -0.22608443024402516     
 -0.25241131571878012     
 -0.28071168435427779     
 -0.31105904980864357     
 -0.34352729124281667     
 -0.37819062775861617     
 -0.41512359006421234     
 -0.45440098971388743     
 -0.49609788628130236     
 -0.54028955283571645     
 -0.58705144009826682     
 -0.63645913966015222     
 -0.68858834664613988     
 -0.74351482220506948     
 -0.80131435620388858     
 -0.86206273049323112     
 -0.92583568310067876     
 -0.99270887369275973     
  -2.9191305258766489E-003
  -3.3623445131111818E-003
  -4.3991834282581070E-003
  -5.9944674125039848E-003
  -8.1804188802009764E-003
  -1.1010651784946484E-002
  -1.4546336549007588E-002
  -1.8851531270895071E-002
  -2.3991492438554404E-002
  -3.0032049003753888E-002
  -3.7039380673624410E-002
  -4.5079955157519634E-002
  -5.4220527682519525E-002
  -6.4528163109007372E-002
  -7.6070264000657098E-002
  -8.8914597650463251E-002
 -0.10312931920618182     
 -0.11878298983695706     
 -0.13594458966174391     
 -0.15468352549123426     
 -0.17506963357081504     
 -0.19717317756533076     
 -0.22106484204725160     
 -0.24681572176003777     
 -0.27449730693691493     
 -0.30418146496496212     
 -0.33594041869586783     
 -0.36984672171741445     
 -0.40597323091285642     
 -0.44439307664799682     
 -0.48517963093716521     
 -0.52840647394881379     
 -0.57414735921859283     
 -0.62247617794213916     
 -0.67346692272118747     
 -0.72719365113479184     
 -0.78373044950236670     
 -0.84315139719690457     
 -0.90553053185513543     
 -0.97094181581669503     
  -2.8786330026847788E-003
  -3.3011558791194383E-003
  -4.2905557453193884E-003
  -5.8153435445812375E-003
  -7.9078377971265341E-003
  -1.0620426557662467E-002
  -1.4012490047720125E-002
  -1.8146023754065873E-002
  -2.3084074787490239E-002
  -2.8890174940038500E-002
  -3.5628148608280293E-002
  -4.3362065730163157E-002
  -5.2156249950711657E-002
  -6.2075305659993453E-002
  -7.3184148944151914E-002
  -8.5548036355263452E-002
  -9.9232589150241551E-002
 -0.11430381223576769     
 -0.13082810771727035     
 -0.14887228321279108     
 -0.16850355518725915     
 -0.18978954759021294     
 -0.21279828608414436     
 -0.23759818814961264     
 -0.26425804935388936     
 -0.29284702607397645     
 -0.32343461497214737     
 -0.35609062953173420     
 -0.39088517397158135     
 -0.42788861486836099     
 -0.46717155082590728     
 -0.50880478053914857     
 -0.55285926960655840     
 -0.59940611644888031     
 -0.64851651769293606     
 -0.70026173337740216     
 -0.75471305233244201     
 -0.81194175807699132     
 -0.87201909556632695     
 -0.93501623910842879     
  -2.8239630582727448E-003
  -3.2181850981410957E-003
  -4.1426653416247678E-003
  -5.5708897553659719E-003
  -7.5352472010711755E-003
  -1.0086395490497871E-002
  -1.3281217288118390E-002
  -1.7178840744870524E-002
  -2.1839246813595163E-002
  -2.7322782511130145E-002
  -3.3690009125077788E-002
  -4.1001676483789946E-002
  -4.9318742889851941E-002
  -5.8702408860854316E-002
  -6.9214152008491986E-002
  -8.0915758188946127E-002
  -9.3869347262433608E-002
 -0.10813739309925954     
 -0.12378273797091981     
 -0.14086860163501938     
 -0.15945858546170191     
 -0.17961667194196046     
 -0.20140721989975985     
 -0.22489495571371335     
 -0.25014496084414140     
 -0.27722265595787043     
 -0.30619378194487018     
 -0.33712437812619939     
 -0.37008075796020901     
 -0.40512948256223874     
 -0.44233733236108436     
 -0.48177127722249108     
 -0.52349844537519641     
 -0.56758609147817007     
 -0.61410156416832617     
 -0.66311227342592216     
 -0.71468565808996876     
 -0.76888915384823120     
 -0.82579016201579947     
 -0.88545601940284191     
  -2.7583578085377080E-003
  -3.1171038510510287E-003
  -3.9601736676029538E-003
  -5.2672263440369030E-003
  -7.0706872990594256E-003
  -9.4190011697698750E-003
  -1.2365879887605713E-002
  -1.5966819944130180E-002
  -2.0277923119474180E-002
  -2.5355509821408391E-002
  -3.1256017546514615E-002
  -3.8036001764859835E-002
  -4.5752170538641265E-002
  -5.4461426631288716E-002
  -6.4220907293356361E-002
  -7.5088018387728134E-002
  -8.7120462048947273E-002
 -0.10037625801283358     
 -0.11491375905459845     
 -0.13079166102852216     
 -0.14806900797174763     
 -0.16680519268403923     
 -0.18705995314881826     
 -0.20889336512574766     
 -0.23236583122213775     
 -0.25753806673760049     
 -0.28447108257121861     
 -0.31322616548066090     
 -0.34386485598617439     
 -0.37644892421759535     
 -0.41104034400820011     
 -0.44770126554439993     
 -0.48649398688425094     
 -0.52748092465998309     
 -0.57072458427986805     
 -0.61628752994251168     
 -0.66423235477190534     
 -0.71462165137424638     
 -0.76751798310763342     
 -0.82298385634331028     
  -2.6857436392144413E-003
  -3.0023789348844728E-003
  -3.7487792264423009E-003
  -4.9118698475545362E-003
  -6.5240708710048029E-003
  -8.6311590954182248E-003
  -1.1283046539694256E-002
  -1.4530885340734670E-002
  -1.8426140830549456E-002
  -2.3020323163888648E-002
  -2.8364945169153905E-002
  -3.4511554686452679E-002
  -4.1511786543922666E-002
  -4.9417414560306218E-002
  -5.8280397132939879E-002
  -6.8152914880283619E-002
  -7.9087400545890058E-002
  -9.1136561889145595E-002
 -0.10435339835495659     
 -0.11879121223318014     
 -0.13450361490608961     
 -0.15154452868024026     
 -0.16996818461939162     
 -0.18982911673785396     
 -0.21118215287518377     
 -0.23408240254925544     
 -0.25858524207143418     
 -0.28474629720161654     
 -0.31262142361971124     
 -0.34226668549173456     
 -0.37373833241159349     
 -0.40709277500271324     
 -0.44238655946609945     
 -0.47967634136261939     
 -0.51901885891680821     
 -0.56047090612706207     
 -0.60408930596249899     
 -0.64993088391994203     
 -0.69805244220538065     
 -0.74851073479294106     
  -2.6106726262511070E-003
  -2.8792007944223774E-003
  -3.5151280536776701E-003
  -4.5136168367763121E-003
  -5.9070318992932823E-003
  -7.7380622801065738E-003
  -1.0052244101050226E-002
  -1.2895734568410084E-002
  -1.6314672200718253E-002
  -2.0355043011331824E-002
  -2.5062705907668532E-002
  -3.0483460804585204E-002
  -3.6663120345625723E-002
  -4.3647573160845103E-002
  -5.1482836055202007E-002
  -6.0215095650708109E-002
  -6.9890740840067384E-002
  -8.0556387447186642E-002
  -9.2258896289386397E-002
 -0.10504538559987903     
 -0.11896323856333248     
 -0.13406010655716319     
 -0.15038390857376507     
 -0.16798282721628005     
 -0.18690530160451099     
 -0.20720001749110453     
 -0.22891589486557445     
 -0.25210207331081075     
 -0.27680789537019901     
 -0.30308288818097268     
 -0.33097674362916812     
 -0.36053929728225192     
 -0.39182050635619098     
 -0.42487042697375538     
 -0.45973919096968674     
 -0.49647698249570260     
 -0.53513401467390487     
 -0.57576050654090882     
 -0.61840666051682869     
 -0.66312264062317072     
  -2.5382496922724731E-003
  -2.7534014263861620E-003
  -3.2667104173205366E-003
  -4.0824092127147741E-003
  -5.2327494009297235E-003
  -6.7569530801717065E-003
  -8.6956661317699625E-003
  -1.1089471975145348E-002
  -1.3978569063630226E-002
  -1.7402785688797964E-002
  -2.1401679984419813E-002
  -2.6014647555095589E-002
  -3.1281015008895574E-002
  -3.7240115648786952E-002
  -4.3931348950961596E-002
  -5.1394226621458816E-002
  -5.9668407859913578E-002
  -6.8793725966116409E-002
  -7.8810207929267864E-002
  -8.9758088232488445E-002
 -0.10167781779639209     
 -0.11461006876098809     
 -0.12859573564603360     
 -0.14367593331936604     
 -0.15989199212731223     
 -0.17728545049088312     
 -0.19589804523866322     
 -0.21577169992666759     
 -0.23694851138302600     
 -0.25947073470831011     
 -0.28338076695858372     
 -0.30872112973632299     
 -0.33553445091314155     
 -0.36386344570697843     
 -0.39375089733451030     
 -0.42523963745663801     
 -0.45837252663071021     
 -0.49319243497752080     
 -0.52974222326395604     
 -0.56806472459345181     
  -2.4740515678999108E-003
  -2.6313628655185504E-003
  -3.0117452629791763E-003
  -3.6291829895711350E-003
  -4.5157490567071220E-003
  -5.7068656140745961E-003
  -7.2378431705265476E-003
  -9.1431927909034014E-003
  -1.1456645811396243E-002
  -1.4211328912655500E-002
  -1.7439944575013782E-002
  -2.1174921324712020E-002
  -2.5448530793662511E-002
  -3.0292976822631584E-002
  -3.5740462800525015E-002
  -4.1823242476979341E-002
  -4.8573658248213018E-002
  -5.6024169850760488E-002
  -6.4207375583549747E-002
  -7.3156027586951014E-002
  -8.2903042287524598E-002
  -9.3481506823161170E-002
 -0.10492468205911454     
 -0.11726600266458044     
 -0.13053907462302977     
 -0.14477767048405707     
 -0.16001572262061509     
 -0.17628731472651632     
 -0.19362667177028367     
 -0.21206814860946879     
 -0.23164621746204650     
 -0.25239545442671180     
 -0.27435052524062115     
 -0.29754617046044696     
 -0.32201719024991610     
 -0.34779842895382895     
 -0.37492475963460137     
 -0.40343106874242868     
 -0.43335224108410891     
 -0.46472314524833586     
  -2.4240387352075822E-003
  -2.5199175891105676E-003
  -2.7590540970493958E-003
  -3.1657027808594251E-003
  -3.7716855429225358E-003
  -4.6083425384148531E-003
  -5.7052795679242820E-003
  -7.0905244743316885E-003
  -8.7909084593785179E-003
  -1.0832410470321911E-002
  -1.3240422655012860E-002
  -1.6039945645563693E-002
  -1.9255730486311358E-002
  -2.2912381913537574E-002
  -2.7034434000726377E-002
  -3.1646405990808167E-002
  -3.6772843764824377E-002
  -4.2438350726769040E-002
  -4.8667610733820935E-002
  -5.5485404914303635E-002
  -6.2916623678255623E-002
  -7.0986274857913326E-002
  -7.9719488663501314E-002
  -8.9141519966808913E-002
  -9.9277748306288618E-002
 -0.11015367592597067     
 -0.12179492410480400     
 -0.13422722799515660     
 -0.14747643016360673     
 -0.16156847300995308     
 -0.17652939022883901     
 -0.19238529747056696     
 -0.20916238235219015     
 -0.22688689396580608     
 -0.24558513202742790     
 -0.26528343580635988     
 -0.28600817297129411     
 -0.30778572848513136     
 -0.33064249367563975     
 -0.35460485560341259     
  -2.3944616216485812E-003
  -2.4262422843837912E-003
  -2.5179261451866710E-003
  -2.7043844024415178E-003
  -3.0171087399025747E-003
  -3.4831303109472541E-003
  -4.1260621726159075E-003
  -4.9671319253739698E-003
  -6.0259381220100286E-003
  -7.3209702686333929E-003
  -8.8699624632507766E-003
  -1.0690135420776610E-002
  -1.2798364218228124E-002
  -1.5211296293076888E-002
  -1.7945435708388028E-002
  -2.1017204187719084E-002
  -2.4442985874296549E-002
  -2.8239160472505413E-002
  -3.2422127930127734E-002
  -3.7008326830377039E-002
  -4.2014248003182104E-002
  -4.7456444421121895E-002
  -5.3351538143845079E-002
  -5.9716224868476164E-002
  -6.6567276501505179E-002
  -7.3921542069502660E-002
  -8.1795947217978768E-002
  -9.0207492500512035E-002
  -9.9173250627533530E-002
 -0.10871036282144417     
 -0.11883603440897798     
 -0.12956752977071159     
 -0.14092216675980815     
 -0.15291731069635542     
 -0.16557036803921121     
 -0.17889877983352748     
 -0.19292001502867204     
 -0.20765156375781441     
 -0.22311093066677812     
 -0.23931562837575920     
  -2.3917623850820574E-003
  -2.3577465101297526E-003
  -2.2979767409907577E-003
  -2.2581081689352633E-003
  -2.2692172142883792E-003
  -2.3538573693407273E-003
  -2.5294465588065174E-003
  -2.8101937593423268E-003
  -3.2082378693928043E-003
  -3.7343467830332944E-003
  -4.3983609861549264E-003
  -5.2094832894442004E-003
  -6.1764729372405496E-003
  -7.3077786386600806E-003
  -8.6116316328472935E-003
  -1.0096112027649587E-002
  -1.1769196903452836E-002
  -1.3638795738179841E-002
  -1.5712776853628950E-002
  -1.7998987387121794E-002
  -2.0505268508001259E-002
  -2.3239467076237426E-002
  -2.6209444587971621E-002
  -2.9423084012229494E-002
  -3.2888294957131962E-002
  -3.6613017488577780E-002
  -4.0605224843619843E-002
  -4.4872925223934823E-002
  -4.9424162814649557E-002
  -5.4267018145364554E-002
  -5.9409607890047456E-002
  -6.4860084188128830E-002
  -7.0626633558895799E-002
  -7.6717475473910557E-002
  -8.3140860646792283E-002
  -8.9905069095643858E-002
  -9.7018408030210862E-002
 -0.10448920961318699     
 -0.11232582864267864     
 -0.12053664020053710     
  -2.4224736830140508E-003
  -2.3219578490345227E-003
  -2.1090009896316307E-003
  -1.8400255855622234E-003
  -1.5456025456067218E-003
  -1.2436998894725920E-003
  -9.4542679514109432E-004
  -6.5785724192537305E-004
  -3.8555244854018004E-004
  -1.3143958321615740E-004
   1.0265433909202605E-004
   3.1566479513798969E-004
   5.0706914051167876E-004
   6.7673846065580113E-004
   8.2483565892924678E-004
   9.5174379438646211E-004
   1.0580146319748944E-003
   1.1443309451516206E-003
   1.2114783245564665E-003
   1.2603236505066351E-003
   1.2917982971170979E-003
   1.3068847369326704E-003
   1.3066056186752030E-003
   1.2920146659207395E-003
   1.2641889346073738E-003
   1.2242221000793808E-003
   1.1732185380745822E-003
   1.1122880307132751E-003
   1.0425409762567187E-003
   9.6508401570099417E-004
   8.8101601397786475E-004
   7.9142435131981535E-004
   6.9738149310256189E-004
   5.9994181555889190E-004
   5.0013867114185196E-004
   3.9898168171941315E-004
   2.9745425073463667E-004
   1.9651128735744390E-004
   9.7077136780247846E-005
   4.3711390001862412E-008
  -2.4931158510204032E-003
  -2.3264051893965619E-003
  -1.9608248119274696E-003
  -1.4633622244332729E-003
  -8.6398818977128820E-004
  -1.7603995460911361E-004
   5.9570502069914593E-004
   1.4513202219021820E-003
   2.3938292707310709E-003
   3.4281499157091003E-003
   4.5604709181926726E-003
   5.7978669834362331E-003
   7.1480519057259273E-003
   8.6192154424029228E-003
   1.0219912639701411E-002
   1.1958986906282961E-002
   1.3845515267002751E-002
   1.5888768440519781E-002
   1.8098180951843922E-002
   2.0483328100863171E-002
   2.3053907642402359E-002
   2.5819724712609966E-002
   2.8790678991128266E-002
   3.1976753398146866E-002
   3.5388003839637826E-002
   3.9034549664324215E-002
   4.2926564602631494E-002
   4.7074268034429184E-002
   5.1487916487750494E-002
   5.6177795310956610E-002
   6.1154210490164812E-002
   6.6427480605094125E-002
   7.2007928931851831E-002
   7.7905875712059633E-002
   8.4131630615165320E-002
   9.0695485425590375E-002
   9.7607706989111462E-002
  0.10487853045401006     
  0.11251815284238789     
  0.12053672698590635     
  -2.6100939259848712E-003
  -2.3785017940477866E-003
  -1.8631555054946592E-003
  -1.1412196214575074E-003
  -2.4196664120866465E-004
   8.2587893538360504E-004
   2.0638031031715489E-003
   3.4789349731273525E-003
   5.0817790323701185E-003
   6.8849870307706174E-003
   8.9026481345576315E-003
   1.1149857695891935E-002
   1.3642444809525669E-002
   1.6396794569414234E-002
   1.9429728842641370E-002
   2.2758424213086836E-002
   2.6400354035863223E-002
   3.0373246370757431E-002
   3.4695052474845965E-002
   3.9383922345002896E-002
   4.4458184956965061E-002
   4.9936331603203515E-002
   5.5837001236318490E-002
   6.2178967068041990E-002
   6.8981123911798767E-002
   7.6262475924212814E-002
   8.4042124520499986E-002
   9.2339256325098110E-002
  0.10117313108194669     
  0.11056306949514208     
  0.12052844100477400     
  0.13108865152772972     
  0.14226313121133982     
  0.15407132226051090     
  0.16653266690759563     
  0.17966659559954065     
  0.19349251547946808     
  0.20802979924028686     
  0.22329777442657989     
  0.23931571325819195     
  -2.7795959389308182E-003
  -2.4854298101413628E-003
  -1.8254339608202998E-003
  -8.8637903700606398E-004
   3.0326132956033007E-004
   1.7392940588951652E-003
   3.4293097950226074E-003
   5.3872982241237139E-003
   7.6310309338099491E-003
   1.0180669155786106E-002
   1.3057971018927762E-002
   1.6285816097777364E-002
   1.9887908407869331E-002
   2.3888584612005190E-002
   2.8312686570831445E-002
   3.3185474360477994E-002
   3.8532565267822089E-002
   4.4379889690200860E-002
   5.0753658108201399E-002
   5.7680335303083696E-002
   6.5186619262926210E-002
   7.3299423050522672E-002
   8.2045858458432042E-002
   9.1453220652422937E-002
  0.10154897326525755     
  0.11236073358683285     
  0.12391625762875716     
  0.13624342493750410     
  0.14937022310093645     
  0.16332473194533145     
  0.17813510745890015     
  0.19382956550651309     
  0.21043636542126887     
  0.22798379357334350     
  0.24650014702645973     
  0.26601371739821833     
  0.28655277504314364     
  0.30814555367714636     
  0.33082023555964041     
  0.35460493734513138     
  -3.0074938697395655E-003
  -2.6540278463803219E-003
  -1.8566906417112504E-003
  -7.1110989025142317E-004
   7.5514162491061661E-004
   2.5422584601144356E-003
   4.6636885077229809E-003
   7.1399863458992329E-003
   9.9958700506256031E-003
   1.3258675378009808E-002
   1.6957485219170575E-002
   2.1122612519834542E-002
   2.5785280090498408E-002
   3.0977415521995816E-002
   3.6731515949740993E-002
   4.3080556411554866E-002
   5.0057925961329859E-002
   5.7697381670189070E-002
   6.6033014199043755E-002
   7.5099220810728382E-002
   8.4930683072454147E-002
   9.5562347397527586E-002
  0.10702940717290318     
  0.11936728562566376     
  0.13261161886383360     
  0.14679823872678616     
  0.16196315522449531     
  0.17814253845022104     
  0.19537269992924719     
  0.21369007342456536     
  0.23313119526405007     
  0.25373268428621837     
  0.27553122152556697     
  0.29856352977548689     
  0.32286635317814311     
  0.34847643699742836     
  0.37543050773388814     
  0.40376525373996208     
  0.43351730649046560     
  0.46472322265736282     
  -3.2992486020092704E-003
  -2.8906831949241257E-003
  -1.9654073822624888E-003
  -6.2698560439319482E-004
   1.0980123098666850E-003
   3.2139639329246319E-003
   5.7398415771078926E-003
   8.7023724111276301E-003
   1.2132798035483349E-002
   1.6065188119369102E-002
   2.0535498328680953E-002
   2.5581014805730190E-002
   3.1240012488597080E-002
   3.7551537669891527E-002
   4.4555265508418394E-002
   5.2291404047489311E-002
   6.0800627655396927E-002
   7.0124029282173178E-002
   8.0303084765611085E-002
   9.1379624771578585E-002
  0.10339581143811530     
  0.11639411775517057     
  0.13041730835134677     
  0.14550842079391055     
  0.16171074681061537     
  0.17906781305633881     
  0.19762336120260610     
  0.21742132724210608     
  0.23850581998532838     
  0.26092109879046610     
  0.28471155061611342     
  0.30992166652272374     
  0.33659601777582637     
  0.36477923172343540     
  0.39451596763322155     
  0.42585089268284532     
  0.45882865830010638     
  0.49349387704888831     
  0.52989110025275832     
  0.56806479654098829     
  -3.6598201409366064E-003
  -3.2012302047284666E-003
  -2.1593869674310807E-003
  -6.4470948899155833E-004
   1.3173361408555654E-003
   3.7350473886035886E-003
   6.6325070560776141E-003
   1.0042131373258595E-002
   1.4001166131536459E-002
   1.8549874979978967E-002
   2.3730533141713247E-002
   2.9586837173233960E-002
   3.6163543768978783E-002
   4.3506241050326681E-002
   5.1661199441982358E-002
   6.0675271715968850E-002
   7.0595823990895701E-002
   8.1470686410996113E-002
   9.3348116327207034E-002
  0.10627676930658084     
  0.12030567487318944     
  0.13548421490420096     
  0.15186210328219327     
  0.16948936586523669     
  0.18841632015648310     
  0.20869355428253325     
  0.23037190505485386     
  0.25350243501039016     
  0.27813640841894893     
  0.30432526631430462     
  0.33212060065893023     
  0.36157412779257997     
  0.39273766134526045     
  0.42566308481725096     
  0.46040232404407189     
  0.49700731977362300     
  0.53553000058686584     
  0.57602225639303717     
  0.61853591272595931     
  0.66312270606005996     
  -4.0935842607058136E-003
  -3.5908562229817033E-003
  -2.4456323531178679E-003
  -7.7395313811070394E-004
   1.3999168254644559E-003
   4.0878762445816300E-003
   7.3186287829992173E-003
   1.1129711658037091E-002
   1.5563766529180482E-002
   2.0666619557710202E-002
   2.6486219123079316E-002
   3.3072015034882635E-002
   4.0474580038943317E-002
   4.8745371053348939E-002
   5.7936574096192336E-002
   6.8101000755692059E-002
   7.9292016996247494E-002
   9.1563492432131549E-002
  0.10496976252632070     
  0.11956559881028689     
  0.13540618387923239     
  0.15254708898917116     
  0.17104425279297633     
  0.19095396023531561     
  0.21233282096209782     
  0.23523774683878176     
  0.25972592834533614     
  0.28585480974418787     
  0.31368206301443669     
  0.34326556061973773     
  0.37466334723438788     
  0.40793361059623268     
  0.44313465168868099     
  0.48032485447918905     
  0.51956265545933189     
  0.56090651324292184     
  0.60441487848426789     
  0.65014616437917316     
  0.69815871800713836     
  0.74851079276496579     
  -4.6042566307548339E-003
  -4.0640164136024372E-003
  -2.8302372463975844E-003
  -1.0232096411731610E-003
   1.3340959458813821E-003
   4.2568087836513478E-003
   7.7776944623917611E-003
   1.1938766443587615E-002
   1.6787373614483427E-002
   2.2374190775767622E-002
   2.8752109297260429E-002
   3.5975590323008566E-002
   4.4100271390004754E-002
   5.3182718932875767E-002
   6.3280268004332327E-002
   7.4450915597526382E-002
   8.6753247515492529E-002
  0.10024638641078924     
  0.11498995313885538     
  0.13104403632215336     
  0.14846916675114122     
  0.16732629436414098     
  0.18767676628728586     
  0.20958230491729304     
  0.23310498537827143     
  0.25830721193147338     
  0.28525169309693904     
  0.31400141537965098     
  0.34461961559401005     
  0.37716975185831580     
  0.41171547339156511     
  0.44832058929232088     
  0.48704903651633241     
  0.52796484729781212     
  0.57113211627997840     
  0.61661496763446999     
  0.66447752245713310     
  0.71478386672993133     
  0.76759802013575107     
  0.82298390600510773     
  -5.1948253326577201E-003
  -4.6243586389845305E-003
  -3.3182896096593285E-003
  -1.3996636900318580E-003
   1.1099277628266468E-003
   4.2284258029765534E-003
   7.9920369677148901E-003
   1.2446538501422943E-002
   1.7643227398440649E-002
   2.3636841159227047E-002
   3.0484410864470263E-002
   3.8244593187114484E-002
   4.6977264681265896E-002
   5.6743266956236292E-002
   6.7604241971366219E-002
   7.9622522653442246E-002
   9.2861058088067813E-002
  0.10738336048929913     
  0.12325346583170183     
  0.14053590287773449     
  0.15929566712063850     
  0.17959819731553911     
  0.20150935303383363     
  0.22509539219253405     
  0.25042294786851954     
  0.27755900396186545     
  0.30657086945688566     
  0.33752615116638274     
  0.37049272494831242     
  0.40553870546421256     
  0.44273241461167856     
  0.48214234881311702     
  0.52383714538274040     
  0.56788554822506732     
  0.61435637314218294     
  0.66331847304435221     
  0.71484070336968797     
  0.76899188802372964     
  0.82584078614920620     
  0.88545606003023103     
  -5.8674925211605646E-003
  -5.2746594564571248E-003
  -3.9137894767586811E-003
  -1.9090804238478692E-003
   7.1932944036756956E-004
   3.9917302946844788E-003
   7.9470946176842215E-003
   1.2634193154509405E-002
   1.8107452267480961E-002
   2.4424825547783777E-002
   3.1646619122205587E-002
   3.9834807459067832E-002
   4.9052617981093172E-002
   5.9364270362916770E-002
   7.0834808208744757E-002
   8.3529987416695081E-002
   9.7516199947314572E-002
  0.11286041987515646     
  0.12963016340547495     
  0.14789345746150287     
  0.16771881328113619     
  0.18917520264321397     
  0.21233203512410595     
  0.23725913531324860     
  0.26402671928145766     
  0.29270536985402812     
  0.32336601042717300     
  0.35607987720411033     
  0.39091848983113459     
  0.42795362049432756     
  0.46725726160091680     
  0.50890159222018749     
  0.55295894350024932     
  0.59950176331073712     
  0.64860258038874907     
  0.70033396828655115     
  0.75476850943495322     
  0.81197875964578103     
  0.87203721338042173     
  0.93501627010897115     
  -6.6236258036209677E-003
  -6.0167721381505987E-003
  -4.6195822780029138E-003
  -2.5557145862803257E-003
   1.5620459057004725E-004
   3.5383123687054469E-003
   7.6316267796019115E-003
   1.2487094669783714E-002
   1.8161405144764900E-002
   2.4714832900056032E-002
   3.2210045691460160E-002
   4.0711408990803999E-002
   5.0284563622019565E-002
   6.0996160664844278E-002
   7.2913690338602413E-002
   8.6105368568595839E-002
  0.10064005958046321     
  0.11658722117079931     
  0.13401686419250922     
  0.15299952077085460     
  0.17360621763345360     
  0.19590845214025035     
  0.21997816939332496     
  0.24588773934231120     
  0.27370993317064835     
  0.30351789850771987     
  0.33538513319823815     
  0.36938545749647600     
  0.40559298465469068     
  0.44408208995285720     
  0.48492737827785837     
  0.52820365040953099     
  0.57398586821179787     
  0.62234911896170353     
  0.67336857907873815     
  0.72711947754188611     
  0.78367705930234932     
  0.84311654901543753     
  0.90551311542509449     
  0.97094183673833256     
  -7.4637197104823081E-003
  -6.8515874769539131E-003
  -5.4373086673088072E-003
  -3.3422412808042780E-003
  -5.8346157439270014E-004
   2.8624771371845896E-003
   7.0378818069531460E-003
   1.1995022230068389E-002
   1.7791948184730958E-002
   2.4490325117339784E-002
   3.2154233595952091E-002
   4.0849467834764695E-002
   5.0643109048229586E-002
   6.1603257449157491E-002
   7.3798859166873620E-002
   8.7299591470705290E-002
  0.10217578443188126     
  0.11849836553561827     
  0.13633881869654924     
  0.15576915214193068     
  0.17686187151649965     
  0.19968995577995055     
  0.22432683427087832     
  0.25084636385214071     
  0.27932280542434113     
  0.30983079935390306     
  0.34244533954648748     
  0.37724174602909560     
  0.41429563600103747     
  0.45368289338601869     
  0.49547963697268710     
  0.53976218727471004     
  0.58660703227787880     
  0.63609079227369536     
  0.68829018400818121     
  0.74328198440206739     
  0.80114299412410517     
  0.86195000132220911     
  0.92577974583628664     
  0.99270888423040782     
  -8.3873674031120279E-003
  -7.7790079980934257E-003
  -6.3673716327517236E-003
  -4.2697093032898073E-003
  -1.5015367814495929E-003
   1.9613338210403577E-003
   6.1617150144769811E-003
   1.1152322512008702E-002
   1.6991642224796960E-002
   2.3741778172858774E-002
   3.1467253397396443E-002
   4.0234307231371259E-002
   5.0110467014403769E-002
   6.1164278658276040E-002
   7.3465132425337795E-002
   8.7083147263518249E-002
  0.10208909177319224     
  0.11855432827230446     
  0.13655077138402311     
  0.15615085559657590     
  0.17742750814510086     
  0.20045412479023306     
  0.22530454687637963     
  0.25205303859700862     
  0.28077426376734560     
  0.31154326166399715     
  0.34443542167262797     
  0.37952645661263756     
  0.41689237469780127     
  0.45660945015526411     
  0.49875419257035220     
  0.54340331505775630     
  0.59063370138579596     
  0.64052237220371566     
  0.69314645054531066     
  0.74858312680755135     
  0.80690962343100847     
  0.86820315953922300     
  0.93254091582497112     
  0.99999999999999623     
  -9.3932425103751844E-003
  -8.7979360633428753E-003
  -7.4089214545036558E-003
  -5.3375177098274338E-003
  -2.5977067927632214E-003
   8.3484490546382214E-004
   5.0026551219625563E-003
   9.9579968195011807E-003
   1.5758858371848049E-002
   2.2466822256167248E-002
   3.0145876325433054E-002
   3.8861714460683490E-002
   4.8681309193514995E-002
   5.9672642279030214E-002
   7.1904530153364149E-002
   8.5446507836375848E-002
  0.10036874944276095     
  0.11674201180886487     
  0.13463759268370856     
  0.15412729795321733     
  0.17528341426657817     
  0.19817868466015862     
  0.22288628558490275     
  0.24947980428967026     
  0.27803321588759311     
  0.30862085969198760     
  0.34131741458850018     
  0.37619787333411803     
  0.41333751575690386     
  0.45281188088368729     
  0.49469673805470332     
  0.53906805710111672     
  0.58600197766957629     
  0.63557477778303173     
  0.68786284173415890     
  0.74294262742118933     
  0.80089063325874110     
  0.86178336482953499     
  0.92569730148548557     
  0.99270886315510387     
  -1.0479090695395704E-002
  -9.9062762431557476E-003
  -8.5598588550853203E-003
  -6.5434159454186300E-003
  -3.8694714771278504E-003
  -5.1416524561722970E-004
   3.5639183475633697E-003
   8.4157216725450623E-003
   1.4097806290117233E-002
   2.0670279110359426E-002
   2.8195622131479144E-002
   3.6738000775743504E-002
   4.6362839831846428E-002
   5.7136555428061099E-002
   6.9126380978715124E-002
   8.2400251117389092E-002
   9.7026722002683516E-002
  0.11307491462449390     
  0.13061447263215820     
  0.14971552920310879     
  0.17044867935953761     
  0.19288495536260331     
  0.21709580362352587     
  0.24315306211907525     
  0.27112893767635687     
  0.30109598275423854     
  0.33312707153103205     
  0.36729537523210787     
  0.40367433671117581     
  0.44233764434462419     
  0.48335920531672938     
  0.52681311837093847     
  0.57277364608503878     
  0.62131518670280683     
  0.67251224552945388     
  0.72643940588114209     
  0.78317129957793707     
  0.84278257699095172     
  0.90534787670091332     
  0.97094179489505017     
  -1.1641730219446578E-002
  -1.1100952254645944E-002
  -9.8168564684640580E-003
  -7.8835275183145922E-003
  -5.3121718191413573E-003
  -2.0800423140574483E-003
   1.8523700915343783E-003
   6.5338027155561760E-003
   1.2018478963766527E-002
   1.8364096230408699E-002
   2.5630681214902067E-002
   3.3879909830635636E-002
   4.3174688713164135E-002
   5.3578889928290872E-002
   6.5157178208404665E-002
   7.7974895392477067E-002
   9.2097980799613247E-002
  0.10759291435712305     
  0.12452667412074880     
  0.14296670278104945     
  0.16298087961680191     
  0.18463749556722578     
  0.20800522990056722     
  0.23315312750549486     
  0.26015057621341325     
  0.28906728382890096     
  0.31997325473564081     
  0.35293876607693936     
  0.38803434359554179     
  0.42533073726420456     
  0.46489889685087971     
  0.50680994754386322     
  0.55113516571692245     
  0.59794595484824731     
  0.64731382152912242     
  0.69931035142110520     
  0.75400718495986752     
  0.81147599257660097     
  0.87178844922865684     
  0.93501620810787933     
  -1.2877060376456369E-002
  -1.2377938738746626E-002
  -1.1175398537946527E-002
  -9.3523968574800338E-003
  -6.9190473697368846E-003
  -3.8543738965199758E-003
  -1.2156508916008962E-004
   4.3250627727572889E-003
   9.5365149141475904E-003
   1.5567179082304577E-002
   2.2473712390512424E-002
   3.0314376214187887E-002
   3.9148625321034386E-002
   4.9036846583601683E-002
   6.0040188299005773E-002
   7.2220445632913133E-002
   8.5639981369150547E-002
  0.10036166904370417     
  0.11644885025531228     
  0.13396530084318808     
  0.15297520245583210     
  0.17354311722710591     
  0.19573396407252047     
  0.21961299566596423     
  0.24524577554311430     
  0.27269815505649997     
  0.30203625011150304     
  0.33332641776197136     
  0.36663523284913824     
  0.40202946493266262     
  0.43957605578820913     
  0.47934209773008063     
  0.52139481295756385     
  0.56580153401932487     
  0.61262968534560058     
  0.66194676562508081     
  0.71382033062444716     
  0.76831797589644146     
  0.82550731873729788     
  0.88545597877544568     
  -1.4180076198189175E-002
  -1.3732308203514532E-002
  -1.2629838536675554E-002
  -1.0943058637867818E-002
  -8.6813231851340430E-003
  -5.8261001392609386E-003
  -2.3440437671695467E-003
   1.8066658271087049E-003
   6.6729800406415737E-003
   1.2305123972747748E-002
   1.8755519461551188E-002
   2.6078137867729896E-002
   3.4328098679107258E-002
   4.3561413428344999E-002
   5.3834817884099981E-002
   6.5205659023551271E-002
   7.7731816512632890E-002
   9.1471646088368927E-002
  0.10648393682420532     
  0.12282787708308052     
  0.14056302575098284     
  0.15974928650808773     
  0.18044688367527861     
  0.20271633871410752     
  0.22661844684524934     
  0.25221425353812937     
  0.27956503084595713     
  0.30873225373580532     
  0.33977757670311604     
  0.37276281106727427     
  0.40774990341657585     
  0.44480091569841856     
  0.48397800742071900     
  0.52534342032784176     
  0.56895946572471656     
  0.61488851434047798     
  0.66319298825953910     
  0.71393535404313024     
  0.76717811579323247     
  0.82298380668150661     
  -1.5544887246249531E-002
  -1.5158293628150230E-002
  -1.4173474183215287E-002
  -1.2647128499654405E-002
  -1.0588324852698679E-002
  -7.9816613924896841E-003
  -4.7979920190423216E-003
  -1.0001203806298976E-003
   3.4540724077437124E-003
   8.6098556264971003E-003
   1.4514611505703793E-002
   2.1217208270269416E-002
   2.8767609864875025E-002
   3.7216626208022359E-002
   4.6615749038432457E-002
   5.7017040971757749E-002
   6.8473058119625049E-002
   8.1036794033360685E-002
   9.4761637173695401E-002
  0.10970133684172192     
  0.12590997423676298     
  0.14344193643284570     
  0.16235189182052323     
  0.18269476608481394     
  0.20452571816921722     
  0.22790011596450313     
  0.25287351169430888     
  0.27950161717015132     
  0.30784027927011076     
  0.33794545616460292     
  0.36987319496814181     
  0.40367961162760635     
  0.43942087394385582     
  0.47715318863007938     
  0.51693279318935892     
  0.55881595308970111     
  0.60285896417733309     
  0.64911815948230123     
  0.69764991859548775     
  0.74851067682091088     
  -1.6964737568758031E-002
  -1.6649367554623453E-002
  -1.5798639085476428E-002
  -1.4454913721691014E-002
  -1.2627619767448726E-002
  -1.0305180596372032E-002
  -7.4633390237352736E-003
  -4.0702195583084064E-003
  -8.9245597145678232E-005
   4.5191748923066027E-003
   9.7966534478203440E-003
   1.5786216285931260E-002
   2.2531926595504081E-002
   3.0078642192210993E-002
   3.8471855799241339E-002
   4.7757586774213392E-002
   5.7982305329825824E-002
   6.9192877427244975E-002
   8.1436522795499039E-002
   9.4760781160592722E-002
  0.10921348342929055     
  0.12484272564951701     
  0.14169684428763032     
  0.15982439185827660     
  0.17927411229957119     
  0.20009491575957050     
  0.22233585268654807     
  0.24604608732238104     
  0.27127487090605995     
  0.29807151511911717     
  0.32648536655790317     
  0.35656578330272998     
  0.38836211496096451     
  0.42192368785684514     
  0.45729979725460851     
  0.49453970851035206     
  0.53369266866673593     
  0.57480792900071587     
  0.61793477720109635     
  0.66312257518627593     
  -1.8432022943831842E-002
  -1.8198339063606499E-002
  -1.7496809964749064E-002
  -1.6355542033408197E-002
  -1.4785182408596283E-002
  -1.2778677603737775E-002
  -1.0317292375580871E-002
  -7.3750954773673357E-003
  -3.9216822768915385E-003
   7.6223279127071031E-005
   4.6538150579678523E-003
   9.8476234573831693E-003
   1.5695151539603044E-002
   2.2234641088048786E-002
   2.9504918093823218E-002
   3.7545287762893398E-002
   4.6395460848416822E-002
   5.6095499950824350E-002
   6.6685778524486303E-002
   7.8206947845573457E-002
   9.0699908778260674E-002
  0.10420578619522890     
  0.11876590457988329     
  0.13442176379203910     
  0.15121501429706449     
  0.16918743139350520     
  0.18838088816329637     
  0.20883732704123456     
  0.23059873008338633     
  0.25370708823581017     
  0.27820437019755329     
  0.30413249187225394     
  0.33153328794967540     
  0.36044848788266765     
  0.39091969942415639     
  0.42298840387807340     
  0.45669596804262869     
  0.49208367792722818     
  0.52919279770895222     
  0.56806465264591033     
  -1.9938300268686513E-002
  -1.9797470943905826E-002
  -1.9258728044662912E-002
  -1.8337106360242449E-002
  -1.7045580979550966E-002
  -1.5382312181624943E-002
  -1.3334651010940042E-002
  -1.0883148844454356E-002
  -8.0041123993150488E-003
  -4.6711277963102198E-003
  -8.5597204498087383E-004
   3.4708302684264667E-003
   8.3396580839512988E-003
   1.3781569273579460E-002
   1.9828152092008534E-002
   2.6511424086033502E-002
   3.3863761079439177E-002
   4.1917845386308467E-002
   5.0706626314036184E-002
   6.0263288410462197E-002
   7.0621224407093175E-002
   8.1814010765564937E-002
   9.3875384353305780E-002
  0.10683921917979435     
  0.12073950239228985     
  0.13561030890749762     
  0.15148577417610859     
  0.16840006466606186     
  0.18638734573227078     
  0.20548174664514940     
  0.22571732271993114     
  0.24712801478853819     
  0.26974760678708298     
  0.29360968314981484     
  0.31874758922802099     
  0.34519440037745097     
  0.37298290895302511     
  0.40214564318581852     
  0.43271493666597505     
  0.46472306783930567     
  -2.1474282253188277E-002
  -2.1438620772675502E-002
  -2.1074532663849389E-002
  -2.0386822894270719E-002
  -1.9392182427575275E-002
  -1.8094652024567122E-002
  -1.6488151121435889E-002
  -1.4560156601261710E-002
  -1.2294126469090656E-002
  -9.6709541077413808E-003
  -6.6698385058139385E-003
  -3.2688155350994444E-003
   5.5490915057538096E-004
   4.8247457709009699E-003
   9.5645785722729415E-003
   1.4798669255995765E-002
   2.0551589162888011E-002
   2.6848169924424719E-002
   3.3713466004236595E-002
   4.1172724819315817E-002
   4.9251361540389053E-002
   5.7974936562135281E-002
   6.7369134201236955E-002
   7.7459741538548468E-002
   8.8272626539357496E-002
   9.9833714703549015E-002
  0.11216896353940278     
  0.12530433413457334     
  0.13926575902394278     
  0.15407910543417380     
  0.16977013283238843     
  0.18636444355245826     
  0.20388742518866243     
  0.22236418359296889     
  0.24181946603567916     
  0.26227757612722041     
  0.28376228699297690     
  0.30629677005825090     
  0.32990357939783221     
  0.35460477386169115     
  -2.3029808255252658E-002
  -2.3113411750876660E-002
  -2.2933904363465912E-002
  -2.2491199469859273E-002
  -2.1807372564758048E-002
  -2.0892961766802890E-002
  -1.9748839973725410E-002
  -1.8369747236048960E-002
  -1.6746625485778585E-002
  -1.4868012191291620E-002
  -1.2720870445829648E-002
  -1.0291094105395103E-002
  -7.5638237075042617E-003
  -4.5236496993447802E-003
  -1.1547468726082033E-003
   2.5590341747786485E-003
   6.6341029466083223E-003
   1.1087082640133158E-002
   1.5934775249312333E-002
   2.1194134142380840E-002
   2.6882241399795379E-002
   3.3016288030069021E-002
   3.9613555704915773E-002
   4.6691398978757855E-002
   5.4267227143106680E-002
   6.2358484947834143E-002
   7.0982631414427247E-002
   8.0157115872153101E-002
   8.9899350154597671E-002
  0.10022667557439270     
  0.11115632280190077     
  0.12270536203525144     
  0.13489063974808446     
  0.14772869665382293     
  0.16123565903968032     
  0.17542709186029021     
  0.19031779647512648     
  0.20592152946243383     
  0.22225062130739043     
  0.23931554349332462     
  -2.4593778887721678E-002
  -2.4813442312641709E-002
  -2.4826213410941229E-002
  -2.4636210825840731E-002
  -2.4272787789097451E-002
  -2.3753508707908318E-002
  -2.3086472183646956E-002
  -2.2273905198797534E-002
  -2.1314452548382681E-002
  -2.0204518734229241E-002
  -1.8939058798986910E-002
  -1.7512056513502822E-002
  -1.5916822324308216E-002
  -1.4146184620958437E-002
  -1.2192616085509827E-002
  -1.0048319498192767E-002
  -7.7052876363590045E-003
  -5.1553463032504342E-003
  -2.3901862153926159E-003
   5.9861252466078096E-004
   3.8195608813090406E-003
   7.2812445532913495E-003
   1.0992309635904574E-002
   1.4961449365630779E-002
   1.9197391215860792E-002
   2.3708883699570575E-002
   2.8504682242087933E-002
   3.3593533413901644E-002
   3.8984156644299987E-002
   4.4685222236930507E-002
   5.0705324015418843E-002
   5.7052944132887078E-002
   6.3736406297901255E-002
   7.0763811569756752E-002
   7.8142947294866094E-002
   8.5881153007842145E-002
   9.3985111400864713E-002
  0.10246048294476108     
  0.11131110305004746     
  0.12053655341516670     
  -2.6154037551830201E-002
  -2.6530548231332138E-002
  -2.6740667623903768E-002
  -2.6807477007730368E-002
  -2.6769554777895971E-002
  -2.6651880775075958E-002
  -2.6469922706894682E-002
  -2.6233497123478035E-002
  -2.5949052164657194E-002
  -2.5620964493833855E-002
  -2.5252291020882989E-002
  -2.4845219077161345E-002
  -2.4401345335536753E-002
  -2.3921854280878938E-002
  -2.3407635842364823E-002
  -2.2859365058697248E-002
  -2.2277557393723817E-002
  -2.1662608046866049E-002
  -2.1014820509211555E-002
  -2.0334427751520237E-002
  -1.9621608278569121E-002
  -1.8876498557051518E-002
  -1.8099202856597451E-002
  -1.7289801238667638E-002
  -1.6448356228382789E-002
  -1.5574918575056803E-002
  -1.4669532427690811E-002
  -1.3732240210600597E-002
  -1.2763087477173410E-002
  -1.1762128047964617E-002
  -1.0729429810460888E-002
  -9.6650816833450792E-003
  -8.5692024220590350E-003
  -7.4419520020557774E-003
  -6.2835451433642213E-003
  -5.0942577233729002E-003
  -3.8743657850097545E-003
  -2.6236830312173012E-003
  -1.3389453932950999E-003
  -1.3113417000558692E-007
