 -0.90691246283682903     
 -0.89872639816124389     
 -0.88204476155441469     
 -0.86071099494635117     
 -0.83684519453733175     
 -0.81173016016856070     
 -0.78620024324960136     
 -0.76083066573416669     
 -0.73603761160661529     
 -0.71213480021440623     
 -0.68936727221056660     
 -0.66793251595780434     
 -0.64799420069989533     
 -0.62969140377560362     
 -0.61314498872696299     
 -0.59846212329481863     
 -0.58573954854156107     
 -0.57506598845565848     
 -0.56652395497080854     
 -0.56019111929043186     
 -0.55614136668833192     
 -0.55444561660716773     
 -0.55517246631001982     
 -0.55838870014082176     
 -0.56415969529271737     
 -0.57254974700867567     
 -0.58362233051283663     
 -0.59744031279906085     
 -0.61406612441215558     
 -0.63356189905732063     
 -0.65598958721016987     
 -0.68141104857293100     
 -0.70988812726105777     
 -0.74148271280855582     
 -0.77625678950521981     
 -0.81427247608543052     
 -0.85559205743297007     
 -0.90027800965206206     
 -0.94839301962839295     
  -1.0000000000000000     
 -0.90716183494761060     
 -0.89897620303687675     
 -0.88229377029595346     
 -0.86095587884756375     
 -0.83708110766191346     
 -0.81195118508456354     
 -0.78639967306019087     
 -0.76100117416172108     
 -0.73617135359674535     
 -0.71222347032098032     
 -0.68940213716694054     
 -0.66790443138647237     
 -0.64789361792099365     
 -0.62950837047626007     
 -0.61286914577717067     
 -0.59808269924695190     
 -0.58524535273883938     
 -0.57444540342692207     
 -0.56576492849433668     
 -0.55928115644383924     
 -0.55506752203515863     
 -0.55319448667409277     
 -0.55373018240041083     
 -0.55674092155950572     
 -0.56229160297887748     
 -0.57044603761123092     
 -0.58126721088283961     
 -0.59481749491180924     
 -0.61115882068437910     
 -0.63035281806025512     
 -0.65246092974158743     
 -0.67754450408234568     
 -0.70566487059254990     
 -0.73688340125178786     
 -0.77126156012239877     
 -0.80886094330278280     
 -0.84974331086876553     
 -0.89397061216864393     
 -0.94160500558492921     
 -0.99270887369275973     
 -0.90790992491871714     
 -0.89972567593633090     
 -0.88304103840025883     
 -0.86169103119853518     
 -0.83778967493363443     
 -0.81261548379639881     
 -0.78699965493784541     
 -0.76151493792052527     
 -0.73657544769438676     
 -0.71249306860587480     
 -0.68951113702995670     
 -0.66782550412940667     
 -0.64759822946571999     
 -0.62896678351803226     
 -0.61205041043768760     
 -0.59695463666223092     
 -0.58377453453359085     
 -0.57259712894615089     
 -0.56350320109822682     
 -0.55656865967179603     
 -0.55186559623229048     
 -0.54946310641237861     
 -0.54942793495744624     
 -0.55182498656491974     
 -0.55671773332976104     
 -0.56416854165939623     
 -0.57423893591358199     
 -0.58698981186567378     
 -0.60248161010011514     
 -0.62077445716790369     
 -0.64192828066362195     
 -0.66600290306460930     
 -0.69305811821423335     
 -0.72315375353732347     
 -0.75634972050222427     
 -0.79270605535144667     
 -0.83228295176848210     
 -0.87514078683459895     
 -0.92134014140333276     
 -0.97094181581669503     
 -0.90915664849223110     
 -0.90097498596802561     
 -0.88428728432524684     
 -0.86291794449899728     
 -0.83897336738729733     
 -0.81372671143470487     
 -0.78800524426708907     
 -0.76237864422486390     
 -0.73725846251012250     
 -0.71295431433106526     
 -0.68970743174761195     
 -0.66771164655837134     
 -0.64712703422097329     
 -0.62808908537365016     
 -0.61071504925314712     
 -0.59510843050060602     
 -0.58136224578684548     
 -0.56956142670312437     
 -0.55978462183583655     
 -0.55210556771788610     
 -0.54659414490282987     
 -0.54331720047099430     
 -0.54233919475914849     
 -0.54372271415097306     
 -0.54752888057544979     
 -0.55381768055225278     
 -0.56264823093628402     
 -0.57407899446535837     
 -0.58816795515730258     
 -0.60497276139929812     
 -0.62455084284602769     
 -0.64695950599281604     
 -0.67225601227321663     
 -0.70049764179458862     
 -0.73174174520419211     
 -0.76604578573060556     
 -0.80346737305431493     
 -0.84406429038009878     
 -0.88789451583192280     
 -0.93501623910842879     
 -0.91090184809561048     
 -0.90272439592803877     
 -0.88603368170622765     
 -0.86463907481870705     
 -0.84063626143712522     
 -0.81529090416884453     
 -0.78942479386207176     
 -0.76360334471329494     
 -0.73823456037849111     
 -0.71362492473948735     
 -0.69001277196890809     
 -0.66758915690109510     
 -0.64651142905296666     
 -0.62691236041050347     
 -0.60890646160809836     
 -0.59259446195975973     
 -0.57806655617615765     
 -0.56540480179568331     
 -0.55468491882069393     
 -0.54597766018423344     
 -0.53934986870090085     
 -0.53486530129151888     
 -0.53258527802527567     
 -0.53256919753891829     
 -0.53487494938318370     
 -0.53955924597434690     
 -0.54667789127519506     
 -0.55628599920950117     
 -0.56843817186054690     
 -0.58318864523180747     
 -0.60059140870496641     
 -0.62070030301874923     
 -0.64356910064187800     
 -0.66925157162584992     
 -0.69780153745428519     
 -0.72927291491653246     
 -0.76371975168126449     
 -0.80119625493376623     
 -0.84175681421566417     
 -0.88545601940284191     
 -0.91314526721335376     
 -0.90497423392759302     
 -0.88828182389155663     
 -0.86685779507003979     
 -0.84278397642412484     
 -0.81731639641708875     
 -0.79126984571201742     
 -0.76520431624135765     
 -0.73952332104724405     
 -0.71452939500909940     
 -0.69045722790355646     
 -0.66749438911158299     
 -0.64579481105065528     
 -0.62548786031635950     
 -0.60668461841366639     
 -0.58948233995063248     
 -0.57396768628291317     
 -0.56021911571317917     
 -0.54830867971609376     
 -0.53830339261373372     
 -0.53026628942909104     
 -0.52425725219355612     
 -0.52033366178664009     
 -0.51855091664670672     
 -0.51896284864824815     
 -0.52162205873523082     
 -0.52658018928518924     
 -0.53388814618222535     
 -0.54359628055685438     
 -0.55575453797472862     
 -0.57041258115044779     
 -0.58761989102752732     
 -0.60742585006030636     
 -0.62987981080623323     
 -0.65503115232237186     
 -0.68292932641699400     
 -0.71362389541965399     
 -0.74716456285437494     
 -0.78360119815038887     
 -0.82298385634331028     
 -0.91588651478751215     
 -0.90772485396701963     
 -0.89103367485257134     
 -0.86957833031384069     
 -0.84542358830234954     
 -0.81981370639635687     
 -0.79355498147388481     
 -0.76720086861954129     
 -0.74114949832812904     
 -0.71569869455773671     
 -0.69107881527184400     
 -0.66747329747312756     
 -0.64503202899476242     
 -0.62388034966001704     
 -0.60412528818423594     
 -0.58585999315074055     
 -0.56916695029611764     
 -0.55412036343746851     
 -0.54078794621641391     
 -0.52923229044816988     
 -0.51951192483044983     
 -0.51168214350927055     
 -0.50579566115208008     
 -0.50190313546240961     
 -0.50005358724372928     
 -0.50029474037495736     
 -0.50267329859620158     
 -0.50723517194744605     
 -0.51402566279617490     
 -0.52308961915198160     
 -0.53447156134894869     
 -0.54821578688418060     
 -0.56436645726524592     
 -0.58296766994269678     
 -0.60406351784320544     
 -0.62769813853605760     
 -0.65391575471843510     
 -0.68276070739628647     
 -0.71427748291502824     
 -0.74851073479294106     
 -0.91912501980813277     
 -0.91097658585629437     
 -0.89429150691203885     
 -0.87280567591624536     
 -0.84856352046371775     
 -0.82279539153793646     
 -0.79629763362850914     
 -0.76961610196389429     
 -0.74314271304085200     
 -0.71716988406585891     
 -0.69192302370536796     
 -0.66758086266526018     
 -0.64428869215291684     
 -0.62216728143640609     
 -0.60131906213821484     
 -0.58183252643443650     
 -0.56378542436661161     
 -0.54724713331091612     
 -0.53228044388756068     
 -0.51894292632907368     
 -0.50728798975632050     
 -0.49736571308666888     
 -0.48922350357924271     
 -0.48290662360293490     
 -0.47845861538799878     
 -0.47592164596759828     
 -0.47533678900788834     
 -0.47674425630549988     
 -0.48018358876708445     
 -0.48569381455104843     
 -0.49331358037675582     
 -0.50308126079472548     
 -0.51503504922387999     
 -0.52921303384816831     
 -0.54565326086071586     
 -0.56439378710862798     
 -0.58547272381012927     
 -0.60892827274145855     
 -0.63479875604403380     
 -0.66312264062317072     
 -0.92285997645017437     
 -0.91472967482981882     
 -0.89805782600655348     
 -0.87654549944096816     
 -0.85221341310621024     
 -0.82627587555294058     
 -0.79951785984494950     
 -0.77247661688633928     
 -0.74553708656308737     
 -0.71898565859251440     
 -0.69304225445478806     
 -0.66788040765772461     
 -0.64364034669962578     
 -0.62043781490089334     
 -0.59837019306925743     
 -0.57752085897859418     
 -0.55796236090262452     
 -0.53975877310262288     
 -0.52296747438269908     
 -0.50764051152670975     
 -0.49382565871464584     
 -0.48156725060664801     
 -0.47090684449233833     
 -0.46188375155873135     
 -0.45453546675651119     
 -0.44889801917470845     
 -0.44500625949373795     
 -0.44289409711983208     
 -0.44259469676209579     
 -0.44414064202363601     
 -0.44756407199714016     
 -0.45289679559045642     
 -0.46017038739324362     
 -0.46941626813557180     
 -0.48066577224140294     
 -0.49395020450696475     
 -0.50930088759432623     
 -0.52674920172769213     
 -0.54632661776177316     
 -0.56806472459345181     
 -0.92709028002129734     
 -0.91898421142123909     
 -0.90233528519136497     
 -0.88080402747960995     
 -0.85638397268201427     
 -0.83027124940619856     
 -0.80323808345067360     
 -0.77581218148519249     
 -0.74837081999386701     
 -0.72119382328802240     
 -0.69449517544757011     
 -0.66844281348233492     
 -0.64317153191602894     
 -0.61879169043424176     
 -0.59539526545913390     
 -0.57306016473720500     
 -0.55185337290827363     
 -0.53183329028318882     
 -0.51305150217821216     
 -0.49555413828529077     
 -0.47938293149567462     
 -0.46457605283784426     
 -0.45116877710459763     
 -0.43919401874702607     
 -0.42868276707504299     
 -0.41966444244807782     
 -0.41216718977163541     
 -0.40621812179614314     
 -0.40184352182375882     
 -0.39906901334889733     
 -0.39791970252471576     
 -0.39842029816769048     
 -0.40059521304955087     
 -0.40446864953132211     
 -0.41006467200524482     
 -0.41740726818726753     
 -0.42652040093083343     
 -0.43742805196581575     
 -0.45015425872533349     
 -0.46472314524833586     
 -0.93181445416253139     
 -0.92374005209817667     
 -0.90712658735133000     
 -0.88558791866364805     
 -0.86108680332631582     
 -0.83479904865347676     
 -0.80748280344747692     
 -0.77965535953974274     
 -0.75168572476681983     
 -0.72384670902164183     
 -0.69634600299331284     
 -0.66934564627129700     
 -0.64297473016892093     
 -0.61733797821558911     
 -0.59252171692415556     
 -0.56859813890714528     
 -0.54562841606682144     
 -0.52366501854947145     
 -0.50275347277075633     
 -0.48293371522700457     
 -0.46424114979016584     
 -0.44670748386176440     
 -0.43036139717980737     
 -0.41522908219947280     
 -0.40133468471398948     
 -0.38870066603261755     
 -0.37734810284744441     
 -0.36729693706496747     
 -0.35856618511790650     
 -0.35117411414360195     
 -0.34513839088034054     
 -0.34047620790376371     
 -0.33720439093893462     
 -0.33533949024563831     
 -0.33489785854426052     
 -0.33589571749097158     
 -0.33834921438273158     
 -0.34227447047911769     
 -0.34768762211719845     
 -0.35460485560341259     
 -0.93703056962983400     
 -0.92899673135923666     
 -0.91243437805677841     
 -0.89090412439035938     
 -0.86633422225176615     
 -0.83987801000072482     
 -0.81227827776559436     
 -0.78404110491037649     
 -0.75552671106663172     
 -0.72700053614439275     
 -0.69866372033922353     
 -0.67067220829370355     
 -0.64314922611024050     
 -0.61619371942566714     
 -0.58988623323538114     
 -0.56429311673334148     
 -0.53946959931153704     
 -0.51546208634073398     
 -0.49230990340704012     
 -0.47004664283288278     
 -0.44870121813976682     
 -0.42829870055916763     
 -0.40886099039527063     
 -0.39040736156476102     
 -0.37295490745070053     
 -0.35651890909195105     
 -0.34111314153040256     
 -0.32675013043966600     
 -0.31344136835644504     
 -0.30119749782180755     
 -0.29002846715640618     
 -0.27994366345275418     
 -0.27095202643587774     
 -0.26306214617413026     
 -0.25628234705334524     
 -0.25062076002112471     
 -0.24608538474986846     
 -0.24268414311163072     
 -0.24042492512609970     
 -0.23931562837575920     
 -0.94273615513578046     
 -0.93475336591252467     
 -0.91826112973888907     
 -0.89675973880365156     
 -0.87213906140474062     
 -0.84552781006050348     
 -0.81765218387768568     
 -0.78900632743609900     
 -0.75994124103062788     
 -0.73071473516613672     
 -0.70152124421368312     
 -0.67251052666896816     
 -0.64379989191235798     
 -0.61548248018015028     
 -0.58763304111894898     
 -0.56031207317092946     
 -0.53356885735386383     
 -0.50744372612204447     
 -0.48196979108340759     
 -0.45717428009762107     
 -0.43307958734464880     
 -0.40970410895356180     
 -0.38706291605590271     
 -0.36516830281901297     
 -0.34403023713899550     
 -0.32365673458258337     
 -0.30405417116273903     
 -0.28522754680594481     
 -0.26718070870256150     
 -0.24991654167275293     
 -0.23343713119915868     
 -0.21774390359043871     
 -0.20283774688696393     
 -0.18871911540949338     
 -0.17538812034428661     
 -0.16284460831864411     
 -0.15108822960880108     
 -0.14011849734225915     
 -0.12993483885738541     
 -0.12053664020053710     
 -0.94892810058534949     
 -0.94100855173888887     
 -0.92460901831439057     
 -0.90316183982479492     
 -0.87851445770640213     
 -0.85176878959729796     
 -0.82363326102321976     
 -0.79458943605084542     
 -0.76497875401376592     
 -0.73505123374596959     
 -0.70499455104857633     
 -0.67495229434727044     
 -0.64503591627582435     
 -0.61533283971970387     
 -0.58591212446628882     
 -0.55682853380692632     
 -0.52812552071309693     
 -0.49983746580844990     
 -0.47199138543441760     
 -0.44460825692392703     
 -0.41770406229987705     
 -0.39129062150223803     
 -0.36537626587170380     
 -0.33996638874692586     
 -0.31506390024975856     
 -0.29066960649290663     
 -0.26678252843616806     
 -0.24340017205402462     
 -0.22051875877296093     
 -0.19813342319585930     
 -0.17623838360355906     
 -0.15482708962674638     
 -0.13389235058521690     
 -0.11342644735155839     
  -9.3421230052692719E-002
  -7.3868203537741345E-002
  -5.4758602201032500E-002
  -3.6083455509622241E-002
  -1.7833645366892630E-002
   4.3711390001862412E-008
 -0.95560255315382048     
 -0.94776025474098446     
 -0.93147979360559108     
 -0.91011732300110415     
 -0.88547363445171212     
 -0.85862166657688166     
 -0.83025093859036303     
 -0.80082986495003183     
 -0.77069007158652447     
 -0.74007371965008761     
 -0.70916177512584921     
 -0.67809177842690582     
 -0.64696949575630014     
 -0.61587683519036873     
 -0.58487739076305800     
 -0.55402042870036206     
 -0.52334382046975358     
 -0.49287624554308024     
 -0.46263887644314977     
 -0.43264668938033091     
 -0.40290949931450437     
 -0.37343278883050401     
 -0.34421838048514725     
 -0.31526498862418750     
 -0.28656867722191975     
 -0.25812324349574955     
 -0.22992054224253611     
 -0.20195076225613406     
 -0.17420266361904024     
 -0.14666378267614333     
 -0.11932061007362005     
  -9.2158746103504247E-002
  -6.5163036777919806E-002
  -3.8317693377168824E-002
  -1.1606397734865640E-002
   1.4987604892887937E-002
   4.1481423818716001E-002
   6.7892450481345887E-002
   9.4238294457675328E-002
  0.12053672698590635     
 -0.96275480646557954     
 -0.95500569584437145     
 -0.93887464483890370     
 -0.91763273015871571     
 -0.89302967640339881     
 -0.86610724155399554     
 -0.83753495519215182     
 -0.80776758887844302     
 -0.77712678998128282     
 -0.74584688962971324     
 -0.71410229104300893     
 -0.68202471129299569     
 -0.64971450727804847     
 -0.61724838595923504     
 -0.58468481512898052     
 -0.55206792170979424     
 -0.51943036591983227     
 -0.48679550436571067     
 -0.45417904834863232     
 -0.42159035679855367     
 -0.38903346000797606     
 -0.35650788188939575     
 -0.32400930916715653     
 -0.29153014273214395     
 -0.25905995705806323     
 -0.22658588704013294     
 -0.19409295681365196     
 -0.16156436168778129     
 -0.12898171172538977     
  -9.6325243631339805E-002
  -6.3574006139097250E-002
  -3.0706023031587676E-002
   2.3015629285734951E-003
   3.5472362494206142E-002
   6.8830626705679424E-002
  0.10240114615248029     
  0.13620916125411403     
  0.17028028230913062     
  0.20464041825986451     
  0.23931571325819195     
 -0.97037918319419147     
 -0.96274123129718170     
 -0.94679406270582778     
 -0.92571407478384371     
 -0.90119530130383274     
 -0.87424609885608229     
 -0.84551497312669732     
 -0.81544263352443314     
 -0.78434066783445078     
 -0.75243569409266731     
 -0.71989579302616580     
 -0.68684718002240008     
 -0.65338518088145880     
 -0.61958172046586957     
 -0.58549058965581569     
 -0.55115124810714500     
 -0.51659163380649564     
 -0.48183028180777404     
 -0.44687795192763835     
 -0.41173890055141166     
 -0.37641189007376669     
 -0.34089100182820309     
 -0.30516629975760617     
 -0.26922437914527647     
 -0.23304882575415548     
 -0.19662060423421590     
 -0.15991839006096309     
 -0.12291885582163239     
  -8.5596920196164425E-002
  -4.7925966063805926E-002
  -9.8780327915829799E-003
   2.8576013342671330E-002
   6.7466327424795636E-002
  0.10682395036052637     
  0.14668068745364760     
  0.18706899943879468     
  0.22802190457044003     
  0.26957289060904449     
  0.31175583570705523     
  0.35460493734513138     
 -0.97846891115197665     
 -0.97096222906489871     
 -0.95523769939648639     
 -0.93436666624211040     
 -0.90998263042778282     
 -0.88305830713880062     
 -0.85422019275542183     
 -0.82389458704561380     
 -0.79238301685337920     
 -0.75990458739880973     
 -0.72662138333658632     
 -0.69265452937896255     
 -0.65809479142163252     
 -0.62300982844207076     
 -0.58744930539580853     
 -0.55144859311918615     
 -0.51503150753469396     
 -0.47821237937986077     
 -0.44099764720192708     
 -0.40338710445102793     
 -0.36537489129323614     
 -0.32695029520433339     
 -0.28809840628532823     
 -0.24880066082272187     
 -0.20903529778127600     
 -0.16877774670106876     
 -0.12800096087809404     
  -8.6675706424110890E-002
  -4.4770815288873909E-002
  -2.2534085212076709E-003
   4.0910905384036383E-002
   8.4757853228464755E-002
  0.12932433795292125     
  0.17464829517928354     
  0.22076856354605220     
  0.26772476727261740     
  0.31555720968326989     
  0.36430677661917699     
  0.41401484884313666     
  0.46472322265736282     
 -0.98701599292238873     
 -0.97966294208652460     
 -0.96420422821146956     
 -0.94359493485426948     
 -0.91940296092229079     
 -0.89256312271221772     
 -0.86367897134121219     
 -0.83316211846606991     
 -0.80130410290382359     
 -0.76831679318691060     
 -0.73435668171403989     
 -0.69954029314031241     
 -0.66395438745110658     
 -0.62766296059061277     
 -0.59071219370526062     
 -0.55313404316990777     
 -0.51494890401113091     
 -0.47616762598313173     
 -0.43679306781130811     
 -0.39682131577479418     
 -0.35624265438894354     
 -0.31504235127482849     
 -0.27320130095930867     
 -0.23069656021872118     
 -0.18750179912278617     
 -0.14358768577920822     
  -9.8922218395031181E-002
  -5.3471014959680582E-002
  -7.1975684698711061E-003
   3.9936526247113885E-002
   8.7971369397467539E-002
  0.13694857314069878     
  0.18691109570378039     
  0.23790309046772426     
  0.28996976824788484     
  0.34315727136736390     
  0.39751255837490451     
  0.45308329847881623     
  0.50991777490867385     
  0.56806479654098829     
 -0.99601106874254774     
 -0.98883637930449519     
 -0.97369120428699196     
 -0.95340226000650508     
 -0.92946654251975114     
 -0.90277869905631092     
 -0.87391845059072659     
 -0.84328250852997777     
 -0.81115256453494233     
 -0.77773359375720896     
 -0.74317696708366165     
 -0.70759516783322063     
 -0.67107157452160060     
 -0.63366719683945560     
 -0.59542545235596700     
 -0.55637564032086029     
 -0.51653552419284332     
 -0.47591328974201047     
 -0.43450905652246341     
 -0.39231606419736192     
 -0.34932161838518910     
 -0.30550785623961002     
 -0.26085237517927368     
 -0.21532875660781156     
 -0.16890700816737328     
 -0.12155394219615147     
  -7.3233503683815204E-002
  -2.3907057867399599E-002
   2.6466354825140592E-002
   7.7929790541786351E-002
  0.13052819595208701     
  0.18430822085623941     
  0.23931804677796228     
  0.29560722945123813     
  0.35322655360727245     
  0.41222789880485411     
  0.47266411533549663     
  0.53458890941897519     
  0.59805673706371398     
  0.66312270606005996     
  -1.0054432722114175     
 -0.99847417525693083     
 -0.98369492817743021     
 -0.96379080336226697     
 -0.94018236127638588     
 -0.91372180567325656     
 -0.88496419701632489     
 -0.85429119812358523     
 -0.82197485557390437     
 -0.78821365178151281     
 -0.75315436202619890     
 -0.71690604183678586     
 -0.67954936899349561     
 -0.64114310274126141     
 -0.60172868021837289     
 -0.56133356841002480     
 -0.51997376136041740     
 -0.47765567633641681     
 -0.43437761886577481     
 -0.39013093312589919     
 -0.34490091932102301     
 -0.29866757622153800     
 -0.25140621108569994     
 -0.20308794793804738     
 -0.15368015728757975     
 -0.10314682457171519     
  -5.1448870450695267E-002
   1.4555671016205538E-003
   5.5610881278181451E-002
  0.11106376969107898     
  0.16786302793453961     
  0.22605936009169297     
  0.28570520360796725     
  0.34685456661530523     
  0.40956287625422022     
  0.47388683693314504     
  0.53988429772388624     
  0.60761412831137784     
  0.67713610304728777     
  0.74851079276496579     
  -1.0153000779059203     
  -1.0085664591882877     
 -0.99421031399541193     
 -0.97476134938837633     
 -0.95155793277485057     
 -0.92540755935414620     
 -0.89683985880677053     
 -0.86622135904545616     
 -0.83381471770605164     
 -0.79981237191596222     
 -0.76435706938882630     
 -0.72755509163126353     
 -0.68948513679744994     
 -0.65020449182124573     
 -0.60975344207427895     
 -0.56815849698526499     
 -0.52543479826198636     
 -0.48158795088029227     
 -0.43661543843868028     
 -0.39050773434213493     
 -0.34324918720196274     
 -0.29481873669298980     
 -0.24519050077032611     
 -0.19433426450243751     
 -0.14221589307844068     
  -8.8797686056326736E-002
  -3.4038685779869550E-002
   2.2105050120469115E-002
   7.9680204591940640E-002
  0.13873597958078202     
  0.19932389262163838     
  0.26149758825335623     
  0.32531266179765578     
  0.39082649367436467     
  0.45809809296939852     
  0.52718794934906021     
  0.59815789273380526     
  0.67107096034904867     
  0.74599127093728712     
  0.82298390600510773     
  -1.0255671396672905     
  -1.0191017245540943     
  -1.0052307640618048     
 -0.98631315528930963     
 -0.96359910724618092     
 -0.93784917058325357     
 -0.90956684264830445     
 -0.87910349126993403     
 -0.84671268835332292     
 -0.81258130884920499     
 -0.77684866930676089     
 -0.73961895536325029     
 -0.70096962982713729     
 -0.66095730936137720     
 -0.61962198257232370     
 -0.57699010601469214     
 -0.53307692089806580     
 -0.48788821646994279     
 -0.44142169323930874     
 -0.39366803219316332     
 -0.34461174520502941     
 -0.29423186077552110     
 -0.24250248481349090     
 -0.18939326590070057     
 -0.13486978722912821     
  -7.8893902016869411E-002
  -2.1424025309690706E-002
   3.7584607946660450E-002
   9.8179710911548840E-002
  0.16041173308890197     
  0.22433366431320612     
  0.29000085113524721     
  0.35747082311694506     
  0.42680312728317249     
  0.49805916952163898     
  0.57130206219088364     
  0.64659647752293181     
  0.72400850667989258     
  0.80360552449186795     
  0.88545606003023103     
  -1.0362281175839314     
  -1.0300667000376877     
  -1.0167480520373477     
 -0.99844381258769754     
 -0.97630988880684688     
 -0.95105770765630226     
 -0.92316401340489296     
 -0.89296505037272500     
 -0.86070564825382034     
 -0.82656762736200573     
 -0.79068748343839257     
 -0.75316799226522424     
 -0.71408613041802238     
 -0.67349865061076497     
 -0.63144610518964461     
 -0.58795581085719717     
 -0.54304407254980913     
 -0.49671787798787204     
 -0.44897620722913262     
 -0.39981105807583911     
 -0.34920825912007269     
 -0.29714812255233253     
 -0.24360597510166263     
 -0.18855259586074538     
 -0.13195458273395885     
  -7.3774664211324864E-002
  -1.3971969333667874E-002
   4.7497734108060144E-002
  0.11068182535429112     
  0.17563063435536833     
  0.24239725869407841     
  0.31103739019897858     
  0.38160914865823042     
  0.45417292078784882     
  0.52879120327035634     
  0.60552844918000681     
  0.68445091754720710     
  0.76562652612242255     
  0.84912470764978643     
  0.93501627010897115     
  -1.0472644910598572     
  -1.0414462232367934     
  -1.0287522168468151     
  -1.0111491224737903     
 -0.98969227097936829     
 -0.96504188066506968     
 -0.93764741922624573     
 -0.90783010803043196     
 -0.87582641237778514     
 -0.84181361870946325     
 -0.80592601180900925     
 -0.76826563445914031     
 -0.72890971207447330     
 -0.68791592341800756     
 -0.64532622866141442     
 -0.60116970280493109     
 -0.55546466700086405     
 -0.50822031432095793     
 -0.45943796541938769     
 -0.40911204935886109     
 -0.35723087801882747     
 -0.30377726399313104     
 -0.24872901908382047     
 -0.19205936130953552     
 -0.13373725182466223     
  -7.3727678270051625E-002
  -1.1991897531734666E-002
   5.1512351894678815E-002
  0.11683065981379942     
  0.18401177012029271     
  0.25310741741088927     
  0.32417217053913405     
  0.39726328017626339     
  0.47244052830728978     
  0.54976607829211865     
  0.62930432476637232     
  0.71112174316458776     
  0.79528673909517111     
  0.88186949811930437     
  0.97094183673833256     
  -1.0586553542038990     
  -1.0532231186055490     
  -1.0412314698408851     
  -1.0244229871966593     
  -1.0037460903624675     
 -0.97980784729117287     
 -0.95303004404256708     
 -0.92371904793235227     
 -0.89210336677584967     
 -0.85835627650205115     
 -0.82261044594417487     
 -0.78496783570188255     
 -0.74550662192431305     
 -0.70428616217316342     
 -0.66135062939830969     
 -0.61673171600630716     
 -0.57045067449436959     
 -0.52251987611909390     
 -0.47294401385970147     
 -0.42172103939548572     
 -0.36884289890937966     
 -0.31429611544913927     
 -0.25806225348042405     
 -0.20011829276208365     
 -0.14043693243374344     
  -7.8986841732652371E-002
  -1.5732870338600650E-002
   4.9363771160959635E-002
  0.11634535221895882     
  0.18525747776662885     
  0.25614895256234921     
  0.32907164995686161     
  0.40408038159747572     
  0.48123276545859922     
  0.56058909042701532     
  0.64221217639621242     
  0.72616722951672430     
  0.81252169282486875     
  0.90134509298128807     
  0.99270888423040782     
  -1.0703771885819906     
  -1.0653780815573481     
  -1.0541721181258548     
  -1.0382573196591209     
  -1.0184689002437877     
 -0.99535904187164381     
 -0.96932158900469212     
 -0.94064829861643917     
 -0.90956015309736915     
 -0.87622693387033956     
 -0.84078026038334086     
 -0.80332261935852634     
 -0.76393378771253517     
 -0.72267549643255780     
 -0.67959487430551679     
 -0.63472702647881396     
 -0.58809698812678002     
 -0.53972121931891093     
 -0.48960875822727640     
 -0.43776211660888992     
 -0.38417797881121080     
 -0.32884774960926377     
 -0.27175798503866744     
 -0.21289073232071945     
 -0.15222379925405077     
  -8.9730969179041720E-002
  -2.5382174561573427E-002
   4.0856360134859049E-002
  0.10902199736272487     
  0.17915557971809817     
  0.25130133114366471     
  0.32550676082091978     
  0.40182256537036404     
  0.48030252590185629     
  0.56100339731350801     
  0.64398478812972249     
  0.72930903000161640     
  0.81704103681811524     
  0.90724815410080240     
  0.99999999999999623     
  -1.0824036064769831     
  -1.0778895714771599     
  -1.0675585073047222     
  -1.0526419735240538     
  -1.0338558655939940     
  -1.0116960289386729     
 -0.98652828377688428     
 -0.95863010412870209     
 -0.92821540143075498     
 -0.89545096249475997     
 -0.86046788284135411     
 -0.82336972574294431     
 -0.78423844919129670     
 -0.74313877408356965     
 -0.70012144388542963     
 -0.65522568359529065     
 -0.60848107186607348     
 -0.55990897718996280     
 -0.50952366600333410     
 -0.45733316097504528     
 -0.40333990693954430     
 -0.34754128737279494     
 -0.28993002382320820     
 -0.23049448329563521     
 -0.16921891313737034     
 -0.10608361912447575     
  -4.1065099559126322E-002
   2.5863853838067954E-002
   9.4734079034183585E-002
  0.16557998270814547     
  0.23843948808195936     
  0.31335398522116786     
  0.39036827826248316     
  0.46953052478757640     
  0.55089216344009839     
  0.63450782680029982     
  0.72043523756880690     
  0.80873508716554821     
  0.89947089693545523     
  0.99270886315510387     
  -1.0947050556041955     
  -1.0907337173238214     
  -1.0813729875686857     
  -1.0675646960059801     
  -1.0498996807446075     
  -1.0288163819096137     
  -1.0046527281662299     
 -0.97767233257283959     
 -0.94808251126046339     
 -0.91604753268646066     
 -0.88169844166910594     
 -0.84514035662261155     
 -0.80645791094736541     
 -0.76571933512383095     
 -0.72297954095799211     
 -0.67828246865037711     
 -0.63166288455871356     
 -0.58314776540107138     
 -0.53275736774931681     
 -0.48050605528838919     
 -0.42640293761945375     
 -0.37045236085616001     
 -0.31265428063471595     
 -0.25300454109829557     
 -0.19149507842121491     
 -0.12811406375320827     
  -6.2845997928862737E-002
   4.3282315727575186E-003
   7.3431322138653943E-002
  0.14448954761128421     
  0.21753276211490627     
  0.29259440875548237     
  0.36971152621403192     
  0.44892474676083177     
  0.53027827982307019     
  0.61381987609861810     
  0.69960076826672624     
  0.78767558566608031     
  0.87810224177502860     
  0.97094179489505017     
  -1.1072484729723622     
  -1.1038842412419396     
  -1.0955959076264150     
  -1.0830111056099407     
  -1.0665905106165661     
  -1.0467145873001509     
  -1.0236937639182229     
 -0.99777832203245631     
 -0.96916947930098085     
 -0.93802943256695703     
 -0.90448958750780339     
 -0.86865701258416883     
 -0.83061941074946477     
 -0.79044892851418636     
 -0.74820507554835980     
 -0.70393696930534355     
 -0.65768506697279761     
 -0.60948250591378927     
 -0.55935614253934018     
 -0.50732735658658823     
 -0.45341267079385583     
 -0.39762422365683009     
 -0.33997012383501224     
 -0.28045470823125279     
 -0.21907872091156694     
 -0.15583942664433176     
  -9.0730670378923739E-002
  -2.3742892418905655E-002
   4.5136891989825109E-002
  0.11592514040975144     
  0.18864185025440550     
  0.26331063697670659     
  0.33995881512094106     
  0.41861747380090103     
  0.49932153824455694     
  0.58210980939926316     
  0.66702497442261488     
  0.75411358218811853     
  0.84342597977150835     
  0.93501620810787933     
  -1.1199968715273876     
  -1.1173124078429173     
  -1.1102056418936272     
  -1.0989646968328393     
  -1.0839159561236609     
  -1.0653819742670365     
  -1.0436463761022261     
  -1.0189467625799333     
 -0.99147877221455982     
 -0.96140294313750951     
 -0.92885138457959904     
 -0.89393341678991600     
 -0.85674009484274549     
 -0.81734776088533767     
 -0.77582081192592112     
 -0.73221385270848605     
 -0.68657337155832054     
 -0.63893904625250875     
 -0.58934476152624204     
 -0.53781939980555848     
 -0.48438745166335961     
 -0.42906948103599413     
 -0.37188247179854289     
 -0.31284007591674934     
 -0.25195277879031042     
 -0.18922799396583925     
 -0.12467009707253819     
  -5.8280407230545339E-002
   9.9428766451871362E-003
   8.0004777544581809E-002
  0.15191367270634615     
  0.22568144864347861     
  0.30132366991900117     
  0.37885975167954522     
  0.45831312489345455     
  0.53971138252454454     
  0.62308639469492400     
  0.70847438159050047     
  0.79591593457237475     
  0.88545597877544568     
  -1.1329088374142460     
  -1.1309870104594744     
  -1.1251786571194495     
  -1.1154068737321929     
  -1.1018610438014227     
  -1.0848066689458897     
  -1.0645016228956037     
  -1.0411716126018709     
  -1.0150072413421090     
 -0.98616776510374826     
 -0.95478626556902058     
 -0.92097451687116316     
 -0.88482708900438511     
 -0.84642466260106752     
 -0.80583665926500825     
 -0.76312331439005765     
 -0.71833730710906574     
 -0.67152504136827695     
 -0.62272765184686862     
 -0.57198179149439499     
 -0.51932024384179509     
 -0.46477239280862315     
 -0.40836457461686576     
 -0.35012033035070239     
 -0.29006057299768334     
 -0.22820367937849870     
 -0.16456551478221168     
  -9.9159396427604893E-002
  -3.1996000802412591E-002
   3.6916780370897406E-002
  0.10757403049560729     
  0.17997403869232162     
  0.25411856288189272     
  0.33001311533444461     
  0.40766725801499143     
  0.48709489226525521     
  0.56831452497440238     
  0.65134949194138969     
  0.73622811934961252     
  0.82298380668150661     
  -1.1459379081373782     
  -1.1448744106939299     
  -1.1404896256587829     
  -1.1323170136987386     
  -1.1204082392928596     
  -1.1049735724503595     
  -1.0862465922318691     
  -1.0644420470396070     
  -1.0397460760315262     
  -1.0123169923513928     
 -0.98228904297066744     
 -0.94977655500060132     
 -0.91487765206420479     
 -0.87767735360557275     
 -0.83825008344357299     
 -0.79666167456088921     
 -0.75297096345559589     
 -0.70723105594715463     
 -0.65949033119099310     
 -0.60979323627501669     
 -0.55818091180364104     
 -0.50469167911983137     
 -0.44936141222981557     
 -0.39222381142522689     
 -0.33331059093163162     
 -0.27265158914303872     
 -0.21027480714471744     
 -0.14620637896168920     
  -8.0470475436728597E-002
  -1.3089142690876973E-002
   5.5917924001306511E-002
  0.12653366938243113     
  0.19874402704493851     
  0.27253832151352947     
  0.34790971276056543     
  0.42485566675909370     
  0.50337842927295184     
  0.58348547381895766     
  0.66518988997296524     
  0.74851067682091088     
  -1.1590317912540800     
  -1.1589386552686536     
  -1.1561115932128407     
  -1.1496725621659629     
  -1.1395374835333578     
  -1.1258643610347312     
  -1.1088643832517195     
  -1.0887424348310863     
  -1.0656807915279929     
  -1.0398371264001132     
  -1.0113469687649823     
 -0.98032719501056476     
 -0.94687939673486066     
 -0.91109278909865365     
 -0.87304661398501482     
 -0.83281208878598056     
 -0.79045397477086765     
 -0.74603183632549397     
 -0.69960105160900021     
 -0.65121362344577938     
 -0.60091882855487844     
 -0.54876373437361059     
 -0.49479360540747164     
 -0.43905221521857862     
 -0.38158207530627342     
 -0.32242458820043468     
 -0.26162012866113482     
 -0.19920805401683458     
 -0.13522664212486987     
  -6.9712953392496502E-002
  -2.7026117179464485E-003
   6.5770501504982093E-002
  0.13567464575922164     
  0.20698071536561216     
  0.27966282763045719     
  0.35369899599684873     
  0.42907186773050926     
  0.50576949108089719     
  0.58378606062901017     
  0.66312257518627593     
  -1.1721313689534352     
  -1.1731417050971202     
  -1.1720162092864514     
  -1.1674491577027317     
  -1.1592262498089130     
  -1.1474575063188033     
  -1.1323341102691562     
  -1.1140523424147382     
  -1.0927912471463377     
  -1.0687081256120625     
  -1.0419398337720569     
  -1.0126056944690098     
 -0.98081056144648371     
 -0.94664756320165055     
 -0.91020041762380288     
 -0.87154533616444441     
 -0.83075257474848885     
 -0.78788769345628451     
 -0.74301258048875596     
 -0.69618628629975687     
 -0.64746570450446184     
 -0.59690612795109521     
 -0.54456170158718753     
 -0.49048578803283882     
 -0.43473125707405708     
 -0.37735070611560240     
 -0.31839661495594829     
 -0.25792143466032769     
 -0.19597760683084114     
 -0.13261750592670496     
  -6.7893293616221817E-002
  -1.8566704370507265E-003
   6.5441493178663532E-002
  0.13395166654190835     
  0.20362632855313739     
  0.27442081233414489     
  0.34629432696905738     
  0.41921113621067424     
  0.49314183920129145     
  0.56806465264591033     
  -1.1851694138490778     
  -1.1874438277822181     
  -1.1881740277710984     
  -1.1856207853345091     
  -1.1794496188115515     
  -1.1697283131387228     
  -1.1566309265881825     
  -1.1403465600796747     
  -1.1210516901625458     
  -1.0989034828322335     
  -1.0740400976653337     
  -1.0465831093208642     
  -1.0166403161736164     
 -0.98430834788099464     
 -0.94967490833426738     
 -0.91282064576168143     
 -0.87382069301196541     
 -0.83274593258234919     
 -0.78966403777030658     
 -0.74464033382329697     
 -0.69773851472223691     
 -0.64902124390666083     
 -0.59855066088720565     
 -0.54638881047670651     
 -0.49259800684462385     
 -0.43724114072538978     
 -0.38038193440179152     
 -0.32208514545282735     
 -0.26241671621222484     
 -0.20144386126743699     
 -0.13923507962282775     
  -7.5860071146771110E-002
  -1.1389528233561317E-002
   5.4105236589655832E-002
  0.12055287742947847     
  0.18788287607019513     
  0.25602674060514613     
  0.32491959323245767     
  0.39450215771923891     
  0.46472306783930567     
  -1.1980689139063811     
  -1.2018042282243913     
  -1.2045548825550350     
  -1.2041599533447389     
  -1.2001803679166962     
  -1.1926489720681908     
  -1.1817260654650381     
  -1.1675951477829913     
  -1.1504308209787690     
  -1.1303903250920002     
  -1.1076130408171345     
  -1.0822225187143530     
  -1.0543290854041751     
  -1.0240323442645924     
 -0.99142336342362658     
 -0.95658652112087361     
 -0.91960104041982260     
 -0.88054226189984719     
 -0.83948270276908576     
 -0.79649294481674682     
 -0.75164238655674220     
 -0.70499988817523962     
 -0.65663433224624046     
 -0.60661511838611026     
 -0.55501260616299375     
 -0.50189851720905665     
 -0.44734630455868046     
 -0.39143149426268342     
 -0.33423200113071189     
 -0.27582841637897931     
 -0.21630425948675386     
 -0.15574617856476836     
  -9.4244071730921197E-002
  -3.1891084299649826E-002
   3.1216589342847718E-002
   9.4980207113904855E-002
  0.15929944041263713     
  0.22407400749131934     
  0.28920623444315652     
  0.35460477386169115     
  -1.2107408659626349     
  -1.2161820266981038     
  -1.2211283367642205     
  -1.2230378856217785     
  -1.2213890697333580     
  -1.2161886234842321     
  -1.2075868953606497     
  -1.1957634972594251     
  -1.1808918752075930     
  -1.1631295294276136     
  -1.1426169295110487     
  -1.1194792583516981     
  -1.0938288721143519     
  -1.0657677245376764     
  -1.0353895162820435     
  -1.0027815237993309     
 -0.96802613161002637     
 -0.93120211256120844     
 -0.89238570238558046     
 -0.85165151024274244     
 -0.80907330052438298     
 -0.76472467522220555     
 -0.71867968094468460     
 -0.67101336059480743     
 -0.62180226646343095     
 -0.57112494913406042     
 -0.51906243476304481     
 -0.46569870202127861     
 -0.41112116887059558     
 -0.35542119827704421     
 -0.29869463028952759     
 -0.24104234490093343     
 -0.18257085398462033     
 -0.12339290838048352     
  -6.3628081957179186E-002
  -3.4032474869487355E-003
   5.7147230256369363E-002
  0.11788192491671684     
  0.17865404314982572     
  0.23931554349332462     
  -1.2230813438972012     
  -1.2305377441845213     
  -1.2378641920466438     
  -1.2422247173381951     
  -1.2430441941823440     
  -1.2403134298085485     
  -1.2341769868535393     
  -1.2248124073760527     
  -1.2123927188096204     
  -1.1970758493325890     
  -1.1790031869728104     
  -1.1583011517490913     
  -1.1350835682369385     
  -1.1094540445252454     
  -1.0815080989985211     
  -1.0513349798894325     
  -1.0190191967934885     
 -0.98464180620703190     
 -0.94828149633291581     
 -0.91001551237011402     
 -0.86992045776747573     
 -0.82807300122546168     
 -0.78455051455886082     
 -0.73943166281458805     
 -0.69279696550171566     
 -0.64472934615542565     
 -0.59531468690260381     
 -0.54464240505364869     
 -0.49280607030610801     
 -0.43990408396074371     
 -0.38604044613840632     
 -0.33132564373909446     
 -0.27587770164763198     
 -0.21982345311271953     
 -0.16330010271915063     
 -0.10645717504263784     
  -4.9458955483289810E-002
   7.5124906467711099E-003
   6.4253766516564947E-002
  0.12053655341516670     
  -1.2349675722714677     
  -1.2448355290061095     
  -1.2547330213491830     
  -1.2616896772620767     
  -1.2651122076836574     
  -1.2649866527963203     
  -1.2614561887336604     
  -1.2546981701768651     
  -1.2448859528610481     
  -1.2321780472638193     
  -1.2167165637201520     
  -1.1986287304973207     
  -1.1780292392443479     
  -1.1550226101524661     
  -1.1297053119413678     
  -1.1021675787127008     
  -1.0724949412859301     
  -1.0407695144209104     
  -1.0070710847613551     
 -0.97147804070002786     
 -0.93406817965610800     
 -0.89491942283644199     
 -0.85411046290018255     
 -0.81172136652352667     
 -0.76783415144583289     
 -0.72253335638035732     
 -0.67590662201052087     
 -0.62804530248979762     
 -0.57904512952025589     
 -0.52900695590351088     
 -0.47803761322988275     
 -0.42625093091981753     
 -0.37376898405640863     
 -0.32072367110848321     
 -0.26725878050608187     
 -0.21353280889805298     
 -0.15972298846246955     
 -0.10603136065952387     
  -5.2694503899531515E-002
  -1.3113417000558692E-007
