 -0.92833508655536179     
 -0.91996776380813483     
 -0.90290592215230892     
 -0.88107258526102872     
 -0.85663063581898413     
 -0.83088873330914470     
 -0.80469823439472521     
 -0.77864623131148514     
 -0.75315754586907213     
 -0.72855236550213787     
 -0.70508066839185612     
 -0.68294375880482838     
 -0.66230827551406446     
 -0.64331561219125355     
 -0.62608843573055761     
 -0.61073530889604677     
 -0.59735403929334996     
 -0.58603415106260837     
 -0.57685873888172046     
 -0.56990587845586138     
 -0.56524971293395709     
 -0.56296129878276480     
 -0.56310927058353266     
 -0.56576036777351257     
 -0.57097985492041381     
 -0.57883185903712897     
 -0.58937964164783463     
 -0.60268581910172370     
 -0.61881254152666598     
 -0.63782163850226214     
 -0.65977473778951845     
 -0.68473336212856917     
 -0.71275900809737314     
 -0.74391321023494028     
 -0.77825759301578512     
 -0.81585391277650898     
 -0.85676409131006637     
 -0.90105024253552946     
 -0.94877469340382825     
  -1.0000000000000000     
 -0.92860039951045625     
 -0.92023362553639920     
 -0.90317119421171921     
 -0.88133394438591828     
 -0.85688319565327742     
 -0.83112651292192119     
 -0.80491445333950074     
 -0.77883348712136091     
 -0.75330791890445570     
 -0.72865747968963412     
 -0.70513172507321653     
 -0.68293155403191341     
 -0.66222320706211224     
 -0.64314768016044110     
 -0.62582723916695226     
 -0.61037003998567707     
 -0.59687347613756991     
 -0.58542664969691605     
 -0.57611222497646786     
 -0.56900783898997820     
 -0.56418718803417034     
 -0.56172087385374769     
 -0.56167706880824642     
 -0.56412204303089475     
 -0.56912058514506458     
 -0.57673634002983076     
 -0.58703208133463969     
 -0.60006993223161309     
 -0.61591154479248844     
 -0.63461824606614659     
 -0.65625115719174210     
 -0.68087129055762030     
 -0.70853962899841372     
 -0.73931719023386411     
 -0.77326507913644205     
 -0.81044452992931393     
 -0.85091694003105789     
 -0.89474389695590972     
 -0.94198719943107834     
 -0.99270887369275973     
 -0.92938617705935944     
 -0.92102124467122437     
 -0.90395745025425489     
 -0.88210900357090860     
 -0.85763250087779486     
 -0.83183220805470570     
 -0.80555627789033146     
 -0.77938931390528632     
 -0.75375407160875263     
 -0.72896891696720101     
 -0.70528214331866201     
 -0.68289344010923703     
 -0.66196785994394902     
 -0.64264521317092282     
 -0.62504657017070198     
 -0.60927887421495874     
 -0.59543828470231663     
 -0.58361264577795602     
 -0.57388333902716293     
 -0.56632669382703282     
 -0.56101507440077614     
 -0.55801772683592032     
 -0.55740144534588543     
 -0.55923110066812032     
 -0.56357006209639571     
 -0.57048053659091846     
 -0.58002384263263129     
 -0.59226063228674208     
 -0.60725107184635441     
 -0.62505498912138535     
 -0.64573199370096701     
 -0.66934157519561532     
 -0.69594318344981343     
 -0.72559629392840563     
 -0.75836046086488385     
 -0.79429536027497538     
 -0.83346082455437553     
 -0.87591687007226615     
 -0.92172371892526606     
 -0.97094181581669503     
 -0.93069230362556887     
 -0.92233076370589329     
 -0.90526539137761586     
 -0.88339924928841995     
 -0.85888102867497274     
 -0.83300949225729570     
 -0.80662879381320796     
 -0.78032044059389694     
 -0.75450462484697123     
 -0.72949745842708857     
 -0.70554515345411140     
 -0.68284540722349607     
 -0.66156131718412914     
 -0.64183074301431053     
 -0.62377278868282837     
 -0.60749240292468543     
 -0.59308371518525604     
 -0.58063250029464408     
 -0.57021802943503319     
 -0.56191448024325197     
 -0.55579202459620636     
 -0.55191767700267946     
 -0.55035596264819409     
 -0.55116944782395405     
 -0.55441916412357495     
 -0.56016494977095244     
 -0.56846572568899423     
 -0.57937971973456992     
 -0.59296464944311822     
 -0.60927787132964228     
 -0.62837650306244375     
 -0.65031752350893157     
 -0.67515785464083988     
 -0.70295442850163392     
 -0.73376424182555089     
 -0.76764440041449322     
 -0.80465215499545306     
 -0.84484492997465488     
 -0.88828034625806496     
 -0.93501623910842879     
 -0.93251856912772801     
 -0.92416240080948675     
 -0.90709616202301524     
 -0.88520712735837848     
 -0.86063286551713780     
 -0.83466443227546838     
 -0.80814040446967672     
 -0.78163798834723652     
 -0.75557382809208928     
 -0.73026092450722491     
 -0.70594262363665472     
 -0.68281388360820194     
 -0.66103511626358369     
 -0.64074150340704394     
 -0.62204945029856729     
 -0.60506116858413750     
 -0.58986800184828125     
 -0.57655288460192899     
 -0.56519219068741489     
 -0.55585714290275567     
 -0.54861490169656679     
 -0.54352941538351351     
 -0.54066209060036241     
 -0.54007232550575690     
 -0.54181793694704428     
 -0.54595550484402522     
 -0.55254065131898844     
 -0.56162826794172116     
 -0.57327270139346254     
 -0.58752790556964740     
 -0.60444756642022690     
 -0.62408520451625582     
 -0.64649425932460636     
 -0.67172815839196209     
 -0.69984037402877397     
 -0.73088446960272779     
 -0.76491413716925649     
 -0.80198322786119880     
 -0.84214577621387854     
 -0.88545601940284191     
 -0.93486464288921445     
 -0.92651642098707598     
 -0.90945131412385360     
 -0.88753599585054710     
 -0.86289364443196470     
 -0.83680540501450384     
 -0.81010272242587933     
 -0.78335733127674345     
 -0.75698138317941521     
 -0.73128395510285271     
 -0.70650478902411962     
 -0.68283540583054259     
 -0.66043285193420875     
 -0.63942895609347106     
 -0.61993674577430635     
 -0.60205500717960536     
 -0.58587159713779269     
 -0.57146589450688079     
 -0.55891064503959254     
 -0.54827337017298972     
 -0.53961745669791672     
 -0.53300300914849319     
 -0.52848752321081571     
 -0.52612642235979334     
 -0.52597348873980321     
 -0.52808121139152764     
 -0.53250106924928398     
 -0.53928376220290086     
 -0.54847940047557509     
 -0.56013766030125212     
 -0.57430791217606847     
 -0.59103932665730097     
 -0.61038096168320444     
 -0.63238183461149133     
 -0.65709098156754953     
 -0.68455750621519740     
 -0.71483061968283568     
 -0.74795967307392119     
 -0.78399418374589291     
 -0.82298385634331028     
 -0.93773003734725802     
 -0.92939309603944509     
 -0.91233275743218145     
 -0.89039005990985320     
 -0.86567045825304278     
 -0.83944298277618334     
 -0.81253041971325546     
 -0.78549790411173903     
 -0.75875220100895380     
 -0.73259770611639152     
 -0.70726987812282760     
 -0.68295616400131254     
 -0.65980962845750446     
 -0.63795813738016849     
 -0.61751072823032160     
 -0.59856214157443977     
 -0.58119611582092578     
 -0.56548782894579075     
 -0.55150573866016039     
 -0.53931298984539378     
 -0.52896850511535320     
 -0.52052783960027205     
 -0.51404385773591776     
 -0.50956727390592349     
 -0.50714708769728933     
 -0.50683093668889923     
 -0.50866538406650941     
 -0.51269615426445869     
 -0.51896832681869476     
 -0.52752649636769844     
 -0.53841490504370182     
 -0.55167755220664638     
 -0.56735828548169198     
 -0.58550087629186653     
 -0.60614908247563293     
 -0.62934670010452187     
 -0.65513760623878459     
 -0.68356579405708406     
 -0.71467540155290099     
 -0.74851073479294106     
 -0.94111406179001145     
 -0.93279265365173503     
 -0.91574269653388873     
 -0.89377428925510249     
 -0.86897174991609272     
 -0.84258978823004160     
 -0.81544103871062323     
 -0.78808295941446549     
 -0.76091609457466047     
 -0.73423946675354423     
 -0.70828364171763325     
 -0.68323142858663133     
 -0.65923136940986249     
 -0.63640683490710315     
 -0.61486233972624971     
 -0.59468803960590266     
 -0.57596300521666433     
 -0.55875765187838600     
 -0.54313557365480025     
 -0.52915494871490187     
 -0.51686963052564061     
 -0.50633000508882420     
 -0.49758367139595233     
 -0.49067598652061145     
 -0.48565050580403052     
 -0.48254934083517431     
 -0.48141345236099992     
 -0.48228289121284407     
 -0.48519699735098598     
 -0.49019456490490965     
 -0.49731397941019062     
 -0.50659333216630631     
 -0.51807051565820139     
 -0.53178330322301959     
 -0.54776941554759839     
 -0.56606657611229716     
 -0.58671255732303673     
 -0.60974521877414678     
 -0.63520253884321831     
 -0.66312264062317072     
 -0.94501576640477691     
 -0.93671521602596464     
 -0.91968355519920753     
 -0.89769431929950094     
 -0.87280718113850608     
 -0.84626032095857440     
 -0.81885476612603025     
 -0.79113927761878988     
 -0.76350741256969967     
 -0.73625220298362448     
 -0.70959879118210578     
 -0.68372486722507941     
 -0.65877399530343095     
 -0.63486460700197922     
 -0.61209625191681905     
 -0.59055405426222263     
 -0.57031196178624555     
 -0.55143516087980216     
 -0.53398190297066217     
 -0.51800490685749345     
 -0.50355245005560934     
 -0.49066922835104676     
 -0.47939704003278011     
 -0.46977533572734748     
 -0.46184166393800208     
 -0.45563203473455521     
 -0.45118121854366061     
 -0.44852299298941006     
 -0.44769034778655403     
 -0.44871565549112985     
 -0.45163081425701374     
 -0.45646736748579314     
 -0.46325660428784499     
 -0.47202964392036095     
 -0.48281750677949425     
 -0.49565117405941955     
 -0.51056163782181163     
 -0.52757994292335619     
 -0.54673722201010910     
 -0.56806472459345181     
 -0.94943387696732762     
 -0.94116072855175892     
 -0.92415788884346828     
 -0.90215633702768439     
 -0.87718748107827793     
 -0.85047075776705772     
 -0.82279417302605418     
 -0.79469683378554368     
 -0.76656461861752800     
 -0.73868403360362023     
 -0.71127435425050267     
 -0.68450776154451076     
 -0.65852248121647794     
 -0.63343165931360645     
 -0.60932953830186320     
 -0.58629586660137045     
 -0.56439911823347577     
 -0.54369889042351072     
 -0.52424772038226664     
 -0.50609248339133417     
 -0.48927548357545542     
 -0.47383531540949236     
 -0.45980755163333303     
 -0.44722529793728910     
 -0.43611964411765519     
 -0.42652003385625642     
 -0.41845456985896612     
 -0.41195026714397787     
 -0.40703326436377391     
 -0.40372900087753533     
 -0.40206236565741982     
 -0.40205782286867775     
 -0.40373951800780311     
 -0.40713136774158992     
 -0.41225713600996428     
 -0.41914049849789059     
 -0.42780509721777793     
 -0.43827458665221403     
 -0.45057267267141615     
 -0.46472314524833586     
 -0.95436672053900518     
 -0.94612887908170840     
 -0.92916828599295342     
 -0.90716695293649796     
 -0.88212427680466443     
 -0.85523872926642086     
 -0.82728392428262354     
 -0.79878842552192764     
 -0.77012982189640244     
 -0.74158764626144758     
 -0.71337495748548829     
 -0.68565813540280929     
 -0.65856980837907408     
 -0.63221759554068357     
 -0.60669019812288139     
 -0.58206175507997626     
 -0.55839502879381275     
 -0.53574378195206962     
 -0.51415458249433965     
 -0.49366819592891992     
 -0.47432067452301890     
 -0.45614422013538419     
 -0.43916787547807656     
 -0.42341808354351390     
 -0.40891914444595157     
 -0.39569359150198169     
 -0.38376250304100518     
 -0.37314576255351600     
 -0.36386227692289358     
 -0.35593016035254832     
 -0.34936688999234028     
 -0.34418943804439422     
 -0.34041438418814929     
 -0.33805801143550107     
 -0.33713638795683665     
 -0.33766543696925366     
 -0.33966099642093561     
 -0.34313886991936549     
 -0.34811487011992631     
 -0.35460485560341259     
 -0.95981214256282299     
 -0.95161900844165181     
 -0.93471725976133180     
 -0.91273306050389824     
 -0.88762990762401583     
 -0.86058307551752677     
 -0.83235046117621636     
 -0.80344926699421704     
 -0.77424826554754500     
 -0.74501966158849176     
 -0.71597004567664901     
 -0.68725980722192381     
 -0.65901582518932567     
 -0.63134006092905082     
 -0.60431555418739891     
 -0.57801071760904155     
 -0.55248248350692752     
 -0.52777865646558497     
 -0.50393970389760923     
 -0.48100014074700831     
 -0.45898961577501385     
 -0.43793377479384993     
 -0.41785495466228051     
 -0.39877274709077920     
 -0.38070446100889183     
 -0.36366550495433542     
 -0.34766970570185474     
 -0.33272957553258792     
 -0.31885653773065353     
 -0.30606111779576617     
 -0.29435310628022637     
 -0.28374169795627352     
 -0.27423561109656380     
 -0.26584318993536327     
 -0.25857249281929834     
 -0.25243136811635852     
 -0.24742751960230105     
 -0.24356856276379685     
 -0.24086207323189035     
 -0.23931562837575920     
 -0.96576741575981151     
 -0.95763001286110183     
 -0.94080713044306219     
 -0.91886168479081731     
 -0.89371722548773680     
 -0.86652358376324834     
 -0.83802166120357935     
 -0.80871655436406886     
 -0.77896777977386178     
 -0.74903995425083103     
 -0.71913304923696186     
 -0.68940138012267882     
 -0.65996603441565638     
 -0.63092329877142084     
 -0.60235054878478844     
 -0.57431047489943332     
 -0.54685418492148319     
 -0.52002352846413913     
 -0.49385287021746355     
 -0.46837046484786343     
 -0.44359953871619617     
 -0.41955915225795176     
 -0.39626489578551166     
 -0.37372945701457089     
 -0.35196308852791580     
 -0.33097399623759638     
 -0.31076866476308185     
 -0.29135213189547970     
 -0.27272822155464727     
 -0.25489974258602144     
 -0.23786865919255940     
 -0.22163623761762424     
 -0.20620317278977141     
 -0.19156969794027479     
 -0.17773567965806902     
 -0.16470070041726093     
 -0.15246413027187108     
 -0.14102518914038298     
 -0.13038300088350221     
 -0.12053664020053710     
 -0.97222914121953274     
 -0.96416023905458947     
 -0.94743990042130932     
 -0.92555982190385133     
 -0.90039938386322638     
 -0.87308071146755617     
 -0.84432647938297289     
 -0.81462900829215534     
 -0.78433820693754841     
 -0.75371094024039198     
 -0.72294051131206982     
 -0.69217518437978964     
 -0.66153032434811787     
 -0.63109664138052812     
 -0.60094596335966466     
 -0.57113538546591558     
 -0.54171032282892984     
 -0.51270680261038204     
 -0.48415321674691508     
 -0.45607168449793389     
 -0.42847912756993156     
 -0.40138813002845081     
 -0.37480763463016470     
 -0.34874351308002499     
 -0.32319903784950299     
 -0.29817527618886192     
 -0.27367142192592236     
 -0.24968507696893860     
 -0.22621249172048064     
 -0.20324877158823587     
 -0.18078805525706584     
 -0.15882366923064722     
 -0.13734826226527794     
 -0.11635392263426916     
  -9.5832280628770528E-002
  -7.5774598283114530E-002
  -5.6171847982548900E-002
  -3.7014781348160254E-002
  -1.8293989582532824E-002
   4.3711390001862412E-008
 -0.97919314205086283     
 -0.97120737272077429     
 -0.95461712266981336     
 -0.93283427115190964     
 -0.90768961757160471     
 -0.88027529802591187     
 -0.85129457552653631     
 -0.82122639937314923     
 -0.79041080624363036     
 -0.75909684008168976     
 -0.72747118676747213     
 -0.69567618728579583     
 -0.66382166237611551     
 -0.63199295789499021     
 -0.60025658870241450     
 -0.56866430398995449     
 -0.53725608422670068     
 -0.50606239638875472     
 -0.47510592260665507     
 -0.44440290745607647     
 -0.41396422408655736     
 -0.38379622966679067     
 -0.35390146058684080     
 -0.32427920408175820     
 -0.29492597330456505     
 -0.26583590602962232     
 -0.23700110223361298     
 -0.20841191220093411     
 -0.18005718414271471     
 -0.15192447833675790     
 -0.12400025330383382     
  -9.6270028403173058E-002
  -6.8718526363439864E-002
  -4.1329798597552127E-002
  -1.4087335631285272E-002
   1.3025835429589206E-002
   4.0027064787783360E-002
   6.6934003845568565E-002
   9.3764537947417265E-002
  0.12053672698590635     
 -0.98665434990690581     
 -0.97876832125313817     
 -0.96233976420189304     
 -0.94069146181775187     
 -0.91560101618723699     
 -0.88812826860686844     
 -0.85895593205490528     
 -0.82854906248927451     
 -0.79723764574683653     
 -0.76526292781910843     
 -0.73280512546139465     
 -0.70000088582603059     
 -0.66695476987456392     
 -0.63374708179643324     
 -0.60043937307631268     
 -0.56707841557003669     
 -0.53369913673759994     
 -0.50032683329183858     
 -0.46697887188596210     
 -0.43366601789947590     
 -0.40039348979320044     
 -0.36716180769090079     
 -0.33396748538208332     
 -0.30080360153660485     
 -0.26766027652915103     
 -0.23452507458677380     
 -0.20138334614817030     
 -0.16821852179785080     
 -0.13501236653323889     
 -0.10174520117866147     
  -6.8396096296612779E-002
  -3.4943042836240057E-002
  -1.3631029106050082E-003
   3.2367456558013839E-002
   6.6273045089985605E-002
  0.10037864295494282     
  0.13470970699768692     
  0.16929208668952875     
  0.20415194930267588     
  0.23931571325819195     
 -0.99460668461641266     
 -0.98683909147488258     
 -0.97060806588717941     
 -0.94913727653646596     
 -0.92414629365338885     
 -0.89666033363001907     
 -0.86734046696216049     
 -0.83663740609328896     
 -0.80487098943766888     
 -0.77227477566869684     
 -0.73902275223889236     
 -0.70524619761443263     
 -0.67104479736247424     
 -0.63649424115036812     
 -0.60165157590714891     
 -0.56655907869028099     
 -0.53124712413440323     
 -0.49573635163204571     
 -0.46003933395629065     
 -0.42416188398714366     
 -0.38810409415486807     
 -0.35186117536134554     
 -0.31542414328692475     
 -0.27878038697801472     
 -0.24191414547280715     
 -0.20480691170489135     
 -0.16743777821085493     
 -0.12978373571666302     
  -9.1819933122975775E-002
  -5.3519905500625485E-002
  -1.4855775269305328E-002
   2.4201569358555552E-002
   6.3682315419397548E-002
  0.10361758311486569     
  0.14403929848396321     
  0.18498007909237879     
  0.22647313129544003     
  0.26855215786106762     
  0.31125127491910159     
  0.35460493734513138     
  -1.0030429270372532     
 -0.99541466322304328     
 -0.97942140012039680     
 -0.95817687332880774     
 -0.93333755679618968     
 -0.90589168738024750     
 -0.87647764649918747     
 -0.84553142235519141     
 -0.81336268704869075     
 -0.78019750406475319     
 -0.74620395589160893     
 -0.71150836531582873     
 -0.67620601864854435     
 -0.64036851432008823     
 -0.60404895439928830     
 -0.56728570949536505     
 -0.53010521241544550     
 -0.49252407393448538     
 -0.45455071508904543     
 -0.41618664804221134     
 -0.37742749715621821     
 -0.33826382507548480     
 -0.29868181041235015     
 -0.25866381102691416     
 -0.21818883801984562     
 -0.17723295921147694     
 -0.13576964627864008     
  -9.3770076342061998E-002
  -5.1203396289775799E-002
  -8.0369562440654983E-003
   3.5763482837866706E-002
   8.0233563515605150E-002
  0.12541016507682498     
  0.17133125314397760     
  0.21803574369429873     
  0.26556337988136824     
  0.31395462033097399     
  0.36325053780272981     
  0.41349272727712755     
  0.46472322265736282     
  -1.0119545850874296     
  -1.0044888596156059     
 -0.98877812789018327     
 -0.96781450837988925     
 -0.94318607541644395     
 -0.91584170920340546     
 -0.88639610203149066     
 -0.85527020393116138     
 -0.82276357397486810     
 -0.78909504650543782     
 -0.75442719891695775     
 -0.71888188928201391     
 -0.68255056209303899     
 -0.64550133323538916     
 -0.60778400970149316     
 -0.56943373915905204     
 -0.53047372403222304     
 -0.49091728099622950     
 -0.45076943263115898     
 -0.41002815846636526     
 -0.36868539396969663     
 -0.32672784027690066     
 -0.28413762992324471     
 -0.24089288166987693     
 -0.19696816892145633     
 -0.15233492006335930     
 -0.10696176455781740     
  -6.0814835330488218E-002
  -1.3858035514907887E-002
   3.3946724230050532E-002
   8.2639313017292326E-002
  0.13226118789879882     
  0.18285521997477175     
  0.23446553614076918     
  0.28713737464664302     
  0.34091695300561659     
  0.39585134706891056     
  0.45198838029078897     
  0.50937652236624575     
  0.56806479654098829     
  -1.0213317526955552     
  -1.0140542148448772     
 -0.99867545686432768     
 -0.97805336168550072     
 -0.95370205660714735     
 -0.92652867062558031     
 -0.89712325534558313     
 -0.86589147284110246     
 -0.83312288832557857     
 -0.79902943810673521     
 -0.76376865928327098     
 -0.72745850235844733     
 -0.69018719619424662     
 -0.65202005522393247     
 -0.61300431802152533     
 -0.57317267476670741     
 -0.53254589637280447     
 -0.49113483308520756     
 -0.44894196128259173     
 -0.40596260070957069     
 -0.36218588751879061     
 -0.31759556387231275     
 -0.27217062803020686     
 -0.22588587713733166     
 -0.17871236661253856     
 -0.13061780406038398     
  -8.1566891251711501E-002
  -3.1521624481261445E-002
   1.9558438814156486E-002
   7.1715941126078361E-002
  0.12499550897812357     
  0.17944355647601803     
  0.23510810553669004     
  0.29203862065833880     
  0.35028585657465916     
  0.40990171750228654     
  0.47093912696599161     
  0.53345190739077186     
  0.59749466879933355     
  0.66312270606005996     
  -1.0311629611320607     
  -1.0241018403568607     
  -1.0091093021870106     
 -0.98889536771227027     
 -0.96489442588562346     
 -0.93796945158927170     
 -0.90868495642962144     
 -0.87743112657732547     
 -0.84448771162649150     
 -0.81006013611691008     
 -0.77430141457059787     
 -0.73732619978207725     
 -0.69922018545621800     
 -0.66004662293558758     
 -0.61985097038067627     
 -0.57866429219601190     
 -0.53650579844870749     
 -0.49338477838952899     
 -0.44930209846839325     
 -0.40425138189614579     
 -0.35821995186914335     
 -0.31118959712991151     
 -0.26313720246126998     
 -0.21403527546986659     
 -0.16385239301276960     
 -0.11255358483025962     
  -6.0100667694493244E-002
  -6.4525402163000218E-003
   4.8434553935124663E-002
  0.10460678846323819     
  0.16211253798580447     
  0.22100217922535192     
  0.28132790722132794     
  0.34314356458234863     
  0.40650448229352559     
  0.47146733097206101     
  0.53808998174786538     
  0.60643137615374476     
  0.67655140455711360     
  0.74851079276496579     
  -1.0414350218165345     
  -1.0346212903091794     
  -1.0200741517812997     
  -1.0003410532371810     
 -0.97677061764497297     
 -0.95017926880785442     
 -0.92110513744351874     
 -0.88992280611790631     
 -0.85690243907533825     
 -0.82224337983415241     
 -0.78609467782126574     
 -0.74856833579989868     
 -0.70974823092274086     
 -0.66969633001765305     
 -0.62845714251361984     
 -0.58606098697656961     
 -0.54252643691572178     
 -0.49786218570925767     
 -0.45206849239610131     
 -0.40513832004569683     
 -0.35705824547988047     
 -0.30780919691391700     
 -0.25736706078852534     
 -0.20570318832362350     
 -0.15278482464520021     
  -9.8575477753612389E-002
  -4.3035240477946497E-002
   1.3878924530032168E-002
   7.2212929057740627E-002
  0.13201532695145776     
  0.19333710059925338     
  0.25623146288064935     
  0.32075367204871569     
  0.38696085768680089     
  0.45491185640966264     
  0.52466705638508482     
  0.59628825005867103     
  0.66983849468877898     
  0.74538198045503101     
  0.82298390600510773     
  -1.0521328592212413     
  -1.0456004272625825     
  -1.0315629380756517     
  -1.0123893845499281     
 -0.98933637732189328     
 -0.96317141900791825     
 -0.93440548622697539     
 -0.90339748999242064     
 -0.87040828453765140     
 -0.83563159642182927     
 -0.79921309321541256     
 -0.76126279710872524     
 -0.72186350788689202     
 -0.68107670794630759     
 -0.63894681376715690     
 -0.59550430604568849     
 -0.55076807908300129     
 -0.50474723450400993     
 -0.45744247212872463     
 -0.40884718421365351     
 -0.35894832841335617     
 -0.30772713388772693     
 -0.25515968049915561     
 -0.20121738082922097     
 -0.14586738741037333     
  -8.9072942211357919E-002
  -3.0793681437201983E-002
   2.9014094297884770E-002
   9.0397176668533419E-002
  0.15340522724248831     
  0.21809057143879390     
  0.28450800541247562     
  0.35271461333999254     
  0.42276959330344072     
  0.49473409054940548     
  0.56867103735403413     
  0.64464499907721295     
  0.72272202625014959     
  0.80296951272463568     
  0.88545606003023103     
  -1.0632393318732700     
  -1.0570252891725582     
  -1.0435669182378662     
  -1.0250376262211769     
  -1.0025955775484428     
 -0.97695703956091862     
 -0.94860514227734094     
 -0.91788311795519839     
 -0.88504282466052253     
 -0.85027285804569108     
 -0.81371609830440261     
 -0.77548126147133167     
 -0.73565081112879072     
 -0.69428654680874002     
 -0.65143365075230053     
 -0.60712367970790526     
 -0.56137681643618909     
 -0.51420359076955657     
 -0.46560621387451750     
 -0.41557962629488593     
 -0.36411233161486273     
 -0.31118706797728357     
 -0.25678135605397789     
 -0.20086795240322244     
 -0.14341523018509375     
  -8.4387504099687358E-002
  -2.3745312604540908E-002
   3.8554332424598034E-002
  0.10255772066266659     
  0.16831423676969892     
  0.23587616754046928     
  0.30529851917055745     
  0.37663884198847303     
  0.44995706078904052     
  0.52531530955274897     
  0.60277776986711218     
  0.68241051279159359     
  0.76428134423665839     
  0.84845965416817204     
  0.93501627010897115     
  -1.0747350386534766     
  -1.0688799589358864     
  -1.0560755652171541     
  -1.0382812136630859     
  -1.0165500504047265     
 -0.99154488870461877     
 -0.96372041767047856     
 -0.93340424717379766     
 -0.90083958560057686     
 -0.86621039458621574     
 -0.82965735801411988     
 -0.79128854793066683     
 -0.75118681562634404     
 -0.70941505989101861     
 -0.66602006798476554     
 -0.62103536897099387     
 -0.57448338743150906     
 -0.52637709181537917     
 -0.47672127168460476     
 -0.42551353865999653     
 -0.37274511930032561     
 -0.31840148989044353     
 -0.26246289034030468     
 -0.20490474530958228     
 -0.14569801410340391     
  -8.4809486058058561E-002
  -2.2202034527227327E-002
   4.2165160170269174E-002
  0.10833641062063851     
  0.17635933848826954     
  0.24628470186945139     
  0.31816622986756893     
  0.39206046142129014     
  0.46802658627141486     
  0.54612628669131180     
  0.62642357924151371     
  0.70898465634570584     
  0.79387772792422961     
  0.88117286366263869     
  0.97094183673833256     
  -1.0865981065389620     
  -1.0811464380521105     
  -1.0690764721801160     
  -1.0521136417358892     
  -1.0311994377173417     
  -1.0069411472244003     
 -0.97976454490509657     
 -0.94998174315144945     
 -0.91782767492547301     
 -0.88348216493133858     
 -0.84708427400038599     
 -0.80874206295686479     
 -0.76853945806289037     
 -0.72654119869810785     
 -0.68279647384641118     
 -0.63734163880206707     
 -0.59020227292850991     
 -0.54139475685699712     
 -0.49092749384295409     
 -0.43880186419091077     
 -0.38501297727356720     
 -0.32955026876760524     
 -0.27239797882813932     
 -0.21353553842427012     
 -0.15293788490399271     
  -9.0575723336915867E-002
  -2.6415746810671575E-002
   3.9579173708033120E-002
  0.10744982133398606     
  0.17724048003243500     
  0.24899879050890347     
  0.32277561066879912     
  0.39862487710096550     
  0.47660346494941053     
  0.55677104437129299     
  0.63918993254233880     
  0.72392494085898296     
  0.81104321758947795     
  0.90061408673152432     
  0.99270888423040782     
  -1.0988039545546082     
  -1.0938045264396767     
  -1.0825552732963333     
  -1.0665263716836013     
  -1.0465410611524926     
  -1.0231492431076923     
 -0.99674745313323176     
 -0.96763250688666835     
 -0.93603146027748119     
 -0.90212048855803106     
 -0.86603757123506264     
 -0.82789134466287673     
 -0.78776744166880630     
 -0.74573312156475902     
 -0.70184070596410852     
 -0.65613016276759295     
 -0.60863107165053398     
 -0.55936413343300684     
 -0.50834233841428933     
 -0.45557187660183579     
 -0.40105285055236733     
 -0.34477983597969436     
 -0.28674232424560586     
 -0.22692507293549519     
 -0.16530838498811790     
 -0.10186833265491189     
  -3.6576939459615779E-002
   3.0597669005694307E-002
   9.9691136407799724E-002
  0.17074276150958573     
  0.24379539208916592     
  0.31889532154889305     
  0.39609218377629357     
  0.47543884273466663     
  0.55699127416188698     
  0.64080843764694273     
  0.72695213822425320     
  0.81548687745287096     
  0.90647969470069012     
  0.99999999999999623     
  -1.1113250268748038     
  -1.1068317111841908     
  -1.0964955843013069     
  -1.0815087587062393     
  -1.0625698136283166     
  -1.0401697003039576     
  -1.0146755737060977     
 -0.98636923904714002     
 -0.95547029540634743     
 -0.92215173779678594     
 -0.88655096196370031     
 -0.84877770496252791     
 -0.80891986403836347     
 -0.76704781537234046     
 -0.72321765559790352     
 -0.67747365905145107     
 -0.62985015654186627     
 -0.58037298203142473     
 -0.52906059267329808     
 -0.47592493911608386     
 -0.42097214290220525     
 -0.36420302352308676     
 -0.30561350748311766     
 -0.24519494436766404     
 -0.18293434958409771     
 -0.11881458957475947     
  -5.2814522479474303E-002
   1.5090894843054195E-002
   8.4930524061408164E-002
  0.15673697868415226     
  0.23054656618084957     
  0.30639923247315171     
  0.38433850313963108     
  0.46441141648585194     
  0.54666844450720165     
  0.63116339873508842     
  0.71795331900151138     
  0.80709834425291205     
  0.89866156564132094     
  0.99270886315510387     
  -1.1241304855928409     
  -1.1202030681124682     
  -1.1108789668541394     
  -1.0970480024821871     
  -1.0792780733105423     
  -1.0580000123196667     
  -1.0335516754251561     
  -1.0062002412156064     
 -0.97615829321182579     
 -0.94359608987525823     
 -0.90865088544855233     
 -0.87143396727583833     
 -0.83203596462608231     
 -0.79053086614475931     
 -0.74697907594117607     
 -0.70142975206886682     
 -0.65392260590115925     
 -0.60448929301019561     
 -0.55315449147733520     
 -0.49993673856134013     
 -0.44484907862124157     
 -0.38789956215795840     
 -0.32909162639302963     
 -0.26842438094754295     
 -0.20589281721528555     
 -0.14148795644082066     
  -7.5196948955223428E-002
  -7.0031352240787787E-003
   6.3113921878545184E-002
  0.13517842500219984     
  0.20921834247786250     
  0.28526541317169807     
  0.36335514892871290     
  0.44352682799562743     
  0.52582347346245650     
  0.61029181162728274     
  0.69698220629668284     
  0.78594856637336585     
  0.87724822559683813     
  0.97094179489505017     
  -1.1371858504368868     
  -1.1338911817553972     
  -1.1256849214240390     
  -1.1131291229198501     
  -1.0966556411478685     
  -1.0766345409537319     
  -1.0533747293532676     
  -1.0271292535707051     
 -0.99810414451032081     
 -0.96646733659265827     
 -0.93235632024325832     
 -0.89588429517366863     
 -0.85714498572727116     
 -0.81621637055047513     
 -0.77316356446827117     
 -0.72804104792366420     
 -0.68089439581906763     
 -0.63176162100649991     
 -0.58067421910196149     
 -0.52765797970704476     
 -0.47273361304334055     
 -0.41591722911287959     
 -0.35722069773084025     
 -0.29665191133667690     
 -0.23421496779125509     
 -0.16991028698641827     
 -0.10373467272248636     
  -3.5681329722912734E-002
   3.4260155318099263E-002
  0.10610386025954281     
  0.17986759336575880     
  0.25557297017032793     
  0.33324549286657135     
  0.41291462361482234     
  0.49461384322182844     
  0.57838068704389156     
  0.66425675081007929     
  0.75228766042412698     
  0.84252300167881555     
  0.93501620810787933     
  -1.1504525683589262     
  -1.1478660917383827     
  -1.1408909142790848     
  -1.1297349633069669     
  -1.1146897025333944     
  -1.0960644400349584     
  -1.0741398025208151     
  -1.0491553277140773     
  -1.0213109803821698     
 -0.99077274832303330     
 -0.95767866418953962     
 -0.92214410526649226     
 -0.88426613797481279     
 -0.84412697669853420     
 -0.80179670475213249     
 -0.75733540594025217     
 -0.71079483288765222     
 -0.66221971268822521     
 -0.61164876772987320     
 -0.55911551120935155     
 -0.50464886260520547     
 -0.44827361752218925     
 -0.39001079813247203     
 -0.32987790430759789     
 -0.26788908098817976     
 -0.20405521402590152     
 -0.13838396440325768     
  -7.0879749213181423E-002
  -1.5436769376196413E-003
   6.9626555693085401E-002
  0.14263679773170818     
  0.21749660074732294     
  0.29421938910972978     
  0.37282263356804735     
  0.45332801681920160     
  0.53576157902735722     
  0.62015383111518241     
  0.70653982437213891     
  0.79495916670886324     
  0.88545597877544568     
  -1.1638874900406300     
  -1.1620952772884756     
  -1.1564724450813644     
  -1.1468462227857994     
  -1.1333648132273726     
  -1.1162776035606199     
  -1.0958379793681692     
  -1.0722727327651851     
  -1.0457762751932225     
  -1.0165129880217252     
 -0.98462167593563865     
 -0.95022005575421065     
 -0.91340865883751232     
 -0.87427403921292024     
 -0.83289134867616832     
 -0.78932638263106614     
 -0.74363719859357369     
 -0.69587539412642330     
 -0.64608711385847062     
 -0.59431383996207587     
 -0.54059300791992582     
 -0.48495847949617710     
 -0.42744089712409022     
 -0.36806793799567483     
 -0.30686448161568697     
 -0.24385270117676361     
 -0.17905208662194252     
 -0.11247940555454299     
  -4.4148607161031979E-002
   2.5929325998356977E-002
   9.7746573105435539E-002
  0.17129871082396250     
  0.24658498165896603     
  0.32360858462133790     
  0.40237697516530729     
  0.48290215855575186     
  0.56520095839494988     
  0.64929524061215438     
  0.73521207347340567     
  0.82298380668150661     
  -1.1774422223669638     
  -1.1765436969080385     
  -1.1724031625337505     
  -1.1644415196373603     
  -1.1526629091235592     
  -1.1372586371574021     
  -1.1184563093111353     
  -1.0964708923356117     
  -1.0714917867426204     
  -1.0436820700523322     
  -1.0131814706045137     
 -0.98011010044147240     
 -0.94457195039021413     
 -0.90665787054466584     
 -0.86644801586899767     
 -0.82401381897222692     
 -0.77941956954157432     
 -0.73272367458026522     
 -0.68397966169536384     
 -0.63323697525205069     
 -0.58054160424987600     
 -0.52593657171957298     
 -0.46946230815937601     
 -0.41115692573990481     
 -0.35105640541378513     
 -0.28919470542773645     
 -0.22560379687534807     
 -0.16031362974245841     
  -9.3352031347346279E-002
  -2.4744538195668488E-002
   4.5485837850160797E-002
  0.11731890739695085     
  0.19073766177016957     
  0.26572868497341900     
  0.34228260816052181     
  0.42039458970896032     
  0.50006479748613064     
  0.58129886353551363     
  0.66410827663057370     
  0.74851067682091088     
  -1.1910623150009396     
  -1.1911739081175090     
  -1.1886550363077271     
  -1.1824974861052591     
  -1.1725633387660657     
  -1.1589888512992883     
  -1.1419777784138883     
  -1.1217343495829630     
  -1.0984435294920170     
  -1.0722673579958908     
  -1.0433465613377244     
  -1.0118035967606160     
 -0.97774578085077835     
 -0.94126806798872475     
 -0.90245538370989853     
 -0.86138453703820528     
 -0.81812577104312678     
 -0.77274401453073516     
 -0.72529989065246625     
 -0.67585052840740123     
 -0.62445021352078622     
 -0.57115090693828718     
 -0.51600265230929132     
 -0.45905388818311477     
 -0.40035167597417554     
 -0.33994185084094525     
 -0.27786909928652487     
 -0.21417696440108369     
 -0.14890777717168069     
  -8.2102510209870153E-002
  -1.3800548722479591E-002
   5.5960627164295590E-002
  0.12714585411064058     
  0.19972279438208845     
  0.27366254007984314     
  0.34894030312063834     
  0.42553616974845437     
  0.50343588350846646     
  0.58263160411818582     
  0.66312257518627593     
  -1.2046862242076926     
  -1.2059463036560827     
  -1.2051985937929917     
  -1.2009888942975209     
  -1.1930429167115371     
  -1.1814462742341085     
  -1.1663813028200261     
  -1.1480427572474323     
  -1.1266117765005859     
  -1.1022495951793327     
  -1.0750979378535144     
  -1.0452814555011893     
  -1.0129105331486910     
 -0.97808389406868668     
 -0.94089083861366740     
 -0.90141310821134912     
 -0.85972641608719669     
 -0.81590169795561662     
 -0.77000613305548804     
 -0.72210397846203311     
 -0.67225725147377025     
 -0.62052628742869598     
 -0.56697019389932068     
 -0.51164721680064174     
 -0.45461502932650033     
 -0.39593095058187333     
 -0.33565209708311955     
 -0.27383546676167425     
 -0.21053795157294947     
 -0.14581627118145271     
  -7.9726816457725308E-002
  -1.2325387829663572E-002
   5.6333189719680564E-002
  0.12619559523116186     
  0.19721070357697262     
  0.26933045493227592     
  0.34251090373426207     
  0.41671342591221505     
  0.49190602766104541     
  0.56806465264591033     
  -1.2182439764103097     
  -1.2208195173199694     
  -1.2220032294839271     
  -1.2198888109152053     
  -1.2140759948836299     
  -1.2046056821133337     
  -1.1916417413446265     
  -1.1753708894063419     
  -1.1559710855411283     
  -1.1336029614892600     
  -1.1084091729206460     
  -1.0805163195791057     
  -1.0500374831979995     
  -1.0170746869842757     
 -0.98172105773305252     
 -0.94406265267478640     
 -0.90417997778298387     
 -0.86214924280966210     
 -0.81804339911552693     
 -0.77193300098722395     
 -0.72388692423982026     
 -0.67397296925088623     
 -0.62225836971229109     
 -0.56881022336688980     
 -0.51369585667215045     
 -0.45698313147963809     
 -0.39874069818630808     
 -0.33903819612809866     
 -0.27794639795015569     
 -0.21553728997102103     
 -0.15188407480242389     
  -8.7061075340292324E-002
  -2.1143510457389620E-002
   4.5792897627142191E-002
  0.11367253544303738     
  0.18242079056325480     
  0.25196528797903134     
  0.32223752207203743     
  0.39317489334434180     
  0.46472306783930567     
  -1.2316554253315410     
  -1.2357510771635924     
  -1.2390375920803169     
  -1.2391687760049070     
  -1.2356345480136639     
  -1.2284386434226775     
  -1.2177299244885484     
  -1.2036886716553798     
  -1.1864903449154542     
  -1.1662951501333267     
  -1.1432465477863465     
  -1.1174727593313989     
  -1.0890890906662316     
  -1.0582002778083501     
  -1.0249025899201472     
 -0.98928562904723738     
 -0.95143384154369026     
 -0.91142778024305182     
 -0.86934516021629282     
 -0.82526174730172963     
 -0.77925211277674800     
 -0.73139028164668263     
 -0.68175029677371846     
 -0.63040671660794778     
 -0.57743506052830984     
 -0.52291221257051057     
 -0.46691679137952136     
 -0.40952949129453325     
 -0.35083339619727433     
 -0.29091426364648759     
 -0.22986077119406825     
 -0.16776470863376861     
 -0.10472108783675890     
  -4.0828123800287212E-002
   2.3812985915581890E-002
   8.9098593585698604E-002
  0.15492360503828134     
  0.22118317035527996     
  0.28777531965789976     
  0.35460477386169115     
  -1.2448279567451683     
  -1.2506984196903279     
  -1.2562700479816515     
  -1.2587989974937450     
  -1.2576882681833437     
  -1.2529135745239335     
  -1.2446126971219145     
  -1.2329612265476251     
  -1.2181328347247526     
  -1.2002874583777150     
  -1.1795691881147619     
  -1.1561074725135123     
  -1.1300192859034961     
  -1.1014113921562534     
  -1.0703824059219456     
  -1.0370245741027968     
  -1.0014252840370312     
 -0.96366833303372879     
 -0.92383499989196993     
 -0.88200495668174306     
 -0.83825705410276263     
 -0.79267000849254576     
 -0.74532301388833733     
 -0.69629629870377707     
 -0.64567164355513751     
 -0.59353287446346581     
 -0.53996634393350984     
 -0.48506141111079648     
 -0.42891093114526702     
 -0.37161176274834951     
 -0.31326530122286406     
 -0.25397804106962846     
 -0.19386216594369673     
 -0.13303615106585351     
  -7.1625338223901672E-002
  -9.7623951828282006E-003
   5.2412520290852443E-002
  0.11475224125932905     
  0.17710437157428535     
  0.23931554349332462     
  -1.2576534392145382     
  -1.2656204312177564     
  -1.2736692070532232     
  -1.2787485489607928     
  -1.2802046625380845     
  -1.2779958030063490     
  -1.2722529722168519     
  -1.2631489313949533     
  -1.2508562997770638     
  -1.2355348869156177     
  -1.2173292028808012     
  -1.1963694783974499     
  -1.1727737383252486     
  -1.1466500161593252     
  -1.1180983904290773     
  -1.0872127557125970     
  -1.0540823296073780     
  -1.0187929276627223     
 -0.98142804563313091     
 -0.94206978686957421     
 -0.90079966825734070     
 -0.85769933331018289     
 -0.81285119679675366     
 -0.76633904192464442     
 -0.71824858870750996     
 -0.66866805068367186     
 -0.61768869663721937     
 -0.56540543443971381     
 -0.51191743570425852     
 -0.45732882285270393     
 -0.40174944480987995     
 -0.34529577439625730     
 -0.28809197030186340     
 -0.23027116003078793     
 -0.17197701761836379     
 -0.11336572916934895     
  -5.4608451071577933E-002
   4.1056593593132382E-003
   6.2565905721837664E-002
  0.12053655341516670     
  -1.2700041411413958     
  -1.2804797596414361     
  -1.2912044728242298     
  -1.2989855533059991     
  -1.3031491476785784     
  -1.3036476356839157     
  -1.3006097933051419     
  -1.2942074859557584     
  -1.2846130309141144     
  -1.2719862433854090     
  -1.2564718198926283     
  -1.2382002970830575     
  -1.2172900938854381     
  -1.1938497097150269     
  -1.1679797527261573     
  -1.1397747074714544     
  -1.1093244416050536     
  -1.0767154827683847     
  -1.0420321046077694     
  -1.0053572596061187     
 -0.96677339219357594     
 -0.92636316096152871     
 -0.88421009473051171     
 -0.84039920406059454     
 -0.79501756764098819     
 -0.74815491188671546     
 -0.69990420206424475     
 -0.65036226451346479     
 -0.59963046233160688     
 -0.54781545178731006     
 -0.49503005471412936     
 -0.44139429491459969     
 -0.38703666729813629     
 -0.33209574287350824     
 -0.27672227201218569     
 -0.22108205499238920     
 -0.16536004901062848     
 -0.10976657281421438     
  -5.4547266465455352E-002
  -1.3113417000558692E-007
