  -1.0763641029603670     
 -0.94444381994679882     
 -0.80932023592405067     
 -0.70022174471122023     
 -0.62758547508058860     
 -0.59764909454165760     
 -0.61537990680233334     
 -0.68534889387043751     
 -0.81204562356205212     
  -1.0000000000000000     
  -1.0803928234616544     
 -0.94871513619780490     
 -0.81134000123610650     
 -0.69687867747999044     
 -0.61523782557204876     
 -0.57207487727900164     
 -0.57172219149816483     
 -0.61807262731836998     
 -0.71490685240403473     
 -0.86602539649920685     
  -1.0924542121152681     
 -0.96188581102522119     
 -0.81859336936293980     
 -0.68949426737257991     
 -0.58309882643129707     
 -0.50353650135434858     
 -0.45345463489197568     
 -0.43493180404105519     
 -0.44983872379001161     
 -0.49999997476321700     
  -1.1124806377875391     
 -0.98495842957922952     
 -0.83441028205935874     
 -0.68539920876623472     
 -0.54469359905021075     
 -0.41452258321699365     
 -0.29540012961198059     
 -0.18706134450292947     
  -8.8865277012048494E-002
   4.3711390001862412E-008
  -1.1402864661927674     
  -1.0193164313868859     
 -0.86350184779630668     
 -0.69491437330667716     
 -0.51890108629070308     
 -0.33618010867426129     
 -0.14550516062860297     
   5.5414433349419596E-002
  0.26948822956988655     
  0.50000005047356477     
  -1.1754724664645413     
  -1.0663606675291601     
 -0.91092631795685231     
 -0.72905068631585956     
 -0.52554274784025012     
 -0.30068879067848270     
  -5.2656356038525517E-002
  0.22167695373028656     
  0.52633903370131774     
  0.86602544021059469     
  -1.2173161439127234     
  -1.1271168475887257     
 -0.98102071503636079     
 -0.79721681400023869     
 -0.58106872206782090     
 -0.33383610044197243     
  -5.4761945475487128E-002
  0.25826037671128521     
  0.60844421041651608     
  0.99999999999999623     
  -1.2646652333580155     
  -1.2018909578728623     
  -1.0765351886739596     
 -0.90552111955341896     
 -0.69556211051576911     
 -0.45000394679707528     
 -0.17067086762611169     
  0.14158310778294006     
  0.48679144732339463     
  0.86602535278781245     
  -1.3158488574122997     
  -1.2900302566792499     
  -1.1981172977548078     
  -1.0560244273259167     
 -0.87186211855605944     
 -0.65118313126789729     
 -0.39879545533914046     
 -0.11945291766792299     
  0.18187832713453209     
  0.49999989905286546     
  -1.3686154981615684     
  -1.3898182697526189     
  -1.3441570504639571     
  -1.2469159349492365     
  -1.1068082553277241     
 -0.93037174984419535     
 -0.72384892598479578     
 -0.49411311959991627     
 -0.24937717183775635     
  -1.3113417000558692E-007
