 -0.17058660749286675     
 -0.16939977340924603     
 -0.16709369463207652     
 -0.16436597482207857     
 -0.16164436645424127     
 -0.15921649021571632     
 -0.15729196967269463     
 -0.15603433050267274     
 -0.15557844838046350     
 -0.15604063065265988     
 -0.15752472154672617     
 -0.16012595091057866     
 -0.16393344568301305     
 -0.16903191849413934     
 -0.17550283286392301     
 -0.18342522578529422     
 -0.19287630011818752     
 -0.20393185884891193     
 -0.21666662838783698     
 -0.23115450264720239     
 -0.24746872953467614     
 -0.26568205503306264     
 -0.28586683553588266     
 -0.30809512619779028     
 -0.33243875088768621     
 -0.35896935794758061     
 -0.38775846483527371     
 -0.41887749404296831     
 -0.45239780206182867     
 -0.48839070281347274     
 -0.52692748660460942     
 -0.56807943548077422     
 -0.61191783563017910     
 -0.65851398739495270     
 -0.70793921330287191     
 -0.76026486448342601     
 -0.81556232573755494     
 -0.87390301950334492     
 -0.93535840889808131     
  -1.0000000000000000     
 -0.17062277082147514     
 -0.16943316158679042     
 -0.16712035229295097     
 -0.16438192523377157     
 -0.16164523492150976     
 -0.15919740947367322     
 -0.15724755763553788     
 -0.15595868708619204     
 -0.15546515686665618     
 -0.15588275944822383     
 -0.15731482540892411     
 -0.15985607144231898     
 -0.16359511128390697     
 -0.16861614384295903     
 -0.17500011813031294     
 -0.18282555560554434     
 -0.19216914247379768     
 -0.20310616384341168     
 -0.21571082702009209     
 -0.23005650555629154     
 -0.24621592578976645     
 -0.26426131093458549     
 -0.28426449348536192     
 -0.30629700359995554     
 -0.33043013913084307     
 -0.35673502142643404     
 -0.38528264005344803     
 -0.41614388876175823     
 -0.44938959452530464     
 -0.48509054101982485     
 -0.52331748764777608     
 -0.56414118493617216     
 -0.60763238700322575     
 -0.65386186161044679     
 -0.70290039824909256     
 -0.75481881459341049     
 -0.80968796161698031     
 -0.86757872759190047     
 -0.92856204116962271     
 -0.99270887369275973     
 -0.17073142986383738     
 -0.16953354975074142     
 -0.16720067360110835     
 -0.16443031151012941     
 -0.16164862541095804     
 -0.15914127059658903     
 -0.15711581758443546     
 -0.15573372703713090     
 -0.15512781531915870     
 -0.15541233776485161     
 -0.15668909152825969     
 -0.15905126151648127     
 -0.16258592951740425     
 -0.16737576105434940     
 -0.17350016935836618     
 -0.18103613713035013     
 -0.19005880841769190     
 -0.20064192257981991     
 -0.21285813745578902     
 -0.22677927343125726     
 -0.24247650000781773     
 -0.26002048002060496     
 -0.27948148215572483     
 -0.30092946951253419     
 -0.32443416978816897     
 -0.35006513127918110     
 -0.37789176777220085     
 -0.40798339471086859     
 -0.44040925840545259     
 -0.47523855970330120     
 -0.51254047317433626     
 -0.55238416268599322     
 -0.59483879401764672     
 -0.63997354507108473     
 -0.68785761408981527     
 -0.73856022625088413     
 -0.79215063889863924     
 -0.84869814566291268     
 -0.90827207964235923     
 -0.97094181581669503     
 -0.17091308848981682     
 -0.16970160475875420     
 -0.16733569792297517     
 -0.16451273062703897     
 -0.16165688168439341     
 -0.15905136770373104     
 -0.15690121635471579     
 -0.15536533292777313     
 -0.15457398679824053     
 -0.15463889609756679     
 -0.15565932739234026     
 -0.15772593793833373     
 -0.16092328184245194     
 -0.16533149465477384     
 -0.17102745581061707     
 -0.17808560931071818     
 -0.18657855496245485     
 -0.19657748193200864     
 -0.20815249176225656     
 -0.22137284238624749     
 -0.23630713480429311     
 -0.25302345743935672     
 -0.27158949889470180     
 -0.29207263675152861     
 -0.31454000805544713     
 -0.33905856559696829     
 -0.36569512312441960     
 -0.39451639180116699     
 -0.42558900973317609     
 -0.45897956592214434     
 -0.49475461975023310     
 -0.53298071681915127     
 -0.57372440183722917     
 -0.61705222906981338     
 -0.66303077080099349     
 -0.71172662413885202     
 -0.76320641646054399     
 -0.81753680971737208     
 -0.87478450379921213     
 -0.93501623910842879     
 -0.17116857542775293     
 -0.16993842473560966     
 -0.16752713881829823     
 -0.16463181725769266     
 -0.16167387174824402     
 -0.15893313821458224     
 -0.15661112774161151     
 -0.15486321609937803     
 -0.15381615710709828     
 -0.15357816835285990     
 -0.15424502585561986     
 -0.15590390101342594     
 -0.15863586238956393     
 -0.16251755713795607     
 -0.16762237116544573     
 -0.17402124833118143     
 -0.18178328068889071     
 -0.19097614149959957     
 -0.20166640794531920     
 -0.21391980510623329     
 -0.22780139270576835     
 -0.24337570969575817     
 -0.26070688727857921     
 -0.27985873806932571     
 -0.30089482694384806     
 -0.32387852774269493     
 -0.34887306888412628     
 -0.37594157025848218     
 -0.40514707315917342     
 -0.43655256465952791     
 -0.47022099748330926     
 -0.50621530623828270     
 -0.54459842065956332     
 -0.58543327641684306     
 -0.62878282389700091     
 -0.67471003532499763     
 -0.72327791049252488     
 -0.77454948133719637     
 -0.82858781555387095     
 -0.88545601940284191     
 -0.17149902787701324     
 -0.17024551925302076     
 -0.16777735628180693     
 -0.16479120369472305     
 -0.16170493107310946     
 -0.15879408442722856     
 -0.15625572721333603     
 -0.15424077860702853     
 -0.15287155769321770     
 -0.15225186871954260     
 -0.15247308858057390     
 -0.15361799644268007     
 -0.15576326975879032     
 -0.15898116140331664     
 -0.16334065688469146     
 -0.16890829149532316     
 -0.17574873927953361     
 -0.18392524523372475     
 -0.19349994764550205     
 -0.20453412192128473     
 -0.21708836743742616     
 -0.23122275233190254     
 -0.24699692688667729     
 -0.26447021308321955     
 -0.28370167593699558     
 -0.30475018068349907     
 -0.32767443892824405     
 -0.35253304605291985     
 -0.37938451168788018     
 -0.40828728459442160     
 -0.43929977305341911     
 -0.47248036157638196     
 -0.50788742462732717     
 -0.54557933786748047     
 -0.58561448736840560     
 -0.62805127712467312     
 -0.67294813516185092     
 -0.72036351846035840     
 -0.77035591689524596     
 -0.82298385634331028     
 -0.17190586879686759     
 -0.17062478200632539     
 -0.16808931836265320     
 -0.16499546458687517     
 -0.16175678417850434     
 -0.15864366534931557     
 -0.15584784657657993     
 -0.15351492277727855     
 -0.15176192125298002     
 -0.15068738386967781     
 -0.15037744445432244     
 -0.15090964893209091     
 -0.15235544386659167     
 -0.15478184822176710     
 -0.15825260675454358     
 -0.16282900462359626     
 -0.16857045464308690     
 -0.17553492847606220     
 -0.18377927838373739     
 -0.19335948086423480     
 -0.20433082351918680     
 -0.21674805009701234     
 -0.23066547421841416     
 -0.24613706941702093     
 -0.26321654098797675     
 -0.28195738377254903     
 -0.30241292889984622     
 -0.32463638183201182     
 -0.34868085344844546     
 -0.37459938556223155     
 -0.40244497190469009     
 -0.43227057543781500     
 -0.46412914263461180     
 -0.49807361527618421     
 -0.53415694017385740     
 -0.57243207717697964     
 -0.61295200573502462     
 -0.65576973025653584     
 -0.70093828444721196     
 -0.74851073479294106     
 -0.17239077825262378     
 -0.17107845625273035     
 -0.16846655278456191     
 -0.16525004717544661     
 -0.16183744578327550     
 -0.15849316023711313     
 -0.15540279075749047     
 -0.15270581103520867     
 -0.15051317364193859     
 -0.14891738487119618     
 -0.14799856859321192     
 -0.14782827424070449     
 -0.14847195612736191     
 -0.14999063850283179     
 -0.15244206431184229     
 -0.15588150658464811     
 -0.16036235360902534     
 -0.16593653876311193     
 -0.17265486152945242     
 -0.18056723076331613     
 -0.18972285154870092     
 -0.20017037041215818     
 -0.21195798943378566     
 -0.22513355675495217     
 -0.23974463902371498     
 -0.25583857980088870     
 -0.27346254699918737     
 -0.29266357161678636     
 -0.31348857955013115     
 -0.33598441781007249     
 -0.36019787622191096     
 -0.38617570541356494     
 -0.41396463177060783     
 -0.44361136986348637     
 -0.47516263278729037     
 -0.50866514074206026     
 -0.54416562814728264     
 -0.58171084951044982     
 -0.62134758424973646     
 -0.66312264062317072     
 -0.17295565907935942     
 -0.17160909356160059     
 -0.16891308913983330     
 -0.16556118810209577     
 -0.16195610283415843     
 -0.15835550587201158     
 -0.15493811923614284     
 -0.15183657952972227     
 -0.14915506645550217     
 -0.14697936450081719     
 -0.14538290884626601     
 -0.14443057829355227     
 -0.14418116326285688     
 -0.14468902282153059     
 -0.14600522778131375     
 -0.14817836825618080     
 -0.15125513621062558     
 -0.15528075364436372     
 -0.16029929257062636     
 -0.16635391779345135     
 -0.17348707358771753     
 -0.18174062905787852     
 -0.19115599255364707     
 -0.20177420267780388     
 -0.21363600130471849     
 -0.22678189267834531     
 -0.24125219156479508     
 -0.25708706276798754     
 -0.27432655371440001     
 -0.29301062147539392     
 -0.31317915524399631     
 -0.33487199510997528     
 -0.35812894776135734     
 -0.38298979965148588     
 -0.40949432803313346     
 -0.43768231021500953     
 -0.46759353130614856     
 -0.49926779068861926     
 -0.53274490740026836     
 -0.56806472459345181     
 -0.17360259738359465     
 -0.17221950632356242     
 -0.16943339254673875     
 -0.16593581786634601     
 -0.16212297917183460     
 -0.15824510980556261     
 -0.15447339534067217     
 -0.15093300958706118     
 -0.14772075564900614     
 -0.14491510657322312     
 -0.14258222818714747     
 -0.14077975348946847     
 -0.13955923714756940     
 -0.13896780291506614     
 -0.13904928008416623     
 -0.13984500640577033     
 -0.14139440753534194     
 -0.14373542311572160     
 -0.14690482547813088     
 -0.15093846165677463     
 -0.15587143977952558     
 -0.16173827440968655     
 -0.16857300123207453     
 -0.17640926847382360     
 -0.18528041051512145     
 -0.19521950764661861     
 -0.20625943499171051     
 -0.21843290281229349     
 -0.23177248994683200     
 -0.24631067167633408     
 -0.26207984307454824     
 -0.27911233862766255     
 -0.29744044878618475     
 -0.31709643394222142     
 -0.33811253626248772     
 -0.36052098969799418     
 -0.38435402845852551     
 -0.40964389416847097     
 -0.43642284190185920     
 -0.46472314524833586     
 -0.17433381827121533     
 -0.17291271473479999     
 -0.17003228959151789     
 -0.16638145436559781     
 -0.16234918466339152     
 -0.15817764231413695     
 -0.15402990689913151     
 -0.15002316178107178     
 -0.14624633218523217     
 -0.14277009502466917     
 -0.13965287245630806     
 -0.13694458395632864     
 -0.13468908477003821     
 -0.13292580214027405     
 -0.13169086391807178     
 -0.13101789609966474     
 -0.13093859851634976     
 -0.13148316842157060     
 -0.13268061751335761     
 -0.13455901296550143     
 -0.13714566326808261     
 -0.14046726343327173     
 -0.14455000978418181     
 -0.14941969173917616     
 -0.15510176591679697     
 -0.16162141655470491     
 -0.16900360515832671     
 -0.17727311163772982     
 -0.18645456859855966     
 -0.19657249012086159     
 -0.20765129601475735     
 -0.21971533237256896     
 -0.23278888902632644     
 -0.24689621443322032     
 -0.26206152837787000     
 -0.27830903283615932     
 -0.29566292125855165     
 -0.31414738650735402     
 -0.33378662762593719     
 -0.35460485560341259     
 -0.17515163743235190     
 -0.17369188885434278     
 -0.17071488766703802     
 -0.16690608692408809     
 -0.16264655102354988     
 -0.15816980993554014     
 -0.15363036231456270     
 -0.14913697778103988     
 -0.14477031153082029     
 -0.14059287120443284     
 -0.13665497412588815     
 -0.13299847268538073     
 -0.12965917410952532     
 -0.12666846366603965     
 -0.12405442428674053     
 -0.12184262779375171     
 -0.12005670624424031     
 -0.11871877246421643     
 -0.11784973504531061     
 -0.11746953801717151     
 -0.11759734591922787     
 -0.11825168860721051     
 -0.11945057601061013     
 -0.12121159010016636     
 -0.12355195941740650     
 -0.12648862004268133     
 -0.13003826595306348     
 -0.13421739093475654     
 -0.13904232375207004     
 -0.14452925783009546     
 -0.15069427647337608     
 -0.15755337437790023     
 -0.16512247607434702     
 -0.17341745177582485     
 -0.18245413104300487     
 -0.19224831457401334     
 -0.20281578439572973     
 -0.21417231266463677     
 -0.22633366926842427     
 -0.23931562837575920     
 -0.17605840906635351     
 -0.17456028658036177     
 -0.17148648872787059     
 -0.16751805252985313     
 -0.16302745656097078     
 -0.15823911388583325     
 -0.15329856631152780     
 -0.14830585574670671     
 -0.14333308925357896     
 -0.13843434870612115     
 -0.13365160353358085     
 -0.12901840472887499     
 -0.12456228295657949     
 -0.12030635692279941     
 -0.11627044267120426     
 -0.11247183764236957     
 -0.10892588692213535     
 -0.10564640022810229     
 -0.10264596437814151     
  -9.9936181275545086E-002
  -9.7527851842852786E-002
  -9.5431120198555000E-002
  -9.3655588107057708E-002
  -9.2210406972544873E-002
  -9.1104352594551102E-002
  -9.0345886591461463E-002
  -8.9943207337956285E-002
  -8.9904292614811102E-002
  -9.0236935586985853E-002
  -9.0948775399149764E-002
  -9.2047323339932999E-002
  -9.3539985360327205E-002
  -9.5434081526465403E-002
  -9.7736862903467475E-002
 -0.10045552623790382     
 -0.10359722676481671     
 -0.10716908938223309     
 -0.11117821841490676     
 -0.11563170613570697     
 -0.12053664020053710     
 -0.17705647084949919     
 -0.17552118825482158     
 -0.17235249874098180     
 -0.16822590593184716     
 -0.16350464241320248     
 -0.15840359669875481     
 -0.15305908004480517     
 -0.14756220525282557     
 -0.14197637059401072     
 -0.13634709552298657     
 -0.13070787990972615     
 -0.12508386142161795     
 -0.11949418893360533     
 -0.11395361403180768     
 -0.10847358871998773     
 -0.10306304129995442     
  -9.7728936852090179E-002
  -9.2476690032244957E-002
  -8.7310474568734503E-002
  -8.2233459082522109E-002
  -7.7247989552350044E-002
  -7.2355732483534246E-002
  -6.7557788796887036E-002
  -6.2854785551643894E-002
  -5.8246950741274645E-002
  -5.3734174950699230E-002
  -4.9316062752002295E-002
  -4.4991975941969353E-002
  -4.0761070268429213E-002
  -3.6622326855329138E-002
  -3.2574579305151223E-002
  -2.8616537198113995E-002
  -2.4746806590909325E-002
  -2.0963907957949529E-002
  -1.7266291960325902E-002
  -1.3652353326524459E-002
  -1.0120443100781504E-002
  -6.6688794503298029E-003
  -3.2959572083111877E-003
   4.3711390001862412E-008
 -0.17814808648113134     
 -0.17657782882880485     
 -0.17331833399144375     
 -0.16903828551273772     
 -0.16409102278257889     
 -0.15868158075668498     
 -0.15293687031513170     
 -0.14693898815733830     
 -0.14074258209237597     
 -0.13438459390167187     
 -0.12789005494252231     
 -0.12127570140090696     
 -0.11455231967562794     
 -0.10772631905205961     
 -0.10080081640657014     
  -9.3776402997681599E-002
  -8.6651698374985278E-002
  -7.9423758425440416E-002
  -7.2088381317620659E-002
  -6.4640340732475057E-002
  -5.7073566384582254E-002
  -4.9381285833849070E-002
  -4.1556137414127357E-002
  -3.3590261399194563E-002
  -2.5475374512670047E-002
  -1.7202831598151995E-002
  -8.7636772233870199E-003
  -1.4868935291399796E-004
   8.6515833498068268E-003
   1.7646789353190109E-002
   2.6846746315768423E-002
   3.6261416630279229E-002
   4.5900885912497510E-002
   5.5775343975263701E-002
   6.5895067952872477E-002
   7.6270407280223482E-002
   8.6911770309871753E-002
   9.7829612368620145E-002
  0.10903442510464684     
  0.12053672698590635     
 -0.17933538653537001     
 -0.17773332836431380     
 -0.17438932562693657     
 -0.16996377674086185     
 -0.16479949193753310     
 -0.15909140232790087     
 -0.15295695293746328     
 -0.14646925185943052     
 -0.13967427373307720     
 -0.13260048842246322     
 -0.12526458212567371     
 -0.11767502451762821     
 -0.10983438279842811     
 -0.10174087341907756     
  -9.3389432496437108E-002
  -8.4772472495697956E-002
  -7.5880428876703224E-002
  -6.6702162713085267E-002
  -5.7225262581970228E-002
  -4.7436274651153160E-002
  -3.7320880827254675E-002
  -2.6864038720301811E-002
  -1.6050093231078366E-002
  -4.8628667288418276E-003
   6.7142670520834820E-003
   1.8698321691888568E-002
   3.1106646534827174E-002
   4.3956882864766976E-002
   5.7266926215499489E-002
   7.1054893656043366E-002
   8.5339095121744493E-002
  0.10013800811739718     
  0.11547025523474561     
  0.13135458408289738     
  0.14780984928660545     
  0.16485499630457423     
  0.18250904684583985     
  0.20079108572268706     
  0.21972024899011056     
  0.23931571325819195     
 -0.18062030815526528     
 -0.17899062184395595     
 -0.17557062367642753     
 -0.17101077521463989     
 -0.16564273062188689     
 -0.15965114494252863     
 -0.15314403522123146     
 -0.14618566163148924     
 -0.13881352003297315     
 -0.13104783310821522     
 -0.12289718516650974     
 -0.11436203506294798     
 -0.10543699540810500     
  -9.6112361367907864E-002
  -8.6375165418818983E-002
  -7.6209923054052053E-002
  -6.5599171393670053E-002
  -5.4523865817320605E-002
  -4.2963677195601867E-002
  -3.0897218355595071E-002
  -1.8302219304129296E-002
  -5.1556648929975647E-003
   8.5660954544376205E-003
   2.2887258978707158E-002
   3.7832496775103114E-002
   5.3426893201294096E-002
   6.9695894788309370E-002
   8.6665266575247632E-002
  0.10436105435529955     
  0.12280955164457663     
  0.14203727051502468     
  0.16207091559832768     
  0.18293736076647538     
  0.20466362807708480     
  0.22727686869379338     
  0.25080434553055075     
  0.27527341744386324     
  0.30071152481330865     
  0.32714617639575083     
  0.35460493734513138     
 -0.18200453428417543     
 -0.18035238908377624     
 -0.17686710196671146     
 -0.17218735115419048     
 -0.16663301468722111     
 -0.16037837578190026     
 -0.15352216267221624     
 -0.14612003855060390     
 -0.13820132862533552     
 -0.12977834820186090     
 -0.12085193882976442     
 -0.11141492056663584     
 -0.10145433297558726     
  -9.0952938960635721E-002
  -7.9890262686534430E-002
  -6.8243323399381786E-002
  -5.5987165391989453E-002
  -4.3095248028809881E-002
  -2.9539737834719887E-002
  -1.5291730771373869E-002
  -3.2142405617721425E-004
   1.5401749040225902E-002
   3.1909011818757396E-002
   4.9232157363137498E-002
   6.7403477299523146E-002
   8.6455702460939365E-002
  0.10642195269987501     
  0.12733569384525995     
  0.14923070025311760     
  0.17214102183029073     
  0.19610095464556992     
  0.22114501449890875     
  0.24730791293986329     
  0.27462453538297749     
  0.30312992102665171     
  0.33285924437796133     
  0.36384779821169400     
  0.39613097784923212     
  0.42974426665214310     
  0.46472322265736282     
 -0.18348943291068084     
 -0.18182098571294700     
 -0.17828326518529031     
 -0.17350111735019322     
 -0.16778202856986404     
 -0.16128988886153092     
 -0.15411437479651235     
 -0.14630290959370409     
 -0.13787706460708957     
 -0.12884169720130281     
 -0.11919037522833859     
 -0.10890876225710512     
  -9.7976816930505584E-002
  -8.6370270034604638E-002
  -7.4061644411424946E-002
  -6.1020976204243231E-002
  -4.7216335556400119E-002
  -3.2614209580706183E-002
  -1.7179788778297116E-002
  -8.7718468027317268E-004
   1.6330402293648058E-002
   3.4480551404695296E-002
   5.3611517172013956E-002
   7.3762145103238738E-002
   9.4971802642878536E-002
  0.11728032164532597     
  0.14072794968659622     
  0.16535530815919586     
  0.19120335565894353     
  0.21831335550222913     
  0.24672684654528954     
  0.27648561665102572     
  0.30763167835210287     
  0.34020724634865346     
  0.37425471660399789     
  0.40981664684444286     
  0.44693573834457773     
  0.48565481889635925     
  0.52601682690279261     
  0.56806479654098829     
 -0.18507599692073470     
 -0.18339837599118136     
 -0.17982315949247107     
 -0.17495910237695181     
 -0.16910068632694472     
 -0.16240145852788015     
 -0.15494237488698095     
 -0.14676307611328648     
 -0.13787789878758730     
 -0.12828479426430831     
 -0.11797062826761164     
 -0.10691449261858674     
  -9.5089859798445087E-002
  -8.2466031503467499E-002
  -6.9009139657960739E-002
  -5.4682854435348184E-002
  -3.9448895302423542E-002
  -2.3267406497329411E-002
  -6.0972374337349491E-003
   1.2103844760373152E-002
   3.1378991773952911E-002
   5.1772146611258264E-002
   7.3327942655102646E-002
   9.6091622564694237E-002
  0.12010897202454791     
  0.14542626471989567     
  0.17209021578695818     
  0.20014794172981201     
  0.22964692525201866     
  0.26063498388440232     
  0.29316024153628811     
  0.32727110236210111     
  0.36301622646837106     
  0.40044450715130575     
  0.43960504942445555     
  0.48054714969777101     
  0.52332027650142310     
  0.56797405220693931     
  0.61455823570886692     
  0.66312270606005996     
 -0.18676478489680720     
 -0.18508606837959385     
 -0.18149028788867771     
 -0.17656763097980585     
 -0.17059896268407926     
 -0.16372760678546097     
 -0.15602621830612906     
 -0.14752720675641345     
 -0.13823828745407116     
 -0.12815115173053310     
 -0.11724662820229871     
 -0.10549791483167952     
  -9.2872685657096582E-002
  -7.9334509432995318E-002
  -6.4843830950249995E-002
  -4.9358665480257975E-002
  -3.2835099845670561E-002
  -1.5227660217979120E-002
   3.5104137988072512E-003
   2.3426962005220847E-002
   4.4570744955576565E-002
   6.6991320812429561E-002
   9.0738948476058984E-002
  0.11586451023173547     
  0.14241944900974673     
  0.17045571656104136     
  0.20002572983412875     
  0.23118233346310543     
  0.26397876683821725     
  0.29846863456921607     
  0.33470587949371500     
  0.37274475757321418     
  0.41263981423653451     
  0.45444586183790026     
  0.49821795803560193     
  0.54401138495465218     
  0.59188162908186248     
  0.64188436186764797     
  0.69407542105531561     
  0.74851079276496579     
 -0.18855586326997564     
 -0.18688505457824472     
 -0.18328753166932182     
 -0.17833221330455690     
 -0.17228573656469642     
 -0.16528138761569949     
 -0.15738402363800161     
 -0.14861946036745102     
 -0.13898949090160340     
 -0.12848027673963749     
 -0.11706735758340267     
 -0.10471879777320899     
  -9.1397242590201488E-002
  -7.7061305755788553E-002
  -6.1666530630027694E-002
  -4.5166070851175223E-002
  -2.7511181421563047E-002
  -8.6515787340337175E-003
   1.1464291706155209E-002
   3.2889053695541896E-002
   5.5676246713660303E-002
   7.9880207529431410E-002
  0.10555597782905991     
  0.13275923122041680     
  0.16154621464759622     
  0.19197370055798957     
  0.22409894701207117     
  0.25797966365163644     
  0.29367398189788313     
  0.33124042818621985     
  0.37073789930511580     
  0.41222563918576899     
  0.45576321664540281     
  0.50141050377285667     
  0.54922765473913926     
  0.59927508493761805     
  0.65161345041116225     
  0.70630362759746124     
  0.76340669344705081     
  0.82298390600510773     
 -0.19044874992875394     
 -0.18879575287380115     
 -0.18521707909004106     
 -0.18025744469300295     
 -0.17416864924798087     
 -0.16707419134513207     
 -0.15903171059219942     
 -0.15006114408628110     
 -0.14015913723842402     
 -0.12930712527523999     
 -0.11747617878023575     
 -0.10463005916367026     
  -9.0727222243127598E-002
  -7.5722173831269585E-002
  -5.9566410570144564E-002
  -4.2209086901654355E-002
  -2.3597496304735434E-002
  -3.6774237827268941E-003
   1.7606592683871800E-002
   4.0311066039365580E-002
   6.4493411666503894E-002
   9.0211833898098004E-002
  0.11752523850546841     
  0.14649316449883101     
  0.17717573033954873     
  0.20963359081788233     
  0.24392790178983320     
  0.28012029056980509     
  0.31827283032240100     
  0.35844801713758961     
  0.40070874882167745     
  0.44511830464667818     
  0.49174032553946889     
  0.54063879433044271     
  0.59187801584983135     
  0.64552259675112000     
  0.70163742505534543     
  0.76028764946452432     
  0.82153865856058783     
  0.88545606003023103     
 -0.19244235938499768     
 -0.19081795644267718     
 -0.18728036247343618     
 -0.18234691749441356     
 -0.17625397925191122     
 -0.16911557168288383     
 -0.16098276827753946     
 -0.15187041118133998     
 -0.14177083740386215     
 -0.13066162094567360     
 -0.11851024225410352     
 -0.10527704794540815     
  -9.0917199990976347E-002
  -7.5381998906643974E-002
  -5.8619804406753677E-002
  -4.0576689029330933E-002
  -2.1196910024071303E-002
  -4.2325470803595178E-004
   2.1802703911099279E-002
   4.5540416255086563E-002
   7.0850212592291462E-002
   9.7793194439475678E-002
  0.12643115198832577     
  0.15682650101954793     
  0.18904223435481923     
  0.22314188413021022     
  0.25918949197252455     
  0.29724958484288766     
  0.33738715474491360     
  0.37966764091417343     
  0.42415691336841022     
  0.47092125698646814     
  0.52002735546501411     
  0.57154227471813845     
  0.62553344542032063     
  0.68206864455757243     
  0.74121597595103228     
  0.80304384983362731     
  0.86762096162387847     
  0.93501627010897115     
 -0.19453494922293174     
 -0.19295078738901311     
 -0.18947800477959029     
 -0.18460314635964215     
 -0.17854653566354711     
 -0.17141309785710857     
 -0.16324805687216601     
 -0.15406200268254672     
 -0.14384385642501027     
 -0.13256824492898617     
 -0.12019998338526250     
 -0.10669693552303981     
  -9.2011907217426955E-002
  -7.6093937330322492E-002
  -5.8889198609210082E-002
  -4.0341638683676538E-002
  -2.0393443296167844E-002
   1.0146246953694328E-003
   2.3942974870985241E-002
   4.8453002933062997E-002
   7.4606951556512577E-002
  0.10246780628007757     
  0.13209921770658997     
  0.16356544350210905     
  0.19693130533865691     
  0.23226215699794861     
  0.26962386071884364     
  0.30908276941926582     
  0.35070571291965802     
  0.39455998660518415     
  0.44071334128971817     
  0.48923397325381140     
  0.54019051367796311     
  0.59365201686183211     
  0.64968794682972719     
  0.70836816207038500     
  0.76976289833411027     
  0.83394274953115710     
  0.90097864690534901     
  0.97094183673833256     
 -0.19672406745012255     
 -0.19519265713032008     
 -0.19180977676740263     
 -0.18702750818699387     
 -0.18104957152974982     
 -0.17397223377677051     
 -0.16583564535097778     
 -0.15664703609136288     
 -0.14639284520302792     
 -0.13504570229931823     
 -0.12256871439213760     
 -0.10891822368747227     
  -9.4045645218856860E-002
  -7.7898725749161249E-002
  -6.0422425780205451E-002
  -4.1559548836881052E-002
  -2.1251197098489442E-002
   5.6289496873867053E-004
   2.3944114299619103E-002
   4.8954786560913198E-002
   7.5658040525744763E-002
  0.10411770773026226     
  0.13439824881685047     
  0.16656470024712006     
  0.20068263654930826     
  0.23681814439810800     
  0.27503780553954688     
  0.31540868617157897     
  0.35799833075347076     
  0.40287475856868482     
  0.45010646158063294     
  0.49976240237285985     
  0.55191201113652044     
  0.60662518089311979     
  0.66397226031370316     
  0.72402404371680340     
  0.78685175800601881     
  0.85252704651349187     
  0.92112194987595908     
  0.99270888423040782     
 -0.19900649987683491     
 -0.19754123391823855     
 -0.19427456568309384     
 -0.18962019787306691     
 -0.18376471850668175     
 -0.17679624588570064     
 -0.16875068726712944     
 -0.15963284386317214     
 -0.14942763608674614     
 -0.13810666889976866     
 -0.12563231630851859     
 -0.11196037533148639     
  -9.7041847921762597E-002
  -8.0824168914030534E-002
  -6.3252070248208489E-002
  -4.4268199812327221E-002
  -2.3813570697797565E-002
  -1.8278907907101920E-003
   2.1750193784271937E-002
   4.6982918304372893E-002
   7.3933266107959902E-002
  0.10266487077777488     
  0.13324194556255076     
  0.16572923385013616     
  0.20019197605002545     
  0.23669588922297077     
  0.27530715655898486     
  0.31609242425617029     
  0.35911880374177135     
  0.40445387738733252     
  0.45216570609590384     
  0.50232283726861227     
  0.55499431184391046     
  0.61024966924392421     
  0.66815894927521002     
  0.72879269022494952     
  0.79222192264894686     
  0.85851815858407154     
  0.92775337618329901     
  0.99999999999999623     
 -0.20137821637436706     
 -0.19999341819990529     
 -0.19687035653134083     
 -0.19238020070707404     
 -0.18669194380832313     
 -0.17988614082640741     
 -0.17199533614719462     
 -0.16302286349634446     
 -0.15295310465009265     
 -0.14175762159871949     
 -0.12939903455995422     
 -0.11583357206547082     
 -0.10101279836641422     
  -8.4884811794532500E-002
  -6.7395092692638339E-002
  -4.8487113219475741E-002
  -2.8102781729756769E-002
  -6.1827697883711959E-003
   1.7333245657946073E-002
   4.2506402644227705E-002
   6.9398521431533203E-002
   9.8072007561864002E-002
  0.12858978267344959     
  0.16101523719638330     
  0.19541220045043578     
  0.23184492471256493     
  0.27037808044794903     
  0.31107676038392340     
  0.35400649034620252     
  0.39923324498272084     
  0.44682346656629940     
  0.49684408516440837     
  0.54936253849934458     
  0.60444678993419199     
  0.66216534312856834     
  0.72258725211742303     
  0.78578212580124485     
  0.85182012616009428     
  0.92077195984234461     
  0.99270886315510387     
 -0.20383431416346115     
 -0.20254532681464052     
 -0.19959422683118891     
 -0.19530528220056459     
 -0.18982953004823447     
 -0.18324063372170116     
 -0.17556870135418237     
 -0.16681658041676872     
 -0.15696909899517061     
 -0.14599875362433065     
 -0.13386938001033383     
 -0.12053860099266923     
 -0.10595950142499924     
  -9.0081798879777811E-002
  -7.2852676943247680E-002
  -5.4217387616532650E-002
  -3.4119692357102056E-002
  -1.2502188179572906E-002
   1.0693449749047174E-002
   3.5526287300534802E-002
   6.2055997239843202E-002
   9.0342760985633722E-002
  0.12044719861116868     
  0.15243032146064237     
  0.18635350325153352     
  0.22227846647258198     
  0.26026728158424572     
  0.30038237689436348     
  0.34268655724169650     
  0.38724302966970253     
  0.43411543429297639     
  0.48336787845846957     
  0.53506497223884120     
  0.58927186319844260     
  0.64605426837812452     
  0.70547850150223024     
  0.76761149362074599     
  0.83252080570742226     
  0.90027463218789017     
  0.97094179489505017     
 -0.20636895571450112     
 -0.20519228712967219     
 -0.20244235590868459     
 -0.19839199581071801     
 -0.19317407836821177     
 -0.18685614730731215     
 -0.17946684479674452     
 -0.17100952396023772     
 -0.16147043701852129     
 -0.15082397530942349     
 -0.13903613586974234     
 -0.12606687085080975     
 -0.11187171290431125     
  -9.6402920521064042E-002
  -7.9610298622438666E-002
  -6.1441795174431262E-002
  -4.1843940509419301E-002
  -2.0762174109737633E-002
   1.8589105715531458E-003
   2.6075382188497236E-002
   5.1943833720010282E-002
   7.9521280479500980E-002
  0.10886508652784876     
  0.14003291425519904     
  0.17308269331899875     
  0.20807260618529699     
  0.24506108815568128     
  0.28410684021575400     
  0.32526885320871723     
  0.36860644189943087     
  0.41417928734832737     
  0.46204748581401339     
  0.51227160207500144     
  0.56491272475340648     
  0.62003252090474448     
  0.67769328695595987     
  0.73795799302560727     
  0.80089031786457487     
  0.86655467209242532     
  0.93501620810787933     
 -0.20897529776137677     
 -0.20792884277363480     
 -0.20541004967356860     
 -0.20163570892781327     
 -0.19672053477574578     
 -0.19072684180929961     
 -0.18368281815087656     
 -0.17559331609369455     
 -0.16644697098730829     
 -0.15622099943140302     
 -0.14488446919898787     
 -0.13240055588378979     
 -0.11872812272059202     
 -0.10382284335420054     
  -8.7638011703467550E-002
  -7.0125134444381163E-002
  -5.1234370042285135E-002
  -3.0914857735365644E-002
  -9.1149661837290029E-003
   1.4217517578761215E-002
   3.9135244530264408E-002
   6.5691195268520033E-002
   9.3938599787859664E-002
  0.12393088046361893     
  0.15572161485583036     
  0.18936451599305171     
  0.22491342859680752     
  0.26242234016594868     
  0.30194540614018572     
  0.34353698838612629     
  0.38725170613020110     
  0.43314449809443284     
  0.48127069409407597     
  0.53168609367170605     
  0.58444704861891661     
  0.63961054549601437     
  0.69723428369837392     
  0.75737674432734314     
  0.82009724529464700     
  0.88545597877544568     
 -0.21164540682510916     
 -0.21074877314489313     
 -0.20849178200545257     
 -0.20503064712482991     
 -0.20046223937111227     
 -0.19484467488110327     
 -0.18820673978028482     
 -0.18055577165366579     
 -0.17188371790942972     
 -0.16217150902149957     
 -0.15139214432282608     
 -0.13951286384785011     
 -0.12649668761973881     
 -0.11230351895878626     
  -9.6890945728954264E-002
  -8.0214830141329338E-002
  -6.2229748748062662E-002
  -4.2889324766679088E-002
  -2.2146481881158919E-002
   4.6360248260861138E-005
   2.3737134569438094E-002
   4.8974009421221099E-002
   7.5805298591277118E-002
  0.10427939395605694     
  0.13444471758028495     
  0.16634969139927919     
  0.20004272347707402     
  0.23557221053266625     
  0.27298655684463807     
  0.31233420990473398     
  0.35366371315464357     
  0.39702377587778065     
  0.44246335969371708     
  0.49003178018101440     
  0.53977882086739892     
  0.59175485532069971     
  0.64601097145311515     
  0.70259909073842342     
  0.76157207415016637     
  0.82298380668150661     
 -0.21437015484401725     
 -0.21364513000690388     
 -0.21168125379263747     
 -0.20856995650373972     
 -0.20439099764807389     
 -0.19919949056686082     
 -0.19302590985888335     
 -0.18588104825105214     
 -0.17776105315931612     
 -0.16865140444859772     
 -0.15852983393408182     
 -0.14736842286439306     
 -0.13513510666627240     
 -0.12179476234526475     
 -0.10731000315741289     
  -9.1641767036841099E-002
  -7.4749758375204478E-002
  -5.6592784417151730E-002
  -3.7129014928792566E-002
  -1.6316185243490388E-002
   5.8882432265028950E-003
   2.9526955075873135E-002
   5.4642678713538499E-002
   8.1278105196310804E-002
  0.10947582512278453     
  0.13927828191609049     
  0.17072774094389556     
  0.20386627480013411     
  0.23873576586048781     
  0.27537792779849346     
  0.31383434817449229     
  0.35414655430382397     
  0.39635610434371926     
  0.44050470468197267     
  0.48663435318993697     
  0.53478750555306998     
  0.58500725879918714     
  0.63733754251640173     
  0.69182330472093989     
  0.74851067682091088     
 -0.21713908638845794     
 -0.21661029586677327     
 -0.21497147080125811     
 -0.21224578350955425     
 -0.20849717276910226     
 -0.20377913569819894     
 -0.19812496174994171     
 -0.19154984320040630     
 -0.18405496404110019     
 -0.17563112540558987     
 -0.16626152240936781     
 -0.15592378010616584     
 -0.14459143079941744     
 -0.13223498936821140     
 -0.11882274344698519     
 -0.10432134144944015     
  -8.8696236571948348E-002
  -7.1912027337511439E-002
  -5.3932723166668188E-002
  -3.4721955023363386E-002
  -1.4243145384308709E-002
   7.5403523952224348E-003
   3.0665138186734237E-002
   5.5167667788345365E-002
   8.1084171025433943E-002
  0.10845058349949858     
  0.13730249143008791     
  0.16767509020690091     
  0.19960315836022896     
  0.23312104980026224     
  0.26826270825183085     
  0.30506170883146677     
  0.34355133243133040     
  0.38376467878912107     
  0.42573482336511853     
  0.46949502096122098     
  0.51507895480661126     
  0.56252102328273113     
  0.61185664772763726     
  0.66312257518627593     
 -0.21994024574973126     
 -0.21963607121108705     
 -0.21835484134373073     
 -0.21604937127003337     
 -0.21276979719481889     
 -0.20856960180015538     
 -0.20348604707995266     
 -0.19753963427997900     
 -0.19073735907514563     
 -0.18307604250937859     
 -0.17454499455081110     
 -0.16512800389100951     
 -0.15480479589212662     
 -0.14355210008578639     
 -0.13134443785153527     
 -0.11815471079341035     
 -0.10395464687716613     
  -8.8715144597507081E-002
  -7.2406543591157183E-002
  -5.4998841943192801E-002
  -3.6461874656819208E-002
  -1.6765463752555446E-002
   4.1204524789183938E-003
   2.6225705655742674E-002
   4.9579795190554998E-002
   7.4211795493894381E-002
  0.10015027136713706     
  0.12742320165780227     
  0.15605791261214763     
  0.18608102388982709     
  0.21751841207931580     
  0.25039519873652433     
  0.28473577250129084     
  0.32056385746174626     
  0.35790264221307222     
  0.39677498500999975     
  0.43720370853955687     
  0.47921199088088934     
  0.52282384466187803     
  0.56806465264591033     
 -0.22275994811612776     
 -0.22271380088947632     
 -0.22182329452534841     
 -0.21997117086955836     
 -0.21719670172829972     
 -0.21355519007315923     
 -0.20908905156410770     
 -0.20382496045280102     
 -0.19777642814806912     
 -0.19094691224737331     
 -0.18333240195299330     
 -0.17492337937894273     
 -0.16570626726602025     
 -0.15566449319438330     
 -0.14477927681587588     
 -0.13303021905414472     
 -0.12039574991190048     
 -0.10685347506458470     
  -9.2380449859337008E-002
  -7.6953401196629093E-002
  -6.0548912168333656E-002
  -4.3143580340751643E-002
  -2.4714157815586214E-002
  -5.2376791651059422E-003
   1.5308418118672737E-002
   3.6946177215000146E-002
   5.9697007143138622E-002
   8.3581568071462983E-002
  0.10861965646079473     
  0.13483009124939574     
  0.16223060433999920     
  0.19083774161444442     
  0.22066678487056673     
  0.25173171087889828     
  0.28404521137544109     
  0.31761880704846018     
  0.35246309798205033     
  0.38858819876503170     
  0.42600440031097231     
  0.46472306783930567     
 -0.22558247313573979     
 -0.22583455496986440     
 -0.22536841901286095     
 -0.22400096539059675     
 -0.22176465951014845     
 -0.21871869674042588     
 -0.21491183812811307     
 -0.21037773824350936     
 -0.20513704794294085     
 -0.19920038829314535     
 -0.19257089818124731     
 -0.18524618702555995     
 -0.17721978226323493     
 -0.16848219524988109     
 -0.15902171011925678     
 -0.14882497420116619     
 -0.13787744668679569     
 -0.12616374601704719     
 -0.11366792487471666     
 -0.10037369363197944     
  -8.6264607473857266E-002
  -7.1324228580087926E-002
  -5.5536272046178933E-002
  -3.8884742419912771E-002
  -2.1354066457222282E-002
  -2.9292268878820579E-003
   1.6404098608863472E-002
   3.6659389417222500E-002
   5.7849121609168594E-002
   7.9984592355514264E-002
  0.10307572732480488     
  0.12713087115116165     
  0.15215656457929380     
  0.17815731821430622     
  0.20513540385818277     
  0.23309070298930451     
  0.26202068180804822     
  0.29192060693482236     
  0.32278417411596949     
  0.35460477386169115     
 -0.22838965123639277     
 -0.22898938650943718     
 -0.22898162089229779     
 -0.22812800361235663     
 -0.22645954219116460     
 -0.22404161563961608     
 -0.22093051359500399     
 -0.21716760894018408     
 -0.21278122659157983     
 -0.20778958147780335     
 -0.20220333322892314     
 -0.19602755197698246     
 -0.18926317651834512     
 -0.18190808721562252     
 -0.17395789877565587     
 -0.16540655225352335     
 -0.15624676370657697     
 -0.14647037047216632     
 -0.13606860440315399     
 -0.12503231322140404     
 -0.11335214555982191     
 -0.10101871138495884     
  -8.8022726919933680E-002
  -7.4355151462157709E-002
  -6.0007322480519154E-002
  -4.4971094843205030E-002
  -2.9238989968588064E-002
  -1.2804360984227650E-002
   4.3384193217889571E-003
   2.2193739940031439E-002
   4.0764493249686951E-002
   6.0051765963108850E-002
   8.0054466992019596E-002
  0.10076887911513573     
  0.12218812333943969     
  0.14430153402050128     
  0.16709396925972381     
  0.19054514823201682     
  0.21462926902367763     
  0.23931554349332462     
 -0.23116030173983321     
 -0.23216969941717477     
 -0.23265429627082421     
 -0.23234113935966166     
 -0.23126648507018233     
 -0.22950435477157388     
 -0.22711971483511828     
 -0.22416231150045465     
 -0.22066858096868608     
 -0.21666466022910399     
 -0.21216899703267481     
 -0.20719435195077820     
 -0.20174927876940868     
 -0.19583921016812772     
 -0.18946725693445027     
 -0.18263480216341862     
 -0.17534194913751783     
 -0.16758786471854281     
 -0.15937104806489003     
 -0.15068954618026573     
 -0.14154113203085691     
 -0.13192345707551506     
 -0.12183418740591569     
 -0.11127113103091113     
 -0.10023236285363855     
  -8.8716353534373640E-002
  -7.6722108587444077E-002
  -6.4249324818690293E-002
  -5.1298572616295016E-002
  -3.7871514927102674E-002
  -2.3971177292822960E-002
  -9.6022887296746875E-003
   5.2282785310269145E-003
   2.0510929613428798E-002
   3.6232566615059358E-002
   5.2375512039916118E-002
   6.8915981346824751E-002
   8.5821838820849400E-002
  0.10304914833110818     
  0.12053655341516670     
 -0.23386946618048224     
 -0.23536777508927501     
 -0.23637800930570826     
 -0.23662897134691971     
 -0.23617005783541692     
 -0.23508646327493318     
 -0.23345291013991210     
 -0.23132807568983813     
 -0.22875683976274314     
 -0.22577348281293630     
 -0.22240440141310194     
 -0.21867017059185159     
 -0.21458705860117389     
 -0.21016813151005273     
 -0.20542406178515196     
 -0.20036372563426283     
 -0.19499464978931072     
 -0.18932335065039579     
 -0.18335559624755834     
 -0.17709661278986893     
 -0.17055125162782619     
 -0.16372412834617397     
 -0.15661974295377901     
 -0.14924258829623169     
 -0.14159725271845255     
 -0.13368852244658308     
 -0.12552148914084654     
 -0.11710166855529763     
 -0.10843513737169085     
  -9.9528697214389727E-002
  -9.0390078007646160E-002
  -8.1028197790817491E-002
  -7.1453503919831990E-002
  -6.1678432882954902E-002
  -5.1718045319491000E-002
  -4.1590922736684036E-002
  -3.1320456351091853E-002
  -2.0936714960999074E-002
  -1.0479124553606002E-002
  -1.3113417000558692E-007
