 -0.18808322466815841     
 -0.17063334965906804     
 -0.16336804143164960     
 -0.17585149669705541     
 -0.21458561961583067     
 -0.28538173135706763     
 -0.39382933047114538     
 -0.54543451446804936     
 -0.74567079078649312     
  -1.0000000000000000     
 -0.18861478856017758     
 -0.17038931352336270     
 -0.16054171687723409     
 -0.16789419944561043     
 -0.19820672399034511     
 -0.25654688528389313     
 -0.34775737479324575     
 -0.47659469835807566     
 -0.64778087940182383     
 -0.86602539649920685     
 -0.19025673234864326     
 -0.16997963161477159     
 -0.15311391843952979     
 -0.14645178857070865     
 -0.15373228829962163     
 -0.17799898211350382     
 -0.22206202106645948     
 -0.28863665208960820     
 -0.38039685461475919     
 -0.49999997476321700     
 -0.19313404779192062     
 -0.17028573551862278     
 -0.14396381524027024     
 -0.11817625163401566     
  -9.3919684210757109E-002
  -7.1497641421657987E-002
  -5.0969546826549958E-002
  -3.2285423012255239E-002
  -1.5339956060614049E-002
   4.3711390001862412E-008
 -0.19740338134929097     
 -0.17251291649597331     
 -0.13704824996266807     
  -9.2203404045600804E-002
  -3.6264803754313908E-002
   3.3155624590238651E-002
  0.11869461995428686     
  0.22311404099048565     
  0.34925264718177090     
  0.50000005047356477     
 -0.20318914709904151     
 -0.17786707086482437     
 -0.13637388108924564     
  -7.7777611407273531E-002
   1.5764269995254317E-003
  0.10597188794857296     
  0.23992474646818929     
  0.40807802677875510     
  0.61517053141089495     
  0.86602544021059469     
 -0.21051763908930532     
 -0.18722695101909087     
 -0.14496178188091594     
  -8.1873330807672104E-002
   6.3541854123965718E-003
  0.12459330876353639     
  0.27789706467752173     
  0.47140541468076602     
  0.71033455578012605     
  0.99999999999999623     
 -0.21926509663341517     
 -0.20089577339776449     
 -0.16407239846948582     
 -0.10744023394062069     
  -2.7446548298703716E-002
   7.9947036794247653E-002
  0.21888321963514912     
  0.39349142048985636     
  0.60785315172360443     
  0.86602535278781245     
 -0.22913169141057912     
 -0.21849444347844749     
 -0.19288394556786911     
 -0.15271699212712631     
  -9.6383865731487398E-002
  -2.1800476434856272E-002
   7.3195526302435490E-002
  0.19068105327350721     
  0.33249980326323852     
  0.49999989905286546     
 -0.23964635668649356     
 -0.23902173769905372     
 -0.22869177935421506     
 -0.21175207550326008     
 -0.18918942325198429     
 -0.16142998355545179     
 -0.12871456005485984     
  -9.1163632713215620E-002
  -4.8620492899698997E-002
  -1.3113417000558692E-007
