 -0.66008280232579752     
 -0.58444006926122449     
 -0.51011679930457288     
 -0.45792509806009341     
 -0.43699655566937395     
 -0.45364322001072932     
 -0.51325067400611601     
 -0.62087586367155234     
 -0.78147531821568195     
  -1.0000000000000000     
 -0.66326958659981428     
 -0.58740432598205972     
 -0.51062921558897545     
 -0.45309822478080219     
 -0.42332984749700131     
 -0.42699172518663636     
 -0.46879087309848655     
 -0.55307845375536058     
 -0.68408570883865094     
 -0.86602539649920685     
 -0.67197408052683560     
 -0.59592557338926178     
 -0.51272486094509129     
 -0.44071573318892354     
 -0.38677896287668562     
 -0.35486218255202900     
 -0.34785392240830054     
 -0.36820475861166940     
 -0.41818398288674713     
 -0.49999997476321700     
 -0.68619645759175341     
 -0.61095435434207446     
 -0.51955523654004865     
 -0.42784426632605876     
 -0.34057352484503040     
 -0.25946480053520504     
 -0.18503611040498677     
 -0.11723456582068954     
  -5.5717560641765848E-002
   4.3711390001862412E-008
 -0.70587457786954833     
 -0.63379901865950228     
 -0.53553458921908348     
 -0.42434516786865795     
 -0.30306191473781102     
 -0.17143486933171675     
  -2.7860366949068995E-002
  0.13000096841332254     
  0.30493393531969448     
  0.50000005047356477     
 -0.73080069053671948     
 -0.66577795708804566     
 -0.56530717150100929     
 -0.44054376539971390     
 -0.29323525403401307     
 -0.12212113636195965     
   7.5493758159952781E-002
  0.30318186199985742     
  0.56513796093470159     
  0.86602544021059469     
 -0.76052870690202001     
 -0.70785255800843905     
 -0.61268986959328031     
 -0.48490032739002098     
 -0.32631453188236065     
 -0.13601264398613180     
   8.8270686786859537E-002
  0.34967997056952510     
  0.65207935686688356     
  0.99999999999999623     
 -0.79428876427550632     
 -0.76032096495956136     
 -0.67983922376267547     
 -0.56228293975524868     
 -0.41061997025030667     
 -0.22548198648684201     
  -6.4781043468055419E-003
  0.24736436411545754     
  0.53751008274417511     
  0.86602535278781245     
 -0.83092254333392424     
 -0.82263268828078595     
 -0.76680849214965618     
 -0.67323052271991923     
 -0.54654165397716958     
 -0.38942175772932069     
 -0.20394755653571042     
   7.8010467355450995E-003
  0.24341973316638707     
  0.49999989905286546     
 -0.86884670567337652     
 -0.89335227362297298     
 -0.87152997680295963     
 -0.81424089312037151     
 -0.72769090208512244     
 -0.61613067825913936     
 -0.48326495940532982     
 -0.33298024960396994     
 -0.16989886338675708     
  -1.3113417000558692E-007
