 -0.63425557534664712     
 -0.62867118831520197     
 -0.61732648473744833     
 -0.60289567701847591     
 -0.58686978181602345     
 -0.57016209913323190     
 -0.55337550470341124     
 -0.53693308495986924     
 -0.52114738839711694     
 -0.50625964625671893     
 -0.49246323217712201     
 -0.47991835022281015     
 -0.46876159287454550     
 -0.45911236875283679     
 -0.45107734910180308     
 -0.44475361971639649     
 -0.44023096306379927     
 -0.43759354142982421     
 -0.43692115849518143     
 -0.43829021837855342     
 -0.44177446376263962     
 -0.44744555016280657     
 -0.45537349694002122     
 -0.46562704441612984     
 -0.47827393863272161     
 -0.49338115977259062     
 -0.51101510630371483     
 -0.53124174402839697     
 -0.55412672710268196     
 -0.57973549651447109     
 -0.60813336032194709     
 -0.63938555905150796     
 -0.67355731896171089     
 -0.71071389534330021     
 -0.75092060760653090     
 -0.79424286757738294     
 -0.84074620216299645     
 -0.89049627133814735     
 -0.94355888223711715     
  -1.0000000000000000     
 -0.63443737595793426     
 -0.62885220721574708     
 -0.61750444709310892     
 -0.60306697929216491     
 -0.58702971916329527     
 -0.57030511191131605     
 -0.55349534827557678     
 -0.53702293569681792     
 -0.52119990741781419     
 -0.50626701665121032     
 -0.49241717976572397     
 -0.47981015406641064     
 -0.46858208937212054     
 -0.45885195171863130     
 -0.45072596733618514     
 -0.44430077304338522     
 -0.43966569746962242     
 -0.43690444372106341     
 -0.43609635075502079     
 -0.43731735240712361     
 -0.44064071562528095     
 -0.44613761492764814     
 -0.45387758365691605     
 -0.46392887136844702     
 -0.47635872887899666     
 -0.49123363698475858     
 -0.50861949090135494     
 -0.52858174960327353     
 -0.55118555712428408     
 -0.57649584130482090     
 -0.60457739428637114     
 -0.63549493815112001     
 -0.66931317841289573     
 -0.70609684752937618     
 -0.74591074018692494     
 -0.78881974178000414     
 -0.83488885124598122     
 -0.88418319920773847     
 -0.93676806220909326     
 -0.99270887369275973     
 -0.63497146932804172     
 -0.62938415292561545     
 -0.61802763305808384     
 -0.60357073246050630     
 -0.58750002825179071     
 -0.57072538583865007     
 -0.55384693521553552     
 -0.53728544636122144     
 -0.52135140934938740     
 -0.50628414777373854     
 -0.49227521186837736     
 -0.47948302513918950     
 -0.46804241645236150     
 -0.45807103151374112     
 -0.44967376921746982     
 -0.44294592736293353     
 -0.43797548112460366     
 -0.43484476423536755     
 -0.43363172972366032     
 -0.43441090886846417     
 -0.43725414973783361     
 -0.44223119219963131     
 -0.44941011988787383     
 -0.45885771839995732     
 -0.47063976120754919     
 -0.48482123925867870     
 -0.50146654630148502     
 -0.52063962909144912     
 -0.54240410953269791     
 -0.56682338423190481     
 -0.59396070575994731     
 -0.62387924901662695     
 -0.65664216540299192     
 -0.69231262697080931     
 -0.73095386230094095     
 -0.77262918553355364     
 -0.81740201971239257     
 -0.86533591539724608     
 -0.91649456533151896     
 -0.97094181581669503     
 -0.63585797648162834     
 -0.63026736801553296     
 -0.61889687214067579     
 -0.60440846350250654     
 -0.58828313246042474     
 -0.57142644546495791     
 -0.55443510958835884     
 -0.53772701620876040     
 -0.52161010367333249     
 -0.50632133496102416     
 -0.49205000674372268     
 -0.47895234375808693     
 -0.46716099820127255     
 -0.45679144069477723     
 -0.44794638381296487     
 -0.44071891992158541     
 -0.43519479499036584     
 -0.43145408724551398     
 -0.42957246679281241     
 -0.42962215440692586     
 -0.43167266053797082     
 -0.43579136120932682     
 -0.44204395114145983     
 -0.45049480327289904     
 -0.46120725608751711     
 -0.47424384467326614     
 -0.48966648750550473     
 -0.50753663809024607     
 -0.52791540849931040     
 -0.55086367026311467     
 -0.57644213690780077     
 -0.60471143152678686     
 -0.63573214208849904     
 -0.66956486664887749     
 -0.70627025022083323     
 -0.74590901472501880     
 -0.78854198318632496     
 -0.83423009913293267     
 -0.88303444198791026     
 -0.93501623910842879     
 -0.63709708609879923     
 -0.63150240840289362     
 -0.62011352686604282     
 -0.60558268957132999     
 -0.58938303212931431     
 -0.57241411239807705     
 -0.55526787469238048     
 -0.53835821920591975     
 -0.52198955590421336     
 -0.50639559009150847     
 -0.49176251277573330     
 -0.47824352132514530     
 -0.46596827275913572     
 -0.45504924576101280     
 -0.44558614608328301     
 -0.43766903321156209     
 -0.43138058753134034     
 -0.42679778532567725     
 -0.42399315673870119     
 -0.42303574424367085     
 -0.42399184222563729     
 -0.42692557405169829     
 -0.43189934675512875     
 -0.43897421235826817     
 -0.44821015713967077     
 -0.45966633469671014     
 -0.47340125474384992     
 -0.48947293674411546     
 -0.50793903537899443     
 -0.52885694330390343     
 -0.55228387546340818     
 -0.57827693834834859     
 -0.60689318689214644     
 -0.63818967117302838     
 -0.67222347467444865     
 -0.70905174552966266     
 -0.74873172191754189     
 -0.79132075256992762     
 -0.83687631318453160     
 -0.88545601940284191     
 -0.63868903215263872     
 -0.63309001800993259     
 -0.62167946006479213     
 -0.60709687364835963     
 -0.59080524414388114     
 -0.57369642407204224     
 -0.55635628585296137     
 -0.53919366520390588     
 -0.52250851095797579     
 -0.50653042038615648     
 -0.49144167534575983     
 -0.47739166729639515     
 -0.46450629079180655     
 -0.45289426791183884     
 -0.44265153008985586     
 -0.43386433017700843     
 -0.42661150085965316     
 -0.42096612477367584     
 -0.41699679016737129     
 -0.41476854880601088     
 -0.41434365616070373     
 -0.41578214986725115     
 -0.41914230631281485     
 -0.42448100418663548     
 -0.43185401616626429     
 -0.44131624449447276     
 -0.45292191231794809     
 -0.46672471983559227     
 -0.48277797222609764     
 -0.50113468477687417     
 -0.52184766947131056     
 -0.54496960640525582     
 -0.57055310272324844     
 -0.59865074123791706     
 -0.62931512048415406     
 -0.66259888763531605     
 -0.69855476545133532     
 -0.73723557422293728     
 -0.77869424951065291     
 -0.82298385634331028     
 -0.64063406285474078     
 -0.63503109363043109     
 -0.62359698960183685     
 -0.60895536323205901     
 -0.59255671845242197     
 -0.57528352154288775     
 -0.55771430238484232     
 -0.54025180828874986     
 -0.52319064936873849     
 -0.50675552317748285     
 -0.49112406001272801     
 -0.47644112978552705     
 -0.46282816167323915     
 -0.45038942210353933     
 -0.43921636736363590     
 -0.42939073748069201     
 -0.42098680364307145     
 -0.41407303207109392     
 -0.40871333661699927     
 -0.40496803575270612     
 -0.40289459329429672     
 -0.40254819837551964     
 -0.40398222419971119     
 -0.40724859417517539     
 -0.41239807644068693     
 -0.41948052241766265     
 -0.42854506117418706     
 -0.43964025858633227     
 -0.45281424822130750     
 -0.46811483933217912     
 -0.48558960619844088     
 -0.50528596216794286     
 -0.52725122108094091     
 -0.55153264823424764     
 -0.57817750263496703     
 -0.60723307197151555     
 -0.63874670147421131     
 -0.67276581763349597     
 -0.70933794757943969     
 -0.74851073479294106     
 -0.64293240115727435     
 -0.63732664034607234     
 -0.62586883106406477     
 -0.61116331282383540     
 -0.59464573259909703     
 -0.57718750780585903     
 -0.55935860073637933     
 -0.54155470496323777     
 -0.52406427978869818     
 -0.50710640101018112     
 -0.49085337745572477     
 -0.47544491652121251     
 -0.46099735554753563     
 -0.44760988421834708     
 -0.43536886209777920     
 -0.42435089055848341     
 -0.41462504679183387     
 -0.40625453991863936     
 -0.39929795961821268     
 -0.39381023171110074     
 -0.38984335922506119     
 -0.38744700389756931     
 -0.38666894725618950     
 -0.38755545960813498     
 -0.39015159774989588     
 -0.39450144689181621     
 -0.40064831847941718     
 -0.40863491282109743     
 -0.41850345339115191     
 -0.43029579815731667     
 -0.44405353213797766     
 -0.45981804452412905     
 -0.47763059303315675     
 -0.49753235764399056     
 -0.51956448545876810     
 -0.54376812811757169     
 -0.57018447293986785     
 -0.59885476876398225     
 -0.62982034729298009     
 -0.66312264062317072     
 -0.64558419712147419     
 -0.63997771792222569     
 -0.62849802906228547     
 -0.61372659117355011     
 -0.59708176563692972     
 -0.57942227851595096     
 -0.56130835135062385     
 -0.54312772550330757     
 -0.52516197209379800     
 -0.50762390256499668     
 -0.49067991704432357     
 -0.47446400461672056     
 -0.45908687155607747     
 -0.44464209870511867     
 -0.43121041785689213     
 -0.41886275775892012     
 -0.40766246210948098     
 -0.39766693621413157     
 -0.38892889056781527     
 -0.38149729438655927     
 -0.37541811667445130     
 -0.37073490913560853     
 -0.36748926962549272     
 -0.36572121415704595     
 -0.36546947804579127     
 -0.36677176152378771     
 -0.36966493138285067     
 -0.37418518746668322     
 -0.38036820081391631     
 -0.38824922875154766     
 -0.39786321110728545     
 -0.40924485084934364     
 -0.42242868180210968     
 -0.43744912557477927     
 -0.45434053944057495     
 -0.47313725658949224     
 -0.49387361992768819     
 -0.51658401039677471     
 -0.54130287062522930     
 -0.56806472459345181     
 -0.64858947251650401     
 -0.64298537869522743     
 -0.63148787793179995     
 -0.61665167443530366     
 -0.59987535304885320     
 -0.58200332735389049     
 -0.56358496226084231     
 -0.54499922246622545     
 -0.52652013623770211     
 -0.50835369593921309     
 -0.49065989720544628     
 -0.47356654921862357     
 -0.45717828447404324     
 -0.44158264140894588     
 -0.42685429330375946     
 -0.41305806417733948     
 -0.40025112796448925     
 -0.38848464382939912     
 -0.37780499343706159     
 -0.36825473160881883     
 -0.35987332688116314     
 -0.35269774555108413     
 -0.34676291739778087     
 -0.34210211073912183     
 -0.33874723714976973     
 -0.33672910098258912     
 -0.33607760511405965     
 -0.33682192162858221     
 -0.33899063416457009     
 -0.34261185716191717     
 -0.34771333613412975     
 -0.35432253223985571     
 -0.36246669377741791     
 -0.37217291672181740     
 -0.38346819602997978     
 -0.39637946913002731     
 -0.41093365276432209     
 -0.42715767415923522     
 -0.44507849733600841     
 -0.46472314524833586     
 -0.65194805805765943     
 -0.64635059753795432     
 -0.63484183273541406     
 -0.61994552655737378     
 -0.60303792454549288     
 -0.58494752860654642     
 -0.56621179287425993     
 -0.54720016090015655     
 -0.52817855273526060     
 -0.50934568175557493     
 -0.49085474193041984     
 -0.47282700255223825     
 -0.45536068376987104     
 -0.43853695443969226     
 -0.42242410698800303     
 -0.40708053879803968     
 -0.39255692955548643     
 -0.37889786312368490     
 -0.36614305703726452     
 -0.35432830925838404     
 -0.34348623752825341     
 -0.33364686409056721     
 -0.32483808341671055     
 -0.31708604019439851     
 -0.31041543761999801     
 -0.30484979092514630     
 -0.30041163740048316     
 -0.29712271151155539     
 -0.29500409173787778     
 -0.29407632430378960     
 -0.29435952786950842     
 -0.29587348241482286     
 -0.29863770490677932     
 -0.30267151384671048     
 -0.30799408440492476     
 -0.31462449554687993     
 -0.32258177031317731     
 -0.33188491022269317     
 -0.34255292461267201     
 -0.35460485560341259     
 -0.65565952372707681     
 -0.65007419455667093     
 -0.63856341158171115     
 -0.62361546838682691     
 -0.60658162682311412     
 -0.58827289981954267     
 -0.56921384178083778     
 -0.54976371530562806     
 -0.53017986130214845     
 -0.51065335439138182     
 -0.49133029379300008     
 -0.47232515615143400     
 -0.45372952065246730     
 -0.43561797180285022     
 -0.41805221347985366     
 -0.40108401120718545     
 -0.38475734444954868     
 -0.36911001274378991     
 -0.35417485573382396     
 -0.33998069479096982     
 -0.32655307024992525     
 -0.31391482615373889     
 -0.30208657952538365     
 -0.29108710099373575     
 -0.28093362649996201     
 -0.27164211478243638     
 -0.26322746172755296     
 -0.25570368004675492     
 -0.24908405080578305     
 -0.24338125189212301     
 -0.23860746742356911     
 -0.23477448127841136     
 -0.23189375729759798     
 -0.22997650822220889     
 -0.22903375505004392     
 -0.22907637819695503     
 -0.23011516161242082     
 -0.23216083081038216     
 -0.23522408562471600     
 -0.23931562837575920     
 -0.65972310264152512     
 -0.65415675122891048     
 -0.64265609036911175     
 -0.62766903710778954     
 -0.61051913355126186     
 -0.59199834762644743     
 -0.57261741274789157     
 -0.55272483882082979     
 -0.53256901471913898     
 -0.51233312030727962     
 -0.49215597471140676     
 -0.47214512012840965     
 -0.45238537997849487     
 -0.43294465609951316     
 -0.41387797502997276     
 -0.39523038639163866     
 -0.37703908672215675     
 -0.35933500735002788     
 -0.34214402307246700     
 -0.32548788717939192     
 -0.30938496544042532     
 -0.29385081999318685     
 -0.27889867949017105     
 -0.26453982186460706     
 -0.25078388910234878     
 -0.23763914846609757     
 -0.22511271106781836     
 -0.21321071610086875     
 -0.20193848714007209     
 -0.19130066550112548     
 -0.18130132458552817     
 -0.17194406832896877     
 -0.16323211625251519     
 -0.15516837713858833     
 -0.14775551298239170     
 -0.14099599457838297     
 -0.13489214987140533     
 -0.12944620601898238     
 -0.12466032596430802     
 -0.12053664020053710     
 -0.66413760893833118     
 -0.65859852073896785     
 -0.64712319115229366     
 -0.63211383775155450     
 -0.61486344501492574     
 -0.59614340005987776     
 -0.57644976332140818     
 -0.55611981043796688     
 -0.53539270541855577     
 -0.51444358299926063     
 -0.49340390636998993     
 -0.47237425418653473     
 -0.45143269493336174     
 -0.43064046786861176     
 -0.41004595446108411     
 -0.38968752795736911     
 -0.36959564517609972     
 -0.34979441342358081     
 -0.33030278570400057     
 -0.31113548745926550     
 -0.29230374593739172     
 -0.27381587210686759     
 -0.25567773077140810     
 -0.23789312474934954     
 -0.22046411214515449     
 -0.20339127089150438     
 -0.18667392125282686     
 -0.17031031444072561     
 -0.15429779362006896     
 -0.13863293219105563     
 -0.12331165318531824     
 -0.10832933282016267     
  -9.3680890648216428E-002
  -7.9360868272401200E-002
  -6.5363498233547090E-002
  -5.1682764394593045E-002
  -3.8312454922245366E-002
  -2.5246208790038076E-002
  -1.2477556585308322E-002
   4.3711390001862412E-008
 -0.66890135013957663     
 -0.66339933330413459     
 -0.65196776540193047     
 -0.63695738861591689     
 -0.61962767995894297     
 -0.60072792880249526     
 -0.58073874064706643     
 -0.55998576630151620     
 -0.53869877259952748     
 -0.51704480448800050     
 -0.49514800270675396     
 -0.47310206569088997     
 -0.45097842315548742     
 -0.42883179007079636     
 -0.40670405612167682     
 -0.38462708145363012     
 -0.36262475272824030     
 -0.34071452621344739     
 -0.31890860721965131     
 -0.29721486664585561     
 -0.27563756411966484     
 -0.25417792656909854     
 -0.23283461714193082     
 -0.21160411981805161     
 -0.19048105836756593     
 -0.16945846355396843     
 -0.14852799905861377     
 -0.12768015410669897     
 -0.10690440893456549     
  -8.6189377867491299E-002
  -6.5522933747172732E-002
  -4.4892316667842998E-002
  -2.4284229384533378E-002
  -3.6849212994795361E-003
   1.6919737421115327E-002
   3.7544190323070485E-002
   5.8203136671709205E-002
   7.8911480099586942E-002
   9.9684283138249383E-002
  0.12053672698590635     
 -0.67401203442349544     
 -0.66855849731115735     
 -0.65719247349196275     
 -0.64220696251020748     
 -0.62482486227173373     
 -0.60577186493829627     
 -0.58551240924541081     
 -0.56436022128728158     
 -0.54253559786231331     
 -0.52019755348961638     
 -0.49746304716202927     
 -0.47441909047448422     
 -0.45113070342868072     
 -0.42764633078062142     
 -0.40400164243364939     
 -0.38022227034918371     
 -0.35632582509713889     
 -0.33232341213547800     
 -0.30822079299990501     
 -0.28401928954258471     
 -0.25971649899974175     
 -0.23530686759622263     
 -0.21078215683602419     
 -0.18613182729035471     
 -0.16134335815289738     
 -0.13640251617740529     
 -0.11129358425508945     
  -8.5999557437203000E-002
  -6.0502312397922142E-002
  -3.4782754983244353E-002
  -8.8209494773319862E-003
   1.7403767550290349E-002
   4.3912686538548393E-002
   7.0727635540038331E-002
   9.7870900653551918E-002
  0.12536515506722654     
  0.15323339570363270     
  0.18149888662072400     
  0.21018510845046021     
  0.23931571325819195     
 -0.67946667317700982     
 -0.67407469709912071     
 -0.66279946180184202     
 -0.64786942580174833     
 -0.63046770520092421     
 -0.61129491181570084     
 -0.59079867552463949     
 -0.56928058711113172     
 -0.54695149740670479     
 -0.52396255047639384     
 -0.50042376746451300     
 -0.47641577216445957     
 -0.45199751221064299     
 -0.42721152734767814     
 -0.40208765382695805     
 -0.37664569755370586     
 -0.35089740737698727     
 -0.32484796151481621     
 -0.29849710790575518     
 -0.27184005385484944     
 -0.24486817096972541     
 -0.21756956192335880     
 -0.18992952240646133     
 -0.16193092254043789     
 -0.13355452563750678     
 -0.10477925764168503     
  -7.5582437292489910E-002
  -4.5939974643910635E-002
  -1.5826543788904187E-002
   1.4784265691028821E-002
   4.5919815032957889E-002
   7.7608297596482481E-002
  0.10987863298211156     
  0.14276037222310478     
  0.17628361264845183     
  0.21047892127510931     
  0.24537726578839011     
  0.28100995232456816     
  0.31740856939004941     
  0.35460493734513138     
 -0.68526147912018431     
 -0.67994588823317703     
 -0.66879023886615185     
 -0.65395107727972657     
 -0.63656839581502389     
 -0.61731625863347395     
 -0.59662491379055660     
 -0.57478369316741118     
 -0.55199411876397686     
 -0.52839971973278932     
 -0.50410392060022458     
 -0.47918135565680126     
 -0.45368533908946967     
 -0.42765297509836908     
 -0.40110875966278275     
 -0.37406718519599197     
 -0.34653466692636564     
 -0.31851099644634390     
 -0.28999045858056166     
 -0.26096270403302163     
 -0.23141344195371760     
 -0.20132499775659132     
 -0.17067676875522214     
 -0.13944560134902420     
 -0.10760610727274651     
  -7.5130931973680204E-002
  -4.1990984955098710E-002
  -8.1556395562642128E-003
   2.6407092117819636E-002
   6.1730404719308796E-002
   9.7848562227729904E-002
  0.13479677491482919     
  0.17261108862463564     
  0.21132828472698262     
  0.25098578943720906     
  0.29162159145028749     
  0.33327416703258228     
  0.37598241186288728     
  0.41978557902720559     
  0.46472322265736282     
 -0.69139176017649939     
 -0.68616919111524310     
 -0.67516555204323547     
 -0.66045748887514033     
 -0.64313838241379029     
 -0.62385429830899375     
 -0.60301759841704716     
 -0.58090531615004648     
 -0.55770984982686178     
 -0.53356745824156082     
 -0.50857540026748838     
 -0.48280280994887326     
 -0.45629789976178686     
 -0.42909290307336229     
 -0.40120756709541550     
 -0.37265168465136883     
 -0.34342697022244889     
 -0.31352847772211623     
 -0.28294569126894870     
 -0.25166337838145181     
 -0.21966226781605061     
 -0.18691959615017656     
 -0.15340955487799068     
 -0.11910366122471318     
  -8.3971069837576393E-002
  -4.7978838171045091E-002
  -1.1092155224608284E-002
   2.6725459037248270E-002
   6.5511977988480644E-002
  0.10530671207870172     
  0.14615016870273062     
  0.18808392565331200     
  0.23115051618222240     
  0.27539332413383460     
  0.32085648794996224     
  0.36758481259912673     
  0.41562368867538246     
  0.46501901805554641     
  0.51581714561011027     
  0.56806479654098829     
 -0.69785180910500633     
 -0.69274078377603043     
 -0.68192526621136840     
 -0.66739335028233959     
 -0.65018816754634645     
 -0.63092635308711620     
 -0.61000194667384910     
 -0.58767972426684967     
 -0.56414324761061496     
 -0.53952193080060684     
 -0.51390737857017421     
 -0.48736379485932751     
 -0.45993490430760336     
 -0.43164871833172963     
 -0.40252091371047244     
 -0.37255728755017775     
 -0.34175557992687128     
 -0.31010685323318715     
 -0.27759655438863168     
 -0.24420534617897935     
 -0.20990976796901262     
 -0.17468276864080390     
 -0.13849414273020413     
 -0.10131089245962877     
  -6.3097532498469708E-002
  -2.3816350055153871E-002
   1.6572370186060954E-002
   5.8110149060346339E-002
  0.10084013834244898     
  0.14480696438299090     
  0.19005658674206777     
  0.23663616935976992     
  0.28459396238578244     
  0.33397919323728698     
  0.38484196579606150     
  0.43723316691474323     
  0.49120437959626279     
  0.54680780235333015     
  0.60409617435763074     
  0.66312270606005996     
 -0.70463478870214336     
 -0.69965579469213612     
 -0.68906824604002626     
 -0.67476231952103505     
 -0.65772710922210709     
 -0.63854841119888717     
 -0.61760157647441061     
 -0.59513924152365982     
 -0.57133649372581341     
 -0.54631640017932126     
 -0.52016549294906012     
 -0.49294368523167253     
 -0.46469089740477376     
 -0.43543163900698656     
 -0.40517826820717529     
 -0.37393336669945032     
 -0.34169150637863349     
 -0.30844058799421753     
 -0.27416287260968181     
 -0.23883578885973553     
 -0.20243257421775612     
 -0.16492279185837733     
 -0.12627275329986173     
  -8.6445869039896914E-002
  -4.5402943724313874E-002
  -3.1024282815546450E-003
   4.0499361562438510E-002
   8.5448053223830783E-002
  0.13179104618794710     
  0.17957735775238279     
  0.22885748241198980     
  0.27968326248356973     
  0.33210776816732451     
  0.38618518570658594     
  0.44197071266526061     
  0.49952045961512676     
  0.55889135772923138     
  0.62014107192644097     
  0.68332791931660908     
  0.74851079276496579     
 -0.71173261210958871     
 -0.70690819647907466     
 -0.69659224343048964     
 -0.68256688146003763     
 -0.66576323279690397     
 -0.64673487768524995     
 -0.62583818300939276     
 -0.60331383713565412     
 -0.57932888297776974     
 -0.55400060038338039     
 -0.52741108840805428     
 -0.49961666504264540     
 -0.47065418569196282     
 -0.44054543458398832     
 -0.40930026137527742     
 -0.37691887351889369     
 -0.34339354507785197     
 -0.30870991296632044     
 -0.27284797590573273     
 -0.23578287570355219     
 -0.19748551697954297     
 -0.15792306563729214     
 -0.11705935548213413     
  -7.4855224737488207E-002
  -3.1268798744326184E-002
   1.3744268846441716E-002
   6.0230587016033073E-002
  0.10823884328568310     
  0.15781963909952004     
  0.20902534048538898     
  0.26190994080511326     
  0.31652893319807313     
  0.37293919094714079     
  0.43119885448896894     
  0.49136722417694889     
  0.55350465820398576     
  0.61767247531844349     
  0.68393286213225712     
  0.75234878493545321     
  0.82298390600510773     
 -0.71913581741304999     
 -0.71449070133575265     
 -0.70449379178129701     
 -0.69080821629811806     
 -0.67430305588730710     
 -0.65549834226479464     
 -0.63473123787605756     
 -0.61223074462596772     
 -0.58815635083840756     
 -0.56262016022134165     
 -0.53570052397278889     
 -0.50745090243584667     
 -0.47790586577046340     
 -0.44708528979616446     
 -0.41499736716891256     
 -0.38164081574408831     
 -0.34700652846289443     
 -0.31107882617461929     
 -0.27383642294822275     
 -0.23525317998719483     
 -0.19529870212528136     
 -0.15393881588557781     
 -0.11113595771609540     
  -6.6849493706965135E-002
  -2.1035986851065107E-002
   2.6350575918027346E-002
   7.5358587519619005E-002
  0.12603864810731369     
  0.17844341044417536     
  0.23262743896522542     
  0.28864707924051675     
  0.34656033536885605     
  0.40642675349151169     
  0.46830731014847138     
  0.53226430462916263     
  0.59836125481093061     
  0.66666279624397606     
  0.73723458444052636     
  0.81014320046715205     
  0.88545606003023103     
 -0.72683343526242772     
 -0.72239465917181689     
 -0.71276810881820618     
 -0.69948607996580947     
 -0.68335142851180486     
 -0.66484936684999962     
 -0.64429771390648616     
 -0.62191411460579415     
 -0.59785104477645190     
 -0.57221608337083607     
 -0.54508455104245312     
 -0.51650781509621657     
 -0.48651896435534348     
 -0.45513680614376734     
 -0.42236875082329622     
 -0.38821293580507493     
 -0.35265981642938032     
 -0.31569337524395025     
 -0.27729205332488788     
 -0.23742947615399421     
 -0.19607502581545275     
 -0.15319429713722119     
 -0.10874946558054434     
  -6.2699587733091700E-002
  -1.5000850260698625E-002
   3.4393220488776161E-002
   8.5531578764993024E-002
  0.13846550218607970     
  0.19324845121424530     
  0.24993594081809187     
  0.30858542082634810     
  0.36925616231650982     
  0.43200914807886004     
  0.49690696577958382     
  0.56401370293439479     
  0.63339484320785155     
  0.70511716388096390     
  0.77924863458621774     
  0.85585831759962527     
  0.93501627010897115     
 -0.73481284765524912     
 -0.73060995945650531     
 -0.72140900984516410     
 -0.70859869837674017     
 -0.69291139047956807     
 -0.67479629500697835     
 -0.65455183844524811     
 -0.63238470460602314     
 -0.60844094359541356     
 -0.58282429004519276     
 -0.55560776988450122     
 -0.52684143359842095     
 -0.49655769987469300     
 -0.46477515233679290     
 -0.43150129772669643     
 -0.39673460647562953     
 -0.36046604561605639     
 -0.32268024542535939     
 -0.28335639738530322     
 -0.24246895226987469     
 -0.19998816783355133     
 -0.15588054230777421     
 -0.11010916065274581     
  -6.2633973939129686E-002
  -1.3412027494935783E-002
   3.7602350020398655E-002
   9.0457387043310397E-002
  0.14520373143438153     
  0.20189432864132559     
  0.26058431085541478     
  0.32133089332491965     
  0.38419327483509524     
  0.44923254009216418     
  0.51651156238432905     
  0.58609490545067044     
  0.65804872397554970     
  0.73244066254344653     
  0.80933975323598273     
  0.88881631232758818     
  0.97094183673833256     
 -0.74305963526025198     
 -0.73912493801466250     
 -0.73040883343358420     
 -0.71814267741911852     
 -0.70298404784659629     
 -0.68534508531315397     
 -0.66550487733743202     
 -0.64365960866015681     
 -0.61994952803272563     
 -0.59447522418472576     
 -0.56730816900299519     
 -0.53849786843413516     
 -0.50807687240863131     
 -0.47606437201032625     
 -0.44246883318938096     
 -0.40728995614509528     
 -0.37052015252133569     
 -0.33214567147949536     
 -0.29214746605840713     
 -0.25050186484276188     
 -0.20718109603861976     
 -0.16215369866575027     
 -0.11538484688034419     
  -6.6836607251878510E-002
  -1.6468144353240819E-002
   3.5764113241668727E-002
   8.9906336883714855E-002
  0.14600718386486247     
  0.20411769911752325     
  0.26429122733060401     
  0.32658333116395621     
  0.39105171206167738     
  0.45775613089744005     
  0.52675832635843889     
  0.59812192960203581     
  0.67191237430355244     
  0.74819680174992187     
  0.82704396111211864     
  0.90852410543750517     
  0.99270888423040782     
 -0.75155740965853535     
 -0.74792629030361812     
 -0.73975838178435471     
 -0.72811293053632731     
 -0.71356847003454082     
 -0.69649917019907515     
 -0.67716495136906230     
 -0.65575202863489701     
 -0.63239550493609298     
 -0.60719352886521605     
 -0.58021675051588262     
 -0.55151488438722707     
 -0.52112138630101523     
 -0.48905685389380621     
 -0.45533153939406101     
 -0.41994723143978224     
 -0.38289868005790084     
 -0.34417468545098945     
 -0.30375893576184654     
 -0.26163065497918342     
 -0.21776510562843160     
 -0.17213397936302186     
 -0.12470570042766857     
  -7.5445661152048232E-002
  -2.4316404445101299E-002
   2.8722234784641996E-002
   8.3713019594143401E-002
  0.14070122433506144     
  0.19973456459669683     
  0.26086313801495520     
  0.32413937102990953     
  0.38961796740398008     
  0.45735585499292114     
  0.52741212792701431     
  0.59984798202855494     
  0.67472664196774446     
  0.75211327933341121     
  0.83207492144816109     
  0.91468035136342973     
  0.99999999999999623     
 -0.76028762556610829     
 -0.75699899319289654     
 -0.74944687828317469     
 -0.73850262569621716     
 -0.72466160895720699     
 -0.70825934146796587     
 -0.68953688636253896     
 -0.66867108858256286     
 -0.64579258637484049     
 -0.62099779135644695     
 -0.59435724303939064     
 -0.56592158382530122     
 -0.53572590711814261     
 -0.50379296629798020     
 -0.47013557173223175     
 -0.43475839997847654     
 -0.39765937125895812     
 -0.35883070545395801     
 -0.31825973555057996     
 -0.27592953582360852     
 -0.23181940687311298     
 -0.18590524893995422     
 -0.13815984729766223     
  -8.8553088057114329E-002
  -3.7052118791294573E-002
   1.6378534444051126E-002
   7.1776884159483356E-002
  0.12918342449059816     
  0.18864109328001502     
  0.25019524699778589     
  0.31389364294730893     
  0.37978642374937699     
  0.44792609962347907     
  0.51836752454490487     
  0.59116786298406065     
  0.66638654464776004     
  0.74408520543819412     
  0.82432761370080176     
  0.90717958170665225     
  0.99270886315510387     
 -0.76922936636419870     
 -0.76632623802280542     
 -0.75946194513648313     
 -0.74930315348306364     
 -0.73625824121939987     
 -0.72062366327237404     
 -0.70262209757885019     
 -0.68242169266331809     
 -0.66014932408629290     
 -0.63590035800526956     
 -0.60974590193737987     
 -0.58173819835977159     
 -0.55191465192999256     
 -0.52030085438448537     
 -0.48691287250640886     
 -0.45175899086890392     
 -0.41484104759713686     
 -0.37615546315709220     
 -0.33569403496869021     
 -0.29344455126540636     
 -0.24939126377947499     
 -0.20351524889888092     
 -0.15579467978908612     
 -0.10620502681276187     
  -5.4719199866523550E-002
  -1.3076435992918894E-003
   5.4061605392774346E-002
  0.11142289158631002     
  0.17081293681391982     
  0.23227085340861633     
  0.29583816815596137     
  0.36155885124173259     
  0.42947934460521342     
  0.49964858439217635     
  0.57211801261746609     
  0.64694157374782602     
  0.72417569272923776     
  0.80387923200492273     
  0.88611342625859568     
  0.97094179489505017     
 -0.77835909395055902     
 -0.77588937886154663     
 -0.76978960442952804     
 -0.76050411794914319     
 -0.74835093413561660     
 -0.73358741289391383     
 -0.71641850852522770     
 -0.69700442647053262     
 -0.67546899872235922     
 -0.65190721789143136     
 -0.62639139519123510     
 -0.59897598624838277     
 -0.56970130921858397     
 -0.53859639528565018     
 -0.50568117570568039     
 -0.47096816524463464     
 -0.43446376287272703     
 -0.39616925980319961     
 -0.35608162174012964     
 -0.31419409501903922     
 -0.27049667371400687     
 -0.22497645555321141     
 -0.17761790773234504     
 -0.12840305878716263     
  -7.7311629113431798E-002
  -2.4321110170956010E-002
   3.0593199359687497E-002
   8.7458193355637467E-002
  0.14630298752794296     
  0.20715897205502054     
  0.27005988144649201     
  0.33504187533470065     
  0.40214362362778727     
  0.47140638921979200     
  0.54287410136092396     
  0.61659341296561843     
  0.69261373568189188     
  0.77098724753019909     
  0.85176886935101415     
  0.93501620810787933     
 -0.78765035082562562     
 -0.78566790159296029     
 -0.78041430648742183     
 -0.77209335171018001     
 -0.76093003595269748     
 -0.74714304922184227     
 -0.73092050372126494     
 -0.71241550090518957     
 -0.69174956247220865     
 -0.66901795304191669     
 -0.64429477162490789     
 -0.61763723093169909     
 -0.58908908215019040     
 -0.55868330284133272     
 -0.52644419235662976     
 -0.49238900383819473     
 -0.45652921701609522     
 -0.41887153246391567     
 -0.37941864857778418     
 -0.33816986744575145     
 -0.29512156431155417     
 -0.25026754673089330     
 -0.20359932309107412     
 -0.15510629538469706     
 -0.10477588760005409     
  -5.2593618530952145E-002
   1.4568739821087466E-003
   5.7393851525664508E-002
  0.11523753106713372     
  0.17501017330089161     
  0.23673619803061860     
  0.30044232061179915     
  0.36615770259016411     
  0.43391410863538893     
  0.50374606084864360     
  0.57569098072683267     
  0.64978930873566254     
  0.72608459181604679     
  0.80462353040695833     
  0.88545597877544568     
 -0.79707339814862843     
 -0.79563942200874671     
 -0.79131899002259876     
 -0.78405695652391083     
 -0.77398369023896818     
 -0.76128020836166876     
 -0.74611891444829903     
 -0.72864673710077388     
 -0.70898363281555832     
 -0.68722575192224933     
 -0.66344950682390091     
 -0.63771533426885585     
 -0.61007084656471133     
 -0.58055337062208223     
 -0.54919196194897146     
 -0.51600899345102891     
 -0.48102140762006185     
 -0.44424170401934937     
 -0.40567871819958717     
 -0.36533823503527718     
 -0.32322346906947852     
 -0.27933543640704112     
 -0.23367323652867567     
 -0.18623425768972510     
 -0.13701431598671276     
  -8.6007735478233732E-002
  -3.3207374767657644E-002
   2.1395395910279159E-002
   7.7810763861675430E-002
  0.13605058638605388     
  0.19612854323428583     
  0.25806032492798991     
  0.32186385135546225     
  0.38755951309250641     
  0.45517042553333809     
  0.52472268340389883     
  0.59624560095508017     
  0.66977192161711696     
  0.74533798073044011     
  0.82298380668150661     
 -0.80659476783119810     
 -0.80577972482891580     
 -0.80248517916122886     
 -0.79637937020124960     
 -0.78749787390907611     
 -0.77598572532990917     
 -0.76200103600670022     
 -0.74568559031385673     
 -0.72715853442892409     
 -0.70651748198113040     
 -0.68384162085908617     
 -0.65919499642844903     
 -0.63262941292122576     
 -0.60418683912952587     
 -0.57390135178937318     
 -0.54180068941261184     
 -0.50790749081560604     
 -0.47224028234788401     
 -0.43481426541828994     
 -0.39564194458650825     
 -0.35473362706860634     
 -0.31209781696882599     
 -0.26774152160592868     
 -0.22167048262441189     
 -0.17388934088478325     
 -0.12440174119297313     
  -7.3210380603299485E-002
  -2.0317002221804988E-002
   3.4277664882878520E-002
   9.0574019857361729E-002
  0.14857375872879827     
  0.20828009742382281     
  0.26969804757181659     
  0.33283474101785160     
  0.39769979528966432     
  0.46430570745449679     
  0.53266825818958308     
  0.60280690220188715     
  0.67474511657615699     
  0.74851067682091088     
 -0.81617669900595524     
 -0.81606286108455961     
 -0.81389312293872762     
 -0.80904346009347394     
 -0.80145645777551289     
 -0.79124368031161363     
 -0.77855067454510962     
 -0.76351521018224444     
 -0.74625638564354135     
 -0.72687381623518055     
 -0.70544986090591555     
 -0.68205247305592187     
 -0.65673787967801667     
 -0.62955287072630850     
 -0.60053668301655017     
 -0.56972252694847536     
 -0.53713881752873716     
 -0.50281016678952739     
 -0.46675818536212582     
 -0.42900213129743625     
 -0.38955943572180196     
 -0.34844612787374424     
 -0.30567717635739461     
 -0.26126675882233080     
 -0.21522846848410684     
 -0.16757546271820725     
 -0.11832055622459600     
  -6.7476258856082993E-002
  -1.5054756076070163E-002
   3.8932171825539083E-002
   9.4473297073424056E-002
  0.15155816445872217     
  0.21017739014225847     
  0.27032304369173055     
  0.33198911421571053     
  0.39517205512765452     
  0.45987139256814130     
  0.52609036993471125     
  0.59383658654637661     
  0.66312257518627593     
 -0.82577641860840889     
 -0.82646132937449479     
 -0.82552198301760449     
 -0.82203064248417557     
 -0.81584128784586551     
 -0.80703546748384769     
 -0.79574822111730203     
 -0.78211453432557831     
 -0.76625422535506671     
 -0.74826940826639021     
 -0.72824594107097385     
 -0.70625589933109223     
 -0.68236006425710749     
 -0.65661011406767533     
 -0.62905045959046446     
 -0.59971975105143815     
 -0.56865210655863541     
 -0.53587811357992754     
 -0.50142564809609425     
 -0.46532054793613165     
 -0.42758716915113232     
 -0.38824884774141938     
 -0.34732828363272716     
 -0.30484785931819625     
 -0.26082990181199628     
 -0.21529689327102650     
 -0.16827163262930753     
 -0.11977734767845659     
  -6.9837754071854830E-002
  -1.8477054628770140E-002
   3.4280130961530528E-002
   8.8408919293348903E-002
  0.14388441565298121     
  0.20068208437227505     
  0.25877825615231675     
  0.31815078801197372     
  0.37877988201571444     
  0.44064905048498354     
  0.50374618578348274     
  0.56806465264591033     
 -0.83534521120443384     
 -0.83694637833222618     
 -0.83735007481085266     
 -0.83532102588121215     
 -0.83063228482116491     
 -0.82333988395771640     
 -0.81357075028034842     
 -0.80145841193451528     
 -0.78712417592430306     
 -0.77067310958329183     
 -0.75219483122706265     
 -0.73176566989029024     
 -0.70945099691469649     
 -0.68530733869187421     
 -0.65938417501593782     
 -0.63172543222859190     
 -0.60237071268023268     
 -0.57135630719585206     
 -0.53871603292210091     
 -0.50448193205049530     
 -0.46868486004045884     
 -0.43135498593668903     
 -0.39252222232777390     
 -0.35221659830707081     
 -0.31046858526671167     
 -0.26730938225306217     
 -0.22277116470336758     
 -0.17688729742608691     
 -0.12969250941913091     
  -8.1223024247677716E-002
  -3.1516634899945738E-002
   1.9387294033948833E-002
   7.1447921639622422E-002
  0.12462315742407401     
  0.17887006386745150     
  0.23414548883186936     
  0.29040698704494133     
  0.34761408289444307     
  0.40572989490912753     
  0.46472306783930567     
 -0.84482720297248359     
 -0.84748848494281781     
 -0.84935516520164811     
 -0.84889357433638135     
 -0.84580755841826949     
 -0.84013323598951506     
 -0.83199214028759338     
 -0.82151775377373615     
 -0.80883363739308145     
 -0.79404822307765444     
 -0.77725508643069408     
 -0.75853486334416997     
 -0.73795746255799788     
 -0.71558412006091709     
 -0.69146917101893102     
 -0.66566153461481437     
 -0.63820594647824713     
 -0.60914398199996933     
 -0.57851491133851196     
 -0.54635642109565818     
 -0.51270523143598401     
 -0.47759763189085569     
 -0.44106995446763297     
 -0.40315899892602769     
 -0.36390242202285644     
 -0.32333909996572580     
 -0.28150947103994128     
 -0.23845586313794320     
 -0.19422280842709622     
 -0.14885734423608768     
 -0.10240929484522447     
  -5.4931522383204645E-002
  -6.4801252192489009E-003
   4.2885452669966302E-002
   9.3102460214333466E-002
  0.14410511688136554     
  0.19582526482280779     
  0.24819358436881359     
  0.30114160932663608     
  0.35460477386169115     
 -0.85415775662341242     
 -0.85805808867357125     
 -0.86151482547013991     
 -0.86272628443275168     
 -0.86134353229622207     
 -0.85738945929462484     
 -0.85098321176790004     
 -0.84225970491755486     
 -0.83134550827247533     
 -0.81835278629297692     
 -0.80337920855495848     
 -0.78650970028344158     
 -0.76781857583800150     
 -0.74737155577522774     
 -0.72522752295886006     
 -0.70144000358324610     
 -0.67605840318858490     
 -0.64912903877955064     
 -0.62069600695641658     
 -0.59080192288553046     
 -0.55948855924125385     
 -0.52679740912818640     
 -0.49277019277873829     
 -0.45744932452637138     
 -0.42087835407520474     
 -0.38310239429025195     
 -0.34416854648732448     
 -0.30412633337480888     
 -0.26302814923675122     
 -0.22092973642747515     
 -0.17789069640028010     
 -0.13397504163117890     
  -8.9251790616335799E-002
  -4.3795599106002940E-002
   2.3125979307472358E-003
   4.8984996598931276E-002
   9.6126523093022914E-002
  0.14363489895295845     
  0.19140171515456053     
  0.23931554349332462     
 -0.86326133475509481     
 -0.86862669847214236     
 -0.87380682893147787     
 -0.87679636648832260     
 -0.87721507462434456     
 -0.87508025011310109     
 -0.87051188173409444     
 -0.86364783654733956     
 -0.85461842823786816     
 -0.84353987840114319     
 -0.83051403210501085     
 -0.81563002421786845     
 -0.79896637569637041     
 -0.78059299491621381     
 -0.76057292846147007     
 -0.73896384223232214     
 -0.71581926065953116     
 -0.69118960415163977     
 -0.66512306437705260     
 -0.63766635229808066     
 -0.60886534845854323     
 -0.57876568015110297     
 -0.54741324614863796     
 -0.51485470673198441     
 -0.48113795473293636     
 -0.44631258217571562     
 -0.41043035681633849     
 -0.37354572348075321     
 -0.33571634670236411     
 -0.29700371397599573     
 -0.25747382333753344     
 -0.21719798549144753     
 -0.17625378011645876     
 -0.13472621927862607     
  -9.2709189081090160E-002
  -5.0307263983433124E-002
  -7.6380135091505680E-003
   3.5165065063840407E-002
   7.7948893684043272E-002
  0.12053655341516670     
 -0.87204863404115363     
 -0.87916854406593781     
 -0.88620956596509348     
 -0.89108041710006314     
 -0.89339562887065227     
 -0.89317520367787906     
 -0.89054332984027795     
 -0.88564235326447105     
 -0.87860703827651476     
 -0.86955794514170848     
 -0.85860112676699896     
 -0.84582979580321160     
 -0.83132642690683822     
 -0.81516476444457142     
 -0.79741157853663769     
 -0.77812814994593305     
 -0.75737151166146455     
 -0.73519548749791519     
 -0.71165156754511438     
 -0.68678965562181793     
 -0.66065871847740831     
 -0.63330736162767698     
 -0.60478435281016352     
 -0.57513911116799088     
 -0.54442217838346141     
 -0.51268568704903361     
 -0.47998384160113455     
 -0.44637342825924081     
 -0.41191437285262311     
 -0.37667036963568307     
 -0.34070961099318742     
 -0.30410565872512074     
 -0.26693851487887116     
 -0.22929597843864255     
 -0.19127542223050642     
 -0.15298620903396221     
 -0.11455312110406903     
  -7.6121473436088091E-002
  -3.7865166807024030E-002
  -1.3113417000558692E-007
