  -2.0808652863951612E-002
  -2.1829622194457266E-002
  -2.4766030478320263E-002
  -3.0293602465835762E-002
  -3.9096734192978280E-002
  -5.1838471191850963E-002
  -6.9167823705268833E-002
  -9.1725603810814363E-002
 -0.12014774677954143     
 -0.15506716798638340     
 -0.19711483431939467     
 -0.24692040783384681     
 -0.30511264785943992     
 -0.37231967114092723     
 -0.44916912526397418     
 -0.53628830721525522     
 -0.63430424612140879     
 -0.74384376195055713     
 -0.86553350769871851     
  -1.0000000000000000     
  -2.0790728262780941E-002
  -2.1758066008383013E-002
  -2.4569392328538619E-002
  -2.9888095913821591E-002
  -3.8380741569711087E-002
  -5.0691497739329565E-002
  -6.7450233378699403E-002
  -8.9278540299947695E-002
 -0.11679310753654705     
 -0.15060759543811822     
 -0.19133371319742509     
 -0.23958186492424383     
 -0.29596155289484283     
 -0.36108163839555724     
 -0.43555051570190190     
 -0.51997623113327984     
 -0.61496656624767831     
 -0.72112909695686578     
 -0.83907123607662926     
 -0.96940026424503900     
  -2.0727251284131144E-002
  -2.1537468433113098E-002
  -2.3981919585429917E-002
  -2.8687569107966885E-002
  -3.6268522260376711E-002
  -4.7313450087286504E-002
  -6.2395961372964673E-002
  -8.2081161588812054E-002
 -0.10692917985269129     
 -0.13749709202170224     
 -0.17434001540314417     
 -0.21801176148562809     
 -0.26906524227893858     
 -0.32805273307331834     
 -0.39552604797309965     
 -0.47203666038893993     
 -0.55813578759450999     
 -0.65437445110591441     
 -0.76130352036534699     
 -0.87947374463670303     
  -2.0627537443629256E-002
  -2.1187024419110401E-002
  -2.3045568624123144E-002
  -2.6771732043015934E-002
  -3.2895707142151467E-002
  -4.1917435023057469E-002
  -5.4320591465111555E-002
  -7.0579995499668355E-002
  -9.1165376535948320E-002
 -0.11654337363870364     
 -0.14717865630323390     
 -0.18353458684188775     
 -0.22607363096946134     
 -0.27525762316008118     
 -0.33154794438951340     
 -0.39540564480190060     
 -0.46729153043921673     
 -0.54766622572430090     
 -0.63699021909747677     
 -0.73572389664974880     
  -2.0506525415542733E-002
  -2.0737471196738553E-002
  -2.1827469367754683E-002
  -2.4268074775337063E-002
  -2.8479188884417774E-002
  -3.4844204722231154E-002
  -4.3728699574373892E-002
  -5.5488945154083674E-002
  -7.0475983436095471E-002
  -8.9037722014212228E-002
 -0.11152008636863973     
 -0.13826769291621838     
 -0.16962426368164951     
 -0.20593289401436546     
 -0.24753623255899507     
 -0.29477660642771042     
 -0.34799611069546449     
 -0.40753667375894370     
 -0.47374010579313003     
 -0.54694813501060957     
  -2.0383817390361832E-002
  -2.0229173718469034E-002
  -2.0415799964839582E-002
  -2.1344068581978702E-002
  -2.3303875414689788E-002
  -2.6541355335107899E-002
  -3.1283051249611352E-002
  -3.7745698178901811E-002
  -4.6140651706523324E-002
  -5.6676089965264555E-002
  -6.9558198405055657E-002
  -8.4991851908659710E-002
 -0.10318103158174627     
 -0.12432909324455037     
 -0.14863894864717569     
 -0.17631319277475552     
 -0.20755419626414132     
 -0.24256417420399781     
 -0.28154523825884714     
 -0.32469943656548367     
  -2.0282417499203800E-002
  -1.9709609252719702E-002
  -1.8914367642471716E-002
  -1.8196922195920107E-002
  -1.7705292054691589E-002
  -1.7536008420645420E-002
  -1.7764150645677122E-002
  -1.8454483649577212E-002
  -1.9666254511650931E-002
  -2.1455501070876661E-002
  -2.3876265259402729E-002
  -2.6981279697615476E-002
  -3.0822382426106038E-002
  -3.5450782790963684E-002
  -4.0917241452202539E-002
  -4.7272198305589021E-002
  -5.4565867165024567E-002
  -6.2848308078958914E-002
  -7.2169483767610315E-002
  -8.2579304202980597E-002
  -2.0227244671881126E-002
  -1.9230404457648155E-002
  -1.7436226185846119E-002
  -1.5041518256599249E-002
  -1.2049095087245052E-002
  -8.4026455091241077E-003
  -4.0226160525095528E-003
   1.1813187153820628E-003
   7.3051058725546892E-003
   1.4447909701706068E-002
   2.2710878583076431E-002
   3.2196461488229654E-002
   4.3008001884478189E-002
   5.5249480027649719E-002
   6.9025338625871527E-002
   8.4440357575854399E-002
  0.10159955908265142     
  0.12060813275737284     
  0.14157137480835924     
  0.16459463793440196     
  -2.0243509816337522E-002
  -1.8844105547362943E-002
  -1.6096719111527717E-002
  -1.2097265862326097E-002
  -6.7087476822662705E-003
   2.7193824684458649E-004
   9.0727047625298787E-003
   1.9932591921151710E-002
   3.3096306577818570E-002
   4.8811742700444583E-002
   6.7328741282782656E-002
   8.8898419879528651E-002
  0.11377278389333187     
  0.14220448497331648     
  0.17444665935497441     
  0.21075281107137250     
  0.25137672125904387     
  0.29657237348770765     
  0.34659388985010475     
  0.40169547521683197     
  -2.0355055201293267E-002
  -1.8600878477685961E-002
  -1.5006372433893240E-002
  -9.5746707684068750E-003
  -2.0427205404649320E-003
   7.9244203711102395E-003
   2.0687706788267497E-002
   3.6619424917136718E-002
   5.6097491734877145E-002
   7.9502928448704949E-002
  0.10721862850477645     
  0.13962871107735197     
  0.17711815966751007     
  0.22007260648450919     
  0.26887819323611034     
  0.32392147199109461     
  0.38558932661211448     
  0.45426890445042817     
  0.53034755329639449     
  0.61421276170806527     
  -2.0582755884590929E-002
  -1.8545340463761661E-002
  -1.4264069856192378E-002
  -7.6624413348377624E-003
   1.6273925205086285E-003
   1.4049292800119894E-002
   3.0073850512772882E-002
   5.0183001417740319E-002
   7.4864176735150501E-002
  0.10460776310663773     
  0.13990589355572830     
  0.18125183438677631     
  0.22913966005954325     
  0.28406407382538668     
  0.34652030285510893     
  0.41700402969212030     
  0.49601133872252356     
  0.58403866582383213     
  0.68158274525117457     
  0.78914055178811493     
  -2.0943078809382232E-002
  -1.8713716382748075E-002
  -1.3950925722700049E-002
  -6.5159148028636153E-003
   4.0365111919365903E-003
   1.8229665138517263E-002
   3.6613732659989601E-002
   5.9750040503691482E-002
   8.8205166012866362E-002
  0.12254841890788463     
  0.16335066699457429     
  0.21118376118114709     
  0.26662025099233505     
  0.33023324863865128     
  0.40259636982877006     
  0.48428371137700277     
  0.57586984139637076     
  0.67792978667178272     
  0.79103900775071123     
  0.91577335715168429     
  -2.1446885004805676E-002
  -1.9131494262366839E-002
  -1.4125228235471530E-002
  -6.2475069644363839E-003
   4.9922637096643597E-003
   2.0162654668330081E-002
   3.9858627830206238E-002
   6.4685856376613546E-002
   9.5254910635703294E-002
  0.13217879678336816     
  0.17607182386935394     
  0.22754906354192531     
  0.28722610107084373     
  0.35571894085751204     
  0.43364399744770754     
  0.52161813244541355     
  0.62025871072732197     
  0.73018365538555241     
  0.85201148452465303     
  0.98636131703470320     
  -2.2098544736018966E-002
  -1.9811724403827283E-002
  -1.4818759897714072E-002
  -6.9197638281808483E-003
   4.3867585661733289E-003
   1.9677822482329705E-002
   3.9555720285332822E-002
   6.4632808696074268E-002
   9.5525894209812307E-002
  0.13285386342197150     
  0.17723659285112356     
  0.22929443031690891     
  0.28964796238067153     
  0.35891794206758432     
  0.43772531644142365     
  0.52669132078105807     
  0.62643761586841828     
  0.73758644586071020     
  0.86076079097448155     
  0.99658448559736790     
  -2.2895415307490848E-002
  -2.0754068710080089E-002
  -1.6034717888175135E-002
  -8.5414341619952441E-003
   2.2032230855278437E-003
   1.6747543456018837E-002
   3.5663381627055263E-002
   5.9531818726748377E-002
   8.8937872679059393E-002
  0.12446825712668587     
  0.16671033468917826     
  0.21625160076071126     
  0.27367943453838572     
  0.33958100667279728     
  0.41454329724085137     
  0.49915320622842674     
  0.59399774966060448     
  0.69966433368367953     
  0.81674108712750726     
  0.94581721032648625     
  -2.3827707620697129E-002
  -2.1944663049900913E-002
  -1.7747359179365159E-002
  -1.1066796642266671E-002
  -1.4828860812843847E-003
   1.1488693581340021E-002
   2.8353587032068923E-002
   4.9625673925502781E-002
   7.5822229873971289E-002
  0.10746185822002378     
  0.14506349549429851     
  0.18914588371020291     
  0.24022727005415390     
  0.29882523633099173     
  0.36545662388245026     
  0.44063755394388981     
  0.52488356625164467     
  0.61870991498131167     
  0.72263206651729517     
  0.83716642163863519     
  -2.4878741750665664E-002
  -2.3356809023498955E-002
  -1.9903389498538798E-002
  -1.4398276134889910E-002
  -6.5083572219969497E-003
   4.1555704057166199E-003
   1.8001353546516337E-002
   3.5443968352782844E-002
   5.6901256022822463E-002
   8.2792083608630107E-002
  0.11353542935367594     
  0.14954985329874801     
  0.19125313602460928     
  0.23906199125190908     
  0.29339181285719107     
  0.35465644975622040     
  0.42326803443858912     
  0.49963693967620720     
  0.58417202519069700     
  0.67728149038064711     
  -2.6025564993334672E-002
  -2.4952465708215514E-002
  -2.2425007796452148E-002
  -1.8392182571961676E-002
  -1.2631998589184705E-002
  -4.8755023935718421E-003
   5.1618784170988311E-003
   1.7770655722465167E-002
   3.3243710018873371E-002
   5.1874748022094512E-002
   7.3957519246570763E-002
   9.9785332951978598E-002
  0.12965068378271821     
  0.16384489019995957     
  0.20265768357097783     
  0.24637669230787038     
  0.29528675495059536     
  0.34966897051175266     
  0.40979937238562691     
  0.47594728984791107     
  -2.7239879205479066E-002
  -2.6684470530216688E-002
  -2.5214414612451112E-002
  -2.2867215257030355E-002
  -1.9549108098739804E-002
  -1.5128930267512801E-002
  -9.4631969894775122E-003
  -2.4037482356229472E-003
   6.1994816071964743E-003
   1.6497288409346476E-002
   2.8640610597448126E-002
   4.2780169299750183E-002
   5.9066185186896346E-002
   7.7648092610579339E-002
   9.8674193207032274E-002
  0.12229118889002180     
  0.14864350885280647     
  0.17787223521102033     
  0.21011274778509670     
  0.24548536670990284     
  -2.8489198715798403E-002
  -2.8499385251697280E-002
  -2.8159498651489864E-002
  -2.7615206928180525E-002
  -2.6909747819529522E-002
  -2.6058563095058693E-002
  -2.5068318182298807E-002
  -2.3942356393824072E-002
  -2.2682576118511363E-002
  -2.1290181959261800E-002
  -1.9766024922901713E-002
  -1.8110774777305293E-002
  -1.6325018569590968E-002
  -1.4409326056908742E-002
  -1.2364300521645531E-002
  -1.0190608747884307E-002
  -7.8888332087893379E-003
  -5.4577332763391558E-003
  -2.8793217515000382E-003
  -1.3113417000558692E-007
