 -0.96755643585971218     
 -0.93337964906681015     
 -0.88103687499607186     
 -0.82438319809857941     
 -0.76908268657053536     
 -0.71806040113717384     
 -0.67309227339601552     
 -0.63539776473347231     
 -0.60590015391942320     
 -0.58535491453415323     
 -0.57441864715750601     
 -0.57368851453946512     
 -0.58372589979121581     
 -0.60507110824551202     
 -0.63825273615513445     
 -0.68379373910457419     
 -0.74221539404475623     
 -0.81403988359640955     
 -0.89979196195904965     
  -1.0000000000000000     
 -0.96860779401025954     
 -0.93445036702934414     
 -0.88206097512697845     
 -0.82524907968386496     
 -0.76965535818999509     
 -0.71818850028175507     
 -0.67261008580888348     
 -0.63412548827072868     
 -0.60364352334508420     
 -0.58190461053863385     
 -0.56954966230312798     
 -0.56715954895906573     
 -0.57527881623305610     
 -0.59443045612532341     
 -0.62512534474177373     
 -0.66786837541707844     
 -0.72316247902601272     
 -0.79151125946043321     
 -0.87342070366501245     
 -0.96940026424503900     
 -0.97175069322718310     
 -0.93765761475483211     
 -0.88514013306816308     
 -0.82787050080619040     
 -0.77141990489636592     
 -0.71864887463214266     
 -0.67127700991322437     
 -0.63046857178088545     
 -0.59709018943135517     
 -0.57183835706759367     
 -0.55530818006365479     
 -0.54803291844231750     
 -0.55050787445351712     
 -0.56320536484040840     
 -0.58658436243847500     
 -0.62109682138228917     
 -0.66719187139145564     
 -0.72531860676445992     
 -0.79592792935530865     
 -0.87947374463670303     
 -0.97698119973257314     
 -0.94301478769394609     
 -0.89032064698177682     
 -0.83234167797442815     
 -0.77453562161945366     
 -0.71968589820455442     
 -0.66944566328630306     
 -0.62491441602972553     
 -0.58689240084334970     
 -0.55600694307058296     
 -0.53278091319611598     
 -0.51767236612966450     
 -0.51109868533487102     
 -0.51345187148090321     
 -0.52510851090346178     
 -0.54643641351492367     
 -0.57779909370103788     
 -0.61955881479540065     
 -0.67207865524994825     
 -0.73572389664974880     
 -0.98429158306070552     
 -0.95054247080907917     
 -0.89767648596157368     
 -0.83881403081114381     
 -0.77925882483413378     
 -0.72169271585108474     
 -0.66768295268416389     
 -0.61824597265594106     
 -0.57409704083187596     
 -0.53577485386910051     
 -0.50370951958884713     
 -0.47826225627952285     
 -0.45974983792584628     
 -0.44846028302261598     
 -0.44466325148152430     
 -0.44861710256572729     
 -0.46057376829009061     
 -0.48078215352644987     
 -0.50949051727390215     
 -0.54694813501060957     
 -0.99366859098505433     
 -0.96026591151581853     
 -0.90730467175722851     
 -0.84748809641479594     
 -0.78592965360789291     
 -0.72519093010832703     
 -0.66674025549286364     
 -0.61149962918877432     
 -0.56008802980248695     
 -0.51294362286336104     
 -0.47039096807750974     
 -0.43268066836906416     
 -0.40001409898830909     
 -0.37255953208185200     
 -0.35046302861591039     
 -0.33385600047539682     
 -0.32286056903895322     
 -0.31759341571870686     
 -0.31816857071711019     
 -0.32469943656548367     
  -1.0050911039878994     
 -0.97221164595091791     
 -0.91931914936735959     
 -0.85860283951738547     
 -0.79495467900438921     
 -0.73080390961597563     
 -0.66751431260631067     
 -0.60591003943260002     
 -0.54651091682749675     
 -0.48965149373460093     
 -0.43554708851551416     
 -0.38433318314474052     
 -0.33609033562180485     
 -0.29086070676284320     
 -0.24865946014719148     
 -0.20948287427835127     
 -0.17331425467690315     
 -0.14012831710351054     
 -0.10989447292334679     
  -8.2579304202980597E-002
  -1.0185272319141936     
 -0.98640343307850875     
 -0.93384345777214006     
 -0.87242293729343812     
 -0.80678631975024384     
 -0.73922532333220226     
 -0.67100126204580246     
 -0.60284539912749335     
 -0.53518449836080617     
 -0.46825585650639429     
 -0.40217169888582133     
 -0.33695800521335606     
 -0.27257939986959734     
 -0.20895595346684057     
 -0.14597502538212781     
  -8.3499911174033076E-002
  -2.1376333860592560E-002
   4.0562583884249055E-002
  0.10249246030386494     
  0.16459463793440196     
  -1.0339309236361967     
  -1.0028576826717515     
 -0.95100256751757162     
 -0.88922471372845602     
 -0.82190022466529744     
 -0.75118476825108238     
 -0.67824664963218884     
 -0.60373726714502485     
 -0.52800515115222568     
 -0.45120607578509575     
 -0.37336522195340305     
 -0.29441500924686131     
 -0.21421963690766166     
 -0.13259191240760607     
  -4.9305361226633170E-002
   3.5896698151853070E-002
  0.12329412998323372     
  0.21318441339402211     
  0.30587815985579486     
  0.40169547521683197     
  -1.0512381617211799     
  -1.0215785872559295     
 -0.97091428570523330     
 -0.90928144896782692     
 -0.84077186347104615     
 -0.76741249073339624     
 -0.69029446532595817     
 -0.61000936092287472     
 -0.52685005274668217     
 -0.44091501782331050     
 -0.35216763665751649     
 -0.26047251184067011     
 -0.16561920761911267     
  -6.7338715712097361E-002
   3.4684488357518847E-002
  0.14080318641609846     
  0.25140002299232506     
  0.36688142482665365     
  0.48767250631488324     
  0.61421276170806527     
  -1.0703628068471591     
  -1.0425531851896852     
 -0.99368064001724699     
 -0.93284879072762661     
 -0.86385356023643556     
 -0.78860518982029981     
 -0.70813824973261985     
 -0.62300977912722422     
 -0.53348554381976332     
 -0.43963775198161237     
 -0.34140089534629564     
 -0.23860599422928538     
 -0.13100298412936048     
  -1.8276283631976035E-002
   9.9943699075871209E-002
  0.22407155477358659     
  0.35455945092302266     
  0.49189077712455925     
  0.63657456792482003     
  0.78914055178811493     
  -1.0911921395683644     
  -1.0657465940068453     
  -1.0193796423259631     
 -0.96015094790738187     
 -0.89155310699278234     
 -0.81539473077995017     
 -0.73267708438805945     
 -0.64395080602480115     
 -0.54948653494610211     
 -0.44936551952501991     
 -0.34353154620041521     
 -0.23182261116113406     
 -0.11399137876538509     
   1.0280789208196826E-002
  0.14137355191346795     
  0.27971949027500331     
  0.42579726139966800     
  0.58012546620650818     
  0.74325694167816458     
  0.91577335715168429     
  -1.1135821182207877     
  -1.0910976633253411     
  -1.0480578015114745     
 -0.99136825498400227     
 -0.92421491478694506     
 -0.84832129444809190     
 -0.76467882421559030     
 -0.67385982629366847     
 -0.57617206364075013     
 -0.47174211155317003     
 -0.36056322007962227     
 -0.24252413037589665     
 -0.11742715623025214     
   1.4999950367216368E-002
  0.15509572713696784     
  0.30325871431219598     
  0.45994212905336762     
  0.62564885168452766     
  0.80092634210604607     
  0.98636131703470320     
  -1.1373523289029444     
  -1.1185153103739403     
  -1.0797237080223863     
  -1.0266265672056538     
 -0.96210440866165492     
 -0.88781205975290545     
 -0.80475226803059918     
 -0.71354393690640494     
 -0.61456086528427567     
 -0.50800826754843242     
 -0.39396686420161481     
 -0.27241897629709971     
 -0.14326414360078765     
  -6.3284642801359637E-003
  0.13862982112019845     
  0.29191685594759914     
  0.45390064023627230     
  0.62500858050135955     
  0.80572447122430135     
  0.99658448559736790     
  -1.1622805431197010     
  -1.1478758263056184     
  -1.1143429538499985     
  -1.0659887918776494     
  -1.0053960720938571     
 -0.93416599285303537     
 -0.85332912774618008     
 -0.76356961399382128     
 -0.66534914574614878     
 -0.55897758175165846     
 -0.44465409712300952     
 -0.32249128196639243     
 -0.19252885738348108     
  -5.4740778736624258E-002
   9.0961989151263092E-002
  0.24473148405015091     
  0.40678434164890326     
  0.57740388449691227     
  0.75694163366253586     
  0.94581721032648625     
  -1.1880967156308031     
  -1.1790214891524924     
  -1.1518345848420701     
  -1.1094486933617533     
  -1.0541652225936684     
 -0.98754474005361559     
 -0.91065570552124042     
 -0.82425733380787736     
 -0.72891066608670996     
 -0.62504466324839092     
 -0.51299572481773814     
 -0.39303114263734812     
 -0.26536232220380362     
 -0.13015102192741362     
   1.2489544019699343E-002
  0.16249761945021066     
  0.31986900353173475     
  0.48466544875855472     
  0.65702413489786504     
  0.83716642163863519     
  -1.2144761413359444     
  -1.2117609055768004     
  -1.1920692091254144     
  -1.1569269431476454     
  -1.1083832865767942     
  -1.0479690507622716     
 -0.97679320441393669     
 -0.89568945624071861     
 -0.80531684658034131     
 -0.70622292548170817     
 -0.59888311839187214     
 -0.48372522949782204     
 -0.36114426148149431     
 -0.23151036885571913     
  -9.5171307930707175E-002
   4.7550184099802509E-002
  0.19636424441759234     
  0.35102742049686914     
  0.51136215479848657     
  0.67728149038064711     
  -1.2410313334695435     
  -1.2458716518347488     
  -1.2348688017203333     
  -1.2082692353816209     
  -1.1679160747970154     
  -1.1153196612220400     
  -1.0516246977540882     
 -0.97772811761300016     
 -0.89437203794687892     
 -0.80220545715805769     
 -0.70182460494865662     
 -0.59379984878172398     
 -0.47869406329705144     
 -0.35707525140571894     
 -0.22952476342799868     
  -9.6641323985004926E-002
   4.0960067118407238E-002
  0.18265671451802723     
  0.32783857887606127     
  0.47594728984791107     
  -1.2673019674001387     
  -1.2811060293304504     
  -1.2800081363971416     
  -1.2632461644231987     
  -1.2325243755629445     
  -1.1893412258803844     
  -1.1348661103551478     
  -1.0700385890385717     
 -0.99565673001645216     
 -0.91243828283789963     
 -0.82106229332795555     
 -0.72219855617005480     
 -0.61652991787168065     
 -0.50477068848105011     
 -0.38768334654101616     
 -0.26609505419042567     
 -0.14091494275545341     
  -1.3152290969796645E-002
  0.11606611027403070     
  0.24548536670990284     
  -1.2927419267275937     
  -1.3172011446815592     
  -1.3272176074416489     
  -1.3215544737737681     
  -1.3018661116754771     
  -1.2696477610865815     
  -1.2260782775345704     
  -1.1721128567796117     
  -1.1085698449680557     
  -1.0361918151766929     
 -0.95568774838867132     
 -0.86776358850774904     
 -0.77314631761475039     
 -0.67260517956486232     
 -0.56697298820933373     
 -0.45717053927086754     
 -0.34423814126702845     
 -0.22938070102898625     
 -0.11403780048196423     
  -1.3113417000558692E-007
