 -0.17446492818895221     
 -0.16965396042196940     
 -0.16348991491114606     
 -0.15883414073861665     
 -0.15718171385557173     
 -0.15955489758418756     
 -0.16677666606694316     
 -0.17957422609388468     
 -0.19862442410969419     
 -0.22457592791837105     
 -0.25806098076089878     
 -0.29970203166280751     
 -0.35011566079318851     
 -0.40991499060088027     
 -0.47971120768322534     
 -0.56011454103760105     
 -0.65173489706157794     
 -0.75518227184169529     
 -0.87106701596175828     
  -1.0000000000000000     
 -0.17461148893735218     
 -0.16975707076991992     
 -0.16347881512213983     
 -0.15862111731210154     
 -0.15666042018491752     
 -0.15860041879389075     
 -0.16524558287856522     
 -0.17730460080554503     
 -0.19543574207299289     
 -0.22026901987695277     
 -0.25241793987382516     
 -0.29248613291817049     
 -0.34107128656695090     
 -0.39876756439146421     
 -0.46616713656986231     
 -0.54386116692922026     
 -0.63244045616785571     
 -0.73249586173004777     
 -0.84461856931230450     
 -0.96940026424503900     
 -0.17505381831839129     
 -0.17007275913274938     
 -0.16346008978864238     
 -0.15800994685271622     
 -0.15514390908080658     
 -0.15581109171172908     
 -0.16076160670967565     
 -0.17064975789043207     
 -0.18607926496752022     
 -0.20762536507355098     
 -0.23584654352484580     
 -0.27129117136834779     
 -0.31450145402620194     
 -0.36601587362801768     
 -0.42637074514415640     
 -0.49610122903355780     
 -0.57574199899909018     
 -0.66582768437504081     
 -0.76689316186614098     
 -0.87947374463670303     
 -0.17579963161195475     
 -0.17061967261966168     
 -0.16347656806931982     
 -0.15708265898940169     
 -0.15277146960502799     
 -0.15140482810431163     
 -0.15364602745699757     
 -0.16006255900699229     
 -0.17117108810655535     
 -0.18745944395461675     
 -0.20939831214077120     
 -0.23744787380249080     
 -0.27206177720297592     
 -0.31368961440875265     
 -0.36277851679060319     
 -0.41977420848524560     
 -0.48512171379861896     
 -0.55926583676108599     
 -0.64265148657340743     
 -0.73572389664974880     
 -0.17686104632767627     
 -0.17142749813727307     
 -0.16359670893856243     
 -0.15597050375751459     
 -0.14976601917130244     
 -0.14573036302812015     
 -0.14441296113186186     
 -0.14626755076905987     
 -0.15169677514785873     
 -0.16107399661884977     
 -0.17475491996418530     
 -0.19308421987361271     
 -0.21639953327628428     
 -0.24503397473531832     
 -0.27931778035122240     
 -0.31957941357141806     
 -0.36614632541968284     
 -0.41934548474964589     
 -0.47950375083692792     
 -0.54694813501060957     
 -0.17825351172749593     
 -0.17253496078700964     
 -0.16391039955096701     
 -0.15484609785572065     
 -0.14642084441012493     
 -0.13924650409264530     
 -0.13373867508398743     
 -0.13021758363980343     
 -0.12895213682485998     
 -0.13018147827492763     
 -0.13412649680185626     
 -0.14099641623103473     
 -0.15099279425524223     
 -0.16431207117556057     
 -0.18114726303435449     
 -0.20168912565317593     
 -0.22612697684752778     
 -0.25464928892938482     
 -0.28744412107139183     
 -0.32469943656548367     
 -0.17999439087047761     
 -0.17398718753249270     
 -0.16452342758997382     
 -0.15391309747813975     
 -0.14308217589747602     
 -0.13249487279201561     
 -0.12242130757077681     
 -0.11303686007809710     
 -0.10446549560363166     
  -9.6800966431598925E-002
  -9.0118145988936152E-002
  -8.4479539567497944E-002
  -7.9939260807859347E-002
  -7.6545594377363579E-002
  -7.4342727601820258E-002
  -7.3371969098805723E-002
  -7.3672635610348203E-002
  -7.5282713990097755E-002
  -7.8239364060748579E-002
  -8.2579304202980597E-002
 -0.18210126905354271     
 -0.17583259085691000     
 -0.16555095574012024     
 -0.15339401629148747     
 -0.14012864821506349     
 -0.12606779564051016     
 -0.11133344556641761     
  -9.5953911590040811E-002
  -7.9906226452694615E-002
  -6.3136882793221813E-002
  -4.5572920508397251E-002
  -2.7128301998490905E-002
  -7.7078199154069051E-003
   1.2790362964790795E-002
   3.4472971074120409E-002
   5.7450360494405522E-002
   8.1835576217068579E-002
  0.10774362114294206     
  0.13529087670185552     
  0.16459463793440196     
 -0.18459007579996473     
 -0.17811945473745602     
 -0.16711038559656233     
 -0.15351691535658243     
 -0.13794888145297737     
 -0.12057329224601128     
 -0.10137045684854223     
  -8.0228619135508702E-002
  -5.6985209934963983E-002
  -3.1447020380797441E-002
  -3.4009654701018755E-003
   2.7379744383037183E-002
   6.1131827347601510E-002
   9.8099470530757571E-002
  0.13853262521969062     
  0.18268575304206255     
  0.23081685391857426     
  0.28318668069679365     
  0.34005808662444220     
  0.40169547521683197     
 -0.18747311363222863     
 -0.18089242379950468     
 -0.16931403295612837     
 -0.15450175620418355     
 -0.13691852662964013     
 -0.11659927558064301     
  -9.3397722015132634E-002
  -6.7077749941316739E-002
  -3.7353329611452504E-002
  -3.9080338779782951E-003
   3.3594591412436578E-002
   7.5505129493398271E-002
  0.12218472347616965     
  0.17400277415756607     
  0.23133534820680834     
  0.29456399308051651     
  0.36407479033263090     
  0.44025755469481997     
  0.52350513040460334     
  0.61421276170806527     
 -0.19075708776347855     
 -0.18418910269006333     
 -0.17226204698239247     
 -0.15654722280900013     
 -0.13737814094911904     
 -0.11467911372088646     
  -8.8199964021740032E-002
  -5.7603560070882742E-002
  -2.2504258880235401E-002
   1.7513286950035616E-002
   6.2884193652045575E-002
  0.11405777677416973     
  0.17149426168569368     
  0.23566272862445112     
  0.30703973408163832     
  0.38610829708311112     
  0.47335707302398600     
  0.56927961645521263     
  0.67437368298248124     
  0.78914055178811493     
 -0.19444122352089854     
 -0.18803696917086660     
 -0.17603598950320995     
 -0.15981878432804295     
 -0.13961319599262725     
 -0.11526060147061783     
  -8.6435720590986143E-002
  -5.2729799495381327E-002
  -1.3687499278228370E-002
   3.1174999805904244E-002
   8.2360488239358209E-002
  0.14038549880953213     
  0.20577734205158657     
  0.27907237894403414     
  0.36081496882686681     
  0.45155676449667953     
  0.55185615493442530     
  0.66227773420013791     
  0.78339172890613440     
  0.91577335715168429     
 -0.19851554519002793     
 -0.19245078974301652     
 -0.18069345123796252     
 -0.16443868851398155     
 -0.14383737901500349     
 -0.11868015893399607     
  -8.8599657927883477E-002
  -5.3148962413938988E-002
  -1.1836963959041749E-002
   3.5854157186592690E-002
   9.0459763995493936E-002
  0.15252781426119089     
  0.22261619775940747     
  0.30129136503922604     
  0.38912769052654517     
  0.48670722667476174     
  0.59461961720660594     
  0.71346200346577793     
  0.84383880685155555     
  0.98636131703470320     
 -0.20295936856414074     
 -0.19743070513409119     
 -0.18626401957825944     
 -0.17047845320270319     
 -0.15018013225254373     
 -0.12514372892762782     
  -9.4994901754273289E-002
  -5.9283877863487225E-002
  -1.7519376308153058E-002
   3.0814370842025780E-002
   8.6248626120594807E-002
  0.14932531634540727     
  0.22059453214493940     
  0.30061342089004284     
  0.38994595043565700     
  0.48916321234966020     
  0.59884401630784212     
  0.71957555816359886     
  0.85195395787554773     
  0.99658448559736790     
 -0.20774003229306565     
 -0.20296112536985536     
 -0.19274683373677018     
 -0.17795426634545078     
 -0.15867910394872425     
 -0.13471540771727000     
 -0.10571689868768366     
  -7.1265776527837318E-002
  -3.0905427694746190E-002
   1.5842806307219619E-002
   6.9470583552605214E-002
  0.13047758940865092     
  0.19936891126482173     
  0.27665390640005799     
  0.36284612148564921     
  0.45846401205072762     
  0.56403227564876657     
  0.68008359770409610     
  0.80716054000896820     
  0.94581721032648625     
 -0.21281185777475903     
 -0.20901054668587021     
 -0.20010987027175120     
 -0.18682552574580771     
 -0.16927787462060834     
 -0.14731434608927135     
 -0.12064956156042685     
  -8.8929861865388482E-002
  -5.1765083292525195E-002
  -8.7452820715296399E-003
   4.0549942600252187E-002
   9.6546039658453014E-002
  0.15967035928274986     
  0.23035048513025994     
  0.30901370767948438     
  0.39608754172153177     
  0.49200131343101317     
  0.59718886189814924     
  0.71209229101994997     
  0.83716642163863519     
 -0.21811528564609922     
 -0.21553237840528250     
 -0.20829100194890832     
 -0.19699655758110482     
 -0.18182899601361904     
 -0.16271993495023507     
 -0.13947365412052085     
 -0.11182823622681755     
  -7.9486743246251684E-002
  -4.2134038098138704E-002
   5.5349977856720988E-004
   4.8901945812775099E-002
  0.10323582795514527     
  0.16387535095549113     
  0.23113452303183518     
  0.30532018368049457     
  0.38673221458781082     
  0.47566550769004889     
  0.57241454045637563     
  0.67728149038064711     
 -0.22357608563360004     
 -0.22246685607148844     
 -0.21720076777424779     
 -0.20832136136381901     
 -0.19610205922770751     
 -0.18058478199335196     
 -0.16168659675350761     
 -0.13925888567670724     
 -0.11311829491979274     
  -8.3063681029659095E-002
  -4.8886124359939262E-002
  -1.0375463198780577E-002
   3.2674890446075321E-002
   8.0463901097388824E-002
  0.13317908885073912     
  0.19099266285532324     
  0.25405760900027508     
  0.32250421605506074     
  0.39643860000372988     
  0.47594728984791107     
 -0.22910447531172859     
 -0.22974412490014512     
 -0.22672668547685601     
 -0.22061104786572197     
 -0.21179621562298798     
 -0.20045453021555892     
 -0.18663219292805167     
 -0.17030842301215685     
 -0.15142661355926831     
 -0.12991133848643138     
 -0.10567835727053457     
  -7.8641165812959601E-002
  -4.8715960936818688E-002
  -1.5826132162920191E-002
   2.0092890224596305E-002
   5.9087585624141792E-002
  0.10117791413702411     
  0.14634445134157764     
  0.19450695614426713     
  0.24548536670990284     
 -0.23459390599996577     
 -0.23728861952284214     
 -0.23673882599319870     
 -0.23364347729391652     
 -0.22855632647272234     
 -0.22179319813079648     
 -0.21353824289031642     
 -0.20390553944337747     
 -0.19297099849012950     
 -0.18078938280497786     
 -0.16740394924448337     
 -0.15285237466001908     
 -0.13717083621260001     
 -0.12039728927317132     
 -0.10257460349930296     
  -8.3754015759800446E-002
  -6.3999104139355445E-002
  -4.3389724509414293E-002
  -2.2022881182849334E-002
  -1.3113417000558692E-007
