  -2.1584658256004190E-002
  -2.6032550829253258E-002
  -4.2821073986038433E-002
  -7.8032785247082723E-002
 -0.13754082606272186     
 -0.22711917207939025     
 -0.35248631438368910     
 -0.51932358597540973     
 -0.73328446023064853     
  -1.0000000000000000     
  -2.1525322970142938E-002
  -2.5026441540813897E-002
  -3.9170381871987209E-002
  -6.9282860979740887E-002
 -0.12046328534313146     
 -0.19771523687221107     
 -0.30599083331342247     
 -0.45020854838915347     
 -0.63526206322116463     
 -0.86602539649920685     
  -2.1326526609730948E-002
  -2.2255491879027048E-002
  -2.9186195578355736E-002
  -4.5375359432316444E-002
  -7.3808927993058701E-002
 -0.11738649016117804     
 -0.17896720847654290     
 -0.26138611583951366     
 -0.36746166759213383     
 -0.49999997476321700     
  -2.1138759190492785E-002
  -1.8577412991225131E-002
  -1.5668395671833198E-002
  -1.2839748871548977E-002
  -1.0191703065917102E-002
  -7.7521812183806065E-003
  -5.5241365906175312E-003
  -3.4992933342091036E-003
  -1.6635817609591010E-003
   4.3711390001862412E-008
  -2.1166824944747031E-002
  -1.5164449666945268E-002
  -2.4447049132165920E-003
   1.9398597065142135E-002
   5.3148960016602062E-002
  0.10164559055455578     
  0.16773593263965461     
  0.25426539227750161     
  0.36407486727260979     
  0.50000005047356477     
  -2.1611180139759257E-002
  -1.3187592344983299E-002
   6.6528656592779265E-003
   4.2402895696825982E-002
   9.8955500125132295E-002
  0.18124242312936992     
  0.29418824671760796     
  0.44270371733606245     
  0.63168681916718683     
  0.86602544021059469     
  -2.2609113334100789E-002
  -1.3500253573379986E-002
   8.8125554601331535E-003
   4.9610074604914463E-002
  0.11455843441690687     
  0.20934794475552190     
  0.33964981694322965     
  0.51111108428645036     
  0.72935754925886154     
  0.99999999999999623     
  -2.4191447079750815E-002
  -1.6405734336509971E-002
   2.9950078871774644E-003
   3.8578911317210952E-002
   9.5247618959510574E-002
  0.17791878925302732     
  0.29148640888688343     
  0.44081328280351667     
  0.63072851678645137     
  0.86602535278781245     
  -2.6266280891955537E-002
  -2.1570318815606535E-002
  -9.7868035154728000E-003
   1.1635977745283042E-002
   4.5509124994091543E-002
   9.4661676998091832E-002
  0.16190876051170358     
  0.25004440022302277     
  0.36183666819248805     
  0.49999989905286546     
  -2.8634070900230572E-002
  -2.8104928415348771E-002
  -2.6732840618253241E-002
  -2.4748524646375242E-002
  -2.2192862348636405E-002
  -1.9080107187968962E-002
  -1.5417774875460323E-002
  -1.1207213297859262E-002
  -6.3863519574065379E-003
  -1.3113417000558692E-007
