 -0.94850883871455427     
 -0.91513367326851014     
 -0.86400372667356162     
 -0.80866641677269269     
 -0.75468401566998167     
 -0.70494426272308897     
 -0.66120970863096284     
 -0.62469602736837138     
 -0.59632680896874313     
 -0.57685942885795738     
 -0.56695300242327795     
 -0.56720724458738858     
 -0.57818598716312675     
 -0.60043172652910815     
 -0.63447502532396582     
 -0.68084053741547301     
 -0.74005102908404996     
 -0.81262995502869140     
 -0.89910317385821492     
  -1.0000000000000000     
 -0.94955527057877154     
 -0.91619970731898137     
 -0.86502344810250087     
 -0.80952828989459980     
 -0.75525300915582871     
 -0.70506903677831123     
 -0.66072450273768113     
 -0.62342105230366751     
 -0.59406775875061368     
 -0.57340699268692019     
 -0.56208213901095305     
 -0.56067665923180532     
 -0.56973751520661386     
 -0.58978991942074388     
 -0.62134669064055470     
 -0.66491444114222142     
 -0.72099757549439714     
 -0.79010098230990944     
 -0.87273174472552972     
 -0.96940026424503900     
 -0.95269341866671553     
 -0.91940240728822664     
 -0.86809841034206481     
 -0.81214584758586694     
 -0.75701405653147091     
 -0.70552622679277921     
 -0.65938857171484389     
 -0.61976156420385520     
 -0.58751214592547873     
 -0.56333871481514497     
 -0.54783889308046940     
 -0.54154849485448786     
 -0.54496527284545049     
 -0.55856373639426171     
 -0.58280482607143091     
 -0.61814219545898330     
 -0.66502646460485804     
 -0.72390800074171113     
 -0.79523881086538739     
 -0.87947374463670303     
 -0.95791930260999869     
 -0.92475521170999730     
 -0.87327487070664944     
 -0.81661334429320387     
 -0.76012641899369227     
 -0.70656023911124621     
 -0.65755450590122555     
 -0.61420499068657175     
 -0.57731219762204888     
 -0.54750540581260865     
 -0.52530996084645898     
 -0.51118651126468806     
 -0.50555485882556350     
 -0.50880922655772176     
 -0.52132814506411096     
 -0.54348114456395480     
 -0.57563321429423953     
 -0.61814790328686042     
 -0.67138938701172668     
 -0.73572389664974880     
 -0.96522523578855246     
 -0.93227866081682598     
 -0.88062683880206016     
 -0.82308216253903943     
 -0.76484644854477257     
 -0.70856418878776006     
 -0.65578924234124736     
 -0.60753425991511856     
 -0.56451482215484361     
 -0.52727153291219464     
 -0.49623702014968146     
 -0.47177505924198898     
 -0.45420487722215175     
 -0.44381668740284441     
 -0.44088211931009708     
 -0.44566123323864132     
 -0.45840745285852458     
 -0.47937095708657734     
 -0.50880111099050840     
 -0.54694813501060957     
 -0.97459791783208283     
 -0.94199804412481691     
 -0.89025129522631952     
 -0.83175287765724859     
 -0.77151425132321361     
 -0.71205971188229700     
 -0.65484413266984476     
 -0.60078578794462600     
 -0.55050392017051353     
 -0.50443865293049317     
 -0.46291702503594551     
 -0.42619223658088728     
 -0.39446808416536538     
 -0.36791506488716474     
 -0.34668118616318816     
 -0.33089958200830988     
 -0.32069385017178520     
 -0.31618195902291252     
 -0.31747903682491679     
 -0.32469943656548367     
 -0.98601627141951353     
 -0.95393985200935727     
 -0.90226222515483778     
 -0.84286441757868436     
 -0.78053643474260226     
 -0.71767014848724608     
 -0.65561594963266212     
 -0.59519420688848879     
 -0.53692506770694592     
 -0.48114499340274658     
 -0.42807182721216691     
 -0.37784361235264480     
 -0.33054336343008461     
 -0.28621543909066044     
 -0.24487697504798805     
 -0.20652595293752563     
 -0.17114717167177920     
 -0.13871662249028985     
 -0.10920482400318207     
  -8.2579304202980597E-002
 -0.99944835648384833     
 -0.96812788442744901     
 -0.91678312605063883     
 -0.85668149799987103     
 -0.79236538545675028     
 -0.72608920239484609     
 -0.65910080717422947     
 -0.59212774293437465     
 -0.52559704354000880     
 -0.45974796990441097     
 -0.39469523198745177     
 -0.33046741149552794     
 -0.26703155828711150     
 -0.20430997140455162     
 -0.14219195958959896     
  -8.0542542947306908E-002
  -1.9208922864355289E-002
   4.1974489390012248E-002
  0.10318221265875577     
  0.16459463793440196     
  -1.0148481621581609     
 -0.98457850420351789     
 -0.93393900821762499     
 -0.87348040638805524     
 -0.80747678951356916     
 -0.73804644344750825     
 -0.66634428476353935     
 -0.59301793537055625     
 -0.51841625368309641     
 -0.44269693329441473     
 -0.36588768637000718     
 -0.28792349931138367     
 -0.20867103272319473     
 -0.12794529593140447     
  -4.5521789913880208E-002
   3.8854460915226603E-002
  0.12546182511414403     
  0.21459650443908310     
  0.30656800157998404     
  0.40169547521683197     
  -1.0321516189690114     
  -1.0032959435575683     
 -0.95384763677449458     
 -0.89353446166567141     
 -0.82634608547672650     
 -0.75427215431221928     
 -0.67839035023953698     
 -0.59928853439778751     
 -0.51725986058459272     
 -0.43240477809369571     
 -0.34468915937935046     
 -0.25398021540016696     
 -0.16006994135924435     
  -6.2691562045596574E-002
   3.8468493748832294E-002
  0.14376128005613789     
  0.25356796034850981     
  0.36829367057224754     
  0.48836242393494417     
  0.61421276170806527     
  -1.0512726254702940     
  -1.0242671924959006     
 -0.97661107861948260     
 -0.91709927526715407     
 -0.84942563556821427     
 -0.77546300844869753     
 -0.69623257996783749     
 -0.61228762167494266     
 -0.52389423708774652     
 -0.43112656304069402     
 -0.33392163080536424     
 -0.23211303478615752     
 -0.12545317811955142     
  -1.3628686611592028E-002
  0.10372805152124150     
  0.22702991732438246     
  0.35672757941090605     
  0.49330314741818326     
  0.63726454500816110     
  0.78914055178811493     
  -1.0720984075011601     
  -1.0474574067074958     
  -1.0023073030372054     
 -0.94439909505003827     
 -0.87712320160569390     
 -0.80225090907102048     
 -0.72077003566262654     
 -0.63322751707861913     
 -0.53989428197361555     
 -0.44085356126988967     
 -0.33605164267882343     
 -0.22532913898702597     
 -0.10844115269318598     
   1.4928715168715384E-002
  0.14515816519224098     
  0.28267804604021640     
  0.42796553002079396     
  0.58153792417167471     
  0.74394696176877939     
  0.91577335715168429     
  -1.0944849582244010     
  -1.0728053858030346     
  -1.0309828574225699     
 -0.97561421934208736     
 -0.90978323370342984     
 -0.83517601315141676     
 -0.75277061046811677     
 -0.66313559144379952     
 -0.56657906865968144     
 -0.46322955744871147     
 -0.35308285775429432     
 -0.23603029408287163     
 -0.11187665601799494     
   1.9648090090990729E-002
  0.15888049576430346     
  0.30621738620647537     
  0.46211047525477544     
  0.62706135953279052     
  0.80161638499452681     
  0.98636131703470320     
  -1.1182518055474764     
  -1.1002200833768145     
  -1.0626462888607049     
  -1.0108705423797943     
 -0.94767112757070238     
 -0.87466553929852398     
 -0.79284308600983422     
 -0.70281898081584249     
 -0.60496732497233252     
 -0.49949532778042421     
 -0.38648622240766939     
 -0.26592495678773959     
 -0.13771351804540782     
  -1.6802517807844291E-003
  0.14241463568518273     
  0.29487554915386927     
  0.45606899844417964     
  0.62642109161003667     
  0.80641451562214972     
  0.99658448559736790     
  -1.1431767517780569     
  -1.1295777387012764     
  -1.0972632269736864     
  -1.0502309352487817     
 -0.99096140651712683     
 -0.92101843153958896     
 -0.84141921515097062     
 -0.75284415125966087     
 -0.65575529742807026     
 -0.55046446570440244     
 -0.43717339339543387     
 -0.31599726524483551     
 -0.18697828841082864     
  -5.0092641928078351E-002
   9.4746714802888196E-002
  0.24769009703342035     
  0.40895263053775882     
  0.57881634845405172     
  0.75763165308327940     
  0.94581721032648625     
  -1.1689896888207987     
  -1.1607206642326691     
  -1.1347526732884858     
  -1.0936892010532575     
  -1.0397293593419605     
 -0.97439637747703711     
 -0.89874528564958545     
 -0.81353162210631635     
 -0.71931674481100238     
 -0.61653162347592350     
 -0.50551518334790579     
 -0.38653735526307453     
 -0.25981200332728510     
 -0.12550314379557648     
   1.6274033737642031E-002
  0.16545602567835668     
  0.32203713290841329     
  0.48607780225910263     
  0.65771409971651107     
  0.83716642163863519     
  -1.1953659368894525     
  -1.1934574128592297     
  -1.1749852725018419     
  -1.1411659746327349     
  -1.0939464526503442     
  -1.0348201058232738     
 -0.96488254420898401     
 -0.88496374735384675     
 -0.79572313375644366     
 -0.69771022105529068     
 -0.59140301037208676     
 -0.47723191323698205     
 -0.35559443036131627     
 -0.22686295131021525     
  -9.1387237800957782E-002
   5.0508240111615810E-002
  0.19853209989600723     
  0.35243959044421297     
  0.51205202710710462     
  0.67728149038064711     
  -1.2219179398763160     
  -1.2275655935193337     
  -1.2177829541982539     
  -1.1925069881598294     
  -1.1534784685162236     
  -1.1021703951910466     
  -1.0397140522393060     
 -0.96700271052567610     
 -0.88477881875057918     
 -0.79369339839064001     
 -0.69434521842220898     
 -0.58730729813968241     
 -0.47314498310254421     
 -0.35242854597320039     
 -0.22574132420064175     
  -9.3683801417166632E-002
   4.3127512680076134E-002
  0.18406860551403784     
  0.32852831265990873     
  0.47594728984791107     
  -1.2481853906731135     
  -1.2627974525120391     
  -1.2629205275173239     
  -1.2474827983152670     
  -1.2180862349707327     
  -1.1761918799162028     
  -1.1229557801980439     
  -1.0593137807073947     
 -0.98606434204050120     
 -0.90392719519088160     
 -0.81358397476254263     
 -0.71570709526355625     
 -0.61098191321385686     
 -0.50012498547903061     
 -0.38390080777706193     
 -0.26313828722376192     
 -0.13874808762574256     
  -1.1740800090384786E-002
  0.11675564234530382     
  0.24548536670990284     
  -1.2736220941019016     
  -1.2988901285287051     
  -1.3101283400663801     
  -1.3057901851489175     
  -1.2874276450773383     
  -1.2564986185534981     
  -1.2141685527750132     
  -1.1613889945658662     
  -1.0989786352676520     
  -1.0276820840303438     
 -0.94821087336036791     
 -0.86127361049864104     
 -0.76759975943776815     
 -0.66796084442886039     
 -0.56319167708295537     
 -0.45421482308438715     
 -0.34207211272030974     
 -0.22796978372629564     
 -0.11334856024471310     
  -1.3113417000558692E-007
