 -0.18808323461976204     
 -0.17063335804578811     
 -0.16336804837001240     
 -0.17585150235855945     
 -0.21458562412891946     
 -0.28538173481863166     
 -0.39382933296122941     
 -0.54543451605846416     
 -0.74567079154669014     
  -1.0000000000000000     
 -0.18861479844014695     
 -0.17038932183976654     
 -0.16054172375149850     
 -0.16789420505203556     
 -0.19820672845781817     
 -0.25654688870983788     
 -0.34775737725727351     
 -0.47659469993178022     
 -0.64778088015397506     
 -0.86602539649920685     
 -0.19025674201610043     
 -0.16997963972053909     
 -0.15311392512258384     
 -0.14645179401183675     
 -0.15373229263081178     
 -0.17799898543247961     
 -0.22206202345259238     
 -0.28863665361311497     
 -0.38039685534285317     
 -0.49999997476321700     
 -0.19313405711021531     
 -0.17028574327681800     
 -0.14396382160617185     
 -0.11817625680109162     
  -9.3919688315329847E-002
  -7.1497644562975582E-002
  -5.0969549083014855E-002
  -3.2285424452330284E-002
  -1.5339956748644650E-002
   4.3711390001862412E-008
 -0.19740339019075850     
 -0.17251292377357197     
 -0.13704825588864264     
  -9.2203408831125849E-002
  -3.6264807543257171E-002
   3.3155621696913835E-002
  0.11869461787875414     
  0.22311403966701060     
  0.34925264654968213     
  0.50000005047356477     
 -0.20318915534696871     
 -0.17786707753541275     
 -0.13637388645558052     
  -7.7777615706231179E-002
   1.5764236142998380E-003
  0.10597188537270560     
  0.23992474462471194     
  0.40807802560482354     
  0.61517053085063655     
  0.86602544021059469     
 -0.21051764664266015     
 -0.18722695696304975     
 -0.14496178657244677     
  -8.1873334517093208E-002
   6.3541825174633039E-003
  0.12459330657430030     
  0.27789706311701162     
  0.47140541368951511     
  0.71033455530763090     
  0.99999999999999623     
 -0.21926510340914293     
 -0.20089577850411278     
 -0.16407240237511539     
 -0.10744023696029455     
  -2.7446550617608392E-002
   7.9947035060564609E-002
  0.21888321840915057     
  0.39349141971498691     
  0.60785315135525775     
  0.86602535278781245     
 -0.22913169734844133     
 -0.21849444764421691     
 -0.19288394858122726     
 -0.15271699435895769     
  -9.6383867389559091E-002
  -2.1800477643256554E-002
   7.3195525464018765E-002
  0.19068105275065936     
  0.33249980301664139     
  0.49999989905286546     
 -0.23964636175208176     
 -0.23902174082943020     
 -0.22869178137265139     
 -0.21175207685156019     
 -0.18918942416470294     
 -0.16142998416732299     
 -0.12871456044893809     
  -9.1163632943731865E-002
  -4.8620493003154741E-002
  -1.3113417000558692E-007
