 -0.62038991966143608     
 -0.61494530613727183     
 -0.60389193275695696     
 -0.58983510547278784     
 -0.57422870635562506     
 -0.55796483864479174     
 -0.54163376651514950     
 -0.52565087459531845     
 -0.51032391554885048     
 -0.49589112434971477     
 -0.48254399892363448     
 -0.47044160012468783     
 -0.45971984142145506     
 -0.45049776882238179     
 -0.44288188751789676     
 -0.43696925670281866     
 -0.43284971198963818     
 -0.43060752856672246     
 -0.43032264974945766     
 -0.43207164193664011     
 -0.43592841254525772     
 -0.44196478703426056     
 -0.45025094641155006     
 -0.46085578985213604     
 -0.47384720974880662     
 -0.48929232645823145     
 -0.50725766511342174     
 -0.52780931089152316     
 -0.55101302434963173     
 -0.57693434556730772     
 -0.60563866996045035     
 -0.63719131857917510     
 -0.67165758798953734     
 -0.70910279761998540     
 -0.74959232238135842     
 -0.79319162412959610     
 -0.83996627269838509     
 -0.88998196617841496     
 -0.94330454415568632     
  -1.0000000000000000     
 -0.62056724838177235     
 -0.61512191993308418     
 -0.60406562845512823     
 -0.59000230705422430     
 -0.57438472829155585     
 -0.55810412103898954     
 -0.54175006824258931     
 -0.52573736352689593     
 -0.51037325129363975     
 -0.49589547943771278     
 -0.48249509625384612     
 -0.47033070826644174     
 -0.45953779371220538     
 -0.45023494938001501     
 -0.44252824236739108     
 -0.43651427697027412     
 -0.43228244127570009     
 -0.42991654598054790     
 -0.42949607535845225     
 -0.43109712077171802     
 -0.43479311896229422     
 -0.44065541016569876     
 -0.44875369383026603     
 -0.45915637464365827     
 -0.47193085365652460     
 -0.48714374860574783     
 -0.50486108470452506     
 -0.52514843754085150     
 -0.54807106035726316     
 -0.57369397778130904     
 -0.60208207161937410     
 -0.63330014261480916     
 -0.66741296841873943     
 -0.70448534419121234     
 -0.74458212149365910     
 -0.78776823472752067     
 -0.83410872669698777     
 -0.88366876551523488     
 -0.93651366070415354     
 -0.99270887369275973     
 -0.62109927075394067     
 -0.61565188205306876     
 -0.60458698914196529     
 -0.59050442885951959     
 -0.57485360168246136     
 -0.55852315381415885     
 -0.54210059187513537     
 -0.52599897811646146     
 -0.51052400419227861     
 -0.49591199673180103     
 -0.48235263063506556     
 -0.47000318716283346     
 -0.45899781744237922     
 -0.44945380597115819     
 -0.44147588702867058     
 -0.43515933322208139     
 -0.43059217422011764     
 -0.42785685792376255     
 -0.42703147817578913     
 -0.42819072962106508     
 -0.43140662606064573     
 -0.43674907821600029     
 -0.44428633219912878     
 -0.45408533321336270     
 -0.46621200176605271     
 -0.48073146959669394     
 -0.49770825767838633     
 -0.51720643264518773     
 -0.53928972325792390     
 -0.56402162562383740     
 -0.59146548004059896     
 -0.62168454226217995     
 -0.65474203429469302     
 -0.69070119259340601     
 -0.72962530147844706     
 -0.77157772533259938     
 -0.81662193031645602     
 -0.86482150527479085     
 -0.91624017555334492     
 -0.97094181581669503     
 -0.62198611169776785     
 -0.61653552898546438     
 -0.60545684911123621     
 -0.59134299351689934     
 -0.57563775596838429     
 -0.55922545901954990     
 -0.54269018859946838     
 -0.52644211671607533     
 -0.51078439159358457     
 -0.49595097194550186     
 -0.48212928863637555     
 -0.46947441848445309     
 -0.45811834518401479     
 -0.44817617321123659     
 -0.43975045900119353     
 -0.43293426523297823     
 -0.42781339996986611     
 -0.42446805146636130     
 -0.42297403737282308     
 -0.42340373802830344     
 -0.42582683552414452     
 -0.43031087328076489     
 -0.43692171363974552     
 -0.44572388604563096     
 -0.45678088045190696     
 -0.47015537000512531     
 -0.48590940418162609     
 -0.50410455400728627     
 -0.52480204157468779     
 -0.54806283593372884     
 -0.57394774093036571     
 -0.60251745890884878     
 -0.63383265050116999     
 -0.66795397693841529     
 -0.70494214052956672     
 -0.74485791257932610     
 -0.78776216031430257     
 -0.83371586505167883     
 -0.88278013945705236     
 -0.93501623910842879     
 -0.62322795052963731     
 -0.61777341823166876     
 -0.60667656343000054     
 -0.59252052194906635     
 -0.57674118694364307     
 -0.56021686424011685     
 -0.54352685985597793     
 -0.52707736103789937     
 -0.51116797936838532     
 -0.49602942597908289     
 -0.48184602072174459     
 -0.46876982347515117     
 -0.45692981843031782     
 -0.44643812785972636     
 -0.43739429747381375     
 -0.42988836582869350     
 -0.42400307175039714     
 -0.41981550929856926     
 -0.41739835273027187     
 -0.41682081087330897     
 -0.41814934656126557     
 -0.42144825646328915     
 -0.42678011230842183     
 -0.43420612771880068     
 -0.44378643781147481     
 -0.45558033859281299     
 -0.46964646846294628     
 -0.48604296807187963     
 -0.50482760013796768     
 -0.52605785787260873     
 -0.54979104489781849     
 -0.57608434940729036     
 -0.60499489770255288     
 -0.63657980494516198     
 -0.67089621096750762     
 -0.70800131468734206     
 -0.74795239788460777     
 -0.79080684800524770     
 -0.83662217373084391     
 -0.88545601940284191     
 -0.62482501935609969     
 -0.61936628235938995     
 -0.60824799533241947     
 -0.59404046945157141     
 -0.57816941525472298     
 -0.56150540310981956     
 -0.54462166769533382     
 -0.52791932046682544     
 -0.51169352146221780     
 -0.49617086824697926     
 -0.48153178295067267     
 -0.46792451579954564     
 -0.45547429958133601     
 -0.44428949676076163     
 -0.43446588878017833     
 -0.42608970452880290     
 -0.41923984404048559     
 -0.41398950479198560     
 -0.41040742694284227     
 -0.40855882579299463     
 -0.40850613203672587     
 -0.41030955395199586     
 -0.41402753846551715     
 -0.41971712341155504     
 -0.42743423530575608     
 -0.43723391658866911     
 -0.44917052332479040     
 -0.46329787496240182     
 -0.47966938824839428     
 -0.49833817738428704     
 -0.51935714591910564     
 -0.54277905432061690     
 -0.56865658339656122     
 -0.59704238003233245     
 -0.62798910085752013     
 -0.66154944314447106     
 -0.69777617448921825     
 -0.73672215353694592     
 -0.77844034959076125     
 -0.82298385634331028     
 -0.62677755118939726     
 -0.62131501439076531     
 -0.61017345079994978     
 -0.59590718390942687     
 -0.57992938399341176     
 -0.56310122134232243     
 -0.54598856919202643     
 -0.52898645727445093     
 -0.51238469996246416     
 -0.49640500694306988     
 -0.48122314538337940     
 -0.46698285630983211     
 -0.45380490468271906     
 -0.44179320877548767     
 -0.43103907260462537     
 -0.42162422244972803     
 -0.41362299454641532     
 -0.40710397890435790     
 -0.40213123896562697     
 -0.39876526450535715     
 -0.39706369227529942     
 -0.39708188875035089     
 -0.39887339548379708     
 -0.40249030076564213     
 -0.40798352453856096     
 -0.41540306329193721     
 -0.42479817717982354     
 -0.43621755541444562     
 -0.44970944153806802     
 -0.46532174709256713     
 -0.48310213659558965     
 -0.50309810649081732     
 -0.52535704323894628     
 -0.54992627833561036     
 -0.57685312813711331     
 -0.60618493200513257     
 -0.63796907956507243     
 -0.67225303672480385     
 -0.70908436422331533     
 -0.74851073479294106     
 -0.62908576115502202     
 -0.62362060261763264     
 -0.61245564131331198     
 -0.59812580872305554     
 -0.58202937211198869     
 -0.56501641681741188     
 -0.54764424712664017     
 -0.53030082796960187     
 -0.51326983376416346     
 -0.49676734870282957     
 -0.48096383184000829     
 -0.46599785992116610     
 -0.45198511899677379     
 -0.43902444917762651     
 -0.42720206942372024     
 -0.41659456584220766     
 -0.40727109092539970     
 -0.39929497590207841     
 -0.39272496894501546     
 -0.38761616538681676     
 -0.38402074886672932     
 -0.38198855664351361     
 -0.38156754517094954     
 -0.38280414786752415     
 -0.38574357892751626     
 -0.39043006697449878     
 -0.39690705925351211     
 -0.40521737792303947     
 -0.41540336035302128     
 -0.42750696552345124     
 -0.44156987189305918     
 -0.45763355071213835     
 -0.47573933486612680     
 -0.49592846975818911     
 -0.51824216178767613     
 -0.54272161377019223     
 -0.56940805881646506     
 -0.59834278497052751     
 -0.62956715843058486     
 -0.66312264062317072     
 -0.63174977803608112     
 -0.62628409746442992     
 -0.61509759502310346     
 -0.60070220953849429     
 -0.58447884943958983     
 -0.56726488850103318     
 -0.54960786933257977     
 -0.53188781148948105     
 -0.51438149556559987     
 -0.49729875500081577     
 -0.48080413874005629     
 -0.46503051952872743     
 -0.45008795183401173     
 -0.43606968016112879     
 -0.42305629510422360     
 -0.41111872186531084     
 -0.40032037855648850     
 -0.39071880278694254     
 -0.38236686239136675     
 -0.37531370488937926     
 -0.36960547856794301     
 -0.36528591818691414     
 -0.36239679512338657     
 -0.36097829491900657     
 -0.36106930889420619     
 -0.36270768611817894     
 -0.36593042787317648     
 -0.37077386038928400     
 -0.37727376743253482     
 -0.38546551108094945     
 -0.39538412361912928     
 -0.40706439309245246     
 -0.42054092772771534     
 -0.43584821692082176     
 -0.45302067671839641     
 -0.47209269324943609     
 -0.49309865494605432     
 -0.51607298316902273     
 -0.54105015504583431     
 -0.56806472459345181     
 -0.63476960951077510     
 -0.62930652879153814     
 -0.61810259745906426     
 -0.60364284787389677     
 -0.58728835043933214     
 -0.56986212361937960     
 -0.55190084978993370     
 -0.53377576092076096     
 -0.51575610685471074     
 -0.49804490004151136     
 -0.48080030025933596     
 -0.46414900062744174     
 -0.44819499667970697     
 -0.43302549095286369     
 -0.41871502886737866     
 -0.40532843096291299     
 -0.39292295724473647     
 -0.38154989882115675     
 -0.37125580476015929     
 -0.36208340748836443     
 -0.35407236345352622     
 -0.34725982108830861     
 -0.34168089104997318     
 -0.33736901015369647     
 -0.33435625221062054     
 -0.33267356936159065     
 -0.33235100420723956     
 -0.33341785422709735     
 -0.33590282013082695     
 -0.33983412023556742     
 -0.34523959605723670     
 -0.35214679312132185     
 -0.36058303695357180     
 -0.37057549080356433     
 -0.38215121057269852     
 -0.39533718633969728     
 -0.41016038194734394     
 -0.42664776499450618     
 -0.44482633502911256     
 -0.46472314524833586     
 -0.63814505858386050     
 -0.63268885625809801     
 -0.62147408243334079     
 -0.60695468093682647     
 -0.59046929315233310     
 -0.57282499838872070     
 -0.55454654494398936     
 -0.53599565049966758     
 -0.51743345233610694     
 -0.49905569930420851     
 -0.48101375016383030     
 -0.46342777447487071     
 -0.44639535691924231     
 -0.42999734552644742     
 -0.41430190603096695     
 -0.39936744562698212     
 -0.38524473067342846     
 -0.37197848848399362     
 -0.35960860408442469     
 -0.34817106291775735     
 -0.33769867033702350     
 -0.32822163914922931     
 -0.31976804414965670     
 -0.31236420567496925     
 -0.30603498846614235     
 -0.30080406156894762     
 -0.29669410126529289     
 -0.29372697244489315     
 -0.29192386996209901     
 -0.29130544805910452     
 -0.29189192079954290     
 -0.29370315587430534     
 -0.29675874702347504     
 -0.30107808264925301     
 -0.30668039859252177     
 -0.31358482844479407     
 -0.32181044228030131     
 -0.33137628337296915     
 -0.34230139674606302     
 -0.35460485560341259     
 -0.64187567446182558     
 -0.63643187146463653     
 -0.62521555429740117     
 -0.61064501124523862     
 -0.59403382073138178     
 -0.57617152252998449     
 -0.55756995895768524     
 -0.53858065584494463     
 -0.51945618465435472     
 -0.50038465544493471     
 -0.48151034957632172     
 -0.46294664635826543     
 -0.44478450634242883     
 -0.42709819558591688     
 -0.40994930635692794     
 -0.39338961572542708     
 -0.37746320296035174     
 -0.36220801209441217     
 -0.34765706155552328     
 -0.33383936067068221     
 -0.32078064703482684     
 -0.30850395531013181     
 -0.29703009104377337     
 -0.28637800029192401     
 -0.27656508746853881     
 -0.26760746474697228     
 -0.25952017281215856     
 -0.25231735436077607     
 -0.24601241164791710     
 -0.24061813015822930     
 -0.23614679334306676     
 -0.23261027245083385     
 -0.23002011123324886     
 -0.22838759211878984     
 -0.22772379919961525     
 -0.22803966746828702     
 -0.22934602968513954     
 -0.23165365326134182     
 -0.23497327490575620     
 -0.23931562837575920     
 -0.64596065564126359     
 -0.64053613440247736     
 -0.62933046263218395     
 -0.61472136542197642     
 -0.59799459263295829     
 -0.57992060318277749     
 -0.56099739230471535     
 -0.54156573987408163     
 -0.52186926226921171     
 -0.50208819200806099     
 -0.48235953313616231     
 -0.46278974893695707     
 -0.44346304779120604     
 -0.42444703007583079     
 -0.40579661374244608     
 -0.38755687489715507     
 -0.36976511206521651     
 -0.35245241396540800     
 -0.33564483559798741     
 -0.31936432924450542     
 -0.30362945875067038     
 -0.28845598626764007     
 -0.27385732935001850     
 -0.25984494931368823     
 -0.24642865670227498     
 -0.23361687890609090     
 -0.22141687174792715     
 -0.20983490998624163     
 -0.19887643822202966     
 -0.18854620996204099     
 -0.17884839778031117     
 -0.16978669669794003     
 -0.16136440604927896     
 -0.15358450723223480     
 -0.14644972535045467     
 -0.13996258799423389     
 -0.13412547208198428     
 -0.12894064824606508     
 -0.12441031664398283     
 -0.12053664020053710     
 -0.65039878824654074     
 -0.64500186327658782     
 -0.63382211046913928     
 -0.61919132628223972     
 -0.60236460296099936     
 -0.58409175914737155     
 -0.56485610774483486     
 -0.54498718336379048     
 -0.52471939206117268     
 -0.50422492312685940     
 -0.48363344411244386     
 -0.46304445937156563     
 -0.44253544125023409     
 -0.42216733195903139     
 -0.40198842128890233     
 -0.38203711247141930     
 -0.36234397900145765     
 -0.34293328812222917     
 -0.32382418564696469     
 -0.30503159775186306     
 -0.28656696051184305     
 -0.26843878603244309     
 -0.25065313714329546     
 -0.23321400072064491     
 -0.21612361112676789     
 -0.19938270679374356     
 -0.18299075914714749     
 -0.16694615515056571     
 -0.15124636434295585     
 -0.13588807241321091     
 -0.12086730593565861     
 -0.10617953229800221     
  -9.1819754364467168E-002
  -7.7782586486694116E-002
  -6.4062327030956809E-002
  -5.0653016885520180E-002
  -3.7548495204210670E-002
  -2.4742444798490103E-002
  -1.2228434847499406E-002
   4.3711390001862412E-008
 -0.65518833764965767     
 -0.64982886004159868     
 -0.63869351755634163     
 -0.62406239752499881     
 -0.60715695358941890     
 -0.58870486114168397     
 -0.56917394882157724     
 -0.54888213290394239     
 -0.52805442053848139     
 -0.50685493032635975     
 -0.48540601237293624     
 -0.46380031140669287     
 -0.44210866679874095     
 -0.42038551546132735     
 -0.39867266037775345     
 -0.37700200835137354     
 -0.35539756658473654     
 -0.33387696565364794     
 -0.31245260652870988     
 -0.29113257312872526     
 -0.26992133593967582     
 -0.24882033347626803     
 -0.22782842831975095     
 -0.20694229735273897     
 -0.18615674155776679     
 -0.16546495963794688     
 -0.14485876707939166     
 -0.12432879506483920     
 -0.10386465065288451     
  -8.3455065572125453E-002
  -6.3088016553044218E-002
  -4.2750839005962465E-002
  -2.2430319316670524E-002
  -2.1127829170606428E-003
   1.8215833848788835E-002
   3.8569914995645792E-002
   5.8964108368146098E-002
   7.9413271952977982E-002
   9.9932429137592399E-002
  0.12053672698590635     
 -0.66032697607019264     
 -0.65501639107827536     
 -0.64394731960325036     
 -0.62934182563228758     
 -0.61238465946022380     
 -0.59377982956756137     
 -0.57397898492665367     
 -0.55328810590710353     
 -0.53192274540964612     
 -0.51003899553108822     
 -0.48775204625066693     
 -0.46514786238492173     
 -0.44229089464947341     
 -0.41922931629443499     
 -0.39599872934539754     
 -0.37262481779054824     
 -0.34912532907754557     
 -0.32551154712475155     
 -0.30178944314043776     
 -0.27796055511337431     
 -0.25402270308637342     
 -0.22997054716827534     
 -0.20579605843860360     
 -0.18148889204704491     
 -0.15703671296375085     
 -0.13242545710350231     
 -0.10763956634290139     
  -8.2662178595080141E-002
  -5.7475303318284258E-002
  -3.2059964460756429E-002
  -6.3963350779845246E-003
   1.9536152360277330E-002
   4.5758700739860436E-002
   7.2293061540859307E-002
   9.9161451619717567E-002
  0.12638648407255385     
  0.15399110210609815     
  0.18199852350562742     
  0.21043218815614553     
  0.23931571325819195     
 -0.66581166442322837     
 -0.66056310506836069     
 -0.64958562546460563     
 -0.63503645809175624     
 -0.61806041416709023     
 -0.59933636528708778     
 -0.57929911858202843     
 -0.55824252528163754     
 -0.53637269196725401     
 -0.51383786135297105     
 -0.49074629290707716     
 -0.46717758650795826     
 -0.44319012860388557     
 -0.41882620851331481     
 -0.39411560164349424     
 -0.36907818442404167     
 -0.34372584823301133     
 -0.31806396569020601     
 -0.29209249879881166     
 -0.26580688463377894     
 -0.23919872096802380     
 -0.21225633596447915     
 -0.18496523743882490     
 -0.15730849992668686     
 -0.12926707445107191     
 -0.10082006440384937     
  -7.1944948989935587E-002
  -4.2617788050338980E-002
  -1.2813389619172420E-002
   1.7494532897917432E-002
   4.8333231025317842E-002
   7.9730797568723283E-002
  0.11171606376227497     
  0.14431850036523647     
  0.17756813470728358     
  0.21149547086350884     
  0.24613142204404440     
  0.28150724602664817     
  0.31765448976138028     
  0.35460493734513138     
 -0.67163857062575227     
 -0.66646690787134022     
 -0.65560991293875226     
 -0.64115256300856382     
 -0.62419639293204887     
 -0.60539364532301754     
 -0.58516172863916793     
 -0.56378222380028120     
 -0.54145192566007039     
 -0.51831146808468542     
 -0.49446253782758687     
 -0.46997875462193101     
 -0.44491289477527685     
 -0.41930182085564272     
 -0.39316998882442672     
 -0.36653196895916151     
 -0.33939433709307387     
 -0.31175708508608013     
 -0.28361472734350113     
 -0.25495714894319460     
 -0.22577029844963831     
 -0.19603673035521119     
 -0.16573606536652410     
 -0.13484535709246009     
 -0.10333941451546724     
  -7.1191062718983553E-002
  -3.8371379689243861E-002
  -4.8498902865007276E-003
   2.9405252766170887E-002
   6.4427118892418395E-002
  0.10024985687099859     
  0.13690857524259614     
  0.17443922705526749     
  0.21287851237030309     
  0.25226378391954568     
  0.29263296649402576     
  0.33402447924729689     
  0.37647716855192159     
  0.42003024405953204     
  0.46472322265736282     
 -0.67780294280205167     
 -0.67272487609341536     
 -0.66202088560934247     
 -0.64769568889534612     
 -0.63080402149046799     
 -0.61197005853401376     
 -0.59159328532560629     
 -0.56994299017767569     
 -0.54720684541423958     
 -0.52351823770839656     
 -0.49897269796041060     
 -0.47363837088933952     
 -0.44756294160355425     
 -0.42077842509394686     
 -0.39330453774401258     
 -0.36515117064887798     
 -0.33632020643414484     
 -0.30680691688442557     
 -0.27660102174142109     
 -0.24568753797969795     
 -0.21404743857379660     
 -0.18165820205143707     
 -0.14849424711503015     
 -0.11452730914120225     
  -7.9726743065576380E-002
  -4.4059795229438446E-002
  -7.4918255570852552E-003
   3.0013486706070854E-002
   6.8493972329660993E-002
  0.10798881009617578     
  0.14853839055146614     
  0.19018418449499114     
  0.23296863097493944     
  0.27693502831562261     
  0.32212744022671003     
  0.36859060450172404     
  0.41636985346352107     
  0.46551103725462012     
  0.51606045618521279     
  0.56806479654098829     
 -0.68429901892312384     
 -0.67933312955549441     
 -0.66881837107215225     
 -0.65467049015390655     
 -0.63789378751390624     
 -0.61908291345319755     
 -0.59861901014676655     
 -0.57675909692730210     
 -0.55368202811829759     
 -0.52951435406125225     
 -0.50434597782580592     
 -0.47824012593247278     
 -0.45124002129793822     
 -0.42337346809476079     
 -0.39465613518030468     
 -0.36509392733675611     
 -0.33468477268166291     
 -0.30341995915850989     
 -0.27128518642269006     
 -0.23826137291927008     
 -0.20432531688680811     
 -0.16945021416047459     
 -0.13360609899487910     
  -9.6760195810030356E-002
  -5.8877230197414671E-002
  -1.9919681543037280E-002
   2.0151985562629988E-002
   6.1379129975291317E-002
  0.10380475334822847     
  0.14747334812556556     
  0.19243075080592112     
  0.23872401644584074     
  0.28640129594560920     
  0.33551172956867298     
  0.38610534246440004     
  0.43823295285451458     
  0.49194608240831755     
  0.54729687655847481     
  0.60433802769532274     
  0.66312270606005996     
 -0.69111989137620156     
 -0.68628674391987399     
 -0.67600118348918148     
 -0.66208059659357898     
 -0.64547502342015306     
 -0.62674819263459158     
 -0.60626251663066066     
 -0.58426288097675660     
 -0.56091966850425934     
 -0.53635310799004254     
 -0.51064804224767379     
 -0.48386343476048893     
 -0.45603871720722211     
 -0.42719821738851826     
 -0.39735429698189795     
 -0.36650966774449301     
 -0.33465909912832398     
 -0.30179073677908641     
 -0.26788710228920043     
 -0.23292589657838236     
 -0.19688062235777787     
 -0.15972110400354800     
 -0.12141389796335640     
  -8.1922649105149015E-002
  -4.1208377284305896E-002
   7.7026404451592566E-004
   4.4056775699348523E-002
   8.8696614383865599E-002
  0.13473702650035355     
  0.18222688814784502     
  0.23121656826414361     
  0.28175779428189918     
  0.33390353501998821     
  0.38770788472794054     
  0.44322596038129636     
  0.50051380012455260     
  0.55962827214079980     
  0.62062698541060513     
  0.68356820873884550     
  0.74851079276496579     
 -0.69825740706935002     
 -0.69357962414232965     
 -0.68356703043641298     
 -0.66992845294789594     
 -0.65355573654450372     
 -0.63498028583758714     
 -0.61454550390460261     
 -0.59248431684621050     
 -0.56895908333532819     
 -0.54408425578560682     
 -0.51794027286384492     
 -0.49058251742260534     
 -0.46204738423034480     
 -0.43235648932715520     
 -0.40151971092405664     
 -0.36953739807825808     
 -0.33640204418996877     
 -0.30209954064581362     
 -0.26661016548246502     
 -0.22990934069493230     
 -0.19196825229969525     
 -0.15275433393859278     
 -0.11223167821632715     
  -7.0361363161214913E-002
  -2.7101741188525118E-002
   1.7591326980224364E-002
   6.3764256778653439E-002
  0.11146556119357810     
  0.16074568007683265     
  0.21165683502371657     
  0.26425288675153569     
  0.31858921075860419     
  0.37472257314173046     
  0.43271101996941508     
  0.49261376636074383     
  0.55449109600656865     
  0.61840426106530033     
  0.68441539036110044     
  0.75258739922095896     
  0.82298390600510773     
 -0.70570202141203686     
 -0.70120441956470159     
 -0.69151238758407252     
 -0.67821520619401421     
 -0.66214241579675348     
 -0.64379177545066546     
 -0.62348743895570113     
 -0.60145065193455816     
 -0.57783622341322305     
 -0.55275345760184580     
 -0.52627906050930817     
 -0.49846558762631876     
 -0.46934716410019711     
 -0.43894352537178222     
 -0.40726290638132179     
 -0.37430419099761891     
 -0.34005850305186525     
 -0.30451043900613939     
 -0.26763900186564193     
 -0.22941835126517768     
 -0.18981838145987254     
 -0.14880520243589215     
 -0.10634151617152106     
  -6.2386942089958299E-002
  -1.6898275939762300E-002
   3.0170276682195463E-002
   7.8866910325493644E-002
  0.12924204074203513     
  0.18134815499139670     
  0.23523966476216032     
  0.29097277946100897     
  0.34860537863954755     
  0.40819689822754684     
  0.46980821477021767     
  0.53350153970419267     
  0.59934031194065074     
  0.66738909814976699     
  0.73771349264508701     
  0.81038002349568339     
  0.88545606003023103     
 -0.71344268547270040     
 -0.70915240189663664     
 -0.69983242081096919     
 -0.68694056710411289     
 -0.67123988996047435     
 -0.65319320651547974     
 -0.63310529825535955     
 -0.61118604320226610     
 -0.58758326033998065     
 -0.56240174282059663     
 -0.53571519769634346     
 -0.50757410478420284     
 -0.47801113843727971     
 -0.44704498162285877     
 -0.41468311419823295     
 -0.38092385330508932     
 -0.34575790886319396     
 -0.30916955055505091     
 -0.27113752889777748     
 -0.23163577747845421     
 -0.19063398553734925     
 -0.14809803953726119     
 -0.10399039580286568     
  -5.8270371209462067E-002
  -1.0894398408758577E-002
   3.8183771630922632E-002
   8.9012883427082218E-002
  0.14164402507015031     
  0.19613048163799604     
  0.25252761093075154     
  0.31089271846271221     
  0.37128494694464981     
  0.43376516220432709     
  0.49839584860994812     
  0.56524100035650748     
  0.63436601927731207     
  0.70583760947839946     
  0.77972367689221855     
  0.85609322756896977     
  0.93501627010897115     
 -0.72146668412087078     
 -0.71741338654340203     
 -0.70852088003103852     
 -0.69610272321800493     
 -0.68085116698839776     
 -0.66319291359855537     
 -0.64341330431509114     
 -0.62171126302736923     
 -0.59822819052726794     
 -0.57306506640100796     
 -0.54629332116423313     
 -0.51796215078170527     
 -0.48810357776129215     
 -0.45673609150321293     
 -0.42386728429662757     
 -0.38949583273587107     
 -0.35361297204176817     
 -0.31620364257248207     
 -0.27724735673667189     
 -0.23671889331155588     
 -0.19458882695968271     
 -0.15082396481901708     
 -0.10538768106686057     
  -5.8240202053947608E-002
  -9.3388263093119317E-003
   4.1361879903992448E-002
   9.3909929021634891E-002
  0.14835576819600499     
  0.20475216202848392     
  0.26315407600376606     
  0.32361857629613178     
  0.38620472529859473     
  0.45097348661504494     
  0.51798762361028494     
  0.58731160311025477     
  0.65901149263784131     
  0.73315486048795409     
  0.80981067090384506     
  0.88904918122665422     
  0.97094183673833256     
 -0.72975950255761668     
 -0.72597561936995236     
 -0.71757004405462366     
 -0.70569823016907873     
 -0.69097732848398052     
 -0.67379683681961067     
 -0.65442272630694298     
 -0.63304341283655474     
 -0.60979452104756227     
 -0.58477390150489239     
 -0.55805146519345972     
 -0.52967588380782893     
 -0.49967934415853255     
 -0.46808096161829121     
 -0.43488931704406297     
 -0.40010433268309370     
 -0.36371871394274119     
 -0.32571903353126941     
 -0.28608658763144229     
 -0.24479804430018412     
 -0.20182596798842389     
 -0.15713921648980517     
 -0.11070327004230472     
  -6.2480479074355312E-002
  -1.2430276070625700E-002
   3.9490665271009306E-002
   9.3328287505790447E-002
  0.14913104059421495     
  0.20694977756780400     
  0.26683767057153068     
  0.32885012374513756     
  0.39304469701045441     
  0.45948102219582387     
  0.52822072358075867     
  0.59932732887639051     
  0.67286618070112769     
  0.74890433883737084     
  0.82751048125070081     
  0.90875479806175219     
  0.99270888423040782     
 -0.73830463782369582     
 -0.73482570929126312     
 -0.72697064172637216     
 -0.71572195787513004     
 -0.70161740891219870     
 -0.68500839794877644     
 -0.66614167994066942     
 -0.64519571027579004     
 -0.62230097862482514     
 -0.59755292939210014     
 -0.57102067317209648     
 -0.54275312595461045     
 -0.51278340143701762     
 -0.48113205398283959     
 -0.44780946907495028     
 -0.41281768580205569     
 -0.37615176358114816     
 -0.33780085086353323     
 -0.29774899226292673     
 -0.25597577276732630     
 -0.21245680263465083     
 -0.16716411112555316     
 -0.12006643859615385     
  -7.1129477757508650E-002
  -2.0316048286025165E-002
   3.2413755289099136E-002
   8.7102459350289957E-002
  0.14379511824315339     
  0.20253924862559836     
  0.26338476459534826     
  0.32638392781106634     
  0.39159129109902252     
  0.45906364772822955     
  0.52885996951060066     
  0.60104134396367104     
  0.67567089822231796     
  0.75281371815612097     
  0.83253675475906208     
  0.91490872453431737     
  0.99999999999999623     
 -0.74708342978805875     
 -0.74394853016692375     
 -0.73671182856552808     
 -0.72616701906028236     
 -0.71276833261442607     
 -0.69682836877423604     
 -0.67857499400927168     
 -0.65817728776454820     
 -0.63576130379338303     
 -0.61142077005297346     
 -0.58522472421386806     
 -0.55722303344386215     
 -0.52745048460563404     
 -0.49592980878287118     
 -0.46267398103532531     
 -0.42768794635657525     
 -0.39096996173083054     
 -0.35251261062754796     
 -0.31230360635585858     
 -0.27032639740490361     
 -0.22656065299885819     
 -0.18098262253851119     
 -0.13356542580544392     
  -8.4279259538875675E-002
  -3.3091564332630947E-002
   2.0032864943871846E-002
   7.5131789766409510E-002
  0.13224547596298872     
  0.19141664981072926     
  0.25269047673908046     
  0.31611453825782271     
  0.38173881930554199     
  0.44961568606170993     
  0.51979986417904156     
  0.59234840188537263     
  0.66732062608265441     
  0.74477808048739369     
  0.82478445256379751     
  0.90740548297939561     
  0.99270886315510387     
 -0.75607482573045037     
 -0.75332717303570618     
 -0.74678114543442053     
 -0.73702475585865201     
 -0.72442483830588056     
 -0.70925480116385786     
 -0.69172407839623573     
 -0.67199306605066000     
 -0.65018407030706415     
 -0.62638981135378358     
 -0.60067991973228851     
 -0.57310590128258576     
 -0.54370487782681709     
 -0.51250245348130818     
 -0.47951488028358979     
 -0.44475074149879001     
 -0.40821222955031633     
 -0.36989615482472543     
 -0.32979471012766964     
 -0.28789608095226793     
 -0.24418490079900915     
 -0.19864261553615761     
 -0.15124774450901776     
 -0.10197608674261718     
  -5.0800855681548747E-002
   2.3072191448836980E-003
   5.7379840504333327E-002
  0.11445111025191870     
  0.17355752985255293     
  0.23473800790955918     
  0.29803388735938541     
  0.36348896957991872     
  0.43114954516200849     
  0.50106441234838195     
  0.57328489037873664     
  0.64786481287852338     
  0.72486050688201487     
  0.80433074744842914     
  0.88633669274717108     
  0.97094179489505017     
 -0.76525514833759478     
 -0.76294287470112454     
 -0.75716453864190902     
 -0.74828471247483719     
 -0.73657946284081466     
 -0.72228295088258831     
 -0.70558685913033026     
 -0.68664363989742705     
 -0.66557258920174778     
 -0.64246607840913061     
 -0.61739498279935257     
 -0.59041304773053016     
 -0.56156034659855203     
 -0.53086594633492878     
 -0.49834999683848719     
 -0.46402533152049696     
 -0.42789873265516487     
 -0.38997189844040425     
 -0.35024221528333366     
 -0.30870334159558621     
 -0.26534567551555971     
 -0.22015669737298951     
 -0.17312124036209381     
 -0.12422167353102632     
  -7.3438038575407538E-002
  -2.0748122713679439E-002
   3.3872498764202383E-002
   9.0450467019668482E-002
  0.14901466302190181     
  0.20959626381978008     
  0.27222880721262771     
  0.33694827531201638     
  0.40379317531863312     
  0.47280462425129138     
  0.54402641876694346     
  0.61750509379267415     
  0.69328995484231992     
  0.77143308631367169     
  0.85198932593992571     
  0.93501620810787933     
 -0.77459777640741623     
 -0.77277500593766968     
 -0.76784636967463449     
 -0.75993466870994320     
 -0.74922251395889494     
 -0.73590526296860415     
 -0.72015771493185110     
 -0.70212523735788190     
 -0.68192483653311142     
 -0.65964919780329356     
 -0.63537101283088293     
 -0.60914682556564170     
 -0.58102016881951157     
 -0.55102409270058916     
 -0.51918313784169856     
 -0.48551490795672420     
 -0.45003128534388021     
 -0.41273940531141756     
 -0.37364240356079476     
 -0.33274001860329167     
 -0.29002904435394022     
 -0.24550369257724924     
 -0.19915585080729908     
 -0.15097528093771018     
 -0.10094974034732422     
  -4.9065061144720062E-002
   4.6948309108793933E-003
   6.0347928704225277E-002
  0.11791420377200716     
  0.17741568911562139     
  0.23887659770722286     
  0.30232345420009099     
  0.36778524792421319     
  0.43529358592626421     
  0.50488284894199109     
  0.57659033028215645     
  0.65045635640622157     
  0.72652437211552889     
  0.80484098792204550     
  0.88545597877544568     
 -0.78407280012210179     
 -0.78280105026504265     
 -0.77880949442812353     
 -0.77196066264494778     
 -0.76234210226999533     
 -0.75011135057649758     
 -0.73542747898228455     
 -0.71842968922555195     
 -0.69923346168536871     
 -0.67793239694246332     
 -0.65460154471447596     
 -0.62930070251083114     
 -0.60207730476187982     
 -0.57296877656495326     
 -0.54200444986601015     
 -0.50920706986985287     
 -0.47459401204093543     
 -0.43817822923209149     
 -0.39996902081887514     
 -0.35997262426343413     
 -0.31819269620520224     
 -0.27463067139211395     
 -0.22928604942756903     
 -0.18215659168975620     
 -0.13323846669429137     
  -8.2526324209267074E-002
  -3.0013328208795674E-002
   2.4308870539977954E-002
   8.0450197790280703E-002
  0.13842227173958946     
  0.19823855039391289     
  0.25991452256741759     
  0.32346792223669996     
  0.38891897186186858     
  0.45629063312580970     
  0.52560886280722163     
  0.59690285037995616     
  0.67020522838514796     
  0.74555223328960407     
  0.82298380668150661     
 -0.79364655093105196     
 -0.79299666221962029     
 -0.79003534205381398     
 -0.78434707591768316     
 -0.77592416203857051     
 -0.76488803335952660     
 -0.75138344013982772     
 -0.73554446806442086     
 -0.71748581454770233     
 -0.69730259031874631     
 -0.67507265312834708     
 -0.65085945354749430     
 -0.62471464692249301     
 -0.59668033899643103     
 -0.56679090747276795     
 -0.53507449652081052     
 -0.50155419867565509     
 -0.46624902245681354     
 -0.42917465095036034     
 -0.39034406662739274     
 -0.34976803454986266     
 -0.30745550000978017     
 -0.26341388473744715     
 -0.21764932389211841     
 -0.17016682408597719     
 -0.12097037456617381     
  -7.0062990517118534E-002
  -1.7446713020239295E-002
   3.6877454849782047E-002
   9.2909656734871893E-002
  0.15065135462993531     
  0.21010554728443501     
  0.27127704830535593     
  0.33417280694585133     
  0.39880227527568102     
  0.46517779917579322     
  0.53331502352426619     
  0.60323328053128111     
  0.67495593857437375     
  0.74851067682091088     
 -0.80328105376767811     
 -0.80333574607009606     
 -0.80150407368913201     
 -0.79707670964188149     
 -0.78995252916044689     
 -0.78021936715834361     
 -0.76800940553401364     
 -0.75345273315925809     
 -0.73666404623694715     
 -0.71774049210189916     
 -0.69676314805368555     
 -0.67379940539579297     
 -0.64890538504986028     
 -0.62212804167549174     
 -0.59350694975811680     
 -0.56307574861794285     
 -0.53086333849473766     
 -0.49689483333950080     
 -0.46119235283798860     
 -0.42377565011351442     
 -0.38466263829459418     
 -0.34386980315180588     
 -0.30141254938963613     
 -0.25730546232374918     
 -0.21156252075695003     
 -0.16419723996777136     
 -0.11522277126906749     
  -6.4651935663476448E-002
  -1.2497210148009020E-002
   4.1229356295624277E-002
   9.6516285006126995E-002
  0.15335289022825921     
  0.21172957379925619     
  0.27163820916462633     
  0.33307260433617275     
  0.39602904813642104     
  0.46050691633602570     
  0.52650931714324456     
  0.59404372834563590     
  0.66312257518627593     
 -0.81293328387359998     
 -0.81379065688037888     
 -0.81319475258845708     
 -0.81013092210036086     
 -0.80440900545023286     
 -0.79608672927054869     
 -0.78528575875742102     
 -0.77213343896545827     
 -0.75674522143526080     
 -0.73922080453609773     
 -0.71964480133126518     
 -0.69808877264800495     
 -0.67461342511833466     
 -0.64927064220553043     
 -0.62210519861284708     
 -0.59315620800652336     
 -0.56245829567363426     
 -0.53004258067631516     
 -0.49593746680390938     
 -0.46016931285253682     
 -0.42276297334393925     
 -0.38374226380755810     
 -0.34313033519247282     
 -0.30094999848568871     
 -0.25722398027758647     
 -0.21197513990088807     
 -0.16522662647787772     
 -0.11700199720049291     
  -6.7325272870394484E-002
  -1.6220942690552485E-002
   3.6286108727959780E-002
   9.0170749928423513E-002
  0.14540785715594615     
  0.20197268110627509     
  0.25984135596569069     
  0.31899155677559687     
  0.37940331952289202     
  0.44106000474072787     
  0.50394936825010495     
  0.56806465264591033     
 -0.82255424992525417     
 -0.82433248559307792     
 -0.82508560476374360     
 -0.82348975479633901     
 -0.81927347535507022     
 -0.81246889100977848     
 -0.80318957394194235     
 -0.79156144355765312     
 -0.77770149523475773     
 -0.76171242145752649     
 -0.74368264803888584     
 -0.72368802512370001     
 -0.70179389446297546     
 -0.67805701738271174     
 -0.65252727556070755     
 -0.62524908332560702     
 -0.59626258252552100     
 -0.56560461620412250     
 -0.53330955717295547     
 -0.49940998634786476     
 -0.46393728207463047     
 -0.42692210867547153     
 -0.38839485157471976     
 -0.34838598280475463     
 -0.30692639324895310     
 -0.26404767287863024     
 -0.21978236596524703     
 -0.17416418032940414     
 -0.12722816809038989     
  -7.9010853219654828E-002
  -2.9550311518896217E-002
   2.1113829391202973E-002
   7.2940481177357019E-002
  0.12588732329356089     
  0.17991120242721889     
  0.23496876641506992     
  0.29101738380270525     
  0.34801640805915807     
  0.40592880133987375     
  0.46472306783930567     
 -0.83208775138209234     
 -0.83493155862346435     
 -0.83715429984083223     
 -0.83713211396276088     
 -0.83452400346653954     
 -0.82934214007942320     
 -0.82169472025769186     
 -0.81170767316142722     
 -0.79950029294328606     
 -0.78517869479968549     
 -0.76883530277776402     
 -0.75055032407848388     
 -0.73039367170552250     
 -0.70842685869067235     
 -0.68470464974958678     
 -0.65927648746731182     
 -0.63218766984388031     
 -0.60348035463022420     
 -0.57319438695968161     
 -0.54136801820788605     
 -0.50803850816335006     
 -0.47324266454461422     
 -0.43701730715579407     
 -0.39939969924909124     
 -0.36042793092434994     
 -0.32014128819461846     
 -0.27858059152837500     
 -0.23578852968914332     
 -0.19180997142691394     
 -0.14669227200641091     
 -0.10048555279320046     
  -5.3242956954910360E-002
  -5.0208462087585320E-003
   4.4121085965493717E-002
   9.4119854143242074E-002
  0.14490945589351781     
  0.19642152523401449     
  0.24858654695900748     
  0.30133587375976983     
  0.35460477386169115     
 -0.84146878243664081     
 -0.84555815723802052     
 -0.84937832385347256     
 -0.85103593056525018     
 -0.85013697638340102     
 -0.84668038466757456     
 -0.84077201574774563     
 -0.83253927991707977     
 -0.82210454446740711     
 -0.80957770417489450     
 -0.79505533346555912     
 -0.77862196776693715     
 -0.76035197268734633     
 -0.74031137726565233     
 -0.71855953300073550     
 -0.69515051509337433     
 -0.67013432430519870     
 -0.64355788122372970     
 -0.61546588542202718     
 -0.58590153483402951     
 -0.55490716599186207     
 -0.52252480585091177     
 -0.48879668377545038     
 -0.45376569164522607     
 -0.41747583166219981     
 -0.37997263955787564     
 -0.34130361645345370     
 -0.30151865858933130     
 -0.26067051358560167     
 -0.21881525466087820     
 -0.17601279703843276     
 -0.13232744831971419     
  -8.7828508088689750E-002
  -4.2590898189145431E-002
   3.3041915429931762E-003
   4.9768714150920032E-002
   9.6707361946076209E-002
  0.14401763263525882     
  0.19159090303358098     
  0.23931554349332462     
 -0.85062136335633975     
 -0.85618364926399793     
 -0.86173536070384460     
 -0.86517835943941257     
 -0.86608721660415833     
 -0.86445530034058227     
 -0.86038936580663672     
 -0.85401984785643403     
 -0.84547291276703385     
 -0.83486257652219009     
 -0.82228963416967316     
 -0.80784288365545665     
 -0.79160093322935376     
 -0.77363404322235318     
 -0.75400575778912615     
 -0.73277432792500830     
 -0.70999389686957959     
 -0.68571551896569560     
 -0.65998800846031880     
 -0.63285868496419839     
 -0.60437400953616871     
 -0.57458016570101300     
 -0.54352357586145950     
 -0.51125139748860271     
 -0.47781198887684417     
 -0.44325538245315682     
 -0.40763375774672972     
 -0.37100194911679141     
 -0.33341798593201422     
 -0.29494370163153194     
 -0.25564541969769844     
 -0.21559476094755795     
 -0.17486959901753810     
 -0.13355522838933503     
  -9.1745806080073947E-002
  -4.9546170226630777E-002
  -7.0741478245873336E-003
   3.5536508630500369E-002
   7.8132466797745367E-002
  0.12053655341516670     
 -0.85945567598460093     
 -0.86678213114312308     
 -0.87420372713042482     
 -0.87953593490892001     
 -0.88234812987320266     
 -0.88263645242836875     
 -0.88051194423636603     
 -0.87610958541756512     
 -0.86956006722454871     
 -0.86098179752951609     
 -0.85047983940897032     
 -0.83814711034397360     
 -0.82406622105697347     
 -0.80831130087947523     
 -0.79094965747238921     
 -0.77204318319115928     
 -0.75164956302784436     
 -0.72982327638049327     
 -0.70661646384419596     
 -0.68207965590457975     
 -0.65626242360376852     
 -0.62921394397077068     
 -0.60098352883889594     
 -0.57162110774798558     
 -0.54117770563426459     
 -0.50970590712671571     
 -0.47726034405091700     
 -0.44389820261756902     
 -0.40967978734727717     
 -0.37466914806842827     
 -0.33893481510601975     
 -0.30255066955993626     
 -0.26559701908121397     
 -0.22816195446982293     
 -0.19034313133319042     
 -0.15225018756038078     
 -0.11400817853477963     
  -7.5762695326348883E-002
  -3.7687928828196056E-002
  -1.3113417000558692E-007
