  -1.9907957047573189E-002
  -2.0949078068789862E-002
  -2.3921738800263687E-002
  -2.9492123626603913E-002
  -3.8341320562528432E-002
  -5.1131065471022641E-002
  -6.8509725714520311E-002
  -9.1117790688959255E-002
 -0.11959094902785372     
 -0.15456194581374832     
 -0.19666155890236059     
 -0.24651928749838478     
 -0.30476369680795795     
 -0.37202272286209170     
 -0.44892380615357930     
 -0.53609404593052734     
 -0.63416025603133830     
 -0.74374904867212932     
 -0.86548686096721827     
  -1.0000000000000000     
  -1.9886469258732675E-002
  -2.0874109612806124E-002
  -2.3721920906408407E-002
  -2.9083657902865403E-002
  -3.7622612407075928E-002
  -4.9981594677320752E-002
  -6.6789870881438979E-002
  -8.8668671288639520E-002
 -0.11623447326190130     
 -0.15010073449072453     
 -0.19087900395096072     
 -0.23917949658596502     
 -0.29561154324519318     
 -0.36078380409537480     
 -0.43530448311702696     
 -0.51978141423871926     
 -0.61482217491575708     
 -0.72103412418627111     
 -0.83902446489662363     
 -0.96940026424503900     
  -1.9825172844793567E-002
  -2.0655784484701418E-002
  -2.3136740683512812E-002
  -2.7885425946114123E-002
  -3.5512634406450139E-002
  -4.6605730320704246E-002
  -6.1737683530964559E-002
  -8.1473279605688731E-002
 -0.10637240358237755     
 -0.13699196260094668     
 -0.17388688652891723     
 -0.21761082498275922     
 -0.26871649698777933     
 -0.32775599788434728     
 -0.39528093564680278     
 -0.47184258669295009     
 -0.55799195393690981     
 -0.65427985196835514     
 -0.76125693531376182     
 -0.87947374463670303     
  -1.9733470597702103E-002
  -2.0313332881948466E-002
  -2.2208238162862572E-002
  -2.5977171554126158E-002
  -3.2147092095678065E-002
  -4.1216609038379842E-002
  -5.3668811463319810E-002
  -6.9978168597291363E-002
  -9.0614205841617002E-002
 -0.11604336632141349     
 -0.14673016418113594     
 -0.18313777753667568     
 -0.22572850465523975     
 -0.27496398323893523     
 -0.33130540772733408     
 -0.39521361999431792     
 -0.46714922573956669     
 -0.54757263652818922     
 -0.63694413464055366     
 -0.73572389664974880     
  -1.9626294933409831E-002
  -1.9877539370725582E-002
  -2.1003542159395549E-002
  -2.3486429798867038E-002
  -2.7742878367481374E-002
  -3.4155022286633502E-002
  -4.3087830640213057E-002
  -5.4897274160335095E-002
  -6.9934165449325736E-002
  -8.8546253652953516E-002
 -0.11107928651110938     
 -0.13787772621092950     
 -0.16928510984262510     
 -0.20564435971665235     
 -0.24729792582299126     
 -0.29458794505185498     
 -0.34785630533467543     
 -0.40744473490681671     
 -0.47369483602211354     
 -0.54694813501060957     
  -1.9523251655308528E-002
  -1.9388726695968403E-002
  -1.9610840294021589E-002
  -2.0580637582550496E-002
  -2.2584910547548492E-002
  -2.5868536445802330E-002
  -3.0657514124948191E-002
  -3.7168258077152155E-002
  -4.5611939020453858E-002
  -5.6196555513064392E-002
  -6.9128149962600013E-002
  -8.4611425411920210E-002
 -0.10285020586080641     
 -0.12404766140425884     
 -0.14840652711926794     
 -0.17612920026522752     
 -0.20741786091599659     
 -0.24247452151039633     
 -0.28150109725354810     
 -0.32469943656548367     
  -1.9447255391533899E-002
  -1.8894339102074192E-002
  -1.8133865576711667E-002
  -1.7456977987131854E-002
  -1.7008649823412512E-002
  -1.6884250460689323E-002
  -1.7158310292685233E-002
  -1.7895329213470396E-002
  -1.9154352214974617E-002
  -2.0991277895345942E-002
  -2.3459988362844429E-002
  -2.6613076399541961E-002
  -3.0502210110381615E-002
  -3.5178438907645229E-002
  -4.0692338809052618E-002
  -4.7094172320525755E-002
  -5.4433959636356798E-002
  -6.2761573373959531E-002
  -7.2126781368138354E-002
  -8.2579304202980597E-002
  -1.9423141632640032E-002
  -1.8445882837241280E-002
  -1.6685605524118460E-002
  -1.4330230723484891E-002
  -1.1379695070997824E-002
  -7.7765558957270707E-003
  -3.4407868837785034E-003
   1.7182102001146208E-003
   7.7965362415203070E-003
   1.4893508944751039E-002
   2.3110399917577983E-002
   3.2549810251492249E-002
   4.3315223829674017E-002
   5.5510788935238663E-002
   6.9241109008189763E-002
   8.4611144747908817E-002
  0.10172609315392682     
  0.12069133013168556     
  0.14161233279635235     
  0.16459463793440196     
  -1.9475947098391247E-002
  -1.8095789953775351E-002
  -1.5381257163977502E-002
  -1.1419708166600481E-002
  -6.0713814293794814E-003
   8.6783732315225874E-004
   9.6263198450079225E-003
   2.0443317203561878E-002
   3.3563698137140198E-002
   4.9235467603432996E-002
   6.7708600355453494E-002
   8.9234332723906823E-002
  0.11406481823168731     
  0.14245284926257981     
  0.17465172626965883     
  0.21091511187798095     
  0.25149696112394071     
  0.29665142640841691     
  0.34663280574172767     
  0.40169547521683197     
  -1.9629341513240806E-002
  -1.7894029505571094E-002
  -1.4331205482164181E-002
  -8.9357464037340302E-003
  -1.4420558064226546E-003
   8.4857557924542925E-003
   2.1209013531787203E-002
   3.7100209236717446E-002
   5.6537370387296379E-002
   7.9901635725710907E-002
  0.10757599473628905     
  0.13994469185825456     
  0.17739282816170079     
  0.22030617975709901     
  0.26907102724141013     
  0.32407408037844682     
  0.38570237622970377     
  0.45434322611395511     
  0.53038413748588686     
  0.61421276170806527     
  -1.9903940651102413E-002
  -1.7885025387127152E-002
  -1.3634118883528125E-002
  -7.0668879365132619E-003
   2.1868775096177150E-003
   1.4571838257913956E-002
   3.0558920333363070E-002
   5.0630197335516235E-002
   7.5273209090648233E-002
  0.10497841606554625     
  0.14023805115729329     
  0.18154547201781529     
  0.22939487294574881     
  0.28428107291816157     
  0.34669943678557014     
  0.41714578116477163     
  0.49611633868268240     
  0.58410768980426031     
  0.68161672004010443     
  0.78914055178811493     
  -2.0315948558047987E-002
  -1.8104733743379522E-002
  -1.3370899802729468E-002
  -5.9682377396880031E-003
   4.5505259412971727E-003
   1.8709399744161109E-002
   3.7058802215828655E-002
   6.0160178114667145E-002
   8.8580159667030506E-002
  0.12288812889319210     
  0.16365501550865419     
  0.21145276221454848     
  0.26685400753549793     
  0.33043197747450903     
  0.40276039924553136     
  0.48441349842729009     
  0.57596596921281840     
  0.67799297436686545     
  0.79107010745301221     
  0.91577335715168429     
  -2.0875881679517112E-002
  -1.8578375570431020E-002
  -1.3599558795518420E-002
  -5.7519810147337392E-003
   5.4567644377841321E-003
   2.0595763180690684E-002
   4.0260150604144458E-002
   6.5055644483071509E-002
   9.5592857661265129E-002
  0.13248482460696676     
  0.17634591326123603     
  0.22779125346889686     
  0.28743651624761757     
  0.35589779144059408     
  0.43379159914024334     
  0.52173490520332644     
  0.62034519155535905     
  0.73024049633642907     
  0.85203945890059196     
  0.98636131703470320     
  -2.1587755447887103E-002
  -1.9318669196412834E-002
  -1.4351602792402652E-002
  -6.4803754065529259E-003
   4.7979487671975761E-003
   2.0060747128987599E-002
   3.9910368645807638E-002
   6.4959179493847788E-002
   9.5823973622121320E-002
  0.13312365628397674     
  0.17747812575376146     
  0.22950778250348905     
  0.28983326859985620     
  0.35907541553175315     
  0.43785524955525601     
  0.52679410052575237     
  0.62651372311440989     
  0.73763646423152762     
  0.86078540542107573     
  0.99658448559736790     
  -2.2448495639408261E-002
  -2.0324946150752938E-002
  -1.5629898884280007E-002
  -8.1618811802191514E-003
   2.5576041347846398E-003
   1.7076986696957272E-002
   3.5968091689027981E-002
   5.9811931387260549E-002
   8.9193488405706914E-002
  0.12469945201151598     
  0.16691719696069812     
  0.21643423912560913     
  0.27383800466858477     
  0.33971571504937548     
  0.41465441901238226     
  0.49924108633814118     
  0.59406281394994498     
  0.69970708864076148     
  0.81676212552092675     
  0.94581721032648625     
  -2.3447862196549051E-002
  -2.1582961722573245E-002
  -1.7408375820202431E-002
  -1.0750441179550048E-002
  -1.1885119880613159E-003
   1.1761661890771512E-002
   2.8605563314768954E-002
   4.9856952704305200E-002
   7.6033015475832383E-002
  0.10765231338147097     
  0.14523376013648623     
  0.18929610716663861     
  0.24035762009914483     
  0.29893591993661006     
  0.36554789103104762     
  0.44070971067267412     
  0.52493697589918620     
  0.61874500567510315     
  0.72264933128863940     
  0.83716642163863519     
  -2.4568650418420594E-002
  -2.3065642280101176E-002
  -1.9633370480812137E-002
  -1.4148142628913233E-002
  -6.2768460150659450E-003
   4.3693797515970889E-003
   1.8198106143160135E-002
   3.5624108718918544E-002
   5.7065106306113673E-002
   8.2939884008163475E-002
  0.11366738179191678     
  0.14966613973373133     
  0.19135394369808625     
  0.23914752082819793     
  0.29346229355065218     
  0.35471214272295815     
  0.42330924161695099     
  0.49966400497757563     
  0.58418533909422465     
  0.67728149038064711     
  -2.5787349240760905E-002
  -2.4734543183371434E-002
  -2.2226715802383400E-002
  -1.8210922066162177E-002
  -1.2465858692492036E-002
  -4.7231916147364300E-003
   5.3012304778622225E-003
   1.7897655151259500E-002
   3.3358788183289106E-002
   5.1978230772127675E-002
   7.4049663043632544E-002
   9.9866358609590103E-002
  0.12972079199894632     
  0.16390427977674804     
  0.20270655826782966     
  0.24641527101820629     
  0.29531527448593248     
  0.34968769086159263     
  0.40980857750367089     
  0.47594728984791107     
  -2.7075025194829606E-002
  -2.6542115648458056E-002
  -2.5090221544240562E-002
  -2.2757101381922617E-002
  -1.9450469395856370E-002
  -1.5040104630061920E-002
  -9.3830803700060573E-003
  -2.3315813470567662E-003
   6.2642439984167053E-003
   1.6555050517036197E-002
   2.8691687152068223E-002
   4.2824814330333909E-002
   5.9104615852619363E-002
   7.7680501777928387E-002
   9.8700761627609046E-002
  0.12231209087561695     
  0.14865891844348086     
  0.17788232816422211     
  0.21011770344689354     
  0.24548536670990284     
  -2.8398499547863113E-002
  -2.8434541971976778E-002
  -2.8111389300018705E-002
  -2.7578111460263368E-002
  -2.6880352483307456E-002
  -2.6034830346953232E-002
  -2.5048919321301932E-002
  -2.3926379671444224E-002
  -2.2669370149843687E-002
  -2.1279264380642687E-002
  -1.9757028351443613E-002
  -1.8103411774930148E-002
  -1.6319059532509901E-002
  -1.4404583650117722E-002
  -1.2360619447204731E-002
  -1.0187858078824101E-002
  -7.8869012275712188E-003
  -5.4565235290492727E-003
  -2.8787508755183768E-003
  -1.3113417000558692E-007
