  -8.3528382969612815E-003
  -8.8320928793897240E-003
  -9.9444221918306656E-003
  -1.1633980090120788E-002
  -1.3922991685471630E-002
  -1.6860980649717666E-002
  -2.0508301946713544E-002
  -2.4930090715972957E-002
  -3.0193717368472487E-002
  -3.6367726858605669E-002
  -4.3521299650764136E-002
  -5.1724053331944547E-002
  -6.1045910794988244E-002
  -7.1557090233882861E-002
  -8.3328074098029128E-002
  -9.6429641630193769E-002
 -0.11093286409496823     
 -0.12690914195080708     
 -0.14443020481468682     
 -0.16356814226873825     
 -0.18439540143070154     
 -0.20698480816713602     
 -0.23140955968858512     
 -0.25774323549523970     
 -0.28605978410959171     
 -0.31643352405875341     
 -0.34893912464042964     
 -0.38365159770991569     
 -0.42064627283813605     
 -0.45999878095107705     
 -0.50178502456977236     
 -0.54608115454985495     
 -0.59296353635206489     
 -0.64250872127978309     
 -0.69479340993105032     
 -0.74989441943774471     
 -0.80788864539817939     
 -0.86885302668089792     
 -0.93286450722878589     
  -1.0000000000000000     
  -8.3415077769837826E-003
  -8.8166783354761517E-003
  -9.9197288248632897E-003
  -1.1595443639104952E-002
  -1.3866045184811835E-002
  -1.6780751832526013E-002
  -2.0399554753900311E-002
  -2.4787130470522781E-002
  -3.0010405047383656E-002
  -3.6137426186178032E-002
  -4.3236901825499961E-002
  -5.1377938695603774E-002
  -6.0629972526195411E-002
  -7.1062703704161456E-002
  -8.2746117148397330E-002
  -9.5750469121506795E-002
 -0.11014632451850928     
 -0.12600455595215163     
 -0.14339637846371264     
 -0.16239334881854747     
 -0.18306739171958611     
 -0.20549079510803644     
 -0.22973622628871371     
 -0.25587672170928899     
 -0.28398569293048309     
 -0.31413691045969616     
 -0.34640450014238522     
 -0.38086292120305210     
 -0.41758695397880680     
 -0.45665167270095497     
 -0.49813242572147404     
 -0.54210480385672566     
 -0.58864461442862126     
 -0.63782784621969302     
 -0.68973063877703433     
 -0.74442924520188514     
 -0.80199999824626822     
 -0.86251927227956349     
 -0.92606344774190363     
 -0.99270887369275973     
  -8.3078921696494844E-003
  -8.7708996804579560E-003
  -9.8462217353139335E-003
  -1.1480635902647552E-002
  -1.3696250781143039E-002
  -1.6541471963422639E-002
  -2.0075112807590209E-002
  -2.4360565421904200E-002
  -2.9463351326199694E-002
  -3.5450105384297166E-002
  -4.2388059229703394E-002
  -5.0344854594718276E-002
  -5.9388417947552362E-002
  -6.9586953986472133E-002
  -8.1008916602955006E-002
  -9.3723042462556153E-002
 -0.10779834683856919     
 -0.12330416105188398     
 -0.14031013261117559     
 -0.15888625609369531     
 -0.17910287082400381     
 -0.20103068219533998     
 -0.22474075445496702     
 -0.25030452188674335     
 -0.27779377587842363     
 -0.30728066630632728     
 -0.33883768280196774     
 -0.37253764711394444     
 -0.40845368893152051     
 -0.44665923026114113     
 -0.48722795648140055     
 -0.53023379395998571     
 -0.57575087726331264     
 -0.62385352138180761     
 -0.67461618621292208     
 -0.72811344486286089     
 -0.78441994666502468     
 -0.84361038308205138     
 -0.90575945061084895     
 -0.97094181581669503     
  -8.2531722880795338E-003
  -8.6960877084004753E-003
  -9.7256660082184320E-003
  -1.1291898801099536E-002
  -1.3416776124682036E-002
  -1.6147296238996904E-002
  -1.9540389416433452E-002
  -2.3657271660184144E-002
  -2.8561198245263486E-002
  -3.4316424742886126E-002
  -4.0987789937121419E-002
  -4.8640477869183213E-002
  -5.7339960648398608E-002
  -6.7151941238428561E-002
  -7.8142377157004950E-002
  -9.0377469499088398E-002
 -0.10392370130125632     
 -0.11884783726560821     
 -0.13521695872382813     
 -0.15309846315948186     
 -0.17256009056599036     
 -0.19366991901998293     
 -0.21649638113339104     
 -0.24110825434417846     
 -0.26757466751549108     
 -0.29596508559643897     
 -0.32634930698376236     
 -0.35879744272301128     
 -0.39337990554847191     
 -0.43016738414007011     
 -0.46923082495915558     
 -0.51064140234131938     
 -0.55447049439759488     
 -0.60078964993460859     
 -0.64967055980365040     
 -0.70118502180196396     
 -0.75540490892494949     
 -0.81240213351432500     
 -0.87224861389773078     
 -0.93501623910842879     
  -8.1792575987264925E-003
  -8.5944763865315309E-003
  -9.5609383048413845E-003
  -1.1033131338575426E-002
  -1.3032817574542017E-002
  -1.5605111934541629E-002
  -1.8804292238710486E-002
  -2.2688622981795071E-002
  -2.7318186875374930E-002
  -3.2754000041613600E-002
  -3.9057561465147418E-002
  -4.6290700762052071E-002
  -5.4515471796658901E-002
  -6.3794156456946680E-002
  -7.4189241525709146E-002
  -8.5763455320001042E-002
  -9.8579765302919842E-002
 -0.11270141630241971     
 -0.12819193116514965     
 -0.14511514184745275     
 -0.16353518741014500     
 -0.18351653565155215     
 -0.20512397645058991     
 -0.22842263364142423     
 -0.25347795306447762     
 -0.28035570513155478     
 -0.30912196756555094     
 -0.33984311945191881     
 -0.37258581902127696     
 -0.40741699019392974     
 -0.44440379603421720     
 -0.48361361894925226     
 -0.52511403066366458     
 -0.56897276735210078     
 -0.61525769715792200     
 -0.66403679162273632     
 -0.71537809190202983     
 -0.76934967790034980     
 -0.82601963441786352     
 -0.88545601940284191     
  -8.0888160150443152E-003
  -8.4691125518022090E-003
  -9.3560387411440408E-003
  -1.0709681390855371E-002
  -1.2551571765775768E-002
  -1.4924394107485870E-002
  -1.7879134143756692E-002
  -2.1470288320776552E-002
  -2.5753984482469183E-002
  -3.0787115365565738E-002
  -3.6627007459599854E-002
  -4.3331228630032900E-002
  -5.0957555370452011E-002
  -5.9563929426226854E-002
  -6.9208488901822796E-002
  -7.9949561574706521E-002
  -9.1845705330297261E-002
 -0.10495570912085361     
 -0.11933862840436080     
 -0.13505378510175675     
 -0.15216079422084247     
 -0.17071955995465718     
 -0.19079029275658166     
 -0.21243350062159125     
 -0.23570999689856556     
 -0.26068088655657262     
 -0.28740756542571361     
 -0.31595170165243597     
 -0.34637522727407244     
 -0.37874031534344177     
 -0.41310936488985622     
 -0.44954497441254859     
 -0.48810992139579334     
 -0.52886713304990796     
 -0.57187966163498682     
 -0.61721065346824300     
 -0.66492332136620524     
 -0.71508091303476973     
 -0.76774668195881401     
 -0.82298385634331028     
  -7.9851756629050318E-003
  -8.3238673874256493E-003
  -9.1159776395630301E-003
  -1.0328318109001384E-002
  -1.1982083114476705E-002
  -1.4117111297839033E-002
  -1.6780413656620322E-002
  -2.0022041021492600E-002
  -2.3893364679814118E-002
  -2.8446401432672453E-002
  -3.3733468669241998E-002
  -3.9807087215028666E-002
  -4.6719905333514264E-002
  -5.4524718934098867E-002
  -6.3274457902993797E-002
  -7.3022227611716284E-002
  -8.3821309370446295E-002
  -9.5725199865365707E-002
 -0.10878761262641565     
 -0.12306250942846925     
 -0.13860409878386951     
 -0.15546685805262259     
 -0.17370552767260786     
 -0.19337512412614732     
 -0.21453092956362832     
 -0.23722849624834563     
 -0.26152363165607229     
 -0.28747239522689028     
 -0.31513107928914796     
 -0.34455619907512058     
 -0.37580447002460443     
 -0.40893279212118722     
 -0.44399822430393038     
 -0.48105796426138442     
 -0.52016932082182976     
 -0.56138969039957287     
 -0.60477652834139328     
 -0.65038732324843640     
 -0.69827956832464400     
 -0.74851073479294106     
  -7.8723328941833239E-003
  -8.1633220616700985E-003
  -8.8467554461498354E-003
  -9.8970818974970943E-003
  -1.1335158776144065E-002
  -1.3197507425684974E-002
  -1.5526629590539756E-002
  -1.8367434350930696E-002
  -2.1765881280854601E-002
  -2.5768359490205898E-002
  -3.0421478840780666E-002
  -3.5771942525944220E-002
  -4.1866549122257832E-002
  -4.8752168949260363E-002
  -5.6475785699996825E-002
  -6.5084495870723444E-002
  -7.4625552106113838E-002
  -8.5146365908596394E-002
  -9.6694543712619249E-002
 -0.10931788744894305     
 -0.12306442151093079     
 -0.13798238959027145     
 -0.15412027261117775     
 -0.17152678141711813     
 -0.19025086629239174     
 -0.21034170551622913     
 -0.23184870727120868     
 -0.25482149431674278     
 -0.27930989917361315     
 -0.30536394534648553     
 -0.33303383674370324     
 -0.36236993603240403     
 -0.39342274931452570     
 -0.42624290233150552     
 -0.46088112146717808     
 -0.49738820862716115     
 -0.53581501966987877     
 -0.57621243886300821     
 -0.61863135584900331     
 -0.66312264062317072     
  -7.7548345114727820E-003
  -7.9927556711279369E-003
  -8.5552203172697943E-003
  -9.4252167368789053E-003
  -1.0623163722069546E-002
  -1.2181937506552869E-002
  -1.4138971741368273E-002
  -1.6533495750615919E-002
  -1.9405405006693063E-002
  -2.2794861850008234E-002
  -2.6742089435676072E-002
  -3.1287346974809629E-002
  -3.6470893740680903E-002
  -4.2333030857113513E-002
  -4.8914100089888821E-002
  -5.6254531710240668E-002
  -6.4394848680772443E-002
  -7.3375707638147838E-002
  -8.3237901415350396E-002
  -9.4022390795404809E-002
 -0.10577030364116387     
 -0.11852295758623992     
 -0.13232185541916058     
 -0.14720869945122445     
 -0.16322538320331312     
 -0.18041399830129803     
 -0.19881682268292483     
 -0.21847632089226160     
 -0.23943512914720638     
 -0.26173604992284671     
 -0.28542203433690588     
 -0.31053617193959965     
 -0.33712167098578888     
 -0.36522184437905242     
 -0.39488008849790657     
 -0.42613986626460804     
 -0.45904468527073289     
 -0.49363807894836143     
 -0.52996358479162164     
 -0.56806472459345181     
  -7.6377665767852990E-003
  -7.8180103252658423E-003
  -8.2490200811592227E-003
  -8.9229842485132899E-003
  -9.8598864934737202E-003
  -1.1088585953479353E-002
  -1.2641052134784997E-002
  -1.4550297161486430E-002
  -1.6849664700558598E-002
  -1.9572512715618995E-002
  -2.2752156034327519E-002
  -2.6421819412380979E-002
  -3.0614682646295840E-002
  -3.5363881423209557E-002
  -4.0702561932555392E-002
  -4.6663887880197166E-002
  -5.3281087366783830E-002
  -6.0587457750535340E-002
  -6.8616402432106871E-002
  -7.7401432147140362E-002
  -8.6976192286665879E-002
  -9.7374460623983278E-002
 -0.10863016625617941     
 -0.12077738401727410     
 -0.13385034607654522     
 -0.14788343332256693     
 -0.16291118055241791     
 -0.17896826513879538     
 -0.19608950667869590     
 -0.21430985330973956     
 -0.23366437665942458     
 -0.25418825624887154     
 -0.27591677057930142     
 -0.29888528013762178     
 -0.32312921546034484     
 -0.34868405932390772     
 -0.37558533262616672     
 -0.40386857639650903     
 -0.43356933632314382     
 -0.46472314524833586     
  -7.5266207189498653E-003
  -7.6454591963264675E-003
  -7.9364359479398294E-003
  -8.4015624925226715E-003
  -9.0602911169960654E-003
  -9.9372440807527860E-003
  -1.1058521647899019E-002
  -1.2450553872803100E-002
  -1.4139665533957379E-002
  -1.6152001475351525E-002
  -1.8513484346302164E-002
  -2.1249875195478458E-002
  -2.4386784769987048E-002
  -2.7949740726342754E-002
  -3.1964201169482669E-002
  -3.6455609938968979E-002
  -4.1449405197902869E-002
  -4.6971062143946633E-002
  -5.3046096750733754E-002
  -5.9700097841787647E-002
  -6.6958726941023311E-002
  -7.4847741564875059E-002
  -8.3392991942105935E-002
  -9.2620436969762174E-002
 -0.10255613832013530     
 -0.11322627018401324     
 -0.12465711114413447     
 -0.13687504862784183     
 -0.14990656887850876     
 -0.16377825692669618     
 -0.17851678499984713     
 -0.19414890876238591     
 -0.21070145454154188     
 -0.22820131255711892     
 -0.24667542338816717     
 -0.26615076889496075     
 -0.28665435839455039     
 -0.30821321795924472     
 -0.33085437680068630     
 -0.35460485560341259     
  -7.4272673394668032E-003
  -7.4818557649732930E-003
  -7.6263120715070040E-003
  -7.8728321178325421E-003
  -8.2403438436117575E-003
  -8.7489787167897032E-003
  -9.4187354812389837E-003
  -1.0269112488942567E-002
  -1.1319125882434153E-002
  -1.2587335760842812E-002
  -1.4091959935763027E-002
  -1.5850918267288509E-002
  -1.7881926527027289E-002
  -2.0202525092904693E-002
  -2.2830148200566440E-002
  -2.5782139580916168E-002
  -2.9075803235122558E-002
  -3.2728410720976771E-002
  -3.6757238622085416E-002
  -4.1179570628687302E-002
  -4.6012725143771659E-002
  -5.1274053980637342E-002
  -5.6980962347872977E-002
  -6.3150905188849110E-002
  -6.9801401059498974E-002
  -7.6950026704587116E-002
  -8.4614425917379818E-002
  -9.2812302735477858E-002
 -0.10156142612702693     
 -0.11087962209997153     
 -0.12078477491961913     
 -0.13129481840263998     
 -0.14242773429001407     
 -0.15420154300740205     
 -0.16663429976816790     
 -0.17974408510479151     
 -0.19354899924177763     
 -0.20806715272644175     
 -0.22331665958053684     
 -0.23931562837575920     
  -7.3458105706670877E-003
  -7.3342866861943606E-003
  -7.3278720900401603E-003
  -7.3492500622299606E-003
  -7.4167336980323802E-003
  -7.5458665713282027E-003
  -7.7503156906457713E-003
  -8.0424794524435912E-003
  -8.4338088465961344E-003
  -8.9350865194997992E-003
  -9.5565634384435199E-003
  -1.0308112698203318E-002
  -1.1199292681496166E-002
  -1.2239442018898037E-002
  -1.3437709340160814E-002
  -1.4803116573280728E-002
  -1.6344572358876014E-002
  -1.8070916512104108E-002
  -1.9990925064465679E-002
  -2.2113342540943614E-002
  -2.4446882549401677E-002
  -2.7000251594835493E-002
  -2.9782147212495582E-002
  -3.2801275548797457E-002
  -3.6066348080932377E-002
  -3.9586094392592988E-002
  -4.3369258042612324E-002
  -4.7424605514997491E-002
  -5.1760921560236144E-002
  -5.6387015039257082E-002
  -6.1311713948817112E-002
  -6.6543868723653365E-002
  -7.2092347112085314E-002
  -7.7966035404110887E-002
  -8.4173833312438773E-002
  -9.0724653530661226E-002
  -9.7627416779891771E-002
 -0.10489105005512379     
 -0.11252448200774316     
 -0.12053664020053710     
  -7.2885502807044497E-003
  -7.2100108721106729E-003
  -7.0506330626110810E-003
  -6.8436174473402844E-003
  -6.6066725760439600E-003
  -6.3506299729624710E-003
  -6.0827722296812586E-003
  -5.8082542696596684E-003
  -5.5308890632973897E-003
  -5.2535360176313318E-003
  -4.9783954380347153E-003
  -4.7071496038258746E-003
  -4.4411081964710010E-003
  -4.1812666411810209E-003
  -3.9283907767743240E-003
  -3.6830416893312268E-003
  -3.4456304701765963E-003
  -3.2164280580736187E-003
  -2.9956032608251886E-003
  -2.7832256207349724E-003
  -2.5792931498206844E-003
  -2.3837319927230067E-003
  -2.1964173609306820E-003
  -2.0171718555350728E-003
  -1.8457816325848065E-003
  -1.6819943205803659E-003
  -1.5255316763319701E-003
  -1.3760875608682859E-003
  -1.2333379067732827E-003
  -1.0969389716104748E-003
  -9.6653517544279910E-004
  -8.4175772485120309E-004
  -7.2223071524959894E-004
  -6.0757015679790527E-004
  -4.9738862926336925E-004
  -3.9129471475327429E-004
  -2.8889642050186458E-004
  -1.8980101633224835E-004
  -9.3617389642966921E-005
   4.3711390001862412E-008
  -7.2618309467212790E-003
  -7.1164026682275219E-003
  -6.8042126022475370E-003
  -6.3689379818310417E-003
  -5.8275980868569034E-003
  -5.1863455936814393E-003
  -4.4460345381363260E-003
  -3.6046167805501485E-003
  -2.6582343966377597E-003
  -1.6018599106268532E-003
  -4.2961639192100505E-004
   8.6497317470343217E-004
   2.2888692213979952E-003
   3.8493921787857740E-003
   5.5541759148204899E-003
   7.4110963282270816E-003
   9.4282529358602693E-003
   1.1613922795220420E-002
   1.3976554159152841E-002
   1.6524734195793322E-002
   1.9267187708544846E-002
   2.2212752986405945E-002
   2.5370382296271060E-002
   2.8749122809979873E-002
   3.2358117268169902E-002
   3.6206588230992931E-002
   4.0303838150758074E-002
   4.4659235901624628E-002
   4.9282215939117371E-002
   5.4182266479630155E-002
   5.9368927666240641E-002
   6.4851781027417274E-002
   7.0640446702691664E-002
   7.6744573977930955E-002
   8.3173837697312722E-002
   8.9937929784534909E-002
   9.7046555003464360E-002
  0.10450942344990469     
  0.11233624583579699     
  0.12053672698590635     
  -7.2719973857128251E-003
  -7.0607871049040566E-003
  -6.5982347808513087E-003
  -5.9381783864242317E-003
  -5.0969608423226736E-003
  -4.0760660766544100E-003
  -2.8700519897031573E-003
  -1.4697364602041080E-003
   1.3625906480094018E-004
   1.9607621529037652E-003
   4.0175755135659361E-003
   6.3212392607101568E-003
   8.8868340817380258E-003
   1.1729893042325549E-002
   1.4866301610797278E-002
   1.8312263516601680E-002
   2.2084242188593357E-002
   2.6198948347960313E-002
   3.0673301659474211E-002
   3.5524427138905003E-002
   4.0769627529779230E-002
   4.6426382766378331E-002
   5.2512328323043596E-002
   5.9045255007750520E-002
   6.6043090715924443E-002
   7.3523899260871481E-002
   8.1505864090347227E-002
   9.0007285596566552E-002
   9.9046565991435118E-002
  0.10864220494477486     
  0.11881278520378549     
  0.12957696664276291     
  0.14095347246400849     
  0.15296108188035140     
  0.16561861690229843     
  0.17894493395340999     
  0.19295891136027948     
  0.20767944024013976     
  0.22312541288220994     
  0.23931571325819195     
  -7.3252432104737109E-003
  -7.0503793357403633E-003
  -6.4421362494098237E-003
  -5.5641221019166950E-003
  -4.4319243458130764E-003
  -3.0425220089963334E-003
  -1.3843195212464535E-003
   5.5875019142457519E-004
   2.8053953791502789E-003
   5.3759786822562775E-003
   8.2920198528689763E-003
   1.1575854015594741E-002
   1.5250462768838379E-002
   1.9339323198405891E-002
   2.3866344752275365E-002
   2.8855790100443788E-002
   3.4332251773474411E-002
   4.0320604737053664E-002
   4.6845998795811611E-002
   5.3933826576380496E-002
   6.1609721659264545E-002
   6.9899534382342435E-002
   7.8829331114280518E-002
   8.8425373999584389E-002
   9.8714119203953413E-002
  0.10972219851319039     
  0.12147641557262946     
  0.13400372821824469     
  0.14733124237548950     
  0.16148619457333102     
  0.17649594354094816     
  0.19238795271991466     
  0.20918977982364614     
  0.22692905940543079     
  0.24563349078362287     
  0.26533082088613941     
  0.28604883102361284     
  0.30781532033698572     
  0.33065809193725459     
  0.35460493734513138     
  -7.4275654279240674E-003
  -7.0921227034227256E-003
  -6.3450720811147124E-003
  -5.2591335558677304E-003
  -3.8491539587200176E-003
  -2.1077490886738433E-003
  -1.7482419953313569E-005
   2.4443220278614962E-003
   5.3033355689671453E-003
   8.5871432960219797E-003
   1.2324602669208415E-002
   1.6545514585491718E-002
   2.1280378179487164E-002
   2.6560274088428305E-002
   3.2416750115972261E-002
   3.8881778083608466E-002
   4.5987691866918000E-002
   5.3767172500469737E-002
   6.2253209787333424E-002
   7.1479098063512464E-002
   8.1478408990224876E-002
   9.2284990304962344E-002
  0.10393294381698585     
  0.11645662357194848     
  0.12989061595149778     
  0.14426973559048312     
  0.15962900594572255     
  0.17600365229688653     
  0.19342908198019240     
  0.21194087436854928     
  0.23157476048193124     
  0.25236661018667644     
  0.27435241123524429     
  0.29756825414172672     
  0.32205031093480352     
  0.34783481830084217     
  0.37495805648774044     
  0.40345633138122389     
  0.43336595409185480     
  0.46472322265736282     
  -7.5846182260049504E-003
  -7.1926304991043518E-003
  -6.3157294504364728E-003
  -5.0350179604869705E-003
  -3.3645288515573566E-003
  -1.2928025314548485E-003
   1.2031186163575895E-003
   4.1520739001360786E-003
   7.5862956690015649E-003
   1.1540111591654805E-002
   1.6049286599828887E-002
   2.1150597170533275E-002
   2.6881614188862934E-002
   3.3280526751792154E-002
   4.0386063477669452E-002
   4.8237406404452697E-002
   5.6874162894715002E-002
   6.6336317211566798E-002
   7.6664221736647400E-002
   8.7898565508590501E-002
  0.10008037189103301     
  0.11325097469221730     
  0.12745201647251689     
  0.14272542758116533     
  0.15911342237784395     
  0.17665847876534713     
  0.19540333111860733     
  0.21539094909665651     
  0.23666452690536413     
  0.25926746089267988     
  0.28324333527173140     
  0.30863589847169004     
  0.33548904576722993     
  0.36384679467618269     
  0.39375326514802761     
  0.42525265451692523     
  0.45838921602854044     
  0.49320723399749072     
  0.52975100151570376     
  0.56806479654098829     
  -7.8016714651348322E-003
  -7.3580334468261021E-003
  -6.3622413011164575E-003
  -4.9028006315568430E-003
  -2.9929469405762053E-003
  -6.1740918940991014E-004
   2.2518137718598313E-003
   5.6492588987624281E-003
   9.6131559401713314E-003
   1.4184056504945801E-002
   1.9404046580453312E-002
   2.5316336731324579E-002
   3.1964974131076157E-002
   3.9394699938534408E-002
   4.7650822256163211E-002
   5.6779164601385060E-002
   6.6826001093225992E-002
   7.7838039172112919E-002
   8.9862381456658758E-002
  0.10294652092603301     
  0.11713831444634956     
  0.13248598100261627     
  0.14903807979715467     
  0.16684350716816271     
  0.18595147566088771     
  0.20641150760899690     
  0.22827341334188866     
  0.25158728062426527     
  0.27640345116536097     
  0.30277250582047854     
  0.33074523920014431     
  0.36037264098602911     
  0.39170586886616832     
  0.42479622661517819     
  0.45969513587937821     
  0.49645411186606686     
  0.53512473470385113     
  0.57575862370102793     
  0.61840740912933201     
  0.66312270606005996     
  -8.0834752839728102E-003
  -7.5939295995995811E-003
  -6.4920158723425683E-003
  -4.8726032193175802E-003
  -2.7480633312218054E-003
  -9.9712754464944387E-005
   3.1050152802524883E-003
   6.9057365660779692E-003
   1.1346089920692521E-002
   1.6472182554904694E-002
   2.2331796444256209E-002
   2.8973891494797937E-002
   3.6448346478784761E-002
   4.4805761219370716E-002
   5.4097363942091005E-002
   6.4374919276984868E-002
   7.5690695732043109E-002
   8.8097416629181705E-002
  0.10164825014947290     
  0.11639677868059396     
  0.13239699610718614     
  0.14970328462465213     
  0.16837041237926631     
  0.18845351238618074     
  0.21000807728110232     
  0.23308993760557972     
  0.25775525222673468     
  0.28406048465609257     
  0.31206238868609720     
  0.34181798225415738     
  0.37338452845578990     
  0.40681950702662989     
  0.44218059129882548     
  0.47952561776764385     
  0.51891255983588558     
  0.56039949620920915     
  0.60404458245536252     
  0.64990601915608082     
  0.69804202240881374     
  0.74851079276496579     
  -8.4342270539070133E-003
  -7.9052474591845435E-003
  -6.7116655476504418E-003
  -4.9534485687754998E-003
  -2.6421244920313823E-003
   2.4403110218397373E-004
   3.7415320016959434E-003
   7.8944454436817389E-003
   1.2751089491469905E-002
   1.8362434001636407E-002
   2.4781196415414951E-002
   3.2061365369321471E-002
   4.0257877633071280E-002
   4.9426453314718455E-002
   5.9623458309466131E-002
   7.0905845233727227E-002
   8.3331086375621727E-002
   9.6957154083566408E-002
  0.11184248308627370     
  0.12804596505727156     
  0.14562692313070005     
  0.16464510976265317     
  0.18516068540717404     
  0.20723421463124683     
  0.23092664491841139     
  0.25629929867831347     
  0.28341385014258469     
  0.31233231230544978     
  0.34311701100884556     
  0.37583056666957559     
  0.41053586537281223     
  0.44729603577558008     
  0.48617441753092755     
  0.52723453413017729     
  0.57054005934484653     
  0.61615478703151028     
  0.66414259653736951     
  0.71456742066075729     
  0.76749321113158087     
  0.82298390600510773     
  -8.8574516828056737E-003
  -8.2962092574263308E-003
  -7.0268597962405135E-003
  -5.1531626871635034E-003
  -2.6857462198647468E-003
   3.9966226236951854E-004
   4.1429149211132952E-003
   8.5917715410847636E-003
   1.3798490199398033E-002
   1.9818084037276074E-002
   2.6707424007200182E-002
   3.4524687191789048E-002
   4.3329063886090341E-002
   5.3180542676198823E-002
   6.4139805872034841E-002
   7.6268132853037351E-002
   8.9627363412946220E-002
  0.10427984834222198     
  0.12028843818423615     
  0.13771645351944498     
  0.15662768183712281     
  0.17708635533812772     
  0.19915714815418806     
  0.22290515575270509     
  0.24839588883977343     
  0.27569525136443490     
  0.30486952943813672     
  0.33598536647532828     
  0.36910974656060591     
  0.40430996618673776     
  0.44165361218443472     
  0.48120853014192305     
  0.52304279748451388     
  0.56722468911523494     
  0.61382264657657026     
  0.66290524179271626     
  0.71454114349427755     
  0.76879908018608911     
  0.82574780517396451     
  0.88545606003023103     
  -9.3559808041309492E-003
  -8.7702152328813163E-003
  -7.4422756218170917E-003
  -5.4782143350861050E-003
  -2.8877885175281966E-003
   3.5536230537757768E-004
   4.2937003273763198E-003
   8.9779255868790292E-003
   1.4463380627496764E-002
   2.0808296304440952E-002
   2.8072805669059318E-002
   3.6318418030895978E-002
   4.5607669927974673E-002
   5.6003942617057448E-002
   6.7571316562462458E-002
   8.0374505781833874E-002
   9.4478789149489401E-002
  0.10994998838698844     
  0.12685443090750012     
  0.14525894354272359     
  0.16523082813472473     
  0.18683785901753061     
  0.21014826263569969     
  0.23523071322890199     
  0.26215431213120416     
  0.29098857903641318     
  0.32180342878204149     
  0.35466915707427249     
  0.38965641375800003     
  0.42683618275081631     
  0.46627975155878754     
  0.50805868574234847     
  0.55224479497754864     
  0.59891010279729873     
  0.64812680991383198     
  0.69996726030336032     
  0.75450390282982682     
  0.81180925498295564     
  0.87195586407779624     
  0.93501627010897115     
  -9.9318526943956310E-003
  -9.3298247119436590E-003
  -7.9614803826357685E-003
  -5.9336504574522666E-003
  -3.2551839716945486E-003
   1.0180116670901856E-004
   4.1816714434659945E-003
   9.0372091831426322E-003
   1.4725995199843708E-002
   2.1308553982745601E-002
   2.8847388814154249E-002
   3.7406393582601005E-002
   4.7050535181597408E-002
   5.7845626570861716E-002
   6.9858212586104321E-002
   8.3155469937786858E-002
   9.7805166666355234E-002
  0.11387561252057073     
  0.13143564611212694     
  0.15055460604845219     
  0.17130232711186497     
  0.19374911912957249     
  0.21796576381857716     
  0.24402349513039201     
  0.27199399282129444     
  0.30194936111199311     
  0.33396211715856339     
  0.36810516646743308     
  0.40445178557467354     
  0.44307559358756898     
  0.48405052906588369     
  0.52745081767898738     
  0.57335094376010942     
  0.62182561453449714     
  0.67294972719361357     
  0.72679833053431453     
  0.78344658871284745     
  0.84296974145357195     
  0.90544306588979551     
  0.97094183673833256     
  -1.0586306320214711E-002
  -9.9766661339073734E-003
  -8.5869089842700759E-003
  -6.5229778893727856E-003
  -3.7928623248776961E-003
  -3.6768785779706689E-004
   3.7980147870407808E-003
   8.7582765829653884E-003
   1.4571983138567888E-002
   2.1301043673375517E-002
   2.9009360322834802E-002
   3.7762271021055296E-002
   4.7626184373796204E-002
   5.8668384290242209E-002
   7.0956879245351406E-002
   8.4560331016653847E-002
   9.9547984857073044E-002
  0.11598964486550402     
  0.13395563720872933     
  0.15351680253697814     
  0.17474447246331484     
  0.19771046636456663     
  0.22248707202500895     
  0.24914704099698312     
  0.27776356893643178     
  0.30841028678153998     
  0.34116123853487529     
  0.37609086705432349     
  0.41327398822564737     
  0.45278577100326978     
  0.49470170762591142     
  0.53909758806802632     
  0.58604946643829814     
  0.63563363038720355     
  0.68792656422374143     
  0.74300491416023084     
  0.80094544904460152     
  0.86182502263830996     
  0.92572053319283987     
  0.99270888423040782     
  -1.1319703447716784E-002
  -1.0711439343636778E-002
  -9.3197816314967256E-003
  -7.2481379506681284E-003
  -4.5036373967654395E-003
  -1.0570322767360042E-003
   3.1374844728609716E-003
   8.1342820122309555E-003
   1.3992647550938066E-002
   2.0774898739739481E-002
   2.8545388022558425E-002
   3.7369896848585084E-002
   4.7315302943217417E-002
   5.8449346679069349E-002
   7.0840509676725172E-002
   8.4557912781728500E-002
   9.9671271799034081E-002
  0.11625084767302542     
  0.13436743151912606     
  0.15409231625374908     
  0.17549729149457741     
  0.19865462322855024     
  0.22363704995470290     
  0.25051776404174370     
  0.27937040511006700     
  0.31026903994877669     
  0.34328815131267654     
  0.37850261487612669     
  0.41598768272728831     
  0.45581895670025491     
  0.49807236644687625     
  0.54282413899326087     
  0.59015077163086849     
  0.64012899789279765     
  0.69283575578792178     
  0.74834815071104466     
  0.80674341984038467     
  0.86809889284720088     
  0.93249195361666881     
  0.99999999999999623     
  -1.2131538639253989E-002
  -1.1533854915637133E-002
  -1.0160111386674237E-002
  -8.1094354337008651E-003
  -5.3881873244093614E-003
  -1.9673249790305245E-003
   2.1984614962914429E-003
   7.1630123722002175E-003
   1.2985057513288805E-002
   1.9726384781748613E-002
   2.7450801245243441E-002
   3.6223563046556023E-002
   4.6111004079722406E-002
   5.7180332713948713E-002
   6.9499478630284536E-002
   8.3137016950540710E-002
   9.8162097751464214E-002
  0.11464441848582838     
  0.13265418725576003     
  0.15226211319629807     
  0.17353938333528843     
  0.19655765802842295     
  0.22138905226456299     
  0.24810613031429021     
  0.27678188711596086     
  0.30748973949208902     
  0.34030350553133087     
  0.37529739127980888     
  0.41254596718909248     
  0.45212414996128691     
  0.49410717571960705     
  0.53857057705219202     
  0.58559015285287885     
  0.63524194078300278     
  0.68760218390978789     
  0.74274729895399150     
  0.80075384007430439     
  0.86169846352220325     
  0.92565788928074477     
  0.99270886315510387     
  -1.3020384359606726E-002
  -1.2442660059708545E-002
  -1.1106660286552566E-002
  -9.1055556874053561E-003
  -6.4450049217200222E-003
  -3.0968249180308455E-003
   9.8301275575826534E-004
   5.8469062191371978E-003
   1.1552121036927146E-002
   1.8158942473378108E-002
   2.5729683384086134E-002
   3.4328078758378025E-002
   4.4018947126759224E-002
   5.4867955523237595E-002
   6.6941493337598620E-002
   8.0306569635091016E-002
   9.5030765353277563E-002
  0.11118218324159763     
  0.12882943013951045     
  0.14804158855682167     
  0.16888820942914512     
  0.19143929193230150     
  0.21576527811555773     
  0.24193703476133063     
  0.27002584605271734     
  0.30010339460582747     
  0.33224175058706923     
  0.36651335069329810     
  0.40299098324931637     
  0.44174776472648375     
  0.48285712084647131     
  0.52639276055570572     
  0.57242865327858927     
  0.62103900029814274     
  0.67229820822384823     
  0.72628085766438810     
  0.78306167291898210     
  0.84271548790054684     
  0.90531721225494433     
  0.97094179489505017     
  -1.3983915999861655E-002
  -1.3435609849454307E-002
  -1.2156979219605899E-002
  -1.0233543529694777E-002
  -7.6704361622728168E-003
  -4.4409452324702774E-003
  -5.0315123468570064E-004
   4.1930511346928373E-003
   9.7025330204864209E-003
   1.6083165240900279E-002
   2.3394803613365805E-002
   3.1698722302983109E-002
   4.1057245592027267E-002
   5.1533541506168304E-002
   6.3191469049162161E-002
   7.6095498820959562E-002
   9.0310642426076726E-002
  0.10590242167402404     
  0.12293683156522937     
  0.14148032783855966     
  0.16159980350983474     
  0.18336258194691080     
  0.20683639801546816     
  0.23208939102108048     
  0.25919008638524760     
  0.28820738609736912     
  0.31921054923012915     
  0.35226917920605594     
  0.38745320269740657     
  0.42483285383273545     
  0.46447865159119739     
  0.50646138133460361     
  0.55085207086823529     
  0.59772196949971435     
  0.64714252261525951     
  0.69918534799777132     
  0.75392220829653733     
  0.81142498391612272     
  0.87176564256178013     
  0.93501620810787933     
  -1.5018878416246849E-002
  -1.4509518398161485E-002
  -1.3307404107360305E-002
  -1.1488863527167428E-002
  -9.0586953250770298E-003
  -5.9923315363285606E-003
  -2.2507245980223248E-003
   2.2130724087277092E-003
   7.4506791762751091E-003
   1.3516638557074008E-002
   2.0467456470087301E-002
   2.8361012358743824E-002
   3.7256223147625701E-002
   4.7212811830928833E-002
   5.8291179083309684E-002
   7.0552301426007311E-002
   8.4057680262820136E-002
   9.8869291705531950E-002
  0.11504956561257237     
  0.13266135663429274     
  0.15176793393322655     
  0.17243296032452443     
  0.19472048426657210     
  0.21869492117272926     
  0.24442104407165216     
  0.27196396457780869     
  0.30138912102766435     
  0.33276225841926399     
  0.36614941415092245     
  0.40161689725420102     
  0.43923127253046762     
  0.47905933981626403     
  0.52116811738825208     
  0.56562482178468387     
  0.61249685076827221     
  0.66185176335701967     
  0.71375726148673335     
  0.76828116866788598     
  0.82549140833188628     
  0.88545597877544568     
  -1.6121122319609788E-002
  -1.5660264111695830E-002
  -1.4553128321470678E-002
  -1.2865428734322440E-002
  -1.0601960683964334E-002
  -7.7409328363660483E-003
  -4.2469484154707198E-003
  -7.7003497187054434E-005
   4.8164221962544813E-003
   1.0483712329993298E-002
   1.6977148347990318E-002
   2.4350359929649259E-002
   3.2657968052176536E-002
   4.1955380044487380E-002
   5.2298640082866818E-002
   6.3744347623746658E-002
   7.6349587539957409E-002
   9.0171896158743353E-002
  0.10526922392377915     
  0.12169991958466515     
  0.13952270590313501     
  0.15879666946470539     
  0.17958124075307275     
  0.20193618408827527     
  0.22592157822617540     
  0.25159780429204903     
  0.27902552558464244     
  0.30826567326778215     
  0.33937942560506662     
  0.37242819238994979     
  0.40747359484714923     
  0.44457745050192915     
  0.48380175542932424     
  0.52520867128083348     
  0.56886051109725311     
  0.61481972909779736     
  0.66314890949488681     
  0.71391075720312669     
  0.76716808624115351     
  0.82298380668150661     
  -1.7285587353153220E-002
  -1.6882867808222492E-002
  -1.5888238830309820E-002
  -1.4355702086458231E-002
  -1.2290452105502361E-002
  -9.6741538120895254E-003
  -6.4757621898389687E-003
  -2.6569848612484430E-003
   1.8248433379993744E-003
   7.0151454728636653E-003
   1.2961194550347475E-002
   1.9711552174091096E-002
   2.7315742253652991E-002
   3.5824027897805588E-002
   4.5287283378420660E-002
   5.5756894912403758E-002
   6.7284707322198031E-002
   7.9922974323707194E-002
   9.3724334351013863E-002
  0.10874178107987813     
  0.12502864971948038     
  0.14263859507135587     
  0.16162558005325023     
  0.18204385550832580     
  0.20394794738446964     
  0.22739263586460856     
  0.25243294009682726     
  0.27912409622391410     
  0.30752154022633310     
  0.33768088596190438     
  0.36965790807881654     
  0.40350852250875796     
  0.43928877255976673     
  0.47705481519914306     
  0.51686291378756510     
  0.55876943301935633     
  0.60283084002739440     
  0.64910370751113144     
  0.69764471976579523     
  0.74851067682091088     
  -1.8506342185887453E-002
  -1.8171534770582292E-002
  -1.7305819565912702E-002
  -1.5950771965366942E-002
  -1.4112579266359613E-002
  -1.1777003099651105E-002
  -8.9180387215121101E-003
  -5.5027761490200732E-003
  -1.4941214084273954E-003
   3.1476872063937907E-003
   8.4641784085841571E-003
   1.4498125616362488E-002
   2.1293208179870154E-002
   2.8893812046890687E-002
   3.7344886451796712E-002
   4.6691861831931018E-002
   5.6980581985922485E-002
   6.8257267607017003E-002
   8.0568479243730839E-002
   9.3961098367289497E-002
  0.10848230252192087     
  0.12417955180459786     
  0.14110056774825516     
  0.15929331967647267     
  0.17880600335994104     
  0.19968702484690173     
  0.22198497732177316     
  0.24574862190899760     
  0.27102686288075367     
  0.29786872657808566     
  0.32632333688774118     
  0.35643989536348780     
  0.38826766109507566     
  0.42185593748390848     
  0.45725406301195287     
  0.49451141203402621     
  0.53367740362299665     
  0.57480152190259404     
  0.61793334424806723     
  0.66312257518627593     
  -1.9776574161960714E-002
  -1.9519763212297168E-002
  -1.8798025450207857E-002
  -1.7640489689628377E-002
  -1.6055075735480883E-002
  -1.4032311429698935E-002
  -1.1551828915522297E-002
  -8.5867255088511122E-003
  -5.1060861878303625E-003
  -1.0764529700794689E-003
   3.5373300744313877E-003
   8.7715923910100316E-003
   1.4663526318326363E-002
   2.1250976580892752E-002
   2.8572315310506424E-002
   3.6666347537525748E-002
   4.5572256794494538E-002
   5.5329557084526255E-002
   6.5978066327220614E-002
   7.7557877292567773E-002
   9.0109341162438530E-002
  0.10367304531033425     
  0.11828979889924790     
  0.13400061166880012     
  0.15084667763139248     
  0.16886935191761507     
  0.18811013069315671     
  0.20861062475688369     
  0.23041253521349658     
  0.25355762397736270     
  0.27808768640045711     
  0.30404452099314949     
  0.33146990308059404     
  0.36040555996969487     
  0.39089315486966991     
  0.42297428021483086     
  0.45669046836161759     
  0.49208322229994267     
  0.52919407185869805     
  0.56806465264591033     
  -2.1088619043564082E-002
  -2.0920429048088548E-002
  -2.0356212927156187E-002
  -1.9413585834037191E-002
  -1.8103191560063618E-002
  -1.6420947483420722E-002
  -1.4352676239871283E-002
  -1.1877995122234556E-002
  -8.9727085961715646E-003
  -5.6101900398271339E-003
  -1.7622107444535337E-003
   2.6005718583920526E-003
   7.5082992059526694E-003
   1.2991721740097630E-002
   1.9082064773264393E-002
   2.5810947897021867E-002
   3.3210320932880885E-002
   4.1312426293461720E-002
   5.0149763672167613E-002
   5.9755069259463479E-002
   7.0161291845285245E-002
   8.1401577427958824E-002
   9.3509248597761663E-002
  0.10651778890539035     
  0.12046082120918908     
  0.13537208864482958     
  0.15128542929037458     
  0.16823475168919846     
  0.18625400401600578     
  0.20537714279703920     
  0.22563809558227146     
  0.24707072271441913     
  0.26970877459328002     
  0.29358584995622339     
  0.31873535505104938     
  0.34519047223251054     
  0.37298414480192027     
  0.40214909411412808     
  0.43271788609175138     
  0.46472306783930567     
  -2.2433938814838801E-002
  -2.2365933475454444E-002
  -2.1971047002137766E-002
  -2.1257835687583184E-002
  -2.0240874493677959E-002
  -1.8922089718268684E-002
  -1.7293939818830227E-002
  -1.5343000746889131E-002
  -1.3052216889000334E-002
  -1.0402237870345632E-002
  -7.3721976385329969E-003
  -3.9401961557623136E-003
  -8.3589471365201498E-005
   4.2208163164561630E-003
   8.9966459048572475E-003
   1.4267867305563002E-002
   2.0058738139999699E-002
   2.6393761047199420E-002
   3.3297656339978089E-002
   4.0795335212942263E-002
   4.8911882513287618E-002
   5.7672536609100419E-002
   6.7102674655950684E-002
   7.7227793449061777E-002
   8.8073492983871751E-002
   9.9665454751455523E-002
  0.11202942059778033     
  0.12519116549379297     
  0.13917646872771669     
  0.15401107779508078     
  0.16972066818324261     
  0.18633079399400515     
  0.20386683146550372     
  0.22235391125288251     
  0.24181684161700040     
  0.26228002189912925     
  0.28376735467687114     
  0.30630217242597496     
  0.32990721994458144     
  0.35460477386169115     
  -2.3803115892012710E-002
  -2.3848344792233606E-002
  -2.3632651474059421E-002
  -2.3160206972952256E-002
  -2.2450995722765474E-002
  -2.1513496258330430E-002
  -2.0347170800642033E-002
  -1.8945868920496479E-002
  -1.7300004754501826E-002
  -1.5397825690538214E-002
  -1.3226168857869270E-002
  -1.0770910561218795E-002
  -8.0172527189099757E-003
  -4.9498996514686896E-003
  -1.5531801018817564E-003
   2.1888758330527724E-003
   6.2924784464263904E-003
   1.0774041335208418E-002
   1.5650149739149310E-002
   2.0937539891929799E-002
   2.6653078518430438E-002
   3.2813748364311335E-002
   3.9436631575514552E-002
   4.6538896217130400E-002
   5.4137779427283539E-002
   6.2250571594132789E-002
   7.0894596134977048E-002
   8.0087188197615927E-002
   8.9845667442057381E-002
  0.10018730689684964     
  0.11112929298289044     
  0.12268867677623742     
  0.13488231040995627     
  0.14772676534014387     
  0.16123822280772254     
  0.17543232644883811     
  0.19032397861787428     
  0.20592705796333149     
  0.22225403621551765     
  0.23931554349332462     
  -2.5185785475937344E-002
  -2.5359606897180566E-002
  -2.5330738649824998E-002
  -2.5107041862656627E-002
  -2.4715566107087906E-002
  -2.4171814988636259E-002
  -2.3482494431024587E-002
  -2.2648943656754877E-002
  -2.1669249958190751E-002
  -2.0539478317659596E-002
  -1.9254385021232254E-002
  -1.7807852030056363E-002
  -1.6193152097800565E-002
  -1.4403122496293098E-002
  -1.2430275645369946E-002
  -1.0266877283588494E-002
  -7.9049976612623005E-003
  -5.3365508563645503E-003
  -2.5533211285604118E-003
   4.5301467463187143E-004
   3.6908714827824912E-003
   7.1687409841045407E-003
   1.0895180236873903E-002
   1.4878799324263534E-002
   1.9128250724494190E-002
   2.3652216743611901E-002
   2.8459397114589644E-002
   3.3558493610962886E-002
   3.8958192994171713E-002
   4.4667145155633345E-002
   5.0693936528490510E-002
   5.7047054753445209E-002
   6.3734842215335819E-002
   7.0765431405027834E-002
   7.8146653709808223E-002
   8.5885904553811288E-002
   9.3989933715421345E-002
  0.10246447872978683     
  0.11131346066164212     
  0.12053655341516670     
  -2.6570548363514527E-002
  -2.6891772045890980E-002
  -2.7054763464092885E-002
  -2.7084223454988256E-002
  -2.7015981562778627E-002
  -2.6872891134472540E-002
  -2.6669027054712413E-002
  -2.6413303735692520E-002
  -2.6111576679249675E-002
  -2.5767822691710424E-002
  -2.5384823467698325E-002
  -2.4964571603700435E-002
  -2.4508523895242024E-002
  -2.4017761574812772E-002
  -2.3493097472271161E-002
  -2.2935147256195391E-002
  -2.2344380104649397E-002
  -2.1721153697181039E-002
  -2.1065740570805222E-002
  -2.0378346897307949E-002
  -1.9659127452885804E-002
  -1.8908196616584529E-002
  -1.8125637678779422E-002
  -1.7311509956225119E-002
  -1.6465855227976351E-002
  -1.5588702965295635E-002
  -1.4680075444025690E-002
  -1.3739992317723064E-002
  -1.2768475516641644E-002
  -1.1765554243707876E-002
  -1.0731270891522624E-002
  -9.6656879818183671E-003
  -8.5688971383542506E-003
  -7.4410305345346062E-003
  -6.2822746238956027E-003
  -5.0928766944068199E-003
  -3.8730841383937294E-003
  -2.6226822562630358E-003
  -1.3383796234293810E-003
  -1.3113417000558692E-007
