 -0.72941104174530669     
 -0.64213007223007612     
 -0.55693538464295078     
 -0.49533749756222778     
 -0.46621755093872652     
 -0.47564069179526902     
 -0.52881648204921761     
 -0.63068188966462146     
 -0.78611161056052248     
  -1.0000000000000000     
 -0.73208000283698438     
 -0.64463925414515211     
 -0.55706310390006086     
 -0.49019436648971854     
 -0.45229898585469464     
 -0.44879712370471120     
 -0.48421962436698285     
 -0.56279770521311545     
 -0.68868086860187772     
 -0.86602539649920685     
 -0.74009660519694664     
 -0.65251487417905196     
 -0.55858803210031238     
 -0.47732876801486335     
 -0.41535592249801495     
 -0.37636472930771253     
 -0.36306486259317761     
 -0.37778546645161509     
 -0.42271332136427037     
 -0.49999997476321700     
 -0.75346934882246452     
 -0.66671122911689595     
 -0.56466194116308832     
 -0.46380550026235284     
 -0.36861514622819319     
 -0.28055076533353651     
 -0.19994597295415936     
 -0.12662321270714325     
  -6.0155519398502388E-002
   4.3711390001862412E-008
 -0.77214793879886701     
 -0.68854053558586781     
 -0.57969710740686087     
 -0.45948040646865385     
 -0.33041806249777583     
 -0.19198362572321015     
  -4.2380155663031389E-002
  0.12086186371422362     
  0.30061487525014235     
  0.50000005047356477     
 -0.79594023534290959     
 -0.71932531714509418     
 -0.60833340626578236     
 -0.47466916267091191     
 -0.31974378762080374     
 -0.14200016972745363     
   6.1463018030033734E-002
  0.29435673037788446     
  0.56096877686600433     
  0.86602544021059469     
 -0.82442002243504020     
 -0.76003152148193709     
 -0.65438084268662777     
 -0.51781750200762255     
 -0.35179494503689168     
 -0.15507075504006140     
   7.4844037886465667E-002
  0.34124466600508069     
  0.64809677559857704     
  0.99999999999999623     
 -0.85684215473775360     
 -0.81096260798829400     
 -0.71998654371149440     
 -0.59377333300535384     
 -0.43486516085086097     
 -0.24353967477675242     
  -1.9160172609510258E-002
  0.23941350884931861     
  0.53376051979212424     
  0.86602535278781245     
 -0.89207872225792506     
 -0.87157453070933499     
 -0.80519215777532038     
 -0.70304915735286810     
 -0.56930749974886308     
 -0.40625736170408694     
 -0.21570389332121656     
   4.6135822535141937E-004
  0.23996709017261383     
  0.49999989905286546     
 -0.92858344638333024     
 -0.94043992682296484     
 -0.90791702272005070     
 -0.84211031047697504     
 -0.74868388923961549     
 -0.63146094146548948     
 -0.49384833496231229     
 -0.33952320480652892     
 -0.17295432990747417     
  -1.3113417000558692E-007
