 -0.65959257755191203     
 -0.63679457202531697     
 -0.60235305845705245     
 -0.56586320330581907     
 -0.53137266235271929     
 -0.50106799147636516     
 -0.47635473293719366     
 -0.45826068687232818     
 -0.44761288704154356     
 -0.44512483203867886     
 -0.45144318422302948     
 -0.46717449100556463     
 -0.49290114225525239     
 -0.52919131683521303     
 -0.57660527776956094     
 -0.63569947992704567     
 -0.70702922435626137     
 -0.79115041190103697     
 -0.88862065712603200     
  -1.0000000000000000     
 -0.66029732267156360     
 -0.63749416910142687     
 -0.60297958166239296     
 -0.56631429546759071     
 -0.53152448714587641     
 -0.50077946281451868     
 -0.47546881340611996     
 -0.45660449532525837     
 -0.44499749204160827     
 -0.44134482640137690     
 -0.44627630325329704     
 -0.46038118417325452     
 -0.48422423967720513     
 -0.51835569018722749     
 -0.56331758933279208     
 -0.61964793755175984     
 -0.68788340525339509     
 -0.76856109626325442     
 -0.86221970975686635     
 -0.96940026424503900     
 -0.66241184712445145     
 -0.63959829541727242     
 -0.60487444184771055     
 -0.56769798262348692     
 -0.53203139597133309     
 -0.49999337887033235     
 -0.47292668019789008     
 -0.45179697271189811     
 -0.43736820097992501     
 -0.43028924880236297     
 -0.43114051423862082     
 -0.44046069602189147     
 -0.45876289607905790     
 -0.48654473974506279     
 -0.52429484829708983     
 -0.57249711498654876     
 -0.63163351290609626     
 -0.70218598476743543     
 -0.78463767533982709     
 -0.87947374463670303     
 -0.66593678071840978     
 -0.64312240274085242     
 -0.60808262940569968     
 -0.57010374548946297     
 -0.53304493320977631     
 -0.49894383872639791     
 -0.46906882681419837     
 -0.44431215273855185     
 -0.42536331206704531     
 -0.41279488373944190     
 -0.40710898954703378     
 -0.40876407069438553     
 -0.41819120757971584     
 -0.43580439194631665     
 -0.46200725362252343     
 -0.49719750432653320     
 -0.54176996454576176     
 -0.59611859878394013     
 -0.66063791555129747     
 -0.73572389664974880     
 -0.67087212121787621     
 -0.64809068355300781     
 -0.61267599979367970     
 -0.57367520170597197     
 -0.53480843823669477     
 -0.49800676968246860     
 -0.46444169608563418     
 -0.43491040524893043     
 -0.41000602224073335     
 -0.39020242168479219     
 -0.37590029263031777     
 -0.36745400538087558     
 -0.36518805853398612     
 -0.36940765282534299     
 -0.38040564948889855     
 -0.39846732290545656     
 -0.42387361483436692     
 -0.45690342906810510     
 -0.49783522322456664     
 -0.54694813501060957     
 -0.67721583026757159     
 -0.65453368555148406     
 -0.61874887924266464     
 -0.57860205262170528     
 -0.53764386855302537     
 -0.49767938976561960     
 -0.45976756381040418     
 -0.42459578688727412     
 -0.39264623322554304     
 -0.36427904979154774     
 -0.33977797987873787     
 -0.31937711350163922     
 -0.30327755612882129     
 -0.29165822141062092     
 -0.28468314451987925     
 -0.28250652228805267     
 -0.28527631305484741     
 -0.29313680384540375     
 -0.30623049118703588     
 -0.32469943656548367     
 -0.68496177877631115     
 -0.66248529266360046     
 -0.62641211156856824     
 -0.58510958760869280     
 -0.54193433643082589     
 -0.49855333020709769     
 -0.45590492174797514     
 -0.41456020902328472     
 -0.37488420431356567     
 -0.33711708183118611     
 -0.30141896296019771     
 -0.26789653684597214     
 -0.23661976251265110     
 -0.20763294685134642     
 -0.18096232738527468     
 -0.15662149480417317     
 -0.13461531857687717     
 -0.11494288537028334     
  -9.7599689827748026E-002
  -8.2579304202980597E-002
 -0.69409737896297408     
 -0.67197896866774465     
 -0.63578610587855622     
 -0.59344611797574209     
 -0.54810358122737113     
 -0.50128285604234146     
 -0.45380196902280928     
 -0.40611776908250696     
 -0.35848100539351474     
 -0.31101493058382085     
 -0.26375907243637664     
 -0.21669538719646400     
 -0.16976496119795026     
 -0.12287917914944818     
  -7.5927604355776210E-002
  -2.8783690644227658E-002
   1.8690899377282987E-002
   6.6643001376534255E-002
  0.11522536510507546     
  0.16459463793440196     
 -0.70460070996950164     
 -0.68304370659781311     
 -0.64699302016613558     
 -0.60386925787809631     
 -0.55659336386075198     
 -0.50655026665558156     
 -0.45444590118573347     
 -0.40063349863690956     
 -0.34526129956388057     
 -0.28834810969290897     
 -0.22982555096545573     
 -0.16956359410735183     
 -0.10738692385237930     
  -4.3086115841921520E-002
   2.3574402993884320E-002
   9.2850370840139237E-002
  0.16501308457405073     
  0.24034571266264348     
  0.31914032884358245     
  0.40169547521683197     
 -0.71643748545841235     
 -0.69569963394605638     
 -0.66014873048429989     
 -0.61663158338088120     
 -0.56784026608550553     
 -0.51503033514881169     
 -0.45881124598195794     
 -0.39945081913580688     
 -0.33701474202494591     
 -0.27143839157253719     
 -0.20256732360247603     
 -0.13018173083617915     
  -5.4012280371422916E-002
   2.6249069038905233E-002
  0.11094117728586639     
  0.20042772370081427     
  0.29509238579937602     
  0.39533487988864918     
  0.50156759977777865     
  0.61421276170806527     
 -0.72955767056812404     
 -0.70995374986970994     
 -0.67535476864088495     
 -0.63196664842378325     
 -0.58225297924586750     
 -0.52735601791455466     
 -0.46781017909053452     
 -0.40382233729806988     
 -0.33540210469976162     
 -0.26242964866525614     
 -0.18469394488894941     
 -0.10191594853985253     
  -1.3763442551347703E-002
   8.0138770967041736E-002
  0.18020148435372624     
  0.28686531736549348     
  0.40059600097990417     
  0.52188029171269534     
  0.65122236433482916     
  0.78914055178811493     
 -0.74389207619024966     
 -0.72579576605895835     
 -0.69269087434038823     
 -0.65007585757629793     
 -0.60019148475875250     
 -0.54408716438794935     
 -0.48224788105818706     
 -0.41484804690198623     
 -0.34187217168262668     
 -0.26317829111810426     
 -0.17853391437020041     
  -8.7637523376871196E-002
   9.8678011444527838E-003
  0.11438531975294926     
  0.22635813074084221     
  0.34626417873846332     
  0.47461203603098623     
  0.61193711900546122     
  0.75879808475077570     
  0.91577335715168429     
 -0.75934870357212170     
 -0.74319453165011617     
 -0.71220830146969727     
 -0.67111704360235391     
 -0.62194896663673016     
 -0.56568404396467742     
 -0.50278525512141425     
 -0.43342471914886022     
 -0.35759443341484437     
 -0.27516551880661866     
 -0.18592175364024385     
  -8.9579445518334425E-002
   1.4200482341192004E-002
  0.12580483081296401     
  0.24566308778334076     
  0.37424376376442253     
  0.51205140846319919     
  0.65962375954716523     
  0.81752876694187504     
  0.98636131703470320     
 -0.77580910568450212     
 -0.76209501819115366     
 -0.73392443531474783     
 -0.69519504161546952     
 -0.64773745556105189     
 -0.59248675459250910     
 -0.52991104072228545     
 -0.46020910093399692     
 -0.38341170006542663     
 -0.29943690206261436     
 -0.20812167689378974     
 -0.10924027365497954     
  -2.5149626605626618E-003
  0.11237791083050007     
  0.23580464453644079     
  0.36817254529545029     
  0.50992901222108100     
  0.66156072113092934     
  0.82359234614579391     
  0.99658448559736790     
 -0.79312445780502516     
 -0.78241634710322583     
 -0.75781874589972043     
 -0.72235482558611208     
 -0.67767752737299358     
 -0.62470144504463287     
 -0.56392426996604805     
 -0.49559669956911073     
 -0.41981494372706624     
 -0.33657302676040252     
 -0.24579305050577255     
 -0.14734285698398075     
  -4.1045910839358997E-002
   7.3313749018595900E-002
  0.19598993356785840     
  0.32727492964073535     
  0.46750152385598848     
  0.61704555943460204     
  0.77632822848618976     
  0.94581721032648625     
 -0.81111148583898507     
 -0.80405086363845168     
 -0.78383048803827049     
 -0.75257717927385759     
 -0.71179245092136922     
 -0.66239339289292365     
 -0.60492745847192131     
 -0.53971632371528822     
 -0.46694104224668759     
 -0.38669218858889604     
 -0.29899988684430662     
 -0.20385171832716714     
 -0.10120302271154324     
   9.0181107636174568E-003
  0.12690976799783577     
  0.25259837948846986     
  0.38624355422195361     
  0.52804506743607660     
  0.67825110536479483     
  0.83716642163863519     
 -0.82954779502782283     
 -0.82686479916728461     
 -0.81185801804522217     
 -0.78577711859058652     
 -0.75000648596441732     
 -0.70548678351973138     
 -0.65282970947967123     
 -0.59243940498621339     
 -0.52459171163998575     
 -0.44948333188023221     
 -0.36726247949011520     
 -0.27804833094229287     
 -0.18194320283093290     
  -7.9039692213098312E-002
   3.0576316392646859E-002
  0.14682647460416320     
  0.26964497052619524     
  0.39898824602477079     
  0.53485002622274813     
  0.67728149038064711     
 -0.84816653781535989     
 -0.85070066194601979     
 -0.84175995728656205     
 -0.82180470344027123     
 -0.79214712746234750     
 -0.75377020868214417     
 -0.70735838663460493     
 -0.65340146840501190     
 -0.59226994575934155     
 -0.52426383575194269     
 -0.44964465804842063     
 -0.36865706285883254     
 -0.28154418246483348     
 -0.18855884859578781     
  -8.9971851861483501E-002
   1.3922619383159834E-002
  0.12280501552910926     
  0.23633390749708658     
  0.35415859219855700     
  0.47594728984791107     
 -0.86664968889259941     
 -0.87538213617410254     
 -0.87335787567827361     
 -0.86044814063500263     
 -0.83795050243775726     
 -0.80690686983225890     
 -0.76807706686532684     
 -0.72203225576373198     
 -0.66922805022020593     
 -0.61005355790500315     
 -0.54486441322961376     
 -0.47400635946968661     
 -0.39783343584335573     
 -0.31672354329081553     
 -0.23109316727372109     
 -0.14141273642781776     
  -4.8223707272633469E-002
   4.7841756913463901E-002
  0.14603849516527151     
  0.24548536670990284     
 -0.88461947864628798     
 -0.90072205067623456     
 -0.90644046082762275     
 -0.90143856025710412     
 -0.88706935688025657     
 -0.86444794449150109     
 -0.83440744533550870     
 -0.79759010364679706     
 -0.75452029058799774     
 -0.70565365035661431     
 -0.65141045296304911     
 -0.59219951515933800     
 -0.52843708520203547     
 -0.46056355631059265     
 -0.38906044149461877     
 -0.31446994949599016     
 -0.23742036421744478     
 -0.15866213363630810     
  -7.9123314697937139E-002
  -1.3113417000558692E-007
