 -0.91240237338191288     
 -0.90419676650686587     
 -0.88747046314533129     
 -0.86606793802859883     
 -0.84210976733994947     
 -0.81688034676847088     
 -0.79121650047267200     
 -0.76569633405252135     
 -0.74073900795717906     
 -0.71666109448410542     
 -0.69371026955549986     
 -0.67208637756661271     
 -0.65195516423108302     
 -0.63345749878093693     
 -0.61671578113779812     
 -0.60183847138094826     
 -0.58892339328627696     
 -0.57806015773332675     
 -0.56933199951761659     
 -0.56281716043101115     
 -0.55858997114276987     
 -0.55672168012821288     
 -0.55728111963627835     
 -0.56033522113036138     
 -0.56594943917328422     
 -0.57418808073371996     
 -0.58511458170650454     
 -0.59879172130908309     
 -0.61528180553430545     
 -0.63464680835848453     
 -0.65694849461247040     
 -0.68224851341368276     
 -0.71060848060912807     
 -0.74209004042900240     
 -0.77675492039604133     
 -0.81466497155580453     
 -0.85588220432138673     
 -0.90046881414161895     
 -0.94848720396877739     
  -1.0000000000000000     
 -0.91266263924459379     
 -0.90445763794782708     
 -0.88773085261495210     
 -0.86632455652728024     
 -0.84235774099591765     
 -0.81711370742297273     
 -0.79142846807311862     
 -0.76587951114588981     
 -0.74088547094708590     
 -0.71676246909588670     
 -0.69375775160964614     
 -0.67207076345957673     
 -0.65186684577900855     
 -0.63328647572680730     
 -0.61645164661498320     
 -0.60147041685691338     
 -0.58844019120649727     
 -0.57745016321129927     
 -0.56858313291066331     
 -0.56191690766519609     
 -0.55752536740198411     
 -0.55547930966474246     
 -0.55584710105976964     
 -0.55869520707908582     
 -0.56408860336428657     
 -0.57209111764048315     
 -0.58276569537389888     
 -0.59617462506955499     
 -0.61237971251466028     
 -0.63144243121098054     
 -0.65342403760528855     
 -0.67838567212790946     
 -0.70638843549153896     
 -0.73749345639695640     
 -0.77176194172982160     
 -0.80925522135346628     
 -0.85003478061279802     
 -0.89416228914011897     
 -0.94169962129710061     
 -0.99270887369275973     
 -0.91344340438769189     
 -0.90524029740902201     
 -0.88851226133478167     
 -0.86709490661060884     
 -0.84310249587860209     
 -0.81781501571141269     
 -0.79206607712784938     
 -0.76643129131326593     
 -0.74132774884412111     
 -0.71707019829129293     
 -0.69390462930899832     
 -0.67202927058719308     
 -0.65160828114194036     
 -0.63278094658826911     
 -0.61566807019849967     
 -0.60037649252926961     
 -0.58700238918910719     
 -0.57563369114789742     
 -0.56635192022269532     
 -0.55923357200872459     
 -0.55435119839014668     
 -0.55177423760732291     
 -0.55156968168540133     
 -0.55380259352922578     
 -0.55853653256437585     
 -0.56583388583792182     
 -0.57575614632624372     
 -0.58836412908097446     
 -0.60371815637162218     
 -0.62187820050956988     
 -0.64290400825200378     
 -0.66685519567864993     
 -0.69379133198893084     
 -0.72377200241906525     
 -0.75685686432555677     
 -0.79310568850282648     
 -0.83257839603170725     
 -0.87533508487173139     
 -0.92143605317735477     
 -0.97094181581669503     
 -0.91474454887370127     
 -0.90654489165770291     
 -0.88981538619467715     
 -0.86838047883523950     
 -0.84434650523717436     
 -0.81898794901730698     
 -0.79313440977589111     
 -0.76735840704859093     
 -0.74207445919475679     
 -0.71759506645147653     
 -0.69416412996053645     
 -0.67197789215342818     
 -0.65119855061219922     
 -0.63196344590833997     
 -0.61439140936974124     
 -0.59858729223145579     
 -0.58464523523070300     
 -0.57265110477360681     
 -0.56268430789898116     
 -0.55481919273623415     
 -0.54912611494621566     
 -0.54567228499259124     
 -0.54452242246218319     
 -0.54573928915560033     
 -0.54938410382983383     
 -0.55551688769341501     
 -0.56419673361758294     
 -0.57548203491628458     
 -0.58943066295725599     
 -0.60610012081790932     
 -0.62554766157665442     
 -0.64783039223856764     
 -0.67300535274270312     
 -0.70112958619669763     
 -0.73226019142538601     
 -0.76645436994285265     
 -0.80376946046942821     
 -0.84426296959173597     
 -0.88799259390821383     
 -0.93501623910842879     
 -0.91656586690005482     
 -0.90837163452063308     
 -0.89164137580147917     
 -0.87018371492523872     
 -0.84609385949662697     
 -0.82063857030184584     
 -0.79464187308229173     
 -0.76867197604995463     
 -0.74313985491377932     
 -0.71835489086787652     
 -0.69455812489897073     
 -0.67194305354682815     
 -0.65066919458621419     
 -0.63087120484388315     
 -0.61266522238158660     
 -0.59615335614220810     
 -0.58142696599836929     
 -0.56856907340615748     
 -0.55765619258564936     
 -0.54875971271326385     
 -0.54194698206515790     
 -0.53728214127654572     
 -0.53482679496100249     
 -0.53464053360476271     
 -0.53678136434063295     
 -0.54130604732158938     
 -0.54827037930372768     
 -0.55772941497361384     
 -0.56973765711115376     
 -0.58434920422768766     
 -0.60161787954802126     
 -0.62159733021199193     
 -0.64434111513405978     
 -0.66990277171845980     
 -0.69833587547870746     
 -0.72969408463555485     
 -0.76403117999861925     
 -0.80140109435521734     
 -0.84185793835806322     
 -0.88545601940284191     
 -0.91890702335800745     
 -0.91072079521245919     
 -0.89399177782931250     
 -0.87250797699814975     
 -0.84835018773039383     
 -0.82277526029779169     
 -0.79660007599391991     
 -0.77038737601235396     
 -0.74454363454968142     
 -0.71937431476635483     
 -0.69511684631379000     
 -0.67196129440990748     
 -0.65006380514811801     
 -0.62955568796021433     
 -0.61054969760451139     
 -0.59314452281714425     
 -0.57742803181626745     
 -0.56347969517412944     
 -0.55137239466238630     
 -0.54117382238556400     
 -0.53294754909842368     
 -0.52675387546959174     
 -0.52265049176243294     
 -0.52069301713110283     
 -0.52093542104581392     
 -0.52343037568596806     
 -0.52822953207967205     
 -0.53538375571041463     
 -0.54494331076162494     
 -0.55695802014905971     
 -0.57147738989027330     
 -0.58855071878371090     
 -0.60822718283115074     
 -0.63055591054373628     
 -0.65558604022028033     
 -0.68336677131354928     
 -0.71394740301646353     
 -0.74737736867884053     
 -0.78370626141175614     
 -0.82298385634331028     
 -0.92176753489114904     
 -0.91359264112629412     
 -0.89686850614348546     
 -0.87535746606608134     
 -0.85112258670324281     
 -0.82540858751598767     
 -0.79902369425325492     
 -0.77252403822364391     
 -0.74631071247619440     
 -0.72068449094513964     
 -0.69587852594008259     
 -0.67207880206747150     
 -0.64943748954026137     
 -0.62808192907512506     
 -0.60812089089133248     
 -0.58964901290724159     
 -0.57275004993697942     
 -0.55749926705822062     
 -0.54396526253853639     
 -0.53221134782769075     
 -0.52229663356052536     
 -0.51427686737983069     
 -0.50820511188512374     
 -0.50413227396755145     
 -0.50210754367092247     
 -0.50217873896954013     
 -0.50439259783559121     
 -0.50879500796334332     
 -0.51543120512108787     
 -0.52434592868786634     
 -0.53558355818664649     
 -0.54918821965382336     
 -0.56520388026195956     
 -0.58367442138417291     
 -0.60464370414764346     
 -0.62815561955628230     
 -0.65425413349789041     
 -0.68298332087351699     
 -0.71438739585686151     
 -0.74851073479294106     
 -0.92514670628162454     
 -0.91698740408997581     
 -0.90027376101729362     
 -0.87873715585772805     
 -0.85441949537477391     
 -0.82855117844666160     
 -0.80193026662745459     
 -0.77510521885012873     
 -0.74847089843289905     
 -0.72232271198332076     
 -0.69688891164648459     
 -0.67235085012086748     
 -0.64885616873803154     
 -0.62652771872169277     
 -0.60546974199246217     
 -0.58577229689898025     
 -0.56751446563960717     
 -0.55076675542329612     
 -0.53559289652845832     
 -0.52205123799676634     
 -0.51019581746660181     
 -0.50007721727877397     
 -0.49174323120053320     
 -0.48523941217481925     
 -0.48060950304945149     
 -0.47789579872261806     
 -0.47713943219531052     
 -0.47838062004233661     
 -0.48165885632402200     
 -0.48701308198165627     
 -0.49448181819301934     
 -0.50410328461067511     
 -0.51591549188679364     
 -0.52995632460783848     
 -0.54626360572277066     
 -0.56487515458282400     
 -0.58582883173415856     
 -0.60916257908738303     
 -0.63491445083833664     
 -0.66312264062317072     
 -0.92904359184706320     
 -0.92090520182941671     
 -0.90420997027939587     
 -0.88265267761478183     
 -0.85825057937084093     
 -0.83221752887438838     
 -0.80533998354294722     
 -0.77815769490506725     
 -0.75105854461940658     
 -0.72433194078969887     
 -0.69820071808829831     
 -0.67284110348405146     
 -0.64839576630258844     
 -0.62498261281296286     
 -0.60270092537376718     
 -0.58163572565053545     
 -0.56186097795551948     
 -0.54344195597529621     
 -0.52643705190695977     
 -0.51089915133875874     
 -0.49687672002869160     
 -0.48441464649304339     
 -0.47355492739468658     
 -0.46433720606861678     
 -0.45679922166518183     
 -0.45097716482896311     
 -0.44690598094103046     
 -0.44461961104239317     
 -0.44415120122620755     
 -0.44553326892484751     
 -0.44879784980871928     
 -0.45397661407240042     
 -0.46110097048135301     
 -0.47020214834239865     
 -0.48131127143223945     
 -0.49445941596220655     
 -0.50967766289967764     
 -0.52699713889583111     
 -0.54644905284341450     
 -0.56806472459345181     
 -0.93345691277901355     
 -0.92534598380623523     
 -0.90867968497630347     
 -0.88711022229169767     
 -0.86262656385002867     
 -0.83642381941749522     
 -0.80927541246207779     
 -0.78171144507419543     
 -0.75411211143825263     
 -0.72676029957897237     
 -0.69987297013792593     
 -0.67362084698279578     
 -0.64814125478140838     
 -0.62354681996695882     
 -0.59993151230710284     
 -0.57737498295396672     
 -0.55594571763646561     
 -0.53570340568223418     
 -0.51670072074764095     
 -0.49898470922420529     
 -0.48259785964484980     
 -0.46757896305446406     
 -0.45396378719129721     
 -0.44178563382694469     
 -0.43107578046483591     
 -0.42186385428436513     
 -0.41417813042181728     
 -0.40804578980316358     
 -0.40349312533381032     
 -0.40054572332643212     
 -0.39922860852667652     
 -0.39956637357415553     
 -0.40158328224465145     
 -0.40530336255757987     
 -0.41075048081027521     
 -0.41794840864630572     
 -0.42692087629915387     
 -0.43769162064207690     
 -0.45028442343205388     
 -0.46472314524833586     
 -0.93838500018788451     
 -0.93030943332402694     
 -0.91368549763440299     
 -0.89211639617263450     
 -0.86755907976560520     
 -0.84118767688106977     
 -0.81376122198217560     
 -0.78579926356540253     
 -0.75767371160792973     
 -0.72966047298408021     
 -0.70197029769524821     
 -0.67476810181503855     
 -0.64818561852569800     
 -0.62232994154656240     
 -0.59728950492900079     
 -0.57313834522412122     
 -0.54993924157913610     
 -0.52774604421079729     
 -0.50660546207703427     
 -0.48655842773004099     
 -0.46764118193164300     
 -0.44988611951614094     
 -0.43332248180473137     
 -0.41797690472208437     
 -0.40387387924052676     
 -0.39103611944955929     
 -0.37948487881793908     
 -0.36924020442540934     
 -0.36032115969361211     
 -0.35274600385050675     
 -0.34653235169941160     
 -0.34169730236197071     
 -0.33825755528929285     
 -0.33622950365038851     
 -0.33562931909506222     
 -0.33647301994858170     
 -0.33877653314847223     
 -0.34255574417363216     
 -0.34782654199680829     
 -0.35460485560341259     
 -0.94382569484821344     
 -0.93579489520468639     
 -0.91922991693837819     
 -0.89767809666238896     
 -0.87306046239930446     
 -0.84652794513021234     
 -0.81882384978658829     
 -0.79045636819108733     
 -0.76178858508343961     
 -0.73308908510044013     
 -0.70456214274526996     
 -0.67636668966702684     
 -0.64862870347757906     
 -0.62144962584826990     
 -0.59491222390642429     
 -0.56908481319777526     
 -0.54402433796647931     
 -0.51977869515303732     
 -0.49638848888386267     
 -0.47388840548439504     
 -0.45230827839224902     
 -0.43167395024942840     
 -0.41200795316195526     
 -0.39333007515743829     
 -0.37565781309492208     
 -0.35900675921782521     
 -0.34339091292566737     
 -0.32882295258792105     
 -0.31531445590922130     
 -0.30287609549770295     
 -0.29151779782237702     
 -0.28124888626180450     
 -0.27207819748957740     
 -0.26401418720441561     
 -0.25706501621324263     
 -0.25123862893710308     
 -0.24654281745960593     
 -0.24298527973769316     
 -0.24057366736224442     
 -0.23931562837575920     
 -0.94977627344182269     
 -0.94180126104993933     
 -0.92531526711994161     
 -0.90380234456483133     
 -0.87914356755985512     
 -0.85246440759276620     
 -0.82449117710399489     
 -0.79571995173533361     
 -0.76650456564296943     
 -0.73710600762694289     
 -0.70772193909680647     
 -0.67850521106849870     
 -0.64957601560381362     
 -0.62103011391390650     
 -0.59294461451459413     
 -0.56538210564010272     
 -0.53839371210800580     
 -0.51202137133572423     
 -0.48629958931920186     
 -0.46125678805864967     
 -0.43691638269416605     
 -0.41329762691217414     
 -0.39041630989694681     
 -0.36828531254545349     
 -0.34691507853252856     
 -0.32631399476228046     
 -0.30648872119755644     
 -0.28744445940841107     
 -0.26918519002852453     
 -0.25171386709032378     
 -0.23503259259995751     
 -0.21914275985838047     
 -0.20404518369273264     
 -0.18974020760814442     
 -0.17622780178006670     
 -0.16350764388911021     
 -0.15157919306873396     
 -0.14044175119145147     
 -0.13009451851097620     
 -0.12053664020053710     
 -0.95623333229761676     
 -0.94832688148770339     
 -0.93194354606812402     
 -0.91049613986679512     
 -0.88582154466241747     
 -0.85901752552661437     
 -0.83079215536210738     
 -0.80162873852649386     
 -0.77187149249857911     
 -0.74177366006820900     
 -0.71152622715167457     
 -0.68127599962935437     
 -0.65113744081895586     
 -0.62120074119500179     
 -0.59153745615278241     
 -0.56220458399204432     
 -0.53324755204344798     
 -0.50470248012125662     
 -0.47659789718410256     
 -0.44895609418123850     
 -0.42179417779790068     
 -0.39512492922060505     
 -0.36895748673116585     
 -0.34329791861410058     
 -0.31814968551715878     
 -0.29351403862673792     
 -0.26939034461020178     
 -0.24577637166325181     
 -0.22266852479347141     
 -0.20006205668719240     
 -0.17795124210307264     
 -0.15632953629554958     
 -0.13518970655474707     
 -0.11452395274031815     
  -9.4324007715593697E-002
  -7.4581229670398611E-002
  -5.5286679391694918E-002
  -3.6431191056673931E-002
  -1.8005431906297362E-002
   4.3711390001862412E-008
 -0.96319269838793864     
 -0.95536943750260239     
 -0.93911631062550738     
 -0.91776627757185492     
 -0.89310763235602175     
 -0.86620813450138168     
 -0.83775644811081429     
 -0.80822249580375660     
 -0.77794062846695511     
 -0.74715626003188540     
 -0.71605376523347686     
 -0.68477402012484911     
 -0.65342594979407009     
 -0.62209437467163831     
 -0.59084554269659517     
 -0.55973110109521829     
 -0.52879104764143881     
 -0.49805593743505538     
 -0.46754859424130535     
 -0.43728543029801525     
 -0.40727750785420158     
 -0.37753137763790429     
 -0.34804977520431768     
 -0.31883218124695795     
 -0.28987530027076164     
 -0.26117345128512742     
 -0.23271890983594265     
 -0.20450219019622917     
 -0.17651229748469155     
 -0.14873693734514795     
 -0.12116270626631030     
  -9.3775250816681741E-002
  -6.6559413762671479E-002
  -3.9499356918816945E-002
  -1.2578674514354288E-002
   1.4219511031316672E-002
   4.0912460743587113E-002
   6.7517743981200945E-002
   9.4053169613945248E-002
  0.12053672698590635     
 -0.97064929850292925     
 -0.96292584031049200     
 -0.94683452324012340     
 -0.92561919079211763     
 -0.90101491613228035     
 -0.87405716346733775     
 -0.84541403418599947     
 -0.81554156213877493     
 -0.78476403849016318     
 -0.75331908512624246     
 -0.72138460052127118     
 -0.68909577295158198     
 -0.65655626161572289     
 -0.62384585106036816     
 -0.59102582046861585     
 -0.55814284508536649     
 -0.52523186489003082     
 -0.49231826959025604     
 -0.45941956321219696     
 -0.42654668317353822     
 -0.39370503325347561     
 -0.36089533102256599     
 -0.32811428610554833     
 -0.29535517404407630     
 -0.26260830366350107     
 -0.22986142338287285     
 -0.19710005671865316     
 -0.16430780076340853     
 -0.13146657532379441     
  -9.8556848690980706E-002
  -6.5557827674736391E-002
  -3.2447632134254341E-002
   7.9655713724020979E-004
   3.4198361497147611E-002
   6.7782087770904845E-002
  0.10157261996052445     
  0.13559532640660341     
  0.16987597393089499     
  0.20444065368198078     
  0.23931571325819195     
 -0.97859705622604964     
 -0.97099209192515534     
 -0.95509842857547256     
 -0.93406075780454279     
 -0.90955611372977674     
 -0.88258531900544179     
 -0.85379483532429234     
 -0.82362634265104850     
 -0.79239399020799539     
 -0.76032770470340494     
 -0.72759916138444558     
 -0.69433817328554526     
 -0.66064353017492472     
 -0.62659039636918779     
 -0.59223555208938305     
 -0.55762117272433775     
 -0.52277765055663672     
 -0.48772571346898974     
 -0.45247807624218012     
 -0.41704071978826757     
 -0.38141392599611323     
 -0.34559309967178309     
 -0.30956945598793661     
 -0.27333057775830777     
 -0.23686089566225063     
 -0.20014208413865944     
 -0.16315341154434487     
 -0.12587203282684750     
  -8.8273254009518645E-002
  -5.0330755727848536E-002
  -1.2016798552113645E-002
   2.6697601927986002E-002
   6.5842512557211227E-002
  0.10544894299445538     
  0.14554871544631010     
  0.18617435204694505     
  0.22735896986690610     
  0.26913618953259194     
  0.31154005061000500     
  0.35460493734513138     
 -0.98702874743715241     
 -0.97956317590490838     
 -0.96390739438287421     
 -0.94309614040348666     
 -0.91874332785805879     
 -0.89181279916784617     
 -0.86292831419648763     
 -0.83251683322165004     
 -0.80088233027902522     
 -0.76824724281526069     
 -0.73477733400423983     
 -0.70059746728458483     
 -0.66580202708664149     
 -0.63046209230160832     
 -0.59463049293821924     
 -0.55834550331779653     
 -0.52163356913616987     
 -0.48451139455354830     
 -0.44698753837608929     
 -0.40906368519647157     
 -0.37073564507559603     
 -0.33199417846867074     
 -0.29282566016924816     
 -0.25321264523501302     
 -0.21313433352309172     
 -0.17256697733089771     
 -0.13148422167844911     
  -8.9857410440301280E-002
  -4.7655845541218655E-002
  -4.8470247799238938E-003
   3.8603154445968714E-002
   8.2730205608777765E-002
  0.12757088915332837     
  0.17316305883297878     
  0.21954552779391776     
  0.26675794279799758     
  0.31484067385360076     
  0.36383471096783249     
  0.41378157290392303     
  0.46472322265736282     
 -0.99593588368584884     
 -0.98863291045198931     
 -0.97325978536239977     
 -0.95272959035812332     
 -0.92858783207709561     
 -0.90175897944659811     
 -0.87284310591401537     
 -0.84225212319548204     
 -0.81027989778608400     
 -0.77714163015145765     
 -0.74299758447265241     
 -0.70796815294776339     
 -0.67214388418117654     
 -0.63559236884066916     
 -0.59836314747982233     
 -0.56049126644851022     
 -0.52199994621372725     
 -0.48290259235683403     
 -0.44320436988563550     
 -0.40290342677615593     
 -0.36199188835628360     
 -0.32045665005088725     
 -0.27828004425253045     
 -0.23544038383421476     
 -0.19191243416447604     
 -0.14766780543567706     
 -0.10267530321059851     
  -5.6901224896766155E-002
  -1.0309630990863388E-002
   3.7137422061462824E-002
   8.5479665018300566E-002
  0.13475842736652080     
  0.18501645984261275     
  0.23629777864176993     
  0.28864751803758887     
  0.34211179998046015     
  0.39673761091736043     
  0.45257269205234862     
  0.50966543641798945     
  0.56806479654098829     
  -1.0053085537916613     
 -0.99819383336693313     
 -0.98315280445253472     
 -0.96296429137684714     
 -0.93909982932583103     
 -0.91244213511796557     
 -0.88356662868636449     
 -0.85286993832457758     
 -0.82063592780399508     
 -0.78707290550146303     
 -0.75233608822036557     
 -0.71654196670114922     
 -0.67977786786568750     
 -0.64210858676963545     
 -0.60358109022496442     
 -0.56422797250113343     
 -0.52407001782210871     
 -0.48311817025942067     
 -0.44137504440635011     
 -0.39883613287466041     
 -0.35549075794003665     
 -0.31132285998124115     
 -0.26631163382542633     
 -0.22043207417858748     
 -0.17365542555758917     
 -0.12594958036282514     
  -7.7279414005446717E-002
  -2.7607089809445148E-002
   2.3107679496424595E-002
   7.4907388491938925E-002
  0.12783652704331813     
  0.18194137996985404     
  0.23726985016277730     
  0.29387129008404494     
  0.35179635148348304     
  0.41109684204682612     
  0.47182559655470091     
  0.53403635456458498     
  0.59778364977759835     
  0.66312270606005996     
  -1.0151352925154824     
  -1.0082370510607834     
 -0.99358237041830011     
 -0.97380217344725351     
 -0.95028824884077845     
 -0.92387914225270373     
 -0.89512473624904576     
 -0.86440617281110288     
 -0.83199750558521113     
 -0.79810052336240522     
 -0.76286592649596840     
 -0.72640690152000709     
 -0.68880824622032166     
 -0.65013268691287862     
 -0.61042541564498853     
 -0.56971739590915960     
 -0.52802785626336712     
 -0.48536617533181614     
 -0.44173336246154826     
 -0.39712320977227600     
 -0.35152323076746972     
 -0.30491540890753460     
 -0.25727682923944217     
 -0.20858019386625629     
 -0.15879427196970011     
 -0.10788427543490829     
  -5.5812197449099238E-002
  -2.5371013975355938E-003
   5.1984611416727396E-002
  0.10779896865993067     
  0.16495420636446176     
  0.22350057347548449     
  0.28349014447423310     
  0.34497665109072734     
  0.40801532017121195     
  0.47266272662172076     
  0.53897665203315293     
  0.60701595556573029     
  0.67684045081370225     
  0.74851079276496579     
  -1.0254029060164704     
  -1.0187521211723967     
  -1.0045429663592438     
 -0.98524376699257343     
 -0.96216052081969861     
 -0.93608522129425009     
 -0.90754135718582052     
 -0.87689447138499288     
 -0.84440902333232615     
 -0.81028072676331853     
 -0.77465630988032841     
 -0.73764631532507852     
 -0.69933371830840363     
 -0.65977996649932191     
 -0.61902929791912520     
 -0.57711193565606700     
 -0.53404646700539715     
 -0.48984167966414266     
 -0.44449797138117053     
 -0.39800847857931376     
 -0.35035996467499414     
 -0.30153355655159442     
 -0.25150533764672939     
 -0.20024685714721474     
 -0.14772554965916160     
  -9.3905108336245213E-002
  -3.8745799981935919E-002
   1.7795245412300837E-002
   7.5763784053572966E-002
  0.13520822160993426     
  0.19617940356587432     
  0.25873041328815977     
  0.32291638979613635     
  0.38879435044660526     
  0.45642302869641782     
  0.52586271602401335     
  0.59717511598669526     
  0.67042320284468870     
  0.74567109033781998     
  0.82298390600510773     
  -1.0360963220932322     
  -1.0297269010934547     
  -1.0160275282256033     
 -0.99728803375517894     
 -0.97472239437461161     
 -0.94907366507635771     
 -0.92083818308254461     
 -0.89036580930507458     
 -0.85791169867593198     
 -0.82366594017480288     
 -0.78777188629894157     
 -0.75033809264779427     
 -0.71144646311296433     
 -0.67115795531167211     
 -0.62951671999211889     
 -0.58655313739885018     
 -0.54228612082507965     
 -0.49672486178855413     
 -0.44987020352661217     
 -0.40171570771648063     
 -0.35224852281526015     
 -0.30145007317664557     
 -0.24929663937982052     
 -0.19575982893181787     
 -0.14080698709347886     
  -8.4401538357744138E-002
  -2.6503295698994803E-002
   3.2931275163462587E-002
   9.3948807963460487E-002
  0.15659881794672090     
  0.22093349168401086     
  0.28700749731039521     
  0.35487779822139121     
  0.42460348141611021     
  0.49624558781563627     
  0.56986695381465746     
  0.64553205507940148     
  0.72330685962822272     
  0.80325868441307313     
  0.88545606003023103     
  -1.0471983938350398     
  -1.0411474321177399     
  -1.0280273082591103     
  -1.0099322418806114     
 -0.98797773789718135     
 -0.96285561467701397     
 -0.93503434985832146     
 -0.90484813009488230     
 -0.87254310530616130     
 -0.83830423955102829     
 -0.80227209092018170     
 -0.76455391502242842     
 -0.72523127355182804     
 -0.68436544715531611     
 -0.64200134707512135     
 -0.59817043506805367     
 -0.55289290820886938     
 -0.50617939119328370     
 -0.45803223444409236     
 -0.40844655239484984     
 -0.35741103574525152     
 -0.30490862180609762     
 -0.25091702872350491     
 -0.19540921147491147     
 -0.13835373312807842     
  -7.9715093938054565E-002
  -1.9454006713676544E-002
   4.2472348977887001E-002
  0.10611010690323178     
  0.17150850323987077     
  0.23871968759685960     
  0.30779853639681232     
  0.37880248049468429     
  0.45179133223886830     
  0.52682712225054296     
  0.60397393524435383     
  0.68329775322446717     
  0.76486629895200964     
  0.84874888581641950     
  0.93501627010897115     
  -1.0586897232551411     
  -1.0529977918220303     
  -1.0405317828236069     
  -1.0231718221608650     
  -1.0019283870952749     
 -0.97743982441652666     
 -0.95014617333046880     
 -0.92036598766763755     
 -0.88833677318084825     
 -0.85423885213749506     
 -0.81821059249344774     
 -0.78035859942677210     
 -0.74076482841352131     
 -0.69949165376514633     
 -0.65658559744359535     
 -0.61208008857300500     
 -0.56599757128000661     
 -0.51835110447694333     
 -0.46914562171389423     
 -0.41837890459448884     
 -0.36604237102526516     
 -0.31212169301027348     
 -0.25659731167784494     
 -0.19944484709059812     
 -0.14063545173348721     
  -8.0136097893263813E-002
  -1.7909836093109158E-002
   4.6083987867680948E-002
  0.11188952828430820     
  0.17955426017260237     
  0.24912880247776675     
  0.32066675600263606     
  0.39422453864636503     
  0.46986122882875497     
  0.54763840427979638     
  0.62761998547943709     
  0.70987207497671634     
  0.79446280001498182     
  0.88146215323187416     
  0.97094183673833256     
  -1.0705484316811456     
  -1.0652599848835183     
  -1.0535285400496295     
  -1.0370002729556735     
  -1.0165739795066389     
 -0.99283247875949465     
 -0.96618688241339656     
 -0.93694025130927472     
 -0.90532180694585873     
 -0.87150774066640913     
 -0.83563479037037536     
 -0.79780955620302763     
 -0.75811506264327067     
 -0.71661553051044435     
 -0.67335987824880161     
 -0.62838436669697362     
 -0.58171459011035387     
 -0.53336702457751539     
 -0.48335021320614191     
 -0.43166571077648674     
 -0.37830881434749408     
 -0.32326915931353672     
 -0.26653118383143370     
 -0.20807451779163649     
 -0.14787428892722371     
  -8.5901388313829638E-002
  -2.2122683816268262E-002
   4.3498785507467518E-002
  0.11100364648860252     
  0.18043603425970081     
  0.25184345201404734     
  0.32527662758132386     
  0.40078937779643159     
  0.47843846509878574     
  0.55828345604895868     
  0.64038657073302185     
  0.72481253129452616     
  0.81162840267336822     
  0.90090343212914470     
  0.99270888423040782     
  -1.0827499410365451     
  -1.0779138057314159     
  -1.0670032174077015     
  -1.0514090508129479     
  -1.0319118403745378     
  -1.0090370017473711     
 -0.98316640999126170     
 -0.95458781877570120     
 -0.92352257807659499     
 -0.89014322203463592     
 -0.85458541342341743     
 -0.81695632150080988     
 -0.77734068340748130     
 -0.73580523432573841     
 -0.69240203105210818     
 -0.64717094210772363     
 -0.60014156731258861     
 -0.55133469856796502     
 -0.50076347077976602     
 -0.44843424454882486     
 -0.39434731437388176     
 -0.33849745226313732     
 -0.28087435134871497     
 -0.22146296514748748     
 -0.16024379028090607     
  -9.7193082428936720E-002
  -3.2283042736768956E-002
   3.4518037295985182E-002
  0.10324564264375229     
  0.17393892504392816     
  0.24664059277153247     
  0.32139681060002134     
  0.39825709107295115     
  0.47727418655083836     
  0.55850396796901047     
  0.64200529859812538     
  0.72783989338127320     
  0.81607217100371288     
  0.90676909360785019     
  0.99999999999999623     
  -1.0952666895879828     
  -1.0909367444496696     
  -1.0809394254822067     
  -1.0663875143547921     
  -1.0479368582771478     
  -1.0260539209773580     
  -1.0010911838196852     
 -0.97332139452499256     
 -0.94295843743070773     
 -0.91017167246828545     
 -0.87509617167014087     
 -0.83784021120647034     
 -0.79849078668978246     
 -0.75711775611004450     
 -0.71377694606419417     
 -0.66851253701259261     
 -0.62135887527784706     
 -0.57234189091794596     
 -0.52148018157960452     
 -0.46878587301938479     
 -0.41426527508423577     
 -0.35791940758171886     
 -0.29974439559545435     
 -0.23973178818565305     
 -0.17786879167474093     
 -0.11413845901569158     
  -4.8519823605829668E-002
   1.9011989150065668E-002
   8.8485684206572199E-002
  0.15993372583439125     
  0.23339228360981451     
  0.30890117302254694     
  0.38650379956478254     
  0.46624708852923502     
  0.54818140802963977     
  0.63236047224594216     
  0.71884123151769908     
  0.80768374124537612     
  0.89895101564615543     
  0.99270886315510387     
  -1.1080678420384966     
  -1.1043038711881792     
  -1.0953187291164326     
  -1.0819228584870031     
  -1.0646414149043688     
  -1.0438807259771130     
  -1.0199639764168194     
 -0.99314927690207655     
 -0.96364350176593416     
 -0.93161326666359823     
 -0.89719350834586797     
 -0.86049404687651299     
 -0.82160461600738266     
 -0.78059868064349258     
 -0.73753638059801951     
 -0.69246677514394117     
 -0.64542959643879183     
 -0.59645659179440302     
 -0.54557258455900526     
 -0.49279628323854618     
 -0.43814092477317790     
 -0.38161475658020577     
 -0.32322141825214523     
 -0.26296021592088220     
 -0.20082633521846135     
 -0.13681098135071068     
  -7.0901482778434194E-002
  -3.0813463596974489E-003
   6.6669705878751553E-002
  0.13837572912424984     
  0.21206455179265563     
  0.28776778373307721     
  0.36552081508316508     
  0.44536281214754586     
  0.52733669289907970     
  0.61148908702693561     
  0.69787026798003471     
  0.78653406154444672     
  0.87753772401456931     
  0.97094179489505017     
  -1.1211189118845404     
  -1.1179877732793158     
  -1.1101206235131840     
  -1.0980001064638498     
  -1.0820153068123295     
  -1.0625117821571737     
  -1.0397837552317257     
  -1.0140752098752837     
 -0.98558645902755060     
 -0.95448180035845565     
 -0.92089639984570892     
 -0.88494199615032709     
 -0.84671141217135970     
 -0.80628210876859796     
 -0.76371893126810830     
 -0.71907626685060078     
 -0.67239970658868731     
 -0.62372736010412078     
 -0.57309086418492072     
 -0.52051618421181556     
 -0.46602421937038568     
 -0.40963128062074083     
 -0.35134943698102172     
 -0.29118678096789502     
 -0.22914760193905354     
 -0.16523250685614729     
  -9.9438475314732544E-002
  -3.1758881099071282E-002
   3.7816531889845691E-002
  0.10930169180375324     
  0.18271426856696699     
  0.25807574685839696     
  0.33541150838585698     
  0.41475090192256076     
  0.49612730404394445     
  0.57957815243076405     
  0.66514495302086873     
  0.75287324789901355     
  0.84281254567541375     
  0.93501620810787933     
  -1.1343813483196645     
  -1.1319584844684754     
  -1.1253225780114162     
  -1.1146020967274031     
  -1.1000457228645555     
  -1.0819382393298158     
  -1.0605455909880417     
  -1.0360982418033780     
  -1.0087904441679443     
 -0.97878454143366433     
 -0.94621624804750515     
 -0.91119947386754041     
 -0.87383038999989660     
 -0.83419068750734837     
 -0.79235018595750983     
 -0.74836887100181004     
 -0.70229851671738708     
 -0.65418394262617841     
 -0.60406401707458590     
 -0.55197242519395440     
 -0.49793827971905774     
 -0.44198657383200596     
 -0.38413853271864817     
 -0.32441185338626072     
 -0.26282087561847789     
 -0.19937666981411176     
 -0.13408707565061287     
  -6.6956677159252631E-002
   2.0132575004472224E-003
   7.2824883631117804E-002
  0.14548390988736865     
  0.21999975835958702     
  0.29638573127180762     
  0.37465918701599393     
  0.45484170278198305     
  0.53695922176060040     
  0.62104216417940206     
  0.70712549790101709     
  0.79524875310883769     
  0.88545597877544568     
  -1.1478119953731529     
  -1.1461834865757099     
  -1.1409000868998878     
  -1.1317095316954611     
  -1.1187172143760693     
  -1.1021479950624760     
  -1.0822405644850301     
  -1.0592126455831405     
  -1.0332529286898942     
  -1.0045221568130731     
 -0.97315680949813721     
 -0.93927314238210680     
 -0.90297078559659039     
 -0.86433577581082310     
 -0.82344299588137515     
 -0.78035814858497377     
 -0.73513930828616292     
 -0.68783817001430803     
 -0.63850102027342892     
 -0.58716951771298442     
 -0.53388128746872465     
 -0.47867039293750990     
 -0.42156767641569332     
 -0.36260101581519383     
 -0.30179548276421680     
 -0.23917343813390454     
 -0.17475454825494319     
 -0.10855575036604248     
  -4.0591151418512481E-002
   2.9128115780297628E-002
  0.10059409154988870     
  0.17380222119666028     
  0.24875162625723504     
  0.32544539189467864     
  0.40389086889431958     
  0.48409996443356745     
  0.56608941193852713     
  0.64988099316369641     
  0.73550169886704897     
  0.82298380668150661     
  -1.1613624616840721     
  -1.1606277320150766     
  -1.1568268018535806     
  -1.1493010247391406     
  -1.1380117206579357     
  -1.1231256509217853     
  -1.1048557287978007     
  -1.0834078415646706     
  -1.0589656742632083     
  -1.0316886583891751     
  -1.0017142034040265     
 -0.96916095380641698     
 -0.93413200533269425     
 -0.89671768519220219     
 -0.85699788516651365     
 -0.81504394035293315     
 -0.77092016257338403     
 -0.72468505196266497     
 -0.67639228279460950     
 -0.62609147207531879     
 -0.57382880275721937     
 -0.51964749613429395     
 -0.46358818638979354     
 -0.40568918348812560     
 -0.34598666386766896     
 -0.28451477095173017     
 -0.22130565514366560     
 -0.15638943396978730     
  -8.9794095014065919E-002
  -2.1545323324629329E-002
   4.8333728276922297E-002
  0.11982274037179171     
  0.19290458160932897     
  0.26756572312312876     
  0.34379669006784236     
  0.42159254337840674     
  0.50095335978453825     
  0.58188468748966637     
  0.66439793715956252     
  0.74851067682091088     
  -1.1749782896936651     
  -1.1752537806964773     
  -1.1730746870861191     
  -1.1673532113192602     
  -1.1579085857577065     
  -1.1448525209038507     
  -1.1283740663101303     
  -1.1086683766547372     
  -1.0859146924764587     
  -1.0602714137220020     
  -1.0318769408432118     
  -1.0008522697940199     
 -0.96730381616386285     
 -0.93132601741396814     
 -0.89300353070790450     
 -0.85241307308375891     
 -0.80962490514390728     
 -0.76470405386437612     
 -0.71771128498275827     
 -0.66870390468284535     
 -0.61773638904429862     
 -0.56486090133536837     
 -0.51012768574776179     
 -0.45358538221677908     
 -0.39528124493553141     
 -0.33526129738413479     
 -0.27357040308708136     
 -0.21025227539342045     
 -0.14534940367068844     
  -7.8902911384314753E-002
  -1.0952323202826611E-002
   5.8464748799937294E-002
  0.12931301973455023     
  0.20156003744958731     
  0.27517678882223895     
  0.35013838714526313     
  0.42642482797253034     
  0.50402177018889027     
  0.58292129555163474     
  0.66312257518627593     
  -1.1885979367462467     
  -1.1900220190832020     
  -1.1896142728924743     
  -1.1858408585851161     
  -1.1783846275979366     
  -1.1673066291454732     
  -1.1527744967771696     
  -1.1349739002953618     
  -1.1140802602369992     
  -1.0902511636667460     
  -1.0636260156412329     
  -1.0343279994978629     
  -1.0024666054057418     
 -0.96814003419279504     
 -0.93143732359265541     
 -0.89244011816056901     
 -0.85122415393597917     
 -0.80786046046565718     
 -0.76241636436153482     
 -0.71495629604569144     
 -0.66554246746768830     
 -0.61423541291892580     
 -0.56109444433566502     
 -0.50617800609624586     
 -0.44954396753918691     
 -0.39124983359759902     
 -0.33135290074128648     
 -0.26991033508143603     
 -0.20697918947388907     
 -0.14261633275890045     
  -7.6878297397637782E-002
  -9.8210144751928186E-003
   5.8500567718943304E-002
  0.12803301472665943     
  0.19872509479693712     
  0.27052865004661120     
  0.34339964317437122     
  0.41729936569073561     
  0.49219574513586356     
  0.56806465264591033     
  -1.2021514212349862     
  -1.2048910832019268     
  -1.2064149482680009     
  -1.2047370364152592     
  -1.1994141935562737     
  -1.1904627552634650     
  -1.1780318752785892     
  -1.1622991902641189     
  -1.1434369324103453     
  -1.1216020920728407     
  -1.0969349985133205     
  -1.0695607900940651     
  -1.0395916477860854     
  -1.0071290783114251     
 -0.97226594065206473     
 -0.93508820068286558     
 -0.89567638258245807     
 -0.85410679496359820     
 -0.81045253247203619     
 -0.76478432727533696     
 -0.71717124623438255     
 -0.66768129273095800     
 -0.61638190167275675     
 -0.56334037285190885     
 -0.50862422616104319     
 -0.45230151242249406     
 -0.39444105970058424     
 -0.33511267823339447     
 -0.27438729969158437     
 -0.21233706189536469     
 -0.14903530757300867     
  -8.4556492230930452E-002
  -1.8975956965572100E-002
   4.7630460901982218E-002
  0.11518704198113880     
  0.18361907451709236     
  0.25285409210493076     
  0.32282350376811192     
  0.39346463137202781     
  0.46472306783930567     
  -1.2155585969796630     
  -1.2198184947238866     
  -1.2234453648072923     
  -1.2240132798701775     
  -1.2209692616799614     
  -1.2142924635712709     
  -1.2041170358610116     
  -1.1906141687983658     
  -1.1739536010963287     
  -1.1542918896449681     
  -1.1317701748051086     
  -1.1065152103050955     
  -1.0786414074147006     
  -1.0482529801345755     
  -1.0154459355551539     
 -0.98030977946923425     
 -0.94292898170273520     
 -0.90338418960018507     
 -0.86175326628922289     
 -0.81811215163848539     
 -0.77253561225237088     
 -0.72509787275848814     
 -0.67587318104125527     
 -0.62493629466521128     
 -0.57236292979660786     
 -0.51823015693781516     
 -0.46261677532203954     
 -0.40560364810450206     
 -0.34727402070673180     
 -0.28771380051162976     
 -0.22701180732196161     
 -0.16525996226724826     
 -0.10255340122563858     
  -3.8990453422052693E-002
   2.5327576200510328E-002
   9.0296941064876721E-002
  0.15581245443582117     
  0.22176918112775582     
  0.28806507175211787     
  0.35460477386169115     
  -1.2287268405168308     
  -1.2347616923573921     
  -1.2406738834400668     
  -1.2436398000379916     
  -1.2430195194555804     
  -1.2387641738269066     
  -1.2309968195836849     
  -1.2198839620759783     
  -1.2055935434235014     
  -1.1882818575610288     
  -1.1680906680995327     
  -1.1451479621459131     
  -1.1195698134908398     
  -1.0914624699357471     
  -1.0609242788516775     
  -1.0280473963873111     
 -0.99291922872800709     
 -0.95562367270253634     
 -0.91624215106117690     
 -0.87485451441738871     
 -0.83153980517399662     
 -0.78637694331965446     
 -0.73944532474606539     
 -0.69082538054429299     
 -0.64059908538740140     
 -0.58885045488193566     
 -0.53566601981299455     
 -0.48113531084066324     
 -0.42535134275855785     
 -0.36841112640671025     
 -0.31041619784812463     
 -0.25147318486004394     
 -0.19169439401978766     
 -0.13119841639028268     
  -7.0110700474583051E-002
  -8.5640142265811688E-003
   5.3301392251460758E-002
  0.11533826564046676     
  0.17739413005606489     
  0.23931554349332462     
  -1.2415480190013830     
  -1.2496795561416023     
  -1.2580691169998868     
  -1.2635856655076501     
  -1.2655324772927059     
  -1.2638432093713694     
  -1.2586341428754311     
  -1.2500689439607309     
  -1.2383145079128230     
  -1.2235269939407432     
  -1.2058485914179757     
  -1.1854080632501516     
  -1.1623225398803481     
  -1.1366995331879737     
  -1.1086388601448836     
  -1.0782343196599640     
  -1.0455751534216646     
  -1.0107472721282844     
 -0.97383432023217698     
 -0.93491857575424853     
 -0.89408175153717773     
 -0.85140569133872790     
 -0.80697301555911327     
 -0.76086770712041818     
 -0.71317568341275162     
 -0.66398534502383211     
 -0.61338814190225410     
 -0.56147915131100379     
 -0.50835770697917482     
 -0.45412808173688340     
 -0.39890026735617995     
 -0.34279086861197999     
 -0.28592416885149247     
 -0.22843341050444765     
 -0.17046237575351167     
 -0.11216735041475952     
  -5.3719584428950043E-002
   4.6916784548861499E-003
   6.2855660936254207E-002
  0.12053655341516670     
  -1.2538943896984382     
  -1.2645347364792461     
  -1.2756004636694227     
  -1.2838190023444294     
  -1.2884735471429025     
  -1.2894918803280104     
  -1.2869880453555214     
  -1.2811248177274042     
  -1.2720687823293861     
  -1.2599761102392131     
  -1.2449891704113605     
  -1.2272370379240229     
  -1.2068372313660904     
  -1.1838977344637094     
  -1.1585188885866429     
  -1.1307950880925257     
  -1.1008162200784175     
  -1.0686689123156705     
  -1.0344375830172139     
 -0.99820536381886693     
 -0.96005489145579803     
 -0.92006902875914087     
 -0.87833150698113927     
 -0.83492753992204627     
 -0.78994440087970763     
 -0.74347200639396716     
 -0.69560350054288900     
 -0.64643588170370592     
 -0.59607067313688511     
 -0.54461468375717403     
 -0.49218087668045052     
 -0.43888940951648903     
 -0.38486890064681067     
 -0.33025803750201843     
 -0.27520767779921829     
 -0.21988372271673606     
 -0.16447122263358233     
 -0.10918058375536460     
  -5.4257527366182924E-002
  -1.3113417000558692E-007
