 -0.64490728128537722     
 -0.63921145502596000     
 -0.62763905377448270     
 -0.61291730193595761     
 -0.59656576910793713     
 -0.57951405178294213     
 -0.56237470984451132     
 -0.54557674439140658     
 -0.52943637720721393     
 -0.51419713595463779     
 -0.50005382343267424     
 -0.48716751624179977     
 -0.47567531741034447     
 -0.46569690886741955     
 -0.45733907938132423     
 -0.45069893047391679     
 -0.44586619474393657     
 -0.44292494349604333     
 -0.44195486496110298     
 -0.44303223467337988     
 -0.44623066129547995     
 -0.45162166607571286     
 -0.45927513730489372     
 -0.46925968965705522     
 -0.48164295032084264     
 -0.49649178819652517     
 -0.51387249839893667     
 -0.53385095137685634     
 -0.55649271380496002     
 -0.58186314680170725     
 -0.61002748582119348     
 -0.64105090565128808     
 -0.67499857324814183     
 -0.71193569059383210     
 -0.75192752934005203     
 -0.79503945866752046     
 -0.84133696752689346     
 -0.89088568221656561     
 -0.94375138008388126     
  -1.0000000000000000     
 -0.64508841041910736     
 -0.63939178724377688     
 -0.62781630821951506     
 -0.61308787479964955     
 -0.59672495821243410     
 -0.57965630151362235     
 -0.56249378009923889     
 -0.54566581612644771     
 -0.52948811594209833     
 -0.51420372887988930     
 -0.50000700012065247     
 -0.48705855914532181     
 -0.47549506596831037     
 -0.46543575960031175     
 -0.45698698348513644     
 -0.45024538988241686     
 -0.44530025729188250     
 -0.44223519760097257     
 -0.44112943410173561     
 -0.44205877185042730     
 -0.44509634359863509     
 -0.45031318943826276     
 -0.45777871149808841     
 -0.46756103355583978     
 -0.47972728745808402     
 -0.49434384261257175     
 -0.51147649078606117     
 -0.53119059551297476     
 -0.55355121326742829     
 -0.57862319194956180     
 -0.60647125103260779     
 -0.63716004680207594     
 -0.67075422541666019     
 -0.70731846597752668     
 -0.74691751536903128     
 -0.78961621630089496     
 -0.83547952971809947     
 -0.88457255253447387     
 -0.93696053147714065     
 -0.99270887369275973     
 -0.64561998265840692     
 -0.63992118555038546     
 -0.62833690726496749     
 -0.61358900281629114     
 -0.59719261258129208     
 -0.58007390310987450     
 -0.56284269012285115     
 -0.54592565821165873     
 -0.52963696985523856     
 -0.51421824379212167     
 -0.49986245798877638     
 -0.48672890703786958     
 -0.47495292895228919     
 -0.46465244142865952     
 -0.45593245966563645     
 -0.44888829607213343     
 -0.44360787493716747     
 -0.44017343809073251     
 -0.43866282227833664     
 -0.43915042944294630     
 -0.44170797295521935     
 -0.44640505780604989     
 -0.45330963601030955     
 -0.46248836702353441     
 -0.47400690501989529     
 -0.48793012926488505     
 -0.50432232979355751     
 -0.52324735768396768     
 -0.54476874706738565     
 -0.56894981441871750     
 -0.59585373946866405     
 -0.62554363116602474     
 -0.65808258141823628     
 -0.69353370879634857     
 -0.73196019396787770     
 -0.77342530828851119     
 -0.81799243672034283     
 -0.86572509603428860     
 -0.91668694908578185     
 -0.97094181581669503     
 -0.64650212217856451     
 -0.64079999539920207     
 -0.62920168279687128     
 -0.61442221475828696     
 -0.59797115679827806     
 -0.58077038176793572     
 -0.56342628411375850     
 -0.54636266957373159     
 -0.52989114768889112     
 -0.51425097492970973     
 -0.49963287388739153     
 -0.48619393856479709     
 -0.47406732855732037     
 -0.46336878483980204     
 -0.45420113478075469     
 -0.44665748397547839     
 -0.44082352625507648     
 -0.43677924680937369     
 -0.43460019843866643     
 -0.43435847166071689     
 -0.43612344139987225     
 -0.43996234805795842     
 -0.44594075406737077     
 -0.45412290562404156     
 -0.46457202137499393     
 -0.47735052424151725     
 -0.49252022855142452     
 -0.51014249174351267     
 -0.53027833776713007     
 -0.55298855770745559     
 -0.57833379196951173     
 -0.60637459744405575     
 -0.63717150238061648     
 -0.67078505115289744     
 -0.70727584068036831     
 -0.74670454993843349     
 -0.78913196372700090     
 -0.83461899165780118     
 -0.88322668315258346     
 -0.93501623910842879     
 -0.64773502300494767     
 -0.64202877760218047     
 -0.63041200138839915     
 -0.61559003084813169     
 -0.59906459328735484     
 -0.58175156024442831     
 -0.56425256565923165     
 -0.54698742369284314     
 -0.53026421378270028     
 -0.51431893239266602     
 -0.49933919390037385     
 -0.48547906238411115     
 -0.47286869980893698     
 -0.46162085291609511     
 -0.45183534013583770     
 -0.44360223225018103     
 -0.43700415575082013     
 -0.43211799229709374     
 -0.42901615329580023     
 -0.42776754967392344     
 -0.42843833913099810     
 -0.43109250837022067     
 -0.43579233120046817     
 -0.44259873206072392     
 -0.45157157663798653     
 -0.46276990568569809     
 -0.47625212416317619     
 -0.49207615492130480     
 -0.51029956403056831     
 -0.53097966326336576     
 -0.55417359405105415     
 -0.57993839633087307     
 -0.60833106500348200     
 -0.63940859618442469     
 -0.67322802501340551     
 -0.70984645645531685     
 -0.74932109026548255     
 -0.79170924108290419     
 -0.83706835444762984     
 -0.88545601940284191     
 -0.64931892667393654     
 -0.64360828300790529     
 -0.63196973160310588     
 -0.61709591842217748     
 -0.60047844190230992     
 -0.58302547762641299     
 -0.56533259052797757     
 -0.54781452977245859     
 -0.53077491143510025     
 -0.51444562093381530     
 -0.49901036020489681     
 -0.48461938412052291     
 -0.47139908901718597     
 -0.45945846207280755     
 -0.44889354466951642     
 -0.43979059846202534     
 -0.43222839997929879     
 -0.42627993518603285     
 -0.42201367174594584     
 -0.41949452821426170     
 -0.41878462187975674     
 -0.41994385236876863     
 -0.42303036163513519     
 -0.42810089969903042     
 -0.43521111767173448     
 -0.44441580407730213     
 -0.45576907652243925     
 -0.46932453789003259     
 -0.48513540411678230     
 -0.50325460904172048     
 -0.52373489062878298     
 -0.54662886196723903     
 -0.57198906976390185     
 -0.59986804250705816     
 -0.63031833006525906     
 -0.66339253615617411     
 -0.69914334486071728     
 -0.73762354215008497     
 -0.77888603322648131     
 -0.82298385634331028     
 -0.65125409121138855     
 -0.64553941739624510     
 -0.63387719874425330     
 -0.61894423063301740     
 -0.60221965645200315     
 -0.58460227712992530     
 -0.56668031863085644     
 -0.54886244108374171     
 -0.53144691911051956     
 -0.51466073471443741     
 -0.49868293423454196     
 -0.48365924694843959     
 -0.46971159993503681     
 -0.45694452108755595     
 -0.44544957329209839     
 -0.43530850231858353     
 -0.42659552041778459     
 -0.41937899462321254     
 -0.41372271593206844     
 -0.40968686756047074     
 -0.40732877330097739     
 -0.40670348262208211     
 -0.40786423280557615     
 -0.41086281725366930     
 -0.41574988133812019     
 -0.42257516168365972     
 -0.43138768085100393     
 -0.44223590653242784     
 -0.45516788227509392     
 -0.47023133518648613     
 -0.48747376490231448     
 -0.50694251720522698     
 -0.52868484499840185     
 -0.55274795880844019     
 -0.57917906857852075     
 -0.60802541818739608     
 -0.63933431387179551     
 -0.67315314752368760     
 -0.70952941566809480     
 -0.74851073479294106     
 -0.65354075167744730     
 -0.64782319693083479     
 -0.63613712756879104     
 -0.62114012895264370     
 -0.60429651924315153     
 -0.58649406442067720     
 -0.56831242716304309     
 -0.55015321314024435     
 -0.53230854292708174     
 -0.51499977238783434     
 -0.49840062160005266     
 -0.48265165252280950     
 -0.46786969578949728     
 -0.45415419823421688     
 -0.44159162203922914     
 -0.43025857068118628     
 -0.42022405910719929     
 -0.41155119425779596     
 -0.40429844025408901     
 -0.39852058522387934     
 -0.39426948997692046     
 -0.39159467461083791     
 -0.39054378295592584     
 -0.39116295371713938     
 -0.39349711948976285     
 -0.39759024939930110     
 -0.40348554722739860     
 -0.41122561406081964     
 -0.42085258242296980     
 -0.43240822730165174     
 -0.44593405832415900     
 -0.46147139644752361     
 -0.47906143785419952     
 -0.49874530721908356     
 -0.52056410210441628     
 -0.54455892991692700     
 -0.57077093860607631     
 -0.59924134207806334     
 -0.63001144113595298     
 -0.66312264062317072     
 -0.65617907258795793     
 -0.65046069459935740     
 -0.63875257362148063     
 -0.62368949043898958     
 -0.60671851500519325     
 -0.58871473833882271     
 -0.57024808746262035     
 -0.55171221504558687     
 -0.53339234974753769     
 -0.51550357800254853     
 -0.49821370563317369     
 -0.48165757071654264     
 -0.46594636747103374     
 -0.45117392888066704     
 -0.43742108473335245     
 -0.42475876165231374     
 -0.41325023724692378     
 -0.40295281115980658     
 -0.39391906518074493     
 -0.38619782799405544     
 -0.37983492382755396     
 -0.37487376044197607     
 -0.37135579592255097     
 -0.36932091281536317     
 -0.36880772055825373     
 -0.36985380179174188     
 -0.37249591429025591     
 -0.37677015746058928     
 -0.38271211029996610     
 -0.39035694617755512     
 -0.39973952865377371     
 -0.41089449167853320     
 -0.42385630683995035     
 -0.43865933981687100     
 -0.45533789778413719     
 -0.47392626920126546     
 -0.49445875716280008     
 -0.51696970728687330     
 -0.54149353095612196     
 -0.56806472459345181     
 -0.65916909257690637     
 -0.65345297815391623     
 -0.64172684397353008     
 -0.62659880091640341     
 -0.60949618582519549     
 -0.59127979626987726     
 -0.57250870860323100     
 -0.55356779799150879     
 -0.53473474601608184     
 -0.51621781425873714     
 -0.49817839772249467     
 -0.48074514823139708     
 -0.46402318012566413     
 -0.44810027826766508     
 -0.43305120865382679     
 -0.41894078834776066     
 -0.40582612079973296     
 -0.39375825552630028     
 -0.38278344188387547     
 -0.37294409090871788     
 -0.36427952342692765     
 -0.35682655914795808     
 -0.35061998569931208     
 -0.34569293578816374     
 -0.34207719318242724     
 -0.33980344290839665     
 -0.33890147726541586     
 -0.33940036649958050     
 -0.34132860094958362     
 -0.34471420996849200     
 -0.34958486179042847     
 -0.35596794764936351     
 -0.36389065279660071     
 -0.37338001655256858     
 -0.38446298312990346     
 -0.39716644465124173     
 -0.41151727753653655     
 -0.42754237323605637     
 -0.44526866412529459     
 -0.46472314524833586     
 -0.66251066170943296     
 -0.65680104013857799     
 -0.64506340826955966     
 -0.62987503539383782     
 -0.61264096896140985     
 -0.59420611673074319     
 -0.57511765117460234     
 -0.55575092545600224     
 -0.53637550822237579     
 -0.51719237558967657     
 -0.49835611378511624     
 -0.47998882760011358     
 -0.46218921216336806     
 -0.44503867631889832     
 -0.42860559926009834     
 -0.41294836596689655     
 -0.39811758067939595     
 -0.38415771311224189     
 -0.37110834441747176     
 -0.35900512509048854     
 -0.34788052183854745     
 -0.33776440731980162     
 -0.32868453115117546     
 -0.32066689997429010     
 -0.31373608698530109     
 -0.30791548611466657     
 -0.30322752229924377     
 -0.29969382656870469     
 -0.29733538266730375     
 -0.29617265044365038     
 -0.29622567012241829     
 -0.29751415072275300     
 -0.30005754523757744     
 -0.30387511468516931     
 -0.30898598275242806     
 -0.31540918244120209     
 -0.32316369588498750     
 -0.33226848830844125     
 -0.34274253694533297     
 -0.35460485560341259     
 -0.66620337188931233     
 -0.66050572065738722     
 -0.64876580109570292     
 -0.63352552720113864     
 -0.61616501961877079     
 -0.59751172202856151     
 -0.57809991508779279     
 -0.55829477015214524     
 -0.53835727151963164     
 -0.51848074936033894     
 -0.49881268724510919     
 -0.47946838936760722     
 -0.46053990224774838     
 -0.44210204320564073     
 -0.42421659625107611     
 -0.40693530842359327     
 -0.39030207820017715     
 -0.37435458593593168     
 -0.35912553033207029     
 -0.34464358116786031     
 -0.33093412401597666     
 -0.31801984996733884     
 -0.30592122815205763     
 -0.29465688841208282     
 -0.28424393421716565     
 -0.27469820077754531     
 -0.26603446962013244     
 -0.25826664821525064     
 -0.25140792126978312     
 -0.24547087883653695     
 -0.24046762528808688     
 -0.23640987236777111     
 -0.23330901889088723     
 -0.23117621917532047     
 -0.23002244189638960     
 -0.22985852075898197     
 -0.23069519814135964     
 -0.23254316267469696     
 -0.23541308156945118     
 -0.23931562837575920     
 -0.67024648082635341     
 -0.66456762359297483     
 -0.65283751677932844     
 -0.63755782746222800     
 -0.62008102095571394     
 -0.60121552409670942     
 -0.58148180556601714     
 -0.56123428319971858     
 -0.54072498356542897     
 -0.52013933416280889     
 -0.49961752975207269     
 -0.47926793130704975     
 -0.45917582113944849     
 -0.43940932597291438     
 -0.42002354514163726     
 -0.40106350305286526     
 -0.38256630911654632     
 -0.36456276989763770     
 -0.34707861418770392     
 -0.33013543909905324     
 -0.31375145149025052     
 -0.29794205679541608     
 -0.28272033238429245     
 -0.26809741234149259     
 -0.25408280341758860     
 -0.24068464685349183     
 -0.22790993715320895     
 -0.21576470624301014     
 -0.20425417951487701     
 -0.19338290880924086     
 -0.18315488630835691     
 -0.17357364249024076     
 -0.16464233066505329     
 -0.15636380013167195     
 -0.14874065961597838     
 -0.14177533235778023     
 -0.13547010398076872     
 -0.12982716409497158     
 -0.12484864243287541     
 -0.12053664020053710     
 -0.67463883003583835     
 -0.66898702703275337     
 -0.65728189781685520     
 -0.64197955664311479     
 -0.62440198374693900     
 -0.60533705681318895     
 -0.58529058174195892     
 -0.56460574132699159     
 -0.54352533108306633     
 -0.52222672473236709     
 -0.50084275155572566     
 -0.47947479937423121     
 -0.45820138630719032     
 -0.43708396780045206     
 -0.41617099006205138     
 -0.39550079372676616     
 -0.37510374173011224     
 -0.35500381046657059     
 -0.33521980135108531     
 -0.31576627858430983     
 -0.29665430591544506     
 -0.27789203345573232     
 -0.25948517096741930     
 -0.24143737402070137     
 -0.22375056241170313     
 -0.20642518527497544     
 -0.18946044376036630     
 -0.17285447955101496     
 -0.15660453559062598     
 -0.14070709396873965     
 -0.12515799484701520     
 -0.10995253950242673     
  -9.5085579947023713E-002
  -8.0551597109779174E-002
  -6.6344769198572184E-002
  -5.2459031573464349E-002
  -3.8888129236823984E-002
  -2.5625662867104566E-002
  -1.2665129180353080E-002
   4.3711390001862412E-008
 -0.67937875733144015     
 -0.67376378869627174     
 -0.66210201820046688     
 -0.64679825001178792     
 -0.62914103824956591     
 -0.60989619825928854     
 -0.58955409247463320     
 -0.56844627815373083     
 -0.54680614695037444     
 -0.52480297339873516     
 -0.50256225394315335     
 -0.48017848571521504     
 -0.45772353797632026     
 -0.43525233239805888     
 -0.41280681461067315     
 -0.39041880406565510     
 -0.36811208615243296     
 -0.34590397949393320     
 -0.32380653168841494     
 -0.30182744683307428     
 -0.27997081601130752     
 -0.25823770071886876     
 -0.23662660491576290     
 -0.21513386157786546     
 -0.19375395276654761     
 -0.17247977737047063     
 -0.15130287717454080     
 -0.13021362936226707     
 -0.10920141168047257     
  -8.8254745098689358E-002
  -6.7361417747171803E-002
  -4.6508593124081912E-002
  -2.5682904957556700E-002
  -4.8705406441137264E-003
   1.5942685173799234E-002
   3.6771265607125327E-002
   5.7629944030552639E-002
   7.8533663209886556E-002
   9.9497520288746227E-002
  0.12053672698590635     
 -0.68446400424211684     
 -0.67889724718370381     
 -0.66730056297769080     
 -0.65202119892603894     
 -0.63431122090945358     
 -0.61491288647877951     
 -0.59430040412032281     
 -0.57279340575456805     
 -0.55061580580663394     
 -0.52792883821701508     
 -0.50485080643449032     
 -0.48146950940573519     
 -0.45785039574011660     
 -0.43404210660234338     
 -0.41008035829193945     
 -0.38599073329109757     
 -0.36179073285647134     
 -0.33749131746407091     
 -0.31309808425601393     
 -0.28861218220558504     
 -0.26403103448188991     
 -0.23934891686116777     
 -0.21455742710566231     
 -0.18964587065034183     
 -0.16460158123264840     
 -0.13941019033503038     
 -0.11405585587622309     
  -8.8521458082422955E-002
  -6.2788768622320246E-002
  -3.6838597714610649E-002
  -1.0650922883915191E-002
   1.5794997740085432E-002
   4.2520525280144369E-002
   6.9547551280674927E-002
   9.6898418694151583E-002
  0.12459585146103369     
  0.15266289167005415     
  0.18112284345012369     
  0.20999922287426750     
  0.23931571325819195     
 -0.68989161872884619     
 -0.68438611988217923     
 -0.67287970543091191     
 -0.65765528992437783     
 -0.63992525859983063     
 -0.62040683234899929     
 -0.59955742504113019     
 -0.57768453275189358     
 -0.55500261622303793     
 -0.53166502798741799     
 -0.50778312151383553     
 -0.48343829570722680     
 -0.45868991500239281     
 -0.43358070443588093     
 -0.40814053633300074     
 -0.38238915761360193     
 -0.35633819910198083     
 -0.32999268607460602     
 -0.30335219481694875     
 -0.27641175314148547     
 -0.24916255256767836     
 -0.22159251984120884     
 -0.19368678192807603     
 -0.16542804928345750     
 -0.13679693564734613     
 -0.10777222795505638     
  -7.8331116582652863E-002
  -4.8449393685281422E-002
  -1.8101625567215500E-002
   1.2738696334208054E-002
   4.4099022288284065E-002
   7.6007626143244605E-002
  0.10849350002692142     
  0.14158626011967873     
  0.17531606208698211     
  0.20971352502287355     
  0.24480966295888543     
  0.28063582314987368     
  0.31722363046980884     
  0.35460493734513138     
 -0.69565785349432918     
 -0.69022839837490613     
 -0.67884098330869391     
 -0.66370684363534016     
 -0.64599535310590528     
 -0.62639723317465346     
 -0.60535253161078750     
 -0.58315648513861074     
 -0.56001421740669310     
 -0.53607145426972269     
 -0.51143293954166802     
 -0.48617406946872999     
 -0.46034856234394478     
 -0.43399369570107071     
 -0.40713399048089893     
 -0.37978386986699497     
 -0.35194962166324462     
 -0.32363087591975492     
 -0.29482173795112088     
 -0.26551167179823010     
 -0.23568619998269305     
 -0.20532746602838620     
 -0.17441469308994748     
 -0.14292456295013001     
 -0.11083153326410597     
  -7.8108106369236138E-002
  -4.4725059676691575E-002
  -1.0651645240331440E-002
   2.4144235695760671E-002
   5.9695878711173052E-002
   9.6037639335172786E-002
  0.13320481060121375     
  0.17123351292889655     
  0.21016059467666928     
  0.25002354204782684     
  0.29086039729133106     
  0.33270968433639569     
  0.37561034114999547     
  0.41960165822052659     
  0.46472322265736282     
 -0.70175806006244212     
 -0.69642124219971557     
 -0.68518517557979974     
 -0.67018145554294084     
 -0.65253296855747744     
 -0.63290249056362802     
 -0.61171220038120366     
 -0.58924503588415367     
 -0.56569698820323755     
 -0.54120650022807648     
 -0.51587213615271155     
 -0.48976377788485292     
 -0.46293002840731018     
 -0.43540328160445146     
 -0.40720329773106390     
 -0.37833978938217527     
 -0.34881433350984337     
 -0.31862181322551431     
 -0.28775152466454323     
 -0.25618804093497238     
 -0.22391189708437309     
 -0.19090014133113695     
 -0.15712678510195793     
 -0.12256317561075669     
  -8.7178308502182625E-002
  -5.0939093631115637E-002
  -1.3810583813941853E-002
   2.4243825994117542E-002
   6.3262223413371427E-002
  0.10328402289411398     
  0.14434982616604999     
  0.18650129630284518     
  0.22978104340560856     
  0.27423252035460760     
  0.31989992741802298     
  0.36682812476428350     
  0.41506255211896304     
  0.46464915495267972     
  0.51563431669411031     
  0.56806479654098829     
 -0.70818657864707457     
 -0.70296087180186406     
 -0.69191218121743625     
 -0.67708384065268923     
 -0.65954862446790208     
 -0.63993993604278943     
 -0.61866165090665559     
 -0.59598444913474624     
 -0.57209547583185760     
 -0.54712631570761316     
 -0.52116986389248388     
 -0.49429105714039911     
 -0.46653399607594853     
 -0.43792683894342427     
 -0.40848526282550168     
 -0.37821497283264227     
 -0.34711356068686877     
 -0.31517190804394146     
 -0.28237526473308039     
 -0.24870409078632333     
 -0.21413472421825186     
 -0.17863991855464939     
 -0.14218928185768398     
 -0.10474964047508495     
  -6.6285344709519051E-002
  -2.6758529265572158E-002
   1.3870661835558242E-002
   5.5643878526236965E-002
   9.8604390552841925E-002
  0.14279693165617385     
  0.18826755880962420     
  0.23506352402432631     
  0.28323315682227512     
  0.33282575593206021     
  0.38389148910824877     
  0.43648130023791126     
  0.49064682309423951     
  0.54644030124181264     
  0.60391451370206684     
  0.66312270606005996     
 -0.71493662362256105     
 -0.70984246152517716     
 -0.69902090155989849     
 -0.68441768409565595     
 -0.66705169696358735     
 -0.64752556772273007     
 -0.62622450348858516     
 -0.60340704448507687     
 -0.57925185133416734     
 -0.55388414735272007     
 -0.52739173909357229     
 -0.49983525653919048     
 -0.47125498059199905     
 -0.44167555304177886     
 -0.41110931878944462     
 -0.37955875498469993     
 -0.34701827361041804     
 -0.31347558405494330     
 -0.27891274053467213     
 -0.24330695997370502     
 -0.20663127027341877     
 -0.16885503170516392     
 -0.12994436238633927     
  -8.9862490582886187E-002
  -4.8570050742269430E-002
  -6.0253359426871555E-003
   3.7815483650328718E-002
   8.2998169031143348E-002
  0.12957024175109610     
  0.17758083023288546     
  0.22708052978510901     
  0.27812127388471286     
  0.33075621490349033     
  0.38503961292578859     
  0.44102673166716594     
  0.49877374077979575     
  0.55833762403690446     
  0.61977609303904191     
  0.68314750619059683     
  0.74851079276496579     
 -0.72200016413761525     
 -0.71706003349259206     
 -0.70650912784002973     
 -0.69218549969016052     
 -0.67505023068542469     
 -0.65567380112627083     
 -0.63442245580677858     
 -0.61154278637935200     
 -0.58720539815278527     
 -0.56152971183707323     
 -0.53459908404974388     
 -0.50647053253971319     
 -0.47718125682301549     
 -0.44675315790444653     
 -0.41519605775837287     
 -0.38251004595454829     
 -0.34868722434291166     
 -0.31371302715132443     
 -0.27756723583428111     
 -0.24022477090268812     
 -0.20165631858425753     
 -0.16182883376237578     
 -0.12070594937084181     
  -7.8248314525840440E-002
  -3.4413878044043465E-002
   1.0841870091011738E-002
   5.7565689765752361E-002
  0.10580640698488310     
  0.15561474975396677     
  0.20704319933858445     
  0.26014585366902770     
  0.31497830046469366     
  0.37159749828661426     
  0.43006166422599423     
  0.49043016732757400     
  0.55276342714875915     
  0.61712281708400929     
  0.68357057225129481     
  0.75216970185385512     
  0.82298390600510773     
 -0.72936779906465521     
 -0.72460635325146960     
 -0.71437343553659616     
 -0.70038849845440598     
 -0.68355076371398293     
 -0.66439723705942899     
 -0.64327498204743017     
 -0.62041890320260218     
 -0.59599203958654279     
 -0.57010861940018298     
 -0.54284823342698074     
 -0.51426502371977467     
 -0.48439388716984189     
 -0.45325479999276763     
 -0.42085591189937804     
 -0.38719580872664305     
 -0.35226519815191970     
 -0.31604818630422737     
 -0.27852325889270557     
 -0.23966404559683965     
 -0.19943992342486777     
 -0.15781649917480953     
 -0.11475600038801256     
  -7.0217596629609788E-002
  -2.4157667521364348E-002
   2.3469969987477024E-002
   7.2713865544994566E-002
  0.12362476315095017     
  0.17625544706087398     
  0.23066060147339276     
  0.28689668067201723     
  0.34502178712218173     
  0.40509555569262662     
  0.46717904270985561     
  0.53133461898829881     
  0.59762586632343417     
  0.66611747720282355     
  0.73687515769071066     
  0.80996553358411227     
  0.88545606003023103     
 -0.73702862502377964     
 -0.73247282811447190     
 -0.72260908728407358     
 -0.70902646903140809     
 -0.69255816771582457     
 -0.67370644912893829     
 -0.65279905773138402     
 -0.63005954005725850     
 -0.60564391010941343     
 -0.57966185388978708     
 -0.55218991257411965     
 -0.52328011608775915     
 -0.49296586162824257     
 -0.46126603962312823     
 -0.42818800137492768     
 -0.39372973734344341     
 -0.35788150380259331     
 -0.32062705583354190     
 -0.28194459438096975     
 -0.24180750252533309     
 -0.20018492446696323     
 -0.15704222600105303     
 -0.11234136506421170     
  -6.6041193737096909E-002
  -1.8097707921225413E-002
   3.1535742865542407E-002
   8.2908275935957398E-002
  0.13607131860914967     
  0.19107846824347205     
  0.24798536454905054     
  0.30684957064334423     
  0.36773046016443656     
  0.43068910846273067     
  0.49578818648128248     
  0.56309185642718917     
  0.63266566874337249     
  0.70457646021974540     
  0.77889225334083911     
  0.85568215715854867     
  0.93501627010897115     
 -0.74497009563455574     
 -0.74064940923325562     
 -0.73120994619325197     
 -0.71809767195184948     
 -0.70207550533021901     
 -0.68360979320101478     
 -0.66300891299360509     
 -0.64048544859604151     
 -0.61618897470405165     
 -0.59022531441267856     
 -0.56266869398477859     
 -0.53356980637584339     
 -0.50296135930554031     
 -0.47086200129522920     
 -0.43727916306406828     
 -0.40221115236435834     
 -0.36564872261094872     
 -0.32757626315770433     
 -0.28797271290419180     
 -0.24681226869254042     
 -0.20406493970348982     
 -0.15969698521476877     
 -0.11367126344657480     
  -6.5947512397434335E-002
  -1.6482578668192738E-002
   3.4769393313689362E-002
   8.7856801924584518E-002
  0.14283045110871861     
  0.19974342912534684     
  0.25865099837919087     
  0.31961049245699469     
  0.38268121735160687     
  0.44792435459178359     
  0.51540286463772278     
  0.58518138946455656     
  0.65732615374585657     
  0.73190486446866010     
  0.80898660915982590     
  0.88864175317926353     
  0.97094183673833256     
 -0.75317786938695375     
 -0.74912449862810560     
 -0.74016840159467367     
 -0.72759874962201188     
 -0.71210390661448963     
 -0.69411324075551561     
 -0.67391581657535371     
 -0.65171371661202626     
 -0.62765069946485930     
 -0.60182942252014804     
 -0.57432253664362420     
 -0.54518016902277266     
 -0.51443513828681220     
 -0.48210668130082918     
 -0.44820317018595973     
 -0.41272412594891789     
 -0.37566173132475644     
 -0.33700198039155238     
 -0.29672556048178533     
 -0.25480853406758797     
 -0.21122286945934152     
 -0.16593685618428858     
 -0.11891543183664714     
  -7.0120440751329879E-002
  -1.9510840222116025E-002
   3.2957133392222171E-002
   8.7329828832114764E-002
  0.14365606641907985     
  0.20198704036451959     
  0.26237623158138362     
  0.32487932664051600     
  0.38955413934477667     
  0.45646053213554361     
  0.52566033522576916     
  0.59721726198553671     
  0.67119681969340861     
  0.74766621530513500     
  0.82669425637088489     
  0.90835124764129238     
  0.99270888423040782     
 -0.76163564252751614     
 -0.75788486270294353     
 -0.74947530943257468     
 -0.73752465388172928     
 -0.72264246614166261     
 -0.70522023772154441     
 -0.68552789227179800     
 -0.66375753938357263     
 -0.64004777578839001     
 -0.61449879762272219     
 -0.58718241139481742     
 -0.55814893051811798     
 -0.52743205818685457     
 -0.49505241779804060     
 -0.46102014911409034     
 -0.42533684429511337     
 -0.38799700844329355     
 -0.34898917182988476     
 -0.30829674310680566     
 -0.26589866732975620     
 -0.22176993518151458     
 -0.17588197766913527     
 -0.12820297204472464     
  -7.8698078636059599E-002
  -2.7329623918251764E-002
   2.5942757999779902E-002
   8.1162015613859911E-002
  0.13837359384803374     
  0.19762536463035132     
  0.25896756841647239     
  0.32245276170474491     
  0.38813576632832286     
  0.45607361699880422     
  0.52632550424715507     
  0.59895271058058031     
  0.67401853835286540     
  0.75158822852194429     
  0.83172887012284424     
  0.91450930089081417     
  0.99999999999999623     
 -0.77032496204883949     
 -0.76691555426088653     
 -0.75911994982138276     
 -0.74786859292740560     
 -0.73368816209380028     
 -0.71693158998810547     
 -0.69784996903860952     
 -0.67662603404975741     
 -0.65339389951080096     
 -0.62825200206940046     
 -0.60127201383360140     
 -0.57250515267970870     
 -0.54198673706590772     
 -0.50973952521908550     
 -0.47577619559007811     
 -0.44010121022222898     
 -0.40271222769444082     
 -0.36360118244162332     
 -0.32275511353620046     
 -0.28015680287876499     
 -0.23578526667071134     
 -0.18961613274964184     
 -0.14162192836425830     
  -9.1772297252548679E-002
  -4.0034160790738196E-002
   1.3628164963734318E-002
   6.9252886630201876E-002
  0.12688067708583289     
  0.18655463820213491     
  0.24832027649631777     
  0.31222548610669926     
  0.37832053405937416     
  0.44665804332859532     
  0.51729296975880223     
  0.59028256954823166     
  0.66568635471016435     
  0.74356603472557059     
  0.82398544345750335     
  0.90701045127255331     
  0.99270886315510387     
 -0.77922501214048001     
 -0.77619984578583234     
 -0.76909000464129429     
 -0.75862199932901353     
 -0.74523579841421483     
 -0.72924537636944520     
 -0.71088346541042891     
 -0.69032409756594548     
 -0.66769760539447121     
 -0.64310135606838947     
 -0.61660756458187060     
 -0.58826902431993033     
 -0.55812334168877542     
 -0.52619609148112834     
 -0.49250318832231221     
 -0.45705268351075623     
 -0.41984613613620442     
 -0.38087966506924853     
 -0.34014475878191597     
 -0.29762889910018431     
 -0.25331604021884901     
 -0.20718697378564965     
 -0.15921960332583013     
 -0.10938914586724108     
  -5.7668274744392511E-002
  -4.0272147926639010E-003
   5.1566200802642015E-002
  0.10914650407702141     
  0.16875058924513242     
  0.23041772659014417     
  0.29418958719363497     
  0.36011027266956552     
  0.42822634429693657     
  0.49858684623584554     
  0.57124331793164851     
  0.64624979141542949     
  0.72366277002426149     
  0.80354118608753988     
  0.88594633631444364     
  0.97094179489505017     
 -0.78831236515625092     
 -0.78571917789365320     
 -0.77937155850115580     
 -0.76977452077264963     
 -0.75727797076487802     
 -0.74215688937169788     
 -0.72462630833130304     
 -0.70485230807470822     
 -0.68296215643122071     
 -0.65905282140024535     
 -0.63319769520647839     
 -0.60545175867859302     
 -0.57585550743639202     
 -0.54443793307300636     
 -0.51121879368285716     
 -0.47621035130563394     
 -0.43941870784677189     
 -0.40084483617624672     
 -0.36048537744660347     
 -0.31833325699930959     
 -0.27437815768723961     
 -0.22860687961671625     
 -0.18100360817660194     
 -0.13155010704194336     
  -8.0225849099090030E-002
  -2.7008095574765589E-002
   2.8128068193275523E-002
   8.5209733115753694E-002
  0.14426619632441701     
  0.20532901456319394     
  0.26843207483505765     
  0.33361167597861768     
  0.40090661459404714     
  0.47035826850585910     
  0.54201067086209198     
  0.61591056814681222     
  0.69210745593044731     
  0.77065358716797761     
  0.85160394928613237     
  0.93501620810787933     
 -0.79756068506703159     
 -0.79545312856099715     
 -0.78994912693321973     
 -0.78131403500741414     
 -0.76980505667249721     
 -0.75565860365770288     
 -0.73907288595186504     
 -0.72020686884007645     
 -0.69918548654040147     
 -0.67610595171196386     
 -0.65104341651822217     
 -0.62405559201788086     
 -0.59518638161136805     
 -0.56446869979038916     
 -0.53192665101141623     
 -0.49757721558638918     
 -0.46143155755678977     
 -0.42349604185305584     
 -0.38377302619373399     
 -0.34226147658239797     
 -0.29895744286267983     
 -0.25385442159148675     
 -0.20694362667890853     
 -0.15821418321104425     
 -0.10765325617629980     
  -5.5246123142998947E-002
  -9.7619806865675016E-004
   5.5174987789606958E-002
  0.11322784254952051     
  0.17320480282146505     
  0.23513044987813983     
  0.29903164687733841     
  0.36493769026029932     
  0.43288046741832614     
  0.50289461170445571     
  0.57501764507450503     
  0.64929009831320128     
  0.72575559917445664     
  0.80446092002350478     
  0.88545597877544568     
 -0.80694036720773488     
 -0.80537941126968404     
 -0.80080571628365815     
 -0.79322669023072856     
 -0.78280522982598422     
 -0.76974017164292685     
 -0.75421403342019300     
 -0.73637959324885316     
 -0.71636019441888843     
 -0.69425390611332782     
 -0.67013816459369413     
 -0.64407387694879237     
 -0.61610878149585213     
 -0.58628011779480016     
 -0.55461672403311157     
 -0.52114067957365107     
 -0.48586859204996924     
 -0.44881260758306468     
 -0.40998120445396435     
 -0.36937981591788155     
 -0.32701131650572485     
 -0.28287639751498594     
 -0.23697385083932970     
 -0.18930077532539735     
 -0.13985271609696595     
  -8.8623744477499905E-002
  -3.5606484086571195E-002
   1.9207912732202213E-002
   7.5829834835134807E-002
  0.13427132552214691     
  0.19454623578931377     
  0.25667041342368868     
  0.32066192234230823     
  0.38654128461783244     
  0.45433173527560361     
  0.52405947743827230     
  0.59575392312232234     
  0.66944790347641936     
  0.74517783208606958     
  0.82298380668150672     
 -0.81641809248443031     
 -0.81547391393747370     
 -0.81192292036861224     
 -0.80549697175744495     
 -0.79626449799592081     
 -0.78438844518111239     
 -0.77003705019353808     
 -0.75335792879668273     
 -0.73447358556787956     
 -0.71348352185474928     
 -0.69046791863426904     
 -0.66549126244910650     
 -0.63860545640590227     
 -0.60985235689383477     
 -0.57926580025152008     
 -0.54687321017408286     
 -0.51269687095712801     
 -0.47675493726777701     
 -0.43906223625040997     
 -0.39963090493453890     
 -0.35847089555203299     
 -0.31559037323722888     
 -0.27099602425408015     
 -0.22469328796410656     
 -0.17668652188536038     
 -0.12697910614619745     
  -7.5573491235891549E-002
  -2.2471191094492575E-002
   3.2327277771230040E-002
   8.8822511287332803E-002
  0.14701638728957664     
  0.20691228931971528     
  0.26851538315744672     
  0.33183294200656410     
  0.39687471257923346     
  0.46365330951937916     
  0.53218461999896638     
  0.60248819463674441     
  0.67458759633500176     
  0.74851067682091088     
 -0.82595626651160892     
 -0.82571079599141717     
 -0.82328105946039443     
 -0.81810779521408183     
 -0.81016676347008687     
 -0.79958752181971127     
 -0.78652574693792410     
 -0.77112501746336792     
 -0.75350775889778343     
 -0.73377544107615988     
 -0.71201138375608708     
 -0.68828395119829167     
 -0.66264944122579772     
 -0.63515450560145625     
 -0.60583811705837309     
 -0.57473314939396081     
 -0.54186764299448831     
 -0.50726581959038430     
 -0.47094889821907376     
 -0.43293575318922056     
 -0.39324344539303152     
 -0.35188765067226346     
 -0.30888300284789505     
 -0.26424336414495236     
 -0.21798203178137804     
 -0.17011188619628972     
 -0.12064548358178043     
  -6.9595092926963947E-002
  -1.6972675620041327E-002
   3.7210196206932986E-002
   9.2942487866784468E-002
  0.15021392296635250     
  0.20901528293869182     
  0.26933878973036263     
  0.33117857250279081     
  0.39453121288387938     
  0.45939635380855620     
  0.52577734441606672     
  0.59368187905715430     
  0.66312257518627593     
 -0.83551230359717410     
 -0.83606266898114423     
 -0.83485936733036048     
 -0.83104062558826708     
 -0.82449390422933344     
 -0.81531881363272274     
 -0.80366051967468422     
 -0.78965978945505200     
 -0.77343973381379749     
 -0.75510428600218160     
 -0.73474023102603536     
 -0.71242002384684411     
 -0.68820448757728014     
 -0.66214513575691181     
 -0.63428609088114696     
 -0.60466564432653880     
 -0.57331751910021489     
 -0.54027189343237803     
 -0.50555623411588346     
 -0.46919597880237940     
 -0.43121509786846995     
 -0.39163655932452063     
 -0.35048271443377954     
 -0.30777561697812778     
 -0.26353728516884184     
 -0.21778991179974930     
 -0.17055602515309914     
 -0.12185860020629391     
  -7.1721116697290865E-002
  -2.0167557481747370E-002
   3.2777662676954422E-002
   8.7089851111885788E-002
  0.14274429042469947     
  0.19971660949788525     
  0.25798329135906461     
  0.31752233354514553     
  0.37831406712280291     
  0.44034212208457651     
  0.50359449724323746     
  0.56806465264591033     
 -0.84503770095116293     
 -0.84650089790145588     
 -0.84663623150697065     
 -0.84427562013535484     
 -0.83922587332708298     
 -0.83156113618904814     
 -0.82141844849132750     
 -0.80893708696214328     
 -0.79424161332376242     
 -0.77743887653693677     
 -0.75861938654765493     
 -0.73785981919795973     
 -0.71522555794964837     
 -0.69077293736551315     
 -0.66455112413698270     
 -0.63660366309657246     
 -0.60696974068661080     
 -0.57568521930254091     
 -0.54278348911241436     
 -0.50829617554931938     
 -0.47225373285525268     
 -0.43468594742602040     
 -0.39562236927299771     
 -0.35509268547944095     
 -0.31312704583206163     
 -0.26975634759463263     
 -0.22501248340680885     
 -0.17892855328349555     
 -0.13153903838773079     
  -8.2879930354883391E-002
  -3.2988805128173704E-002
   1.8095175816304373E-002
   7.0331361605797851E-002
  0.12367783945215167     
  0.17809183778789839     
  0.23353035907954972     
  0.28995110151047515     
  0.34731372175617503     
  0.40558145923964606     
  0.46472306783930567     
 -0.85447682836042438     
 -0.85699607761961105     
 -0.85858948992358208     
 -0.85779179128444338     
 -0.85434081310638155     
 -0.84829081481348201     
 -0.83977341787421667     
 -0.82892781436086838     
 -0.81588077849450125     
 -0.80074248399229275     
 -0.78360736117309959     
 -0.76455635903549357     
 -0.74365936783511577     
 -0.72097740395820020     
 -0.69656446421862084     
 -0.67046906326296929     
 -0.64273549972885613     
 -0.61340490118482682     
 -0.58251609288567918     
 -0.55010632801865400     
 -0.51621190996735833     
 -0.48086873098530070     
 -0.44411274666515832     
 -0.40598040157896098     
 -0.36650901823696053     
 -0.32573715884086085     
 -0.28370496695583025     
 -0.24045449393999710     
 -0.19603001244243939     
 -0.15047831610242030     
 -0.10384900017337764     
  -5.6194711304755590E-002
  -7.5713448990888154E-003
   4.1961846444124887E-002
   9.2342292212067426E-002
  0.14350438216924044     
  0.19538011877785924     
  0.24790033258732219     
  0.30099669695847642     
  0.35460477386169115     
 -0.86376533056938609     
 -0.86751876401445227     
 -0.87069678257044048     
 -0.87156718320887050     
 -0.86981518004865332     
 -0.86548180498127780     
 -0.85869625555849927     
 -0.84959911117964526     
 -0.83832010951551605     
 -0.82497311466729684     
 -0.80965661247577092     
 -0.79245580649259884     
 -0.77344496120195994     
 -0.75268954919776632     
 -0.73024808930197771     
 -0.70617367981894086     
 -0.68051526797881112     
 -0.65331870341732623     
 -0.62462761982351245     
 -0.59448418227752475     
 -0.56292973115793510     
 -0.53000534777463371     
 -0.49575236228381936     
 -0.46021282089488191     
 -0.42342992673273688     
 -0.38544846681128908     
 -0.34631523625319610     
 -0.30607947001299396     
 -0.26479329176278699     
 -0.22251218905650127     
 -0.17929552302495352     
 -0.13520707898244971     
  -9.0315660139006243E-002
  -4.4695717598612905E-002
   1.5720088328585677E-003
   4.8399901962148315E-002
   9.5693067001515766E-002
  0.14334939715836748     
  0.19126064727689043     
  0.23931554349332462     
 -0.87282800049480502     
 -0.87804057635974975     
 -0.88293594769876160     
 -0.88557905264835424     
 -0.88562387530901554     
 -0.88310582350294164     
 -0.87815488674199138     
 -0.87091454416150016     
 -0.86151822870578221     
 -0.85008381717608217     
 -0.83671393095180036     
 -0.82149794740764936     
 -0.80451430548559899     
 -0.78583263668876258     
 -0.76551559746449116     
 -0.74362040217619829     
 -0.72020009542660945     
 -0.69530461058985737     
 -0.66898165837155710     
 -0.64127748300377385     
 -0.61223751731856701     
 -0.58190696246900786     
 -0.55033131373926203     
 -0.51755685068179347     
 -0.48363110763989176     
 -0.44860333946662939     
 -0.41252499689205380     
 -0.37545022653999305     
 -0.33743641215939113     
 -0.29854477642557625     
 -0.25884106703971221     
 -0.21839635735229113     
 -0.17728800113132587     
 -0.13560079438275324     
  -9.3428415319954078E-002
  -5.0875236878920871E-002
  -8.0586314801503744E-003
   3.4888098294610731E-002
   7.7812068398076306E-002
  0.12053655341516670     
 -0.88157592654760664     
 -0.88853584162361376     
 -0.89528543537486771     
 -0.89980404116020019     
 -0.90174037553554343     
 -0.90113248715754246     
 -0.89811450058589815     
 -0.89283431487769693     
 -0.88542976100987725     
 -0.87602300777891684     
 -0.86472084300129859     
 -0.85161668502234977     
 -0.83679289363856535     
 -0.82032290692021337     
 -0.80227307838107831     
 -0.78270421333402784     
 -0.76167284324569018     
 -0.73923228513427075     
 -0.71543353005311738     
 -0.69032599849730125     
 -0.66395819421304214     
 -0.63637828243395911     
 -0.60763461428278220     
 -0.57777621594970796     
 -0.54685325920496730     
 -0.51491752875844088     
 -0.48202290194165115     
 -0.44822585725252090     
 -0.41358603070673261     
 -0.37816684313129711     
 -0.34203622831530767     
 -0.30526750270247971     
 -0.26794043456772176     
 -0.23014259893466760     
 -0.19197115249476826     
 -0.15353524733755031     
 -0.11495945734570850     
  -7.6388886874139944E-002
  -3.7997216228799507E-002
  -1.3113417000558692E-007
