 -0.73086106930776018     
 -0.64334822711417416     
 -0.55793334712121856     
 -0.49614244611280744     
 -0.46685209943608630     
 -0.47612277820124455     
 -0.52916072815335391     
 -0.63090071768098810     
 -0.78621600042493300     
  -1.0000000000000000     
 -0.73353297258130590     
 -0.64585924739517853     
 -0.55806215543872506     
 -0.49099992812616056     
 -0.45293386031846383     
 -0.44927936179660000     
 -0.48456392731591486     
 -0.56301654202821050     
 -0.68878525289126813     
 -0.86602539649920673     
 -0.74154867484013454     
 -0.65373242618470506     
 -0.55958397488522471     
 -0.47813116303410030     
 -0.41598791753642872     
 -0.37684457321602094     
 -0.36340734929088891     
 -0.37800310317009533     
 -0.42281711803357480     
 -0.49999997476321700     
 -0.75491676592384616     
 -0.66792201981548960     
 -0.56565048029435783     
 -0.46460080293824951     
 -0.36924091425296418     
 -0.28102553312271028     
 -0.20028466757169694     
 -0.12683836783266211     
  -6.0258112293713778E-002
   4.3711390001862412E-008
 -0.77358710201438863     
 -0.68974022804087443     
 -0.58067378663537839     
 -0.46026447380247948     
 -0.33103400882386502     
 -0.19245041440494204     
  -4.2712898772411786E-002
  0.12065059376513515     
  0.30051416407663306     
  0.50000005047356477     
 -0.79736780795612061     
 -0.72050954837712466     
 -0.60929356724512673     
 -0.47543752461317995     
 -0.32034595972531121     
 -0.14245572822582320     
   6.1138667406319090E-002
  0.29415094730207014     
  0.56087072249760861     
  0.86602544021059469     
 -0.82583301752217408     
 -0.76119593294108034     
 -0.65531955045138146     
 -0.51856525416727717     
 -0.35237886793614359     
 -0.15551132423019443     
   7.4530957273983400E-002
  0.34104627741352278     
  0.64800230889593313     
  0.99999999999999623     
 -0.85823808023069348     
 -0.81210284850187842     
 -0.72089853759051259     
 -0.59449498416548785     
 -0.43542564071924306     
 -0.24396074138599019     
  -1.9458440215831090E-002
  0.23922491479170513     
  0.53367082489046602     
  0.86602535278781234     
 -0.89345570776968730     
 -0.87268630331538721     
 -0.80607177941977981     
 -0.70373847968658410     
 -0.56983835067530253     
 -0.40665331576990033     
 -0.21598275333646100     
   2.8578237496085159E-004
  0.23988380183485089     
  0.49999989905286540     
 -0.92994043908787205     
 -0.94151901462671306     
 -0.90875818853377799     
 -0.84276016605442805     
 -0.74917762033064350     
 -0.63182457500629530     
 -0.49410150448527834     
 -0.33968104096555307     
 -0.17302865437458012     
  -1.3113417000558692E-007
