  -1.0771752275469297     
 -0.94512635010373547     
 -0.80987852188733422     
 -0.70067046441934788     
 -0.62793759927180925     
 -0.59791528879285760     
 -0.61556904328809348     
 -0.68546855122166894     
 -0.81210245677657678     
  -1.0000000000000000     
  -1.0812037281770523     
 -0.94939741996179938     
 -0.81189803711839703     
 -0.69732715853522165     
 -0.61558973391033722     
 -0.57234088741523514     
 -0.57191118272017794     
 -0.61819218387932962     
 -0.71496363363507676     
 -0.86602539649920685     
  -1.0932648055670664     
 -0.96256776558642276     
 -0.81915108367717515     
 -0.68994245029372148     
 -0.58345047128468608     
 -0.50380229101555374     
 -0.45364345496534714     
 -0.43505124349838825     
 -0.44989544535228460     
 -0.49999997476321700     
  -1.1132908309468221     
 -0.98563997346987731     
 -0.83496760383139002     
 -0.68584703403827119     
 -0.54504493245880736     
 -0.41478811561481160     
 -0.29558875225433889     
 -0.18718065025326919     
  -8.8921931072413668E-002
   4.3711390001862412E-008
  -1.1410961728539215     
  -1.0199974844348552     
 -0.86405870610694768     
 -0.69536178066280785     
 -0.51925205914726325     
 -0.33644534580907404     
 -0.14569355851545762     
   5.5295278644460745E-002
  0.26943165121318957     
  0.50000005047356477     
  -1.1762816037686474     
  -1.0670411508476261     
 -0.91148264146034896     
 -0.72949761390712053     
 -0.52589330887754837     
 -0.30095369232099567     
  -5.2844499932099546E-002
  0.22155796876118089     
  0.52628253992911311     
  0.86602544021059469     
  -1.2181246329615925     
  -1.1277966836251441     
 -0.98157643146562090     
 -0.79766319741660996     
 -0.58141881655086958     
 -0.33410062271980923     
  -5.4949802945617410E-002
  0.25814158246389335     
  0.60838781127450137     
  0.99999999999999623     
  -1.2654729999468517     
  -1.2025700705479903     
  -1.0770902243698224     
 -0.90596689068548153     
 -0.69591167852565017     
 -0.45026804015049476     
 -0.17085840104342401     
  0.14146452911640395     
  0.48673515486939367     
  0.86602535278781245     
  -1.3166558329094575     
  -1.2907085716533500     
  -1.1986715773000034     
  -1.0564695131170432     
 -0.87221109277571485     
 -0.65144673744416259     
 -0.39898261855610645     
 -0.11957124912286750     
  0.18182215712784749     
  0.49999989905286546     
  -1.3694216205635068     
  -1.3904957148561550     
  -1.3447104965643986     
  -1.2473602562119472     
  -1.1071565583715444     
 -0.93063479757289758     
 -0.72403565868179687     
 -0.49423115956943869     
 -0.24943319587109539     
  -1.3113417000558692E-007
