 -0.97055600769670791     
 -0.93625217293640772     
 -0.88371769063965289     
 -0.82685610670308263     
 -0.77134752546698637     
 -0.72012287452341983     
 -0.67496019247233896     
 -0.63707952733972695     
 -0.60740410853651094     
 -0.58668910219035908     
 -0.57559071250001026     
 -0.57470569382672054     
 -0.58459504302134779     
 -0.60579871497488158     
 -0.63884499513242554     
 -0.68425656701984050     
 -0.74255447128057916     
 -0.81426068617348824     
 -0.89989978952135796     
  -1.0000000000000000     
 -0.97160729532156742     
 -0.93732280453361139     
 -0.88474169240011358     
 -0.82772188126698665     
 -0.77192008433458548     
 -0.72025085774698272     
 -0.67447788806199260     
 -0.63580713517460008     
 -0.60514736519799794     
 -0.58323869000965223     
 -0.57072162552577876     
 -0.56817663354079317     
 -0.57614787339686968     
 -0.59515798653873186     
 -0.62571753815905218     
 -0.66833114943481875     
 -0.72350151483949454     
 -0.79173203381343948     
 -0.87352851683845112     
 -0.96940026424503911     
 -0.97475008234765359     
 -0.94052992421090520     
 -0.88782071079365921     
 -0.83034315531402658     
 -0.77368447988531475     
 -0.72071107983102345     
 -0.67314466135695517     
 -0.63215007156661784     
 -0.59859388981382766     
 -0.57317230243821049     
 -0.55648001807829162     
 -0.54904988805745258     
 -0.55137682808883659     
 -0.56393280422428194     
 -0.58717647826334640     
 -0.62155953207069325     
 -0.66753085886078267     
 -0.72553934838354373     
 -0.79603572593855443     
 -0.87947374463670303     
 -0.97998043529076062     
 -0.94588692764401883     
 -0.89300104412350145     
 -0.83481414541752708     
 -0.77680000704916075     
 -0.72174791474083277     
 -0.67131312984512448     
 -0.62659573716537320     
 -0.58839593091639020     
 -0.55734072828518078     
 -0.53395260277389012     
 -0.51868920038217126     
 -0.51196751785497163     
 -0.51417920501108072     
 -0.52570053700942254     
 -0.54689905136619044     
 -0.57813802584742513     
 -0.61977951913305485     
 -0.67218643302314063     
 -0.73572389664974880     
 -0.98729062409815993     
 -0.95341440009585343     
 -0.90035666164786721     
 -0.84128627124128452     
 -0.78152298223945083     
 -0.72375450718589240     
 -0.66955020007980803     
 -0.61992708336597380     
 -0.57560037148922227     
 -0.53710845259592710     
 -0.50488103722835209     
 -0.47927893451450215     
 -0.46061853150677895     
 -0.44918749566532251     
 -0.44525517556429572     
 -0.44907965792884003     
 -0.46091263802754717     
 -0.48100281596436928     
 -0.50959827398234070     
 -0.54694813501060957     
 -0.99666739708136354     
 -0.96313758936133753     
 -0.90998458530602078     
 -0.84996006990195505     
 -0.78819354439891742     
 -0.72725245946521433     
 -0.66860724912586700     
 -0.61318049731996183     
 -0.56159113152800821     
 -0.51427700834982915     
 -0.47156228986346388     
 -0.43369716953938908     
 -0.40088263544714969     
 -0.37328660848636197     
 -0.35105483810252203     
 -0.33431846348293293     
 -0.32319936911951347     
 -0.31781403153162568     
 -0.31827630405346041     
 -0.32469943656548361     
  -1.0080896353939621     
 -0.97508303204012303     
 -0.92199876031370942     
 -0.86107450612708047     
 -0.79721826440133126     
 -0.73286513988146385     
 -0.66938101743047140     
 -0.60759063231039223     
 -0.54801375954107778     
 -0.49098463864961162     
 -0.43671818996366274     
 -0.38534948566377636     
 -0.33695869628149222     
 -0.29158763114179809     
 -0.24925114209425431     
 -0.20994523476436663     
 -0.17365297762905785     
 -0.14034888141849414     
 -0.11000218050759257     
  -8.2579304202980597E-002
  -1.0215254496964032     
 -0.98927448764883275     
 -0.93652272589893648     
 -0.87489425706475610     
 -0.80904956071610834     
 -0.74128621695083463     
 -0.67286764243364061     
 -0.60452568340006618     
 -0.53668705124902438     
 -0.46958873276529056     
 -0.40334255476916658     
 -0.33797408678863350     
 -0.27344756540525461     
 -0.20968270945940626     
 -0.14656656635899207     
  -8.3962158579414956E-002
  -2.1714971918141288E-002
   4.0342076134925436E-002
  0.10238478094764758     
  0.16459463793440199     
  -1.0369287898344748     
  -1.0057283666099981     
 -0.95368145289016526     
 -0.89169564665324674     
 -0.82416308183635767     
 -0.75324528711419392     
 -0.68011266922965352     
 -0.60541720861213699     
 -0.52950738247987805     
 -0.45253865435233609     
 -0.37453580610411152     
 -0.29543084668860725     
 -0.21508758716820411     
 -0.13331848291951098     
  -4.9896747178031761E-002
   3.5434574891143440E-002
  0.12295558496546452     
  0.21296396752881513     
  0.30577051132704663     
  0.40169547521683191     
  -1.0542356395241677     
  -1.0244488622035561     
 -0.97359274871075918     
 -0.91175195497173711     
 -0.84303429708543864     
 -0.76947259606118923     
 -0.69216008689488995     
 -0.61168892434673872     
 -0.52835192964496291     
 -0.44224726848733253     
 -0.35333792173786366     
 -0.26148808083779446     
 -0.16648692141640642     
  -6.8065082724950376E-002
   3.4093272276353774E-002
  0.14034119900391556     
  0.25106157964062314     
  0.36666104648273318     
  0.48756489137016301     
  0.61421276170806527     
  -1.0733598607883601     
  -1.0454230136573877     
 -0.99635864140939945     
 -0.93531882965393387     
 -0.86611553006166431     
 -0.79066484203734633     
 -0.71000343497993024     
 -0.62468892802280029     
 -0.53498703204671871     
 -0.44096964309568498     
 -0.34257085258079312     
 -0.23962126908369633     
 -0.13187043898507589     
  -1.9002427971922087E-002
   9.9352668700983554E-002
  0.22360971571980351     
  0.35422111847128224     
  0.49167047234228772     
  0.63646698951964176     
  0.78914055178811493     
  -1.0941887357476827     
  -1.0686159394989625     
  -1.0220571432758994     
 -0.96262047950490304     
 -0.89381457225353167     
 -0.81745388938498176     
 -0.73454179378128492     
 -0.64562950242736861     
 -0.55098759861496127     
 -0.45069701770720633     
 -0.34470114505982852     
 -0.23283756446903919     
 -0.11485855060280453     
   9.5548881557572414E-003
  0.14078272432368044     
  0.27925781310446240     
  0.42545904984945354     
  0.57990524153681533     
  0.74314940302030585     
  0.91577335715168429     
  -1.1165782245567923     
  -1.0939664904739916     
  -1.0507347636654147     
 -0.99383723890074693     
 -0.92647583409537271     
 -0.85037991787995770     
 -0.76654301678554226     
 -0.67553803050238215     
 -0.57767266491206559     
 -0.47307318133803306     
 -0.36173242790601479     
 -0.24353873264198017     
 -0.11829401899439065     
   1.4274315014881309E-002
  0.15450512097312044     
  0.30279721383287761     
  0.45960404938107902     
  0.62542871432869795     
  0.80081884672518200     
  0.98636131703470331     
  -1.1403479154223852     
  -1.1213835850818481     
  -1.0824000935662661     
  -1.0290949629903707     
 -0.96436473995331884     
 -0.88987010525591137     
 -0.80661590116335025     
 -0.71522160720395911     
 -0.61606096401873423     
 -0.50933887098306441     
 -0.39513564576207016     
 -0.27343319546419886     
 -0.14413066878503711     
  -7.0538092677169401E-003
  0.13803945699795531     
  0.29145554860243039     
  0.45356270466800791     
  0.62478853849797578     
  0.80561702306555594     
  0.99658448559736790     
  -1.1652755822924359     
  -1.1507435158950901     
  -1.1170187255812345     
  -1.0684565589919601     
  -1.0076557725735942     
 -0.93622341634659989     
 -0.85519215696874851     
 -0.76524670634459735     
 -0.66684869911681444     
 -0.56030767792951763     
 -0.44582241407878231     
 -0.32350508283983054     
 -0.19339501343445775     
  -5.5465805857485839E-002
   9.0371890205267646E-002
  0.24427038838978926     
  0.40644656403562435     
  0.57718394697990272     
  0.75683423721647358     
  0.94581721032648614     
  -1.1910911827605748     
  -1.1818885625157540     
  -1.1545097062481351     
  -1.1119157912062239     
  -1.0564242486971351     
 -0.98960149601326808     
 -0.91251808428814407     
 -0.82593380154028684     
 -0.73040962815285360     
 -0.62637420777702757     
 -0.51416353509619617     
 -0.39404448618027144     
 -0.26622807376849728     
 -0.13087570007826901     
   1.1899736635125719E-002
  0.16203675678565094     
  0.31953139987873413     
  0.48444562632750021     
  0.65691679538893677     
  0.83716642163863508     
  -1.2174700150206084     
  -1.2146273333194468     
  -1.1947436444685158     
  -1.1593933311059108     
  -1.1106415939549072     
  -1.0500250921214764     
 -0.97865488390532396     
 -0.89736524972410447     
 -0.80681516783047769     
 -0.70755186988589958     
 -0.60005037545240614     
 -0.48473807197371299     
 -0.36200956845376286     
 -0.23223466232507156     
  -9.5760793115766046E-002
   4.7089579430122507E-002
  0.19602683366224316     
  0.35080772577537755     
  0.51125487847402695     
  0.67728149038064722     
  -1.2440245961488152     
  -1.2487374063988437     
  -1.2375425161272522     
  -1.2107348728876031     
  -1.1701736183321807     
  -1.1173749393070085     
  -1.0534856267003374     
 -0.97940318394553583     
 -0.89586966482671770     
 -0.80353374822948065     
 -0.70299125694330655     
 -0.59481214072659827     
 -0.47955887961846971     
 -0.35779911854292390     
 -0.23011389012763270     
  -9.7101640612895057E-002
   4.0622872328279915E-002
  0.18243716305220165     
  0.32773137348603476     
  0.47594728984791101     
  -1.2702946060152631     
  -1.2839710850759376     
  -1.2826810959535355     
  -1.2657110110575629     
  -1.2347811094275549     
  -1.1913956903927123     
  -1.1367262349073579     
  -1.0717128717698690     
 -0.99715360446836132     
 -0.91376586195751541     
 -0.82222828217615351     
 -0.72321024119622379     
 -0.61739419005488294     
 -0.50549407995441431     
 -0.38827207086982529     
 -0.26655504563584520     
 -0.14125189243592029     
  -1.3371679136346685E-002
  0.11595898596791009     
  0.24548536670990281     
  -1.2957339335263960     
  -1.3200654778926817     
  -1.3298897792915798     
  -1.3240184893971141     
  -1.3041219894445437     
  -1.2717013601508991     
  -1.2279375412047182     
  -1.1737862956994944     
  -1.1100659040216345     
  -1.0375186176565592     
 -0.95685300881581292     
 -0.86877460198174872     
 -0.77400998300403723     
 -0.67332803615836667     
 -0.56756125599986840     
 -0.45763015819551561     
 -0.34457480729760026     
 -0.22959989828367700     
 -0.11414482913600833     
  -1.3113417000558692E-007
