  -2.0953237007428363E-002
  -2.1987297687279316E-002
  -2.4932445282049319E-002
  -3.0465566254792995E-002
  -3.9271536402905802E-002
  -5.2013653899424590E-002
  -6.9341094147867349E-002
  -9.1894799867633298E-002
 -0.12031082553063702     
 -0.15522220525435754     
 -0.19726002965275274     
 -0.24705409212346041     
 -0.30523329203748023     
 -0.37242589504142570     
 -0.44925970606382215     
 -0.53636218707077332     
 -0.63436053873692422     
 -0.74388175789547462     
 -0.86555267834585747     
  -1.0000000000000000     
  -2.0952377680172770E-002
  -2.1931912398395665E-002
  -2.4750835501575724E-002
  -3.0073885759689174E-002
  -3.8568170732118753E-002
  -5.0878135993900321E-002
  -6.7633826253374912E-002
  -8.9456969016861704E-002
 -0.11696437521611726     
 -0.15076982558581503     
 -0.19148515418021456     
 -0.23972089730876298     
 -0.29608669795609222     
 -0.36119156681297848     
 -0.43564405583509747     
 -0.52005237648266855     
 -0.61502448183456138     
 -0.72116812444104528     
 -0.83909089748755961     
 -0.96940026424503911     
  -2.0904383033544936E-002
  -2.1725842392238535E-002
  -2.4176723108449649E-002
  -2.8885517035502569E-002
  -3.6466930227239326E-002
  -4.7509932627871163E-002
  -6.2588317610289781E-002
  -8.2267330081396625E-002
 -0.10710722264371947     
 -0.13766519214905426     
 -0.17449648088421377     
 -0.21815503236016276     
 -0.26919389889491074     
 -0.32816550458013549     
 -0.39562182039373489     
 -0.47211448387012955     
 -0.55819488256989069     
 -0.65441421319345694     
 -0.76132352387926328     
 -0.87947374463670303     
  -2.0818274784439969E-002
  -2.1388001648204737E-002
  -2.3251800752705516E-002
  -2.6979925496375592E-002
  -3.3103221019100848E-002
  -4.2121945737004868E-002
  -5.4519966748825283E-002
  -7.0772244743475862E-002
  -9.1348632958155318E-002
 -0.11671589094014903     
 -0.14733881220167055     
 -0.18368088981915617     
 -0.22620472831365845     
 -0.27537230922642530     
 -0.33164516843790365     
 -0.39548451800851186     
 -0.46735133182014055     
 -0.54770640679752158     
 -0.63701040716866519     
 -0.73572389664974880     
  -2.0708723587981249E-002
  -2.0948871548706692E-002
  -2.2042958766133495E-002
  -2.4484379654198172E-002
  -2.8693732891595800E-002
  -3.5054743260106297E-002
  -4.3933183645550523E-002
  -5.5685467920433281E-002
  -7.0662760863517110E-002
  -8.9213088836405108E-002
 -0.11168249923827385     
 -0.13841573687287356     
 -0.16975665994110939     
 -0.20604850797656052     
 -0.24763408138731033     
 -0.29485586580019618     
 -0.34805612047217882     
 -0.40757694239856690     
 -0.47376031341081043     
 -0.54694813501060957     
  -2.0595092088103204E-002
  -2.0448588729591329E-002
  -2.0638162002665425E-002
  -2.1566154237744557E-002
  -2.3523194526942150E-002
  -2.6755759336066942E-002
  -3.1490588660257335E-002
  -3.7944558265509402E-002
  -4.6329144031644759E-002
  -5.6852639869613988E-002
  -6.9721349868983998E-002
  -8.5140273774082093E-002
 -0.10331352509103997     
 -0.12444459978380627     
 -0.14873655705077010     
 -0.17639214580063978     
 -0.20761389599372079     
 -0.24260418620868004     
 -0.28156529443295042     
 -0.32469943656548361     
  -2.0500175754513451E-002
  -1.9934431773735811E-002
  -1.9141032554428009E-002
  -1.8422288108785281E-002
  -1.7926977164930979E-002
  -1.7751977114317752E-002
  -1.7972562748576865E-002
  -1.8653636212412152E-002
  -1.9854560781083216E-002
  -2.1631485743779336E-002
  -2.4038567174744119E-002
  -2.7128657862340158E-002
  -3.0953723317582484E-002
  -3.5565107832361241E-002
  -4.1013714032813786E-002
  -4.7350129970683441E-002
  -5.4624722742515931E-002
  -6.2887709596158692E-002
  -7.2189213066809477E-002
  -8.2579304202980597E-002
  -2.0448717870985005E-002
  -1.9457860058064290E-002
  -1.7664468775842067E-002
  -1.5267522099679839E-002
  -1.2270609425513657E-002
  -8.6177644511647097E-003
  -4.2296240070306542E-003
   9.8400592849974154E-004
   7.1189620308575305E-003
   1.4274302852411836E-002
   2.2551068373812523E-002
   3.2051593270699778E-002
   4.2879099623428757E-002
   5.5137439088379772E-002
   6.8930919041102545E-002
   8.4364178145173052E-002
  0.10154209251971952     
  0.12056970201803326     
  0.14155215068046939     
  0.16459463793440199     
  -2.0465788566937315E-002
  -1.9071285348448600E-002
  -1.6323689666183062E-002
  -1.2321152646786748E-002
  -6.9274542145520068E-003
   6.0171554318537473E-005
   8.8694561933068163E-003
   1.9739316638054373E-002
   3.2914356918569601E-002
   4.8642372426718053E-002
   6.7173102759615438E-002
   8.8757558225969271E-002
  0.11364763006735183     
  0.14209584880973555     
  0.17435522311654439     
  0.21067912383629903     
  0.25132119433815814     
  0.29653527698826260     
  0.34657535045518961     
  0.40169547521683191     
  -2.0575125786018833E-002
  -1.8824773050353610E-002
  -1.5229128493690848E-002
  -9.7936027536730183E-003
  -2.2559100659515167E-003
   7.7185702257555784E-003
   2.0490624875075192E-002
   3.6432427913390769E-002
   5.5921802933851010E-002
   7.9339681185593272E-002
  0.10706886298404786     
  0.13949336847258384     
  0.17699807533737494     
  0.21996850324221509     
  0.26879067517678779     
  0.32385101916198822     
  0.38553629069197010     
  0.45423350553618524     
  0.53032987785291175     
  0.61421276170806527     
  -2.0797538055651314E-002
  -1.8762874404923430E-002
  -1.4479608476540987E-002
  -7.8735283808366620E-003
   1.4224728569571334E-003
   1.3851958663089112E-002
   2.9885369856402416E-002
   5.0004543794498771E-002
   7.4696829682963595E-002
  0.10445253430029705     
  0.13976370705539237     
  0.18112352457528152     
  0.22902596493668081     
  0.28396562848503432     
  0.34643763357753471     
  0.41693754888857132     
  0.49596134086638921     
  0.58400532444472830     
  0.68156611103294495     
  0.78914055178811493     
  -2.1149464713485774E-002
  -1.8921783154704899E-002
  -1.4156215840805115E-002
  -6.7162448373115783E-003
   3.8426292530866334E-003
   1.8043454861816823E-002
   3.6436290364857654E-002
   5.9582380867081806E-002
   8.8048235040252582E-002
  0.12240309430704474     
  0.16321775359388488     
  0.21106398458061690     
  0.26651425087742331     
  0.33014157243835585     
  0.40251946706001618     
  0.48422192885445853     
  0.57582341940403436     
  0.67789885614768597     
  0.79102358850942700     
  0.91577335715168429     
  -2.1641779077432546E-002
  -1.9326990839586028E-002
  -1.4317242742166133E-002
  -6.4341762384007529E-003
   4.8121738590699552E-003
   1.9990157822931377E-002
   3.9694638764579383E-002
   6.4531228105655411E-002
   9.5110442838551801E-002
  0.13204523384645850     
  0.17594984920116946     
  0.22743929280436831     
  0.28712907545018107     
  0.35563512087617372     
  0.43357375754912691     
  0.52156175646184033     
  0.62021638828236725     
  0.73015547925393598     
  0.85199744895552998     
  0.98636131703470331     
  -2.2278904475859951E-002
  -1.9991585212926315E-002
  -1.4994506996639628E-002
  -7.0899066390291855E-003
   4.2231735624357943E-003
   1.9521584010263413E-002
   3.9407552624267997E-002
   6.4493397473867758E-002
   9.5395889031213071E-002
  0.13273387298273356     
  0.17712717785794133     
  0.22919609615895167     
  0.28956115229383078     
  0.35884303107458837     
  0.43766260616968167     
  0.52664103518698480     
  0.62639989786777495     
  0.73756135485343810     
  0.86074830124886892     
  0.99658448559736790     
  -2.3058292943254698E-002
  -2.0915298261004640E-002
  -1.6191271309557127E-002
  -8.6922517368459469E-003
   2.0587866190457200E-003
   1.6610037850538429E-002
   3.5533332856800125E-002
   5.9409740493944527E-002
   8.8824261891212161E-002
  0.12436358544826720     
  0.16661503976360326     
  0.21616607817817546     
  0.27360403082967133     
  0.33951601335542225     
  0.41448894586892415     
  0.49910966438196941     
  0.59396511781333328     
  0.69964264289669398     
  0.81673029752600679     
  0.94581721032648614     
  -2.3970292825063209E-002
  -2.2084366522373181E-002
  -1.7881886806244550E-002
  -1.1195584900889973E-002
  -1.6056259960748698E-003
   1.1372299774639157E-002
   2.8243860573597374E-002
   4.9522953396169099E-002
   7.5726858085016613E-002
  0.10737416955059120     
  0.14498380510940578     
  0.18907447868071953     
  0.24016440211638382     
  0.29877111601796408     
  0.36541141581010683     
  0.44060137308584701     
  0.52485647507434074     
  0.61869192133800688     
  0.72262312221904934     
  0.83716642163863508     
  -2.4998405756765860E-002
  -2.3472219866941028E-002
  -2.0013179968655086E-002
  -1.4502452094015548E-002
  -6.6069738241974416E-003
   4.0625475138966159E-003
   1.7914036131866359E-002
   3.5362518211521934E-002
   5.6825861812828692E-002
   8.2722943329819568E-002
  0.11347273726633023     
  0.14949379005570007     
  0.19120386113090118     
  0.23901963725495640     
  0.29335648086946720     
  0.35462820603985734     
  0.42324690785857194     
  0.49962291987134283     
  0.58416506133020829     
  0.67728149038064722     
  -2.6119906752568603E-002
  -2.5040968995413998E-002
  -2.2507494681024472E-002
  -1.8469309220224321E-002
  -1.2704210793196176E-002
  -4.9430383524722652E-003
   5.0989183268036475E-003
   1.7712256599636104E-002
   3.3189907786591796E-002
   5.1825606455203455E-002
   7.3913114324686502E-002
   9.9745741876372834E-002
  0.12961597706746597     
  0.16381512587851030     
  0.20263290292910974     
  0.24635691677373234     
  0.29527198390319692     
  0.34965917984038669     
  0.40979451365109071     
  0.47594728984791101     
  -2.7306774628378987E-002
  -2.6743620312441992E-002
  -2.5267197878531718E-002
  -2.2915024829510355E-002
  -1.9592803693650705E-002
  -1.5169028602211237E-002
  -9.5000107437928465E-003
  -2.4374669338804167E-003
   6.1687441875024045E-003
   1.6469465315249315E-002
   2.8615663279825013E-002
   4.2758075415703943E-002
   5.9046930258623287E-002
   7.7631664186070565E-002
   9.8660576725823651E-002
  0.12228036478187924     
  0.14863545060327149     
  0.17786690828064800     
  0.21011010940874603     
  0.24548536670990281     
  -2.8526854614703584E-002
  -2.8526913397654084E-002
  -2.8180363352517692E-002
  -2.7631622648153040E-002
  -2.6923005444563497E-002
  -2.6069459569394954E-002
  -2.5077375665674639E-002
  -2.3949934738753960E-002
  -2.2688934022653574E-002
  -2.1295512175629000E-002
  -1.9770475571582458E-002
  -1.8114462802738478E-002
  -1.6328038546911849E-002
  -1.4411756130212158E-002
  -1.2366206509241095E-002
  -1.0192047037015279E-002
  -7.8898528218749979E-003
  -5.4583773229984912E-003
  -2.8796281894924139E-003
  -1.3113417000558692E-007
