 -0.94022411971865305     
 -0.93173282032422822     
 -0.91441743549965315     
 -0.89225965921610417     
 -0.86745397109117384     
 -0.84132714141024345     
 -0.81474137390267376     
 -0.78829045980400281     
 -0.76240344208414423     
 -0.73740319630479745     
 -0.71354141383441116     
 -0.69102047873053496     
 -0.67000769138705674     
 -0.65064482789439804     
 -0.63305474992900201     
 -0.61734608875412333     
 -0.60361663586852177     
 -0.59195584332044271     
 -0.58244669752756795     
 -0.57516714356256693     
 -0.57019118119880319     
 -0.56758971750035614     
 -0.56743123628038572     
 -0.56978232804590845     
 -0.57470811243470565     
 -0.58227257694714840     
 -0.59253884989480798     
 -0.60556942121348978     
 -0.62142632164237099     
 -0.64017126842813910     
 -0.66186578394923079     
 -0.68657129231388936     
 -0.71434919795588869     
 -0.74526094945410526     
 -0.77936809117912964     
 -0.81673230487981940     
 -0.85741544293399719     
 -0.90147955467728791     
 -0.94898690697492194     
  -1.0000000000000000     
 -0.94048986006178770     
 -0.93199909954094851     
 -0.91468311053076023     
 -0.89252140450655792     
 -0.86770689923463640     
 -0.84156527112164958     
 -0.81495792478613804     
 -0.78847802968288505     
 -0.76255411175129839     
 -0.73750859020209303     
 -0.71359273386466648     
 -0.69100852152903913     
 -0.66992285531984930     
 -0.65047711365023519     
 -0.63279375713420405     
 -0.61698101016284279     
 -0.60313625013582173     
 -0.59134850701985098     
 -0.58170033685119948     
 -0.57426924599471041     
 -0.56912878735530192     
 -0.56634941325910826     
 -0.56599914528215367     
 -0.56814410461254750     
 -0.57284893492941835     
 -0.58017714158558698     
 -0.59019136500473812     
 -0.60295360193300707     
 -0.61852538504137788     
 -0.63696792903426602     
 -0.65834224965718602     
 -0.68270926065597060     
 -0.71012985271086859     
 -0.74066495757167861     
 -0.77437559999750327     
 -0.81132293961465662     
 -0.85156830441778619     
 -0.89517321732917188     
 -0.94219941698207654     
 -0.99270887369275984     
 -0.94127603665620618     
 -0.93278710769832263     
 -0.91546974087673350     
 -0.89329682101795893     
 -0.86845654384625159     
 -0.84227128746068203     
 -0.81560005253258772     
 -0.78903414205929789     
 -0.76300053298746939     
 -0.73782027956686225     
 -0.71374338840419105     
 -0.69097062877100335     
 -0.66966771489811505     
 -0.64997483953870328     
 -0.63201326783039935     
 -0.61589001151196943     
 -0.60170121383921293     
 -0.58953464682759549     
 -0.57947158376381802     
 -0.57158822335440496     
 -0.56595678640979052     
 -0.56264636957879599     
 -0.56172361627210132     
 -0.56325324826374268     
 -0.56729848988588616     
 -0.57392140855603080     
 -0.58318318951377268     
 -0.59514435838357294     
 -0.60986496204379836     
 -0.62740471594664171     
 -0.64782312427501254     
 -0.67117957798495642     
 -0.69753343475519558     
 -0.72694408406978583     
 -0.75947100003849866     
 -0.79517378407030648     
 -0.83411219912748780     
 -0.87634619697816385     
 -0.92193593961625109     
 -0.97094181581669492     
 -0.94258253397000635     
 -0.93409698733041657     
 -0.91677802766879912     
 -0.89458739524773123     
 -0.86970538212472970     
 -0.84344886398499297     
 -0.81667284290800402     
 -0.78996552585667923     
 -0.76375132664400192     
 -0.73834904547196367     
 -0.71400660775451352     
 -0.69092279061444861     
 -0.66926135311412893     
 -0.64916053731618317     
 -0.63073964192103771     
 -0.61410368410296301     
 -0.59934677713580053     
 -0.58655462369129996     
 -0.57580638662508199     
 -0.56717611287644631     
 -0.56073383088378359     
 -0.55654640569275027     
 -0.55467821166305842     
 -0.55519166610076276     
 -0.55814765561743263     
 -0.56360587887504765     
 -0.57162512353712769     
 -0.58226349100284647     
 -0.59557857937697356     
 -0.61162763280179955     
 -0.63046766352528683     
 -0.65215555174706130     
 -0.67674812726051936     
 -0.70430223611644227     
 -0.73487479491406948     
 -0.76852283483784189     
 -0.80530353717114789     
 -0.84527426170943953     
 -0.88849256924670272     
 -0.93501623910842879     
 -0.94440914199275539     
 -0.93592895667089904     
 -0.91860911540074497     
 -0.89639557305428252     
 -0.87145750056645932     
 -0.84510406745051947     
 -0.81818469927111914     
 -0.79128330222039933     
 -0.76482074216854035     
 -0.73911270832055243     
 -0.71440426002972157     
 -0.69089143524283114     
 -0.66873530739284726     
 -0.64807144063829791     
 -0.62901643493671866     
 -0.61167257033760314     
 -0.59613117421800388     
 -0.58247510889529164     
 -0.57078063985131711     
 -0.56111885915424575     
 -0.55355678378360640     
 -0.54815821256217190     
 -0.54498440127392311     
 -0.54409459906711799     
 -0.54554647778347887     
 -0.54939647775887701     
 -0.55570008783566549     
 -0.56451207310675133     
 -0.57588666080478212     
 -0.58987769243572208     
 -0.60653874851349576     
 -0.62592325092667234     
 -0.64808454694998407     
 -0.67307597812445263     
 -0.70095093661330743     
 -0.73176291115523662     
 -0.76556552435116254     
 -0.80241256271281469     
 -0.84235800065372279     
 -0.88545601940284202     
 -0.94675553014542158     
 -0.93828328081353773     
 -0.92096455607783112     
 -0.89872471255950936     
 -0.87371853223108109     
 -0.84724527477507416     
 -0.82014723418247115     
 -0.79300284523971776     
 -0.76622848135931043     
 -0.74013590795758877     
 -0.71496658032584670     
 -0.69091309915167520     
 -0.66813317240621717     
 -0.64675901116267354     
 -0.62690383754176371     
 -0.60866650610611284     
 -0.59213485743340555     
 -0.57738819814623099     
 -0.56449916559687385     
 -0.55353515045476498     
 -0.54455939600616921     
 -0.53763185726011309     
 -0.53280987901894328     
 -0.53014873571836407     
 -0.52970206447033541     
 -0.53152221470671901     
 -0.53566053205877240     
 -0.54216758991795955     
 -0.55109337903891165     
 -0.56248746324752075     
 -0.57639910758658797     
 -0.59287738391476341     
 -0.61197125796309138     
 -0.63372966106952400     
 -0.65820154919902152     
 -0.68543595137400781     
 -0.71548200925671479     
 -0.74838900931850549     
 -0.78420640878465342     
 -0.82298385634331028     
 -0.94962121098997498     
 -0.94116023167234020     
 -0.92384625954358102     
 -0.90157901897436632     
 -0.87649556999221989     
 -0.84988305827543820     
 -0.82257511966513253     
 -0.79514358961422760     
 -0.76799945506737310     
 -0.74144980021951667     
 -0.71573179706837120     
 -0.69103397235818342     
 -0.66751005231143345     
 -0.64528828508281166     
 -0.62447790273644754     
 -0.60517371414664733     
 -0.58745944142037254     
 -0.57141019024956807     
 -0.55709430989881448     
 -0.54457481443848721     
 -0.53391048293733667     
 -0.52515672096275412     
 -0.51836624203169557     
 -0.51358961145608162     
 -0.51087568376038828     
 -0.51027195688681282     
 -0.51182486069226285     
 -0.51557999308884295     
 -0.52158231412183220     
 -0.52987630600117552     
 -0.54050610538677302     
 -0.55351561292229989     
 -0.56894858400930604     
 -0.58684870403579281     
 -0.60725965066555632     
 -0.63022514531543583     
 -0.65578899556706893     
 -0.68399512995535749     
 -0.71488762633065517     
 -0.74851073479294106     
 -0.95300549396708312     
 -0.94456003707074565     
 -0.92725643049539586     
 -0.90496346209788869     
 -0.87979705683390896     
 -0.85303004063872978     
 -0.82548589808682538     
 -0.79772878786884238     
 -0.77016347622573988     
 -0.74309167423014477     
 -0.71674566094194958     
 -0.69130932521255262     
 -0.66693187055573322     
 -0.64373704989867764     
 -0.62182957243181969     
 -0.60129966214142816     
 -0.58222637333838667     
 -0.56468004900292101     
 -0.54872417469981383     
 -0.53441679773800788     
 -0.52181162799362724     
 -0.51095890186320325     
 -0.50190606738013033     
 -0.49469833250995515     
 -0.48937910749783864     
 -0.48599036426509984     
 -0.48457293020128162     
 -0.48516672958912821     
 -0.48781098287391883     
 -0.49254437173413090     
 -0.49940517621223762     
 -0.50843138887223605     
 -0.51966080995766339     
 -0.53313112675413388     
 -0.54887997975849423     
 -0.56694501778215778     
 -0.58736394373915446     
 -0.61017455256766029     
 -0.63541476249055329     
 -0.66312264062317072     
 -0.95690742944510665     
 -0.94848281937481305     
 -0.93119749283557507     
 -0.90888367743809362     
 -0.88363265453038831     
 -0.85670072146776044     
 -0.82889975614181366     
 -0.80078522039243816     
 -0.77275489345446480     
 -0.74510449586069960     
 -0.71806088320020756     
 -0.69180282521461400     
 -0.66647454749666035     
 -0.64219486377034440     
 -0.61906351810463789     
 -0.59716570289291182     
 -0.57657534945749001     
 -0.55735757178702183     
 -0.53957051275145895     
 -0.52326676023446328     
 -0.50849444810946376     
 -0.49529812250993510     
 -0.48371943072306045     
 -0.47379767422704078     
 -0.46557025639192939     
 -0.45907304758569867     
 -0.45434068484611367     
 -0.45140681921969938     
 -0.45030432087953021     
 -0.45106544990606640     
 -0.45372199893743775     
 -0.45830541261886676     
 -0.46484688780004352     
 -0.47337745766881406     
 -0.48392806241485570     
 -0.49652960854812661     
 -0.51121301862424029     
 -0.52800927283056220     
 -0.54694944364617681     
 -0.56806472459345181     
 -0.96132574341034860     
 -0.95292852416474527     
 -0.93567200213268509     
 -0.91334585208945596     
 -0.88801309230533954     
 -0.86091127759103314     
 -0.83283926488026283     
 -0.80434286219313256     
 -0.77581217029154037     
 -0.74753638379357401     
 -0.71973649143726981     
 -0.69258575383007170     
 -0.66622305803172677     
 -0.64076193215053179     
 -0.61629681304643569     
 -0.59290751724151181     
 -0.57066250225745163     
 -0.54962129284741446     
 -0.52983631759885308     
 -0.51135432081732324     
 -0.49421746292908536     
 -0.47846418870411639     
 -0.46412991983224888     
 -0.45124761281100917     
 -0.43984821226260046     
 -0.42996102212941811     
 -0.42161401169390433     
 -0.41483406936494771     
 -0.40964721422419448     
 -0.40607877312844898     
 -0.40415352950948324     
 -0.40389584875351736     
 -0.40532978407549347     
 -0.40847916605363715     
 -0.41336767840367111     
 -0.42001892210997566     
 -0.42845646966376960     
 -0.43870391086431559     
 -0.45078489140187650     
 -0.46472314524833580     
 -0.96625876316523229     
 -0.95789683951117832     
 -0.94068254708812293     
 -0.91835659667420011     
 -0.89294999730289415     
 -0.86567933964582022     
 -0.83732908915512916     
 -0.80843451081761908     
 -0.77937741581719844     
 -0.75044002554522438     
 -0.72183711205497314     
 -0.69373613473060070     
 -0.66627038318328258     
 -0.63954785851243723     
 -0.61365745625899049     
 -0.58867338339329700     
 -0.56465838571551408     
 -0.54166615336376955     
 -0.51974314558193435     
 -0.49892999683495193     
 -0.47926261562919970     
 -0.46077305406096586     
 -0.44349020373920445     
 -0.42744035841474370     
 -0.41264767298289889     
 -0.39913454097965240     
 -0.38692190727318165     
 -0.37602952871000339     
 -0.36647619257085318     
 -0.35827990052758485     
 -0.35145802416289784     
 -0.34602743687530879     
 -0.34200462604013504     
 -0.33940578855996395     
 -0.33824691236190774     
 -0.33854384594492759     
 -0.34031235771984569     
 -0.34356818659590593     
 -0.34832708503476462     
 -0.35460485560341259     
 -0.97170433442565896     
 -0.96338710648652548     
 -0.94623164101335322     
 -0.92392280481178113     
 -0.89845570891386251     
 -0.87102374772267988     
 -0.84239567022544659     
 -0.81309538036380979     
 -0.78349587306185065     
 -0.75387204159832599     
 -0.72443218966082101     
 -0.69533778612714636     
 -0.66671637111384430     
 -0.63867028784590718     
 -0.61128277027744260     
 -0.58462229897431039     
 -0.55874578957742549     
 -0.53370097403669625     
 -0.50952821098951961     
 -0.48626188426270750     
 -0.46393149878832080     
 -0.44256255055306087     
 -0.42217722525451234     
 -0.40279496530816744     
 -0.38443293437560155     
 -0.36710640116893667     
 -0.35082905896044458     
 -0.33561329334948037     
 -0.32147040798287874     
 -0.30841081579706131     
 -0.29644420174809311     
 -0.28557966177796396     
 -0.27582582183079307     
 -0.26719094000915311     
 -0.25968299439586390     
 -0.25330975862193367     
 -0.24807886690845155     
 -0.24399787002793985     
 -0.24107428340307863     
 -0.23931562837575918     
 -0.97765973021878416     
 -0.96939822159660649     
 -0.95232160442421099     
 -0.93005150172139439     
 -0.90454307918413512     
 -0.87696428909780499     
 -0.84806688556415089     
 -0.81836266691708337     
 -0.78821537210457304     
 -0.75789230645257710     
 -0.72759515446384437     
 -0.69747931090392890     
 -0.66766652432736640     
 -0.63825346315596521     
 -0.60931769708472294     
 -0.58092198437449261     
 -0.55311741606048814     
 -0.52594576902829615     
 -0.49944129910596752     
 -0.47363212976209235     
 -0.44854134345377011     
 -0.42418785072215281     
 -0.40058709065508968     
 -0.37775160161505839     
 -0.35569149086341145     
 -0.33441482443756820     
 -0.31392795340958463     
 -0.29423578884762158     
 -0.27534203499656540     
 -0.25724938810406683     
 -0.23995970674528375     
 -0.22347415830445083     
 -0.20779334535516242     
 -0.19291741497282075     
 -0.17884615346042432     
 -0.16557906853483972     
 -0.15311546067686366     
 -0.14145448507382763     
 -0.13059520536248095     
 -0.12053664020053710     
 -0.98412155197515394     
 -0.97592853186334083     
 -0.95895443994981266     
 -0.93674968368536893     
 -0.91122526168610885     
 -0.88352142127240718     
 -0.85437169016345449     
 -0.82427509105386787     
 -0.79358575517047858     
 -0.76256323591541597     
 -0.73140254938322213     
 -0.70025303907258396     
 -0.66923073081945583     
 -0.63842671643464000     
 -0.60791301778340823     
 -0.57774679774996729     
 -0.54797345458541491     
 -0.51862894262264858     
 -0.48974154484189047     
 -0.46133324921706020     
 -0.43342083346977839     
 -0.40601673169640395     
 -0.37912973536015598     
 -0.35276556674940746     
 -0.32692735295602027     
 -0.30161602130226906     
 -0.27683063201966507     
 -0.25256866024874142     
 -0.22882623667612115     
 -0.20559835407422583     
 -0.18287904546585038     
 -0.16066153846422354     
 -0.13893838944206416     
 -0.11770160049066654     
  -9.6942721591360623E-002
  -7.6652939999420619E-002
  -5.6823158506937615E-002
  -3.7444063985631576E-002
  -1.8506187397481201E-002
   4.3711390001862412E-008
 -0.99108562318132110     
 -0.98297572332534922     
 -0.96613170083550837     
 -0.94402415020658204     
 -0.91851549135694099     
 -0.89071598368344973     
 -0.86133974380736444     
 -0.83087242327659694     
 -0.79965828131401961     
 -0.76794905030831140     
 -0.73593312903478769     
 -0.70375393763516447     
 -0.67152195765390954     
 -0.63932291646538497     
 -0.60722352278456326     
 -0.57527559338392231     
 -0.54351909173738089     
 -0.51198441188268617     
 -0.48069412689168478     
 -0.44966434995956739     
 -0.41890581016306483     
 -0.38842471462050332     
 -0.35822344835369763     
 -0.32830114911232278     
 -0.29865418460659671     
 -0.26927655262490996     
 -0.24016021949448957     
 -0.21129540868334040     
 -0.18267084864210689     
 -0.15427398697259992     
 -0.12609117649630630     
  -9.8107837648018253E-002
  -7.0308600741793750E-002
  -4.2677430980223682E-002
  -1.5197738553443273E-002
   1.2147524235377089E-002
   3.9375777203567122E-002
   6.6504736522325275E-002
   9.3552347794556720E-002
  0.12053672698590634     
 -0.99854687590681646     
 -0.99053670375030811     
 -0.97385435439306556     
 -0.95188133078081927     
 -0.92642685789864287     
 -0.89856890154561497     
 -0.86900102888648556     
 -0.83819499836724842     
 -0.80648501842564291     
 -0.77411502345358529     
 -0.74126694300318752     
 -0.70807850325812804     
 -0.67465492584760867     
 -0.64107689633865494     
 -0.60740615993302494     
 -0.57368955593481963     
 -0.53996199468304451     
 -0.50624869983394460     
 -0.47256692887163243     
 -0.43892731569250987     
 -0.40533493458952485     
 -0.37179015554823702     
 -0.33828934090890461     
 -0.30482541978144195     
 -0.27138836702918134     
 -0.23796560683026580     
 -0.20454235591621311     
 -0.17110191800225547     
 -0.13762593827692510     
 -0.10409462484428962     
  -7.0486942527113725E-002
  -3.6780783313182089E-002
  -2.9531168672668920E-003
   3.1019876129383755E-002
   6.5162685560747446E-002
   9.9500366524518019E-002
  0.13405844550327831     
  0.16886283675833003     
  0.20393976783945886     
  0.23931571325819195     
  -1.0064992304378784     
 -0.99860748037165836     
 -0.98212264181865916     
 -0.96032710827611933     
 -0.93497207539433935     
 -0.90710088532965583     
 -0.87738546336318624     
 -0.84628322467035233     
 -0.81411823031765906     
 -0.78112672732576172     
 -0.74748441583526182     
 -0.71332365320712876     
 -0.67874478552777284     
 -0.64382388369113308     
 -0.60861818819505531     
 -0.57317004340272293     
 -0.53750980669256665     
 -0.50165804427339133     
 -0.46562721963037901     
 -0.42942301404989575     
 -0.39304537569182263     
 -0.35648936522500541     
 -0.31974584679299423     
 -0.28280205980156148     
 -0.24564209770327983     
 -0.20824731331457025     
 -0.17059666540218030     
 -0.13266701776534279     
  -9.4433399443205779E-002
  -5.5869232738202830E-002
  -1.6946534286305055E-002
   2.2363906701580030E-002
   6.2092369746803509E-002
  0.10227006132540120     
  0.14292898787034386     
  0.18410184180298256     
  0.22582189914149600     
  0.26812292746654576     
  0.31103910320617717     
  0.35460493734513138     
  -1.0149354681335143     
  -1.0071830334746998     
 -0.99093593586299666     
 -0.96936664096702196     
 -0.94416325082286912     
 -0.91633212937708763     
 -0.88652251345521638     
 -0.85517709423975463     
 -0.82260976653036688     
 -0.78904928209772673     
 -0.75466543599908553     
 -0.71958562976825990     
 -0.68390581007616769     
 -0.64769795641788475     
 -0.61101536427229908     
 -0.57389647140176137     
 -0.53636769321238997     
 -0.49844556715916416     
 -0.46013840486328417     
 -0.42144758677545602     
 -0.38236859287725855     
 -0.34289183547790825     
 -0.30300334155847997     
 -0.26268531925123595     
 -0.22191663399085454     
 -0.18067321340652567     
 -0.13892839533724705     
  -9.6653229914598515E-002
  -5.3816744107882848E-002
  -1.0386175218599476E-002
   3.3672821627669221E-002
   7.8395988035765501E-002
  0.12382029581815823     
  0.16998379690800977     
  0.21692548770955500     
  0.26468518626203708     
  0.31330342088130669     
  0.36282132916436893     
  0.41328056641222211     
  0.46472322265736282     
  -1.0238470974594165     
  -1.0162571866658685     
  -1.0002925979015429     
 -0.97900418531419953     
 -0.95401165415126210     
 -0.92628201309634062     
 -0.89644081049382573     
 -0.86491569960767245     
 -0.83201046225227726     
 -0.79794662098595170     
 -0.76288846564244794     
 -0.72695893288308655     
 -0.69025012738955982     
 -0.65283054593925627     
 -0.61475018876537901     
 -0.57604427052602503     
 -0.53673597608981183     
 -0.49683854866642629     
 -0.45635690128424261     
 -0.41528888163301159     
 -0.37362628068157222     
 -0.33135564912062243     
 -0.28845896775240831     
 -0.24491420551613752     
 -0.20069579006358651     
 -0.15577500950887541     
 -0.11012035940264339     
  -6.3697845613593845E-002
  -1.6471251294288544E-002
   3.1597625774234667E-002
   8.0548760588710730E-002
  0.13042370929408242     
  0.18126543555886065     
  0.23311815262894453     
  0.28602717921721527     
  0.34003880775526119     
  0.39520018381399663     
  0.45155919571187658     
  0.50916437348860044     
  0.56806479654098829     
  -1.0332242129417000     
  -1.0258224746684408     
  -1.0101898360212278     
 -0.98924292161173610     
 -0.96452749265293869     
 -0.93696880808253635     
 -0.90716777623050560     
 -0.87553676266240743     
 -0.84236955537206681     
 -0.80788077880412512     
 -0.77222968235734402     
 -0.73553529495430792     
 -0.69788650546473030     
 -0.65934900903036087     
 -0.61997023728616396     
 -0.57978294722928458     
 -0.53880789205314494     
 -0.49705584838257383     
 -0.45452918289908206     
 -0.41122308337172087     
 -0.36712654132739359     
 -0.32222314836524169     
 -0.27649175090288813     
 -0.22990699616183566     
 -0.18243979371420727     
 -0.13405771080659562     
  -8.4725315218263708E-002
  -3.4404476113325103E-002
   1.6945369120128288E-002
   6.9366975913652776E-002
  0.12290507673167785     
  0.17760618482500645     
  0.23351841472645005     
  0.29069131732789122     
  0.34917572786546175     
  0.40902362550991672     
  0.47028800353809153     
  0.53302274926842019     
  0.59728253309467516     
  0.66312270606005996     
  -1.0430553465017911     
  -1.0358700095044273     
  -1.0206235658191924     
  -1.0000847846482455     
 -0.97571969204054176     
 -0.94840939435421068     
 -0.91872926061803739     
 -0.88707618075727634     
 -0.85373412718048680     
 -0.81891121247735366     
 -0.78276216332017645     
 -0.74540271074259190     
 -0.70691920826478061     
 -0.66737528774350463     
 -0.62681660020987684     
 -0.58527427670276366     
 -0.54276750939512941     
 -0.49930551375258431     
 -0.45488904637316840     
 -0.40951159834724848     
 -0.36316034811005188     
 -0.31581693371496400     
 -0.26745808798489190     
 -0.21805616849398496     
 -0.16757960615133402     
 -0.11599329024547625     
  -6.3258903470268885E-002
  -9.3352172258617909E-003
   4.5821644941033274E-002
  0.10225796974173668     
  0.16002223779709202     
  0.21916492503173740     
  0.27973831915312458     
  0.34179634921107549     
  0.40539442673636317     
  0.47058929733952848     
  0.53743890193803956     
  0.60600224699017435     
  0.67633928326325043     
  0.74851079276496590     
  -1.0533273102679135     
  -1.0463893459551961     
  -1.0315882757068047     
  -1.0115303015473289     
 -0.98759568691808353     
 -0.96061898870835694     
 -0.93114919578108346     
 -0.89956759472430292     
 -0.86614857262625833     
 -0.83109416095965394     
 -0.79455512114181170     
 -0.75664453398420983     
 -0.71744693625170708     
 -0.67702467508148345     
 -0.63542245257246344     
 -0.59267065373167749     
 -0.54878783399009423     
 -0.50378261276653913     
 -0.45765513908398120     
 -0.41039824373734324     
 -0.36199835864305729     
 -0.31243626119238121     
 -0.26168768574025847     
 -0.20972383335683117     
 -0.15651180311100110     
 -0.10201496245003289     
  -4.6193270030733348E-002
   1.0996438792801655E-002
   6.9600196010834336E-002
  0.12966666855158931     
  0.19124694487435723     
  0.25439433712329640     
  0.31916419627671067     
  0.38561373841139668     
  0.45380188073533118     
  0.52378908645280264     
  0.59563721783603452     
  0.66940939710409508     
  0.74516987486819342     
  0.82298390600510785     
  -1.0640250294833360     
  -1.0573683472558637     
  -1.0430768986376684     
  -1.0235784389708256     
  -1.0001612229494459     
 -0.97361088796337980     
 -0.94444926952477071     
 -0.91304198294039352     
 -0.87965410531206245     
 -0.84448205104918128     
 -0.80767319954273042     
 -0.76933865082998731     
 -0.72956186409462442     
 -0.68840470182713709     
 -0.64591177296681979     
 -0.60211362444784222     
 -0.55702913229920492     
 -0.51066732400269865     
 -0.46302878918890822     
 -0.41410678767654774     
 -0.36388813206143167     
 -0.31235390053568268     
 -0.25948002074133292     
 -0.20523775498438218     
 -0.14959410962277175     
  -9.2512185962729365E-002
  -3.3951485935205493E-002
   2.6131817237780349E-002
   8.7784635521286070E-002
  0.15105674364596863     
  0.21600057317676100     
  0.28267101960199981     
  0.35112525988636228     
  0.42142257866298322     
  0.49362420182415839     
  0.56779313673022425     
  0.64399401861085270     
  0.72229296299689150     
  0.80275742420669860     
  0.88545606003023103     
  -1.0751313635139135     
  -1.0687930520899585     
  -1.0550806923430325     
  -1.0362264618878942     
  -1.0134201730108059     
 -0.98739622959139361     
 -0.95864862131318773     
 -0.92752728500115267     
 -0.89428830160869888     
 -0.85912295452557419     
 -0.82217583558622276     
 -0.78355673846077278     
 -0.74334878590630415     
 -0.70161415732364873     
 -0.65839822719236973     
 -0.61373261828596748     
 -0.56763749488959059     
 -0.52012331249932986     
 -0.47119217190946910     
 -0.42083888105350942     
 -0.36905179829439816     
 -0.31581351065435015     
 -0.26110138644126502     
 -0.20488803180315840     
 -0.14714167359943214     
  -8.7826485749658234E-002
  -2.6902872327114184E-002
   3.5672282287320334E-002
   9.9945388154483006E-002
  0.16596594318588032     
  0.23378634040409998     
  0.30346168541359952     
  0.37504962140058884     
  0.44861015977460000     
  0.52420551521996817     
  0.60189994446127404     
  0.68175958847567109     
  0.76385231821647781     
  0.84824758415493584     
  0.93501627010897115     
  -1.0866269121532448     
  -1.0806475441391785     
  -1.0675891303751985     
  -1.0494698061362402     
  -1.0273743694439350     
  -1.0019837719403457     
 -0.97376356319098800     
 -0.94304805791006896     
 -0.91008468738363557     
 -0.87506010086262931     
 -0.83811669368165409     
 -0.79936361530116151     
 -0.75888437595286806     
 -0.71674225406070602     
 -0.67298422889311005     
 -0.62764389531641129     
 -0.58074365922433258     
 -0.53229641452726995     
 -0.48230684022304665     
 -0.43077241514048653     
 -0.37768422044543015     
 -0.32302758114007840     
 -0.26678258461769788     
 -0.20892450498384771     
 -0.14942415510768198     
  -8.8248183417897405E-002
  -2.5359328764777939E-002
   3.9283356139204459E-002
  0.10572430437023872     
  0.17401125094110770     
  0.24419506026590973     
  0.31632956094020670     
  0.39047138483719945     
  0.46667980838299700     
  0.54501659461942720     
  0.62554583530296848     
  0.70833379282840214     
  0.79344874220713479     
  0.88096081367339085     
  0.97094183673833256     
  -1.0984898033723556     
  -1.0929138257481865     
  -1.0805898065446733     
  -1.0633019670292501     
  -1.0420234543551983     
  -1.0173796959160375     
 -0.98980732762855961     
 -0.95962516700183154     
 -0.92707236990329445     
 -0.89233144852159829     
 -0.85554317494010801     
 -0.81681668716626010     
 -0.77623657016059755     
 -0.73386794269298716     
 -0.68976018551672669     
 -0.64394971949807855     
 -0.59646210509104658     
 -0.54731364817708505     
 -0.49651264124665168     
 -0.44406033162168346     
 -0.38995168310123091     
 -0.33417597990813419     
 -0.27671730951878831     
 -0.21755495219495144     
 -0.15666369870389563     
  -9.4014113071073935E-002
  -2.9572753752087001E-002
   3.6697636013638346E-002
  0.10483795994430133     
  0.17489261545965354     
  0.24690934968198913     
  0.32093912010087111     
  0.39703595632483812     
  0.47525682026173566     
  0.55566146290926199     
  0.63831227670493340     
  0.72327414307611682     
  0.81061427543620668     
  0.90040205838016008     
  0.99270888423040793     
  -1.1106954572796701     
  -1.1055716977441334     
  -1.0940683557066633     
  -1.0777144062920425     
  -1.0573647497091456     
  -1.0335874296373047     
  -1.0067898437534806     
 -0.97727551310300720     
 -0.94527571649765452     
 -0.91096931653360991     
 -0.87449600376100334     
 -0.83596549147736854     
 -0.79546407095699134     
 -0.75305938064977462     
 -0.70880393369133365     
 -0.66273776331534573     
 -0.61489043005820776     
 -0.56528255977083164     
 -0.51392703177836718     
 -0.46082990290651887     
 -0.40599112994887698     
 -0.34940513698522901     
 -0.29106126252738851     
 -0.23094411329072764     
 -0.16903384547886802     
 -0.10530639015268661     
  -3.9733636065274580E-002
   2.7716419049574566E-002
   9.7079539585581381E-002
  0.16839513787630089     
  0.24170616822551386     
  0.31705902372144079     
  0.39450343136591837     
  0.47409234197369426     
  0.55588181220390542     
  0.63993087698130480     
  0.72630141143863702     
  0.81505798234111260     
  0.90626768970875593     
  0.99999999999999623     
  -1.1232163192326974     
  -1.1185986481882735     
  -1.1080083943245538     
  -1.0926964796337706     
  -1.0733931487412118     
  -1.0506074971967880     
  -1.0247175428974711     
 -0.99601179670721540     
 -0.96471408059442287     
 -0.93100007676532215     
 -0.89500889179061105     
 -0.85685133942045266     
 -0.81661597508743200     
 -0.77437355385083784     
 -0.73018036361179384     
 -0.68408074379324213     
 -0.63610900582826657     
 -0.58629090848310095     
 -0.53464479771990536     
 -0.48118249079838060     
 -0.42590996330004127     
 -0.36882788289347385     
 -0.30993202305284351     
 -0.24921358232145890     
 -0.18665942920743103     
 -0.12225228880607918     
  -5.5970884337602569E-002
   1.2209955339200457E-002
   8.2319212754195459E-002
  0.15438961511371779     
  0.22845757653286014     
  0.30456314273175067     
  0.38274993250860578     
  0.46306507111848388     
  0.54555911156879588     
  0.63028594081022615     
  0.71730266884943894     
  0.80666949990832360     
  0.89844958585345447     
  0.99270886315510398     
  -1.1360215526193165     
  -1.1319697539532103     
  -1.1223914848276124     
  -1.1082353872697361     
  -1.0901010299536322     
  -1.0684373922567387     
  -1.0435931938487395     
  -1.0158423192225505     
 -0.98540157476318968     
 -0.95244390596409678     
 -0.91710827766634784     
 -0.87950705365231474     
 -0.83973152111178684     
 -0.79785604730183757     
 -0.75394122733842117     
 -0.70803628410883013     
 -0.66018090936726548     
 -0.61040668325632430     
 -0.55873817244258239     
 -0.50519378058153830     
 -0.44978640586592189     
 -0.39252394677694080     
 -0.33340968731712528     
 -0.27244258588442827     
 -0.20961748679969047     
 -0.14492526979391757     
  -7.8352950119006975E-002
  -9.8837400879780643E-003
   6.0502918432174972E-002
  0.13283134192765605     
  0.20712960550685414     
  0.28342954795916431     
  0.36176677446671146     
  0.44218065033574849     
  0.52471427977077090     
  0.60941446458390269     
  0.69633163884339178     
  0.78551977680663643     
  0.87703627299923670     
  0.97094179489505017     
  -1.1490766785880826     
  -1.1456576006885848     
  -1.1371971284968456     
  -1.1243161496723970     
  -1.1074781946509500     
  -1.0870714767853367     
  -1.0634157676645883     
  -1.0367708206542394     
  -1.0073468894840574     
 -0.97531459543435539     
 -0.94081313929320864     
 -0.90395679694659525     
 -0.86483995038573080     
 -0.82354095659635207     
 -0.78012512114366828     
 -0.73464698904636383     
 -0.68715211533904008     
 -0.63767843720511896     
 -0.58625733861620255     
 -0.53291447535002345     
 -0.47767041124978721     
 -0.42054110409371864     
 -0.36153827028139329     
 -0.30066965083960623     
 -0.23793919637346864     
 -0.17334718508490682     
 -0.10689028552497554     
  -3.8561574100666372E-002
   3.1649483658586171E-002
  0.10375707959982307     
  0.17777912890971298     
  0.25373734718325813     
  0.33165733008206499     
  0.41156862694981022     
  0.49350479982384171     
  0.57750345968260919     
  0.66360627261667338     
  0.75185892997579651     
  0.84231107842159858     
  0.93501620810787933     
  -1.1623431456546409     
  -1.1596322292136780     
  -1.1524027924522227     
  -1.1409216107195626     
  -1.1255118286014318     
  -1.1065009047950991     
  -1.0841803313792044     
  -1.0587963524338868     
  -1.0305531554973109     
 -0.99961941504329888     
 -0.96613487384275865     
 -0.93021598508450176     
 -0.89196047255894562     
 -0.85145092871257821     
 -0.80875762732946388     
 -0.76394071652779183     
 -0.71705192881172763     
 -0.66813591536323158     
 -0.61723128669160054     
 -0.56437142194413248     
 -0.50958509400339680     
 -0.45289694604015190     
 -0.39432784660760345     
 -0.33389514396759723     
 -0.27161283561385030     
 -0.20749166552255749     
 -0.14153915924672034     
  -7.3759605387813343E-002
  -4.1539910932509149E-003
   6.7280101059080943E-002
  0.14054862720310096     
  0.21566123912217963     
  0.29263145480088870     
  0.37147683231126255     
  0.45221913571290817     
  0.53488448091613505     
  0.61950344932044921     
  0.70611115776753364     
  0.79474727513352128     
  0.88545597877544568     
  -1.1757778062291289     
  -1.1738611200255529     
  -1.1679839772451317     
  -1.1580324701679250     
  -1.1441864879596637     
  -1.1267135704825004     
  -1.1058779694480381     
  -1.0819131835167868     
  -1.0550178468278313     
  -1.0253590272303361     
 -0.99307723927447311     
 -0.95829127540725434     
 -0.92110232407561377     
 -0.88159731708912226     
 -0.83985159643957785     
 -0.79593102157951201     
 -0.74989362964882311     
 -0.70179094205213066     
 -0.65166899130234157     
 -0.59956912529322204     
 -0.54552863268984586     
 -0.48958122260752462     
 -0.43175738365182054     
 -0.37208464120181511     
 -0.31058772711711335     
 -0.24728867252115005     
 -0.18220683173797472     
 -0.11535884369396679     
  -4.6758536059525756E-002
   2.3583222935082901E-002
   9.5658719726069222E-002
  0.16946363136008719     
  0.24499729412031973     
  0.32226299449802687     
  0.40126826946079908     
  0.48202520016262829     
  0.56455068081692072     
  0.64886664302981711     
  0.73500021614706412     
  0.82298380668150650     
  -1.1893322691166173     
  -1.1883092329719451     
  -1.1839143325010515     
  -1.1756273469350376     
  -1.1634841090326291     
  -1.1476940796900985     
  -1.1284957313154407     
  -1.1061107373591064     
  -1.0807327209362123     
  -1.0525274458376059     
  -1.0216363500075181     
 -0.98818062083480418     
 -0.95226490594753355     
 -0.91398043293947306     
 -0.87340754669583820     
 -0.83061774360833507     
 -0.78567529273150583     
 -0.73863852466302760     
 -0.68956085465517925     
 -0.63849159256355681     
 -0.58547658034613459     
 -0.53055868816704355     
 -0.47377819248447578     
 -0.41517305344845667     
 -0.35477910416280556     
 -0.29263016060481484     
 -0.22875805805180968     
 -0.16319261761799800     
  -9.5961544913257868E-002
  -2.7090261923235940E-002
   4.3398326931681830E-002
  0.11548413282608080     
  0.18915024104514011     
  0.26438332325023173     
  0.34117409228069950     
  0.41951778256874295     
  0.49941463275043901     
  0.58087034069408516     
  0.66389645638961459     
  0.74851067682091088     
  -1.2029520861256513     
  -1.2029391269904501     
  -1.2001658288415107     
  -1.1936828739202867     
  -1.1833840407961875     
  -1.1694237431257553     
  -1.1520166030901076     
  -1.1313735569751096     
  -1.1076837919518447     
  -1.0811120339233620     
  -1.0518007184689635     
  -1.0198733778930253     
 -0.98543798529504667     
 -0.94858987227228908     
 -0.90941415400619352     
 -0.86798770303766859     
 -0.82438074154738705     
 -0.77865812168889592     
 -0.73088035402030682     
 -0.68110443280014521     
 -0.62938449648775308     
 -0.57577235294357298     
 -0.52031789156312347     
 -0.46306939866522118     
 -0.40407378760867063     
 -0.34337675107804377     
 -0.28102283955735119     
 -0.21705546706334999     
 -0.15151684267347471     
  -8.4447824278261502E-002
  -1.5887689441564219E-002
   5.4126182478993236E-002
  0.12555872230356177     
  0.19837768015440155     
  0.27255423001471879     
  0.34806366004833689     
  0.42488612745410864     
  0.50300744177960754     
  0.58241982412516302     
  0.66312257518627593     
  -1.2165757159353405     
  -1.2177111963014049     
  -1.2167089946257266     
  -1.2121738239032227     
  -1.2038630982568623     
  -1.1918805892907525     
  -1.1764195009790042     
  -1.1576812949775137     
  -1.1358513326123783     
  -1.1110935342953208     
  -1.0835513336570100     
  -1.0533504564484282     
  -1.0206019439206773     
 -0.98540489628073280     
 -0.94784880325351806     
 -0.90801546952001189     
 -0.86598058716291970     
 -0.82181501499939225     
 -0.77558581943863403     
 -0.72735712258637031     
 -0.67719079425266204     
 -0.62514701647308302     
 -0.57128474235340976     
 -0.51566206536860326     
 -0.45833651044970564     
 -0.39936525402200385     
 -0.33880527637744395     
 -0.27671344616830296     
 -0.21314653323335983     
 -0.14816114230707472     
  -8.1813556405338050E-002
  -1.4159474972722106E-002
   5.4746371385643373E-002
  0.12485074978820161     
  0.19610261721203343     
  0.26845399030268569     
  0.34186099467343434     
  0.41628507247169577     
  0.49169429148126603     
  0.56806465264591033     
  -1.2301331877064827     
  -1.2325840762319897     
  -1.2335132253266909     
  -1.2310732642681539     
  -1.2248956338059922     
  -1.2150393946114377     
  -1.2016792838827008     
  -1.1850087253363317     
  -1.1652099003848932     
  -1.1424461263300731     
  -1.1168617676208372     
  -1.0885844984835242     
  -1.0577280565882641     
  -1.0243948417959334     
 -0.98867817000350822     
 -0.95066416143452059     
 -0.91043330066964667     
 -0.86806172032296847     
 -0.82362225869328498     
 -0.77718533487290653     
 -0.72881967696990413     
 -0.67859293184608682     
 -0.62657217851734837     
 -0.57282436208026433     
 -0.51741666052515556     
 -0.46041679282032399     
 -0.40189327293436461     
 -0.34191561071854931     
 -0.28055445649309152     
 -0.21788168143412773     
 -0.15397038008103775     
  -8.8894774122146386E-002
  -2.2729987820339529E-002
   4.4448344923241456E-002
  0.11256469299229636     
  0.18154452068718313     
  0.25131552443807775     
  0.32180926510954189     
  0.39296320505314392     
  0.46472306783930561     
  -1.2435443582950534     
  -1.2475152963938461     
  -1.2505471706188662     
  -1.2503527357522637     
  -1.2464536226602585     
  -1.2388717278720383     
  -1.2277667824134073     
  -1.2133257735649603     
  -1.1957283832870038     
  -1.1751375027408724     
  -1.1516983008954851     
  -1.1255400733988759     
  -1.0967787817993546     
  -1.0655195384914258     
  -1.0318588014732373     
 -0.99588623552840971     
 -0.95768626537364399     
 -0.91733936646968617     
 -0.87492314059937393     
 -0.83051321818799850     
 -0.78418402259366093     
 -0.73600942509891842     
 -0.68606331368710416     
 -0.63442009396216059     
 -0.58115513663784801     
 -0.52634518266920871     
 -0.47006871407479572     
 -0.41240629550901931     
 -0.35344088832495274     
 -0.29325813472985979     
 -0.23194660398688549     
 -0.16959798445622307     
 -0.10630719316118710     
  -4.2172356528416166E-002
   2.2705410505742575E-002
   8.8222537232363701E-002
  0.15427400122700746     
  0.22075501938027781     
  0.28756368399939081     
  0.35460477386169109     
  -1.2567166170975972     
  -1.2624622948362925     
  -1.2677791978568784     
  -1.2699824469761609     
  -1.2685067574046456     
  -1.2633460057591668     
  -1.2546488415826929     
  -1.2425975621646217     
  -1.2273700611636187     
  -1.2091289603223219     
  -1.1880200584482079     
  -1.1641738780188300     
  -1.1377080487311368     
  -1.1087297105615375     
  -1.0773376667357328     
  -1.0436242266454792     
  -1.0076767557541839     
 -0.96957897377072588     
 -0.92941204598760307     
 -0.88725550885114912     
 -0.84318806493785980     
 -0.79728827666411894     
 -0.74963518299444376     
 -0.70030885930582176     
 -0.64939093736109565     
 -0.59696509991346458     
 -0.54311756265386590     
 -0.48793755485401513     
 -0.43151780894288172     
 -0.37395506808284618     
 -0.31535061908275352     
 -0.25581085479398213     
 -0.19544786379340759     
 -0.13438003248165908     
  -7.2732619748124894E-002
  -1.0638216034697539E-002
   5.1763092985994269E-002
  0.11432420757715987     
  0.17689279421538881     
  0.23931554349332462     
  -1.2695418369139877     
  -1.2773839593535399     
  -1.2851779178239382     
  -1.2899314722112996     
  -1.2910225457065927     
  -1.2884275562163974     
  -1.2822883745389992     
  -1.2727844684317864     
  -1.2600926786014930     
  -1.2443754993268921     
  -1.2257791485811980     
  -1.2044349306992979     
  -1.1804615256294553     
  -1.1539673427056261     
  -1.1250526487797321     
  -1.0938114006788762     
  -1.0603327938967810     
  -1.0247025661640876     
 -0.98700409951960366     
 -0.94731936148977014     
 -0.90572972064291912     
 -0.86231666638402416     
 -0.81716245822644296     
 -0.77035072616263411     
 -0.72196704117744059     
 -0.67209947336804077     
 -0.62083915453242111     
 -0.56828086249584575     
 -0.51452364597637201     
 -0.45967151166943904     
 -0.40383419982307955     
 -0.34712808141714746     
 -0.28967721985994299     
 -0.23161465361371611     
 -0.17308397356708655     
 -0.11424128821416406     
  -5.5257681503361182E-002
   3.6777568808669873E-003
   6.2354393710436849E-002
  0.12053655341516668     
  -1.2818922911617137     
  -1.2922429391602792     
  -1.3027127349116787     
  -1.3101679350459676     
  -1.3139664047091819     
  -1.3140786864453824     
  -1.3106444250306382     
  -1.3038421921525145     
  -1.2938485262638455     
  -1.2808259269919513     
  -1.2649207984639612     
  -1.2462647506498685     
  -1.2249768572936690     
  -1.2011659933906857     
  -1.1749329551731602     
  -1.1463722892113486     
  -1.1155738408363720     
  -1.0826240596627179     
  -1.0476071054225495     
  -1.0106057945844955     
 -0.97170242307967891     
 -0.93097949521538459     
 -0.88852038438738290     
 -0.84440994777618283     
 -0.79873511488202686     
 -0.75158546852217256     
 -0.70305383682318112     
 -0.65323691592692157     
 -0.60223594588515639     
 -0.55015746709010260     
 -0.49711419254783906     
 -0.44322604406751454     
 -0.38862142111991932     
 -0.33343880550777183     
 -0.27782886427887243     
 -0.22195731990101822     
 -0.16600905688856288     
 -0.11019432602909904     
  -5.4758703701655830E-002
  -1.3113417000558692E-007
