  -2.2384149525923974E-002
  -2.6808501336944068E-002
  -4.3541925167931206E-002
  -7.8678718561722247E-002
 -0.13809630244891347     
 -0.22757225558554856     
 -0.35282879755260776     
 -0.51955112581459817     
 -0.73339659046969130     
  -1.0000000000000000     
  -2.2385380962989820E-002
  -2.5847893685669636E-002
  -3.9924136691382783E-002
  -6.9951698043707516E-002
 -0.12103390421274357     
 -0.19817761699743972     
 -0.30633841444038079     
 -0.45043839002151936     
 -0.63537487011383242     
 -0.86602539649920685     
  -2.2212396072525092E-002
  -2.3090158285554510E-002
  -2.9944080739514087E-002
  -4.6042269648196826E-002
  -7.4374033550187096E-002
 -0.11784180901877142     
 -0.17930784232401914     
 -0.26161044098841801     
 -0.36757137802643758     
 -0.49999997476321700     
  -2.2013109334438258E-002
  -1.9391056789900538E-002
  -1.6400293100676963E-002
  -1.3479048755268523E-002
  -1.0730162331566083E-002
  -8.1838622876358666E-003
  -5.8457213819352646E-003
  -3.7103074556727651E-003
  -1.7664589340508918E-003
   4.3711390001862412E-008
  -2.1991752551185538E-002
  -1.5922585543838345E-002
  -3.1205816416382997E-003
   1.8812275588712051E-002
   5.2657839129128893E-002
  0.10125364649010754     
  0.16744506382553745     
  0.25407515398481639     
  0.36398237913424547     
  0.50000005047356477     
  -2.2350118173873113E-002
  -1.3857075566761882E-002
   6.0616347706266465E-003
   4.1893523551715994E-002
   9.8531109891007621E-002
  0.18090519365560750     
  0.29393887503464122     
  0.44254110906867788     
  0.63160796543321163     
  0.86602544021059469     
  -2.3228588705783884E-002
  -1.4050704334015113E-002
   8.3319904777190684E-003
   4.9199244504739850E-002
  0.11421810229911004     
  0.20907871250396304     
  0.33945143768665287     
  0.51098210335650140     
  0.72929515275491774     
  0.99999999999999623     
  -2.4662623306345964E-002
  -1.6810741918452651E-002
   2.6474991002514697E-003
   3.8285003601813868E-002
   9.5005950207495776E-002
  0.17772865536770444     
  0.29134689835091132     
  0.44072287085530787     
  0.63068488802508127     
  0.86602535278781245     
  -2.6566262784889261E-002
  -2.1808375809645172E-002
  -9.9833198322364994E-003
   1.1473474773476367E-002
   4.5377468987253866E-002
   9.4559173070165856E-002
  0.16183412121420881     
  0.24999629942380819     
  0.36181354756480266     
  0.49999989905286546     
  -2.8746935588807344E-002
  -2.8160043074857585E-002
  -2.6765501527835904E-002
  -2.4769568498386227E-002
  -2.2206822556895749E-002
  -1.9089308911894663E-002
  -1.5423586647147819E-002
  -1.1210524754369743E-002
  -6.3877852428880760E-003
  -1.3113417000558692E-007
