  0.10000000149011612     
  0.14736842246432053     
  0.19473684343852493     
  0.24210526441272937     
  0.28947368538693374     
  0.33684210636113820     
  0.38421052733534261     
  0.43157894830954702     
  0.47894736928375142     
  0.52631579025795583     
  0.57368421123216029     
  0.62105263220636464     
  0.66842105318056910     
  0.71578947415477356     
  0.76315789512897791     
  0.81052631610318238     
  0.85789473707738673     
  0.90526315805159119     
  0.95263157902579554     
   1.0000000000000000     
   9.9658450766695397E-002
  0.14686508455880026     
  0.19407171835090511     
  0.24127835214300999     
  0.28848498593511485     
  0.33569161972721973     
  0.38289825351932461     
  0.43010488731142943     
  0.47731152110353431     
  0.52451815489563913     
  0.57172478868774401     
  0.61893142247984889     
  0.66613805627195377     
  0.71334469006405865     
  0.76055132385616353     
  0.80775795764826841     
  0.85496459144037318     
  0.90217122523247806     
  0.94937785902458294     
  0.99658449281668782     
   9.8636131734331861E-002
  0.14535850915070334     
  0.19208088656707481     
  0.23880326398344628     
  0.28552564139981773     
  0.33224801881618926     
  0.37897039623256074     
  0.42569277364893221     
  0.47241515106530368     
  0.51913752848167516     
  0.56585990589804669     
  0.61258228331441811     
  0.65930466073078953     
  0.70602703814716106     
  0.75274941556353248     
  0.79947179297990401     
  0.84619417039627542     
  0.89291654781264695     
  0.93963892522901837     
  0.98636130264538990     
   9.6940027869022866E-002
  0.14285898767828686     
  0.18877794748755086     
  0.23469690729681489     
  0.28061586710607883     
  0.32653482691534291     
  0.37245378672460688     
  0.41837274653387091     
  0.46429170634313488     
  0.51021066615239885     
  0.55612962596166293     
  0.60204858577092690     
  0.64796754558019098     
  0.69388650538945496     
  0.73980546519871893     
  0.78572442500798301     
  0.83164338481724698     
  0.87756234462651095     
  0.92348130443577492     
  0.96940026424503900     
   9.4581725280639600E-002
  0.13938359440863862     
  0.18418546353663762     
  0.22898733266463667     
  0.27378920179263566     
  0.31859107092063471     
  0.36339294004863371     
  0.40819480917663270     
  0.45299667830463169     
  0.49779854743263074     
  0.54260041656062974     
  0.58740228568862873     
  0.63220415481662784     
  0.67700602394462683     
  0.72180789307262583     
  0.76660976220062493     
  0.81141163132862382     
  0.85621350045662292     
  0.90101536958462181     
  0.94581723871262091     
   9.1577333568044192E-002
  0.13495606980311323     
  0.17833480603818228     
  0.22171354227325132     
  0.26509227850832034     
  0.30847101474338939     
  0.35184975097845844     
  0.39522848721352749     
  0.43860722344859654     
  0.48198595968366559     
  0.52536469591873469     
  0.56874343215380363     
  0.61212216838887268     
  0.65550090462394184     
  0.69887964085901078     
  0.74225837709407982     
  0.78563711332914887     
  0.82901584956421792     
  0.87239458579928697     
  0.91577332203435602     
   8.7947375774188305E-002
  0.12960665834589960     
  0.17126594091761088     
  0.21292522348932222     
  0.25458450606103350     
  0.29624378863274481     
  0.33790307120445612     
  0.37956235377616743     
  0.42122163634787868     
  0.46288091891958999     
  0.50454020149130130     
  0.54619948406301255     
  0.58785876663472392     
  0.62951804920643528     
  0.67117733177814654     
  0.71283661434985790     
  0.75449589692156904     
  0.79615517949328041     
  0.83781446206499166     
  0.87947374463670303     
   8.3716648192912038E-002
  0.12337190194351497     
  0.16302715569411791     
  0.20268240944472085     
  0.24233766319532377     
  0.28199291694592676     
  0.32164817069652968     
  0.36130342444713259     
  0.40095867819773556     
  0.44061393194833848     
  0.48026918569894145     
  0.51992443944954436     
  0.55957969320014733     
  0.59923494695075030     
  0.63889020070135316     
  0.67854545445195613     
  0.71820070820255910     
  0.75785596195316207     
  0.79751121570376493     
  0.83716646945436790     
   7.8914050985104373E-002
  0.11629439030651645     
  0.15367472962792852     
  0.19105506894934063     
  0.22843540827075268     
  0.26581574759216481     
  0.30319608691357691     
  0.34057642623498896     
  0.37795676555640106     
  0.41533710487781311     
  0.45271744419922522     
  0.49009778352063726     
  0.52747812284204942     
  0.56485846216346147     
  0.60223880148487352     
  0.63961914080628568     
  0.67699948012769773     
  0.71437981944910978     
  0.75176015877052182     
  0.78914049809193398     
   7.3572390761288922E-002
  0.10842247001857627     
  0.14327254927586364     
  0.17812262853315100     
  0.21297270779043834     
  0.24782278704772573     
  0.28267286630501309     
  0.31752294556230043     
  0.35237302481958782     
  0.38722310407687516     
  0.42207318333416255     
  0.45692326259144989     
  0.49177334184873728     
  0.52662342110602467     
  0.56147350036331201     
  0.59632357962059934     
  0.63117365887788668     
  0.66602373813517413     
  0.70087381739246135     
  0.73572389664974880     
   6.7728156479196208E-002
   9.9809914280274317E-002
  0.13189167208135244     
  0.16397342988243055     
  0.19605518768350866     
  0.22813694548458680     
  0.26021870328566493     
  0.29230046108674301     
  0.32438221888782115     
  0.35646397668889923     
  0.38854573448997737     
  0.42062749229105545     
  0.45270925009213364     
  0.48479100789321178     
  0.51687276569428986     
  0.54895452349536800     
  0.58103628129644602     
  0.61311803909752416     
  0.64519979689860230     
  0.67728155469968043     
   6.1421270187169134E-002
   9.0515555583592269E-002
  0.11960984098001542     
  0.14870412637643859     
  0.17779841177286171     
  0.20689269716928488     
  0.23598698256570802     
  0.26508126796213116     
  0.29417555335855433     
  0.32326983875497745     
  0.35236412415140062     
  0.38145840954782373     
  0.41055269494424695     
  0.43964698034067012     
  0.46874126573709324     
  0.49783555113351641     
  0.52692983652993952     
  0.55602412192636264     
  0.58511840732278575     
  0.61421269271920897     
   5.4694814316077187E-002
   8.0602883826315724E-002
  0.10651095333655428     
  0.13241902284679283     
  0.15832709235703135     
  0.18423516186726993     
  0.21014323137750848     
  0.23605130088774701     
  0.26195937039798556     
  0.28786743990822411     
  0.31377550941846266     
  0.33968357892870116     
  0.36559164843893976     
  0.39149971794917832     
  0.41740778745941681     
  0.44331585696965542     
  0.46922392647989392     
  0.49513199599013247     
  0.52104006550037096     
  0.54694813501060957     
   4.7594737382612266E-002
   7.0139612611630264E-002
   9.2684487840648255E-002
  0.11522936306966626     
  0.13777423829868424     
  0.16031911352770226     
  0.18286398875672025     
  0.20540886398573824     
  0.22795373921475623     
  0.25049861444377425     
  0.27304348967279224     
  0.29558836490181023     
  0.31813324013082822     
  0.34067811535984627     
  0.36322299058886420     
  0.38576786581788225     
  0.40831274104690019     
  0.43085761627591823     
  0.45340249150493617     
  0.47594736673395421     
   4.0169540114311009E-002
   5.9197216695525287E-002
   7.8224893276739565E-002
   9.7252569857953844E-002
  0.11628024643916811     
  0.13530792302038241     
  0.15433559960159668     
  0.17336327618281094     
  0.19239095276402524     
  0.21141862934523950     
  0.23044630592645379     
  0.24947398250766806     
  0.26850165908888235     
  0.28752933567009664     
  0.30655701225131088     
  0.32558468883252517     
  0.34461236541373946     
  0.36364004199495376     
  0.38266771857616799     
  0.40169539515738228     
   3.2469944140388229E-002
   4.7850443741709041E-002
   6.3230943343029852E-002
   7.8611442944350671E-002
   9.3991942545671475E-002
  0.10937244214699229     
  0.12475294174831311     
  0.14013344134963390     
  0.15551394095095472     
  0.17089444055227554     
  0.18627494015359636     
  0.20165543975491715     
  0.21703593935623799     
  0.23241643895755881     
  0.24779693855887960     
  0.26317743816020045     
  0.27855793776152121     
  0.29393843736284203     
  0.30931893696416285     
  0.32469943656548367     
   2.4548545511558949E-002
   3.6176803719243804E-002
   4.7805061926928655E-002
   5.9433320134613513E-002
   7.1061578342298357E-002
   8.2689836549983228E-002
   9.4318094757668086E-002
  0.10594635296535293     
  0.11757461117303779     
  0.12920286938072265     
  0.14083112758840752     
  0.15245938579609233     
  0.16408764400377721     
  0.17571590221146208     
  0.18734416041914692     
  0.19897241862683179     
  0.21060067683451664     
  0.22222893504220148     
  0.23385719324988632     
  0.24548545145757120     
   1.6459455415660473E-002
   2.4256039430833858E-002
   3.2052623446007240E-002
   3.9849207461180626E-002
   4.7645791476354005E-002
   5.5442375491527397E-002
   6.3238959506700790E-002
   7.1035543521874162E-002
   7.8832127537047547E-002
   8.6628711552220933E-002
   9.4425295567394332E-002
  0.10222187958256770     
  0.11001846359774109     
  0.11781504761291449     
  0.12561163162808786     
  0.13340821564326125     
  0.14120479965843463     
  0.14900138367360802     
  0.15679796768878140     
  0.16459455170395479     
   8.2579305433508124E-003
   1.2169581788594484E-002
   1.6081233033838155E-002
   1.9992884279081830E-002
   2.3904535524325501E-002
   2.7816186769569179E-002
   3.1727838014812847E-002
   3.5639489260056521E-002
   3.9551140505300196E-002
   4.3462791750543864E-002
   4.7374442995787545E-002
   5.1286094241031213E-002
   5.5197745486274888E-002
   5.9109396731518563E-002
   6.3021047976762237E-002
   6.6932699222005912E-002
   7.0844350467249573E-002
   7.4756001712493247E-002
   7.8667652957736922E-002
   8.2579304202980597E-002
  -4.3711390653212878E-009
  -6.4416785882971364E-009
  -8.5122181112729849E-009
  -1.0582757634248834E-008
  -1.2653297157224682E-008
  -1.4723836680200531E-008
  -1.6794376203176379E-008
  -1.8864915726152227E-008
  -2.0935455249128078E-008
  -2.3005994772103925E-008
  -2.5076534295079776E-008
  -2.7147073818055621E-008
  -2.9217613341031472E-008
  -3.1288152864007320E-008
  -3.3358692386983171E-008
  -3.5429231909959022E-008
  -3.7499771432934866E-008
  -3.9570310955910717E-008
  -4.1640850478886561E-008
  -4.3711390001862412E-008
