  0.10000000149011612     
  0.12307692452883109     
  0.14615384756754607     
  0.16923077060626102     
  0.19230769364497602     
  0.21538461668369097     
  0.23846153972240594     
  0.26153846276112092     
  0.28461538579983592     
  0.30769230883855087     
  0.33076923187726581     
  0.35384615491598082     
  0.37692307795469576     
  0.40000000099341076     
  0.42307692403212571     
  0.44615384707084071     
  0.46923077010955566     
  0.49230769314827061     
  0.51538461618698561     
  0.53846153922570061     
  0.56153846226441551     
  0.58461538530313051     
  0.60769230834184551     
  0.63076923138056051     
  0.65384615441927540     
  0.67692307745799041     
  0.70000000049670541     
  0.72307692353542030     
  0.74615384657413530     
  0.76923076961285031     
  0.79230769265156531     
  0.81538461569028020     
  0.83846153872899520     
  0.86153846176771021     
  0.88461538480642510     
  0.90769230784514010     
  0.93076923088385510     
  0.95384615392257011     
  0.97692307696128500     
   1.0000000000000000     
   9.9918901301551566E-002
  0.12297710891244613     
  0.14603531652334070     
  0.16909352413423523     
  0.19215173174512981     
  0.21520993935602434     
  0.23826814696691892     
  0.26132635457781350     
  0.28438456218870806     
  0.30744276979960261     
  0.33050097741049711     
  0.35355918502139172     
  0.37661739263228627     
  0.39967560024318083     
  0.42273380785407538     
  0.44579201546496999     
  0.46885022307586449     
  0.49190843068675905     
  0.51496663829765366     
  0.53802484590854827     
  0.56108305351944265     
  0.58414126113033726     
  0.60719946874123187     
  0.63025767635212648     
  0.65331588396302098     
  0.67637409157391559     
  0.69943229918481009     
  0.72249050679570459     
  0.74554871440659920     
  0.76860692201749381     
  0.79166512962838842     
  0.81472333723928281     
  0.83778154485017742     
  0.86083975246107203     
  0.88389796007196653     
  0.90695616768286114     
  0.93001437529375575     
  0.95307258290465025     
  0.97613079051554474     
  0.99918899812643935     
   9.9675732280667659E-002
  0.12267782396459505     
  0.14567991564852242     
  0.16868200733244978     
  0.19168409901637717     
  0.21468619070030454     
  0.23768828238423192     
  0.26069037406815931     
  0.28369246575208668     
  0.30669455743601404     
  0.32969664911994140     
  0.35269874080386882     
  0.37570083248779618     
  0.39870292417172359     
  0.42170501585565090     
  0.44470710753957832     
  0.46770919922350568     
  0.49071129090743304     
  0.51371338259136046     
  0.53671547427528787     
  0.55971756595921518     
  0.58271965764314260     
  0.60572174932706990     
  0.62872384101099732     
  0.65172593269492463     
  0.67472802437885204     
  0.69773011606277946     
  0.72073220774670677     
  0.74373429943063418     
  0.76673639111456160     
  0.78973848279848902     
  0.81274057448241632     
  0.83574266616634374     
  0.85874475785027116     
  0.88174684953419835     
  0.90474894121812577     
  0.92775103290205319     
  0.95075312458598060     
  0.97375521626990791     
  0.99675730795383533     
   9.9270888848527472E-002
  0.12217955512658471     
  0.14508822140464195     
  0.16799688768269916     
  0.19090555396075642     
  0.21381422023881363     
  0.23672288651687087     
  0.25963155279492811     
  0.28254021907298538     
  0.30544888535104259     
  0.32835755162909980     
  0.35126621790715712     
  0.37417488418521433     
  0.39708355046327160     
  0.41999221674132881     
  0.44290088301938607     
  0.46580954929744328     
  0.48871821557550049     
  0.51162688185355776     
  0.53453554813161497     
  0.55744421440967218     
  0.58035288068772950     
  0.60326154696578671     
  0.62617021324384403     
  0.64907887952190113     
  0.67198754579995845     
  0.69489621207801566     
  0.71780487835607287     
  0.74071354463413008     
  0.76362221091218740     
  0.78653087719024461     
  0.80943954346830183     
  0.83234820974635904     
  0.85525687602441636     
  0.87816554230247346     
  0.90107420858053078     
  0.92398287485858799     
  0.94689154113664531     
  0.96980020741470241     
  0.99270887369275973     
   9.8705027662694900E-002
  0.12148311059233743     
  0.14426119352197997     
  0.16703927645162250     
  0.18981735938126507     
  0.21259544231090757     
  0.23537352524055011     
  0.25815160817019267     
  0.28092969109983523     
  0.30370777402947774     
  0.32648585695912025     
  0.34926393988876281     
  0.37204202281840532     
  0.39482010574804793     
  0.41759818867769044     
  0.44037627160733300     
  0.46315435453697551     
  0.48593243746661802     
  0.50871052039626063     
  0.53148860332590320     
  0.55426668625554565     
  0.57704476918518821     
  0.59982285211483077     
  0.62260093504447334     
  0.64537901797411579     
  0.66815710090375835     
  0.69093518383340091     
  0.71371326676304336     
  0.73649134969268593     
  0.75926943262232849     
  0.78204751555197105     
  0.80482559848161350     
  0.82760368141125618     
  0.85038176434089874     
  0.87315984727054119     
  0.89593793020018375     
  0.91871601312982631     
  0.94149409605946888     
  0.96427217898911133     
  0.98705026191875389     
   9.7979066552133717E-002
  0.12058961999749744     
  0.14320017344286118     
  0.16581072688822487     
  0.18842128033358863     
  0.21103183377895232     
  0.23364238722431604     
  0.25625294066967974     
  0.27886349411504352     
  0.30147404756040719     
  0.32408460100577091     
  0.34669515445113464     
  0.36930570789649836     
  0.39191626134186208     
  0.41452681478722581     
  0.43713736823258953     
  0.45974792167795325     
  0.48235847512331692     
  0.50496902856868064     
  0.52757958201404442     
  0.55019013545940809     
  0.57280068890477187     
  0.59541124235013554     
  0.61802179579549932     
  0.64063234924086299     
  0.66324290268622677     
  0.68585345613159043     
  0.70846400957695410     
  0.73107456302231788     
  0.75368511646768166     
  0.77629566991304533     
  0.79890622335840900     
  0.82151677680377277     
  0.84412733024913655     
  0.86673788369450011     
  0.88934843713986389     
  0.91195899058522767     
  0.93456954403059134     
  0.95718009747595501     
  0.97979065092131878     
   9.7094183028485548E-002
  0.11950053258715759     
  0.14190688214582964     
  0.16431323170450166     
  0.18671958126317373     
  0.20912593082184575     
  0.23153228038051776     
  0.25393862993918981     
  0.27634497949786191     
  0.29875132905653390     
  0.32115767861520589     
  0.34356402817387799     
  0.36597037773254998     
  0.38837672729122208     
  0.41078307684989407     
  0.43318942640856617     
  0.45559577596723816     
  0.47800212552591015     
  0.50040847508458219     
  0.52281482464325435     
  0.54522117420192628     
  0.56762752376059833     
  0.59003387331927037     
  0.61244022287794253     
  0.63484657243661446     
  0.65725292199528651     
  0.67965927155395855     
  0.70206562111263049     
  0.72447197067130265     
  0.74687832022997469     
  0.76928466978864674     
  0.79169101934731867     
  0.81409736890599071     
  0.83650371846466287     
  0.85891006802333481     
  0.88131641758200685     
  0.90372276714067890     
  0.92612911669935105     
  0.94853546625802299     
  0.97094181581669503     
   9.6051812376141507E-002
  0.11821761486517839     
  0.14038341735421528     
  0.16254921984325213     
  0.18471502233228904     
  0.20688082482132589     
  0.22904662731036279     
  0.25121242979939967     
  0.27337823228843655     
  0.29554403477747343     
  0.31770983726651031     
  0.33987563975554719     
  0.36204144224458407     
  0.38420724473362095     
  0.40637304722265782     
  0.42853884971169476     
  0.45070465220073158     
  0.47287045468976846     
  0.49503625717880534     
  0.51720205966784227     
  0.53936786215687904     
  0.56153366464591603     
  0.58369946713495291     
  0.60586526962398979     
  0.62803107211302667     
  0.65019687460206355     
  0.67236267709110042     
  0.69452847958013719     
  0.71669428206917418     
  0.73886008455821106     
  0.76102588704724794     
  0.78319168953628482     
  0.80535749202532170     
  0.82752329451435858     
  0.84968909700339545     
  0.87185489949243233     
  0.89402070198146921     
  0.91618650447050609     
  0.93835230695954297     
  0.96051810944857985     
   9.4853645324205552E-002
  0.11674294772891211     
  0.13863225013361868     
  0.16052155253832520     
  0.18241085494303180     
  0.20430015734773832     
  0.22618945975244489     
  0.24807876215715144     
  0.26996806456185801     
  0.29185736696656456     
  0.31374666937127110     
  0.33563597177597765     
  0.35752527418068419     
  0.37941457658539079     
  0.40130387899009734     
  0.42319318139480389     
  0.44508248379951043     
  0.46697178620421698     
  0.48886108860892358     
  0.51075039101363018     
  0.53263969341833661     
  0.55452899582304316     
  0.57641829822774981     
  0.59830760063245636     
  0.62019690303716291     
  0.64208620544186945     
  0.66397550784657600     
  0.68586481025128254     
  0.70775411265598909     
  0.72964341506069563     
  0.75153271746540229     
  0.77342201987010872     
  0.79531132227481527     
  0.81720062467952193     
  0.83908992708422836     
  0.86097922948893502     
  0.88286853189364156     
  0.90475783429834811     
  0.92664713670305465     
  0.94853643910776120     
   9.3501625304125646E-002
  0.11507892309397957     
  0.13665622088383350     
  0.15823351867368740     
  0.17981081646354136     
  0.20138811425339528     
  0.22296541204324921     
  0.24454270983310314     
  0.26612000762295707     
  0.28769730541281097     
  0.30927460320266492     
  0.33085190099251888     
  0.35242919878237278     
  0.37400649657222673     
  0.39558379436208063     
  0.41716109215193459     
  0.43873838994178849     
  0.46031568773164239     
  0.48189298552149634     
  0.50347028331135024     
  0.52504758110120420     
  0.54662487889105815     
  0.56820217668091211     
  0.58977947447076606     
  0.61135677226061991     
  0.63293407005047386     
  0.65451136784032782     
  0.67608866563018166     
  0.69766596342003562     
  0.71924326120988957     
  0.74082055899974353     
  0.76239785678959737     
  0.78397515457945133     
  0.80555245236930528     
  0.82712975015915913     
  0.84870704794901308     
  0.87028434573886704     
  0.89186164352872099     
  0.91343894131857484     
  0.93501623910842879     
   9.1997945297440528E-002
  0.11322824001457393     
  0.13445853473170732     
  0.15568882944884072     
  0.17691912416597416     
  0.19814941888310753     
  0.21937971360024094     
  0.24061000831737436     
  0.26184030303450778     
  0.28307059775164117     
  0.30430089246877456     
  0.32553118718590796     
  0.34676148190304135     
  0.36799177662017479     
  0.38922207133730818     
  0.41045236605444163     
  0.43168266077157497     
  0.45291295548870836     
  0.47414325020584180     
  0.49537354492297525     
  0.51660383964010859     
  0.53783413435724203     
  0.55906442907437548     
  0.58029472379150893     
  0.60152501850864215     
  0.62275531322577560     
  0.64398560794290904     
  0.66521590266004238     
  0.68644619737717583     
  0.70767649209430927     
  0.72890678681144272     
  0.75013708152857606     
  0.77136737624570950     
  0.79259767096284295     
  0.81382796567997628     
  0.83505826039710962     
  0.85628855511424307     
  0.87751884983137651     
  0.89874914454850985     
  0.91997943926564330     
   9.0345044278755476E-002
  0.11119390030558468     
  0.13204275633241389     
  0.15289161235924306     
  0.17374046838607229     
  0.19458932441290147     
  0.21543818043973068     
  0.23628703646655988     
  0.25713589249338914     
  0.27798474852021832     
  0.29883360454704749     
  0.31968246057387673     
  0.34053131660070590     
  0.36138017262753513     
  0.38222902865436431     
  0.40307788468119354     
  0.42392674070802272     
  0.44477559673485190     
  0.46562445276168113     
  0.48647330878851036     
  0.50732216481533943     
  0.52817102084216871     
  0.54901987686899789     
  0.56986873289582718     
  0.59071758892265624     
  0.61156644494948553     
  0.63241530097631471     
  0.65326415700314389     
  0.67411301302997306     
  0.69496186905680235     
  0.71581072508363153     
  0.73665958111046070     
  0.75750843713728988     
  0.77835729316411917     
  0.79920614919094835     
  0.82005500521777752     
  0.84090386124460670     
  0.86175271727143599     
  0.88260157329826516     
  0.90345042932509434     
   8.8545603259716485E-002
  0.10897920367364278     
  0.12941280408756908     
  0.14984640450149533     
  0.17028000491542167     
  0.19071360532934795     
  0.21114720574327422     
  0.23158080615720053     
  0.25201440657112684     
  0.27244800698505311     
  0.29288160739897939     
  0.31331520781290573     
  0.33374880822683201     
  0.35418240864075828     
  0.37461600905468456     
  0.39504960946861090     
  0.41548320988253717     
  0.43591681029646345     
  0.45635041071038979     
  0.47678401112431607     
  0.49721761153824229     
  0.51765121195216868     
  0.53808481236609496     
  0.55851841278002123     
  0.57895201319394751     
  0.59938561360787379     
  0.61981921402180018     
  0.64025281443572635     
  0.66068641484965263     
  0.68112001526357902     
  0.70155361567750529     
  0.72198721609143157     
  0.74242081650535785     
  0.76285441691928413     
  0.78328801733321041     
  0.80372161774713669     
  0.82415521816106307     
  0.84458881857498935     
  0.86502241898891563     
  0.88545601940284191     
   8.6602540940399084E-002
  0.10658774236498390     
  0.12657294378956871     
  0.14655814521415353     
  0.16654334663873835     
  0.18652854806332314     
  0.20651374948790796     
  0.22649895091249278     
  0.24648415233707763     
  0.26646935376166242     
  0.28645455518624724     
  0.30643975661083206     
  0.32642495803541682     
  0.34641015946000170     
  0.36639536088458646     
  0.38638056230917134     
  0.40636576373375610     
  0.42635096515834092     
  0.44633616658292574     
  0.46632136800751062     
  0.48630656943209533     
  0.50629177085668020     
  0.52627697228126502     
  0.54626217370584984     
  0.56624737513043466     
  0.58623257655501948     
  0.60621777797960430     
  0.62620297940418901     
  0.64618818082877383     
  0.66617338225335876     
  0.68615858367794358     
  0.70614378510252829     
  0.72612898652711311     
  0.74611418795169804     
  0.76609938937628275     
  0.78608459080086757     
  0.80606979222545239     
  0.82605499365003721     
  0.84604019507462203     
  0.86602539649920685     
   8.4519008975166163E-002
  0.10402339533881186     
  0.12352778170245755     
  0.14303216806610322     
  0.16253655442974893     
  0.18204094079339461     
  0.20154532715704029     
  0.22104971352068600     
  0.24055409988433171     
  0.26005848624797739     
  0.27956287261162305     
  0.29906725897526876     
  0.31857164533891441     
  0.33807603170256012     
  0.35758041806620583     
  0.37708480442985154     
  0.39658919079349719     
  0.41609357715714285     
  0.43559796352078861     
  0.45510234988443432     
  0.47460673624807992     
  0.49411112261172563     
  0.51361550897537134     
  0.53311989533901705     
  0.55262428170266265     
  0.57212866806630847     
  0.59163305442995417     
  0.61113744079359977     
  0.63064182715724548     
  0.65014621352089119     
  0.66965059988453690     
  0.68915498624818250     
  0.70865937261182821     
  0.72816375897547392     
  0.74766814533911963     
  0.76717253170276534     
  0.78667691806641105     
  0.80618130443005676     
  0.82568569079370235     
  0.84519007715734806     
   8.2298386860672534E-002
  0.10129032197561197     
  0.12028225709055140     
  0.13927419220549081     
  0.15826612732043027     
  0.17725806243536968     
  0.19624999755030911     
  0.21524193266524855     
  0.23423386778018801     
  0.25322580289512742     
  0.27221773801006682     
  0.29120967312500629     
  0.31020160823994569     
  0.32919354335488515     
  0.34818547846982456     
  0.36717741358476402     
  0.38616934869970343     
  0.40516128381464284     
  0.42415321892958230     
  0.44314515404452171     
  0.46213708915946111     
  0.48112902427440057     
  0.50012095938933998     
  0.51911289450427944     
  0.53810482961921879     
  0.55709676473415826     
  0.57608869984909772     
  0.59508063496403707     
  0.61407257007897653     
  0.63306450519391599     
  0.65205644030885546     
  0.67104837542379481     
  0.69004031053873427     
  0.70903224565367373     
  0.72802418076861308     
  0.74701611588355255     
  0.76600805099849201     
  0.78499998611343147     
  0.80399192122837082     
  0.82298385634331028     
   7.9944276454308877E-002
   9.8392955330620521E-002
  0.11684163420693218     
  0.13529031308324382     
  0.15373899195955551     
  0.17218767083586714     
  0.19063634971217880     
  0.20908502858849046     
  0.22753370746480212     
  0.24598238634111377     
  0.26443106521742538     
  0.28287974409373706     
  0.30132842297004869     
  0.31977710184636038     
  0.33822578072267201     
  0.35667445959898370     
  0.37512313847529533     
  0.39357181735160696     
  0.41202049622791864     
  0.43046917510423033     
  0.44891785398054190     
  0.46736653285685359     
  0.48581521173316528     
  0.50426389060947696     
  0.52271256948578859     
  0.54116124836210022     
  0.55960992723841185     
  0.57805860611472348     
  0.59650728499103522     
  0.61495596386734686     
  0.63340464274365849     
  0.65185332161997012     
  0.67030200049628186     
  0.68875067937259349     
  0.70719935824890512     
  0.72564803712521675     
  0.74409671600152838     
  0.76254539487784012     
  0.78099407375415175     
  0.79944275263046338     
   7.7460496131975407E-002
   9.5335994943392469E-002
  0.11321149375480953     
  0.13108699256622658     
  0.14896249137764367     
  0.16683799018906070     
  0.18471348900047777     
  0.20258898781189483     
  0.22046448662331192     
  0.23833998543472895     
  0.25621548424614599     
  0.27409098305756308     
  0.29196648186898011     
  0.30984198068039720     
  0.32771747949181429     
  0.34559297830323132     
  0.36346847711464841     
  0.38134397592606545     
  0.39921947473748254     
  0.41709497354889963     
  0.43497047236031661     
  0.45284597117173370     
  0.47072146998315079     
  0.48859696879456788     
  0.50647246760598486     
  0.52434796641740200     
  0.54222346522881903     
  0.56009896404023607     
  0.57797446285165310     
  0.59584996166307025     
  0.61372546047448728     
  0.63160095928590432     
  0.64947645809732135     
  0.66735195690873850     
  0.68522745572015542     
  0.70310295453157257     
  0.72097845334298960     
  0.73885395215440675     
  0.75672945096582378     
  0.77460494977724081     
   7.4851074594662018E-002
   9.2124399215130715E-002
  0.10939772383559941     
  0.12667104845606808     
  0.14394437307653679     
  0.16121769769700547     
  0.17849102231747419     
  0.19576434693794287     
  0.21303767155841158     
  0.23031099617888026     
  0.24758432079934894     
  0.26485764541981766     
  0.28213097004028631     
  0.29940429466075502     
  0.31667761928122373     
  0.33395094390169244     
  0.35122426852216110     
  0.36849759314262981     
  0.38577091776309852     
  0.40304424238356723     
  0.42031756700403583     
  0.43759089162450460     
  0.45486421624497331     
  0.47213754086544202     
  0.48941086548591062     
  0.50668419010637933     
  0.52395751472684804     
  0.54123083934731675     
  0.55850416396778546     
  0.57577748858825417     
  0.59305081320872288     
  0.61032413782919148     
  0.62759746244966019     
  0.64487078707012890     
  0.66214411169059750     
  0.67941743631106633     
  0.69669076093153504     
  0.71396408555200375     
  0.73123741017247235     
  0.74851073479294106     
   7.2120244333880021E-002
   8.8763377366140706E-002
  0.10540651039840139     
  0.12204964343066205     
  0.13869277646292275     
  0.15533590949518342     
  0.17197904252744409     
  0.18862217555970479     
  0.20526530859196548     
  0.22190844162422615     
  0.23855157465648680     
  0.25519470768874752     
  0.27183784072100819     
  0.28848097375326887     
  0.30512410678552954     
  0.32176723981779026     
  0.33841037285005088     
  0.35505350588231155     
  0.37169663891457227     
  0.38833977194683295     
  0.40498290497909356     
  0.42162603801135429     
  0.43826917104361501     
  0.45491230407587568     
  0.47155543710813630     
  0.48819857014039703     
  0.50484170317265775     
  0.52148483620491837     
  0.53812796923717909     
  0.55477110226943971     
  0.57141423530170043     
  0.58805736833396105     
  0.60470050136622178     
  0.62134363439848250     
  0.63798676743074312     
  0.65462990046300384     
  0.67127303349526446     
  0.68791616652752519     
  0.70455929955978580     
  0.72120243259204653     
   6.9272434766545196E-002
   8.5258380986455704E-002
  0.10124432720636621     
  0.11723027342627670     
  0.13321621964618724     
  0.14920216586609772     
  0.16518811208600823     
  0.18117405830591873     
  0.19716000452582927     
  0.21314595074573975     
  0.22913189696565026     
  0.24511784318556076     
  0.26110378940547124     
  0.27708973562538181     
  0.29307568184529226     
  0.30906162806520282     
  0.32504757428511327     
  0.34103352050502378     
  0.35701946672493434     
  0.37300541294484485     
  0.38899135916475530     
  0.40497730538466581     
  0.42096325160457637     
  0.43694919782448688     
  0.45293514404439733     
  0.46892109026430784     
  0.48490703648421840     
  0.50089298270412885     
  0.51687892892403942     
  0.53286487514394987     
  0.54885082136386043     
  0.56483676758377088     
  0.58082271380368145     
  0.59680866002359190     
  0.61279460624350235     
  0.62878055246341291     
  0.64476649868332347     
  0.66075244490323393     
  0.67673839112314438     
  0.69272433734305494     
   6.6312265050446795E-002
   8.1615095193337150E-002
   9.6917925336227506E-002
  0.11222075547911785     
  0.12752358562200822     
  0.14282641576489857     
  0.15812924590778893     
  0.17343207605067928     
  0.18873490619356964     
  0.20403773633646000     
  0.21934056647935032     
  0.23464339662224071     
  0.24994622676513104     
  0.26524905690802142     
  0.28055188705091177     
  0.29585471719380213     
  0.31115754733669249     
  0.32646037747958279     
  0.34176320762247320     
  0.35706603776536355     
  0.37236886790825385     
  0.38767169805114421     
  0.40297452819403462     
  0.41827735833692498     
  0.43358018847981528     
  0.44888301862270563     
  0.46418584876559604     
  0.47948867890848634     
  0.49479150905137670     
  0.51009433919426705     
  0.52539716933715741     
  0.54069999948004777     
  0.55600282962293812     
  0.57130565976582848     
  0.58660848990871883     
  0.60191132005160919     
  0.61721415019449954     
  0.63251698033738990     
  0.64781981048028026     
  0.66312264062317061     
   6.3244536591956488E-002
   7.7839429409993374E-002
   9.2434322228030247E-002
  0.10702921504606711     
  0.12162410786410401     
  0.13621900068214088     
  0.15081389350017774     
  0.16540878631821462     
  0.18000367913625151     
  0.19459857195428840     
  0.20919346477232525     
  0.22378835759036214     
  0.23838325040839900     
  0.25297814322643591     
  0.26757303604447275     
  0.28216792886250963     
  0.29676282168054652     
  0.31135771449858340     
  0.32595260731662029     
  0.34054750013465718     
  0.35514239295269401     
  0.36973728577073089     
  0.38433217858876778     
  0.39892707140680467     
  0.41352196422484150     
  0.42811685704287838     
  0.44271174986091533     
  0.45730664267895216     
  0.47190153549698904     
  0.48649642831502593     
  0.50109132113306287     
  0.51568621395109970     
  0.53028110676913653     
  0.54487599958717348     
  0.55947089240521031     
  0.57406578522324714     
  0.58866067804128408     
  0.60325557085932091     
  0.61785046367735774     
  0.63244535649539468     
   6.0074225258129076E-002
   7.3937507780472783E-002
   8.7800790302816498E-002
  0.10166407282516020     
  0.11552735534750393     
  0.12939063786984761     
  0.14325392039219134     
  0.15711720291453504     
  0.17098048543687877     
  0.18484376795922247     
  0.19870705048156617     
  0.21257033300390990     
  0.22643361552625360     
  0.24029689804859733     
  0.25416018057094103     
  0.26802346309328473     
  0.28188674561562843     
  0.29575002813797213     
  0.30961331066031589     
  0.32347659318265959     
  0.33733987570500323     
  0.35120315822734699     
  0.36506644074969069     
  0.37892972327203445     
  0.39279300579437809     
  0.40665628831672185     
  0.42051957083906555     
  0.43438285336140925     
  0.44824613588375295     
  0.46210941840609671     
  0.47597270092844041     
  0.48983598345078405     
  0.50369926597312775     
  0.51756254849547156     
  0.53142583101781515     
  0.54528911354015897     
  0.55915239606250267     
  0.57301567858484637     
  0.58687896110719007     
  0.60074224362953377     
   5.6806473305827582E-002
   6.9915659236279487E-002
   8.3024845166731392E-002
   9.6134031097183284E-002
  0.10924321702763520     
  0.12235240295808709     
  0.13546158888853899     
  0.14857077481899089     
  0.16167996074944282     
  0.17478914667989470     
  0.18789833261034661     
  0.20100751854079851     
  0.21411670447125042     
  0.22722589040170232     
  0.24033507633215423     
  0.25344426226260613     
  0.26655344819305804     
  0.27966263412350995     
  0.29277182005396185     
  0.30588100598441376     
  0.31899019191486561     
  0.33209937784531757     
  0.34520856377576947     
  0.35831774970622138     
  0.37142693563667323     
  0.38453612156712519     
  0.39764530749757709     
  0.41075449342802894     
  0.42386367935848085     
  0.43697286528893281     
  0.45008205121938472     
  0.46319123714983657     
  0.47630042308028847     
  0.48940960901074043     
  0.50251879494119223     
  0.51562798087164419     
  0.52873716680209615     
  0.54184635273254800     
  0.55495553866299985     
  0.56806472459345181     
   5.3446581040963281E-002
   6.5780407230822471E-002
   7.8114233420681661E-002
   9.0448059610540837E-002
  0.10278188580040004     
  0.11511571199025923     
  0.12744953818011842     
  0.13978336436997760     
  0.15211719055983683     
  0.16445101674969601     
  0.17678484293955518     
  0.18911866912941439     
  0.20145249531927356     
  0.21378632150913277     
  0.22612014769899194     
  0.23845397388885115     
  0.25078780007871032     
  0.26312162626856950     
  0.27545545245842873     
  0.28778927864828791     
  0.30012310483814708     
  0.31245693102800626     
  0.32479075721786549     
  0.33712458340772467     
  0.34945840959758384     
  0.36179223578744302     
  0.37412606197730225     
  0.38645988816716137     
  0.39879371435702060     
  0.41112754054687983     
  0.42346136673673901     
  0.43579519292659818     
  0.44812901911645736     
  0.46046284530631659     
  0.47279667149617571     
  0.48513049768603494     
  0.49746432387589412     
  0.50979815006575335     
  0.52213197625561247     
  0.53446580244547170     
   4.9999998221379724E-002
   6.1538459158349913E-002
   7.3076920095320103E-002
   8.4615381032290271E-002
   9.6153841969260481E-002
  0.10769230290623065     
  0.11923076384320085     
  0.13076922478017103     
  0.14230768571714122     
  0.15384614665411139     
  0.16538460759108159     
  0.17692306852805179     
  0.18846152946502195     
  0.19999999040199215     
  0.21153845133896235     
  0.22307691227593254     
  0.23461537321290271     
  0.24615383414987288     
  0.25769229508684310     
  0.26923075602381330     
  0.28076921696078344     
  0.29230767789775364     
  0.30384613883472383     
  0.31538459977169403     
  0.32692306070866417     
  0.33846152164563437     
  0.34999998258260462     
  0.36153844351957476     
  0.37307690445654496     
  0.38461536539351515     
  0.39615382633048535     
  0.40769228726745549     
  0.41923074820442568     
  0.43076920914139588     
  0.44230767007836602     
  0.45384613101533627     
  0.46538459195230647     
  0.47692305288927667     
  0.48846151382624681     
  0.49999997476321700     
   4.6472315217325033E-002
   5.7196695474530442E-002
   6.7921075731735850E-002
   7.8645455988941251E-002
   8.9369836246146667E-002
  0.10009421650335205     
  0.11081859676055747     
  0.12154297701776287     
  0.13226735727496830     
  0.14299173753217370     
  0.15371611778937908     
  0.16444049804658450     
  0.17516487830378991     
  0.18588925856099531     
  0.19661363881820071     
  0.20733801907540614     
  0.21806239933261154     
  0.22878677958981691     
  0.23951115984702234     
  0.25023554010422777     
  0.26095992036143312     
  0.27168430061863857     
  0.28240868087584398     
  0.29313306113304938     
  0.30385744139025478     
  0.31458182164746018     
  0.32530620190466558     
  0.33603058216187098     
  0.34675496241907638     
  0.35747934267628179     
  0.36820372293348724     
  0.37892810319069259     
  0.38965248344789799     
  0.40037686370510345     
  0.41110124396230879     
  0.42182562421951425     
  0.43255000447671965     
  0.44327438473392505     
  0.45399876499113045     
  0.46472314524833586     
   4.2869253943850438E-002
   5.2762158536328325E-002
   6.2655063128806213E-002
   7.2547967721284079E-002
   8.2440872313761973E-002
   9.2333776906239853E-002
  0.10222668149871773     
  0.11211958609119563     
  0.12201249068367352     
  0.13190539527615139     
  0.14179829986862927     
  0.15169120446110715     
  0.16158410905358503     
  0.17147701364606294     
  0.18136991823854079     
  0.19126282283101870     
  0.20115572742349658     
  0.21104863201597443     
  0.22094153660845234     
  0.23083444120093025     
  0.24072734579340807     
  0.25062025038588598     
  0.26051315497836386     
  0.27040605957084179     
  0.28029896416331962     
  0.29019186875579750     
  0.30008477334827544     
  0.30997767794075326     
  0.31987058253323114     
  0.32976348712570908     
  0.33965639171818696     
  0.34954929631066478     
  0.35944220090314272     
  0.36933510549562060     
  0.37922801008809842     
  0.38912091468057636     
  0.39901381927305424     
  0.40890672386553212     
  0.41879962845801000     
  0.42869253305048788     
   3.9196658579842621E-002
   4.8242041179274067E-002
   5.7287423778705514E-002
   6.6332806378136946E-002
   7.5378188977568400E-002
   8.4423571576999840E-002
   9.3468954176431279E-002
  0.10251433677586273     
  0.11155971937529419     
  0.12060510197472563     
  0.12965048457415707     
  0.13869586717358853     
  0.14774124977301994     
  0.15678663237245141     
  0.16583201497188285     
  0.17487739757131432     
  0.18392278017074573     
  0.19296816277017717     
  0.20201354536960864     
  0.21105892796904011     
  0.22010431056847152     
  0.22914969316790296     
  0.23819507576733442     
  0.24724045836676589     
  0.25628584096619728     
  0.26533122356562877     
  0.27437660616506021     
  0.28342198876449159     
  0.29246737136392309     
  0.30151275396335453     
  0.31055813656278597     
  0.31960351916221741     
  0.32864890176164885     
  0.33769428436108034     
  0.34673966696051173     
  0.35578504955994317     
  0.36483043215937466     
  0.37387581475880610     
  0.38292119735823754     
  0.39196657995766898     
   3.5460486088743672E-002
   4.3643675050658262E-002
   5.1826864012572846E-002
   6.0010052974487429E-002
   6.8193241936402027E-002
   7.6376430898316611E-002
   8.4559619860231194E-002
   9.2742808822145778E-002
  0.10092599778406039     
  0.10910918674597496     
  0.11729237570788954     
  0.12547556466980414     
  0.13365875363171872     
  0.14184194259363331     
  0.15002513155554789     
  0.15820832051746250     
  0.16639150947937709     
  0.17457469844129164     
  0.18275788740320625     
  0.19094107636512087     
  0.19912426532703542     
  0.20730745428895000     
  0.21549064325086462     
  0.22367383221277920     
  0.23185702117469376     
  0.24004021013660837     
  0.24822339909852298     
  0.25640658806043753     
  0.26458977702235215     
  0.27277296598426670     
  0.28095615494618131     
  0.28913934390809587     
  0.29732253287001048     
  0.30550572183192509     
  0.31368891079383965     
  0.32187209975575426     
  0.33005528871766882     
  0.33823847767958343     
  0.34642166664149798     
  0.35460485560341259     
   3.1666796556334045E-002
   3.8974518717572154E-002
   4.6282240878810256E-002
   5.3589963040048351E-002
   6.0897685201286467E-002
   6.8205407362524562E-002
   7.5513129523762670E-002
   8.2820851685000779E-002
   9.0128573846238888E-002
   9.7436296007476983E-002
  0.10474401816871508     
  0.11205174032995320     
  0.11935946249119130     
  0.12666718465242940     
  0.13397490681366750     
  0.14128262897490562     
  0.14859035113614372     
  0.15589807329738181     
  0.16320579545861993     
  0.17051351761985806     
  0.17782123978109612     
  0.18512896194233425     
  0.19243668410357234     
  0.19974440626481046     
  0.20705212842604856     
  0.21435985058728665     
  0.22166757274852478     
  0.22897529490976284     
  0.23628301707100097     
  0.24359073923223909     
  0.25089846139347721     
  0.25820618355471525     
  0.26551390571595340     
  0.27282162787719150     
  0.28012935003842959     
  0.28743707219966769     
  0.29474479436090584     
  0.30205251652214393     
  0.30936023868338203     
  0.31666796084462012     
   2.7821743361250720E-002
   3.4242145569083893E-002
   4.0662547776917066E-002
   4.7082949984750232E-002
   5.3503352192583412E-002
   5.9923754400416578E-002
   6.6344156608249757E-002
   7.2764558816082930E-002
   7.9184961023916103E-002
   8.5605363231749276E-002
   9.2025765439582435E-002
   9.8446167647415622E-002
  0.10486656985524878     
  0.11128697206308197     
  0.11770737427091513     
  0.12412777647874831     
  0.13054817868658147     
  0.13696858089441463     
  0.14338898310224782     
  0.14980938531008101     
  0.15622978751791416     
  0.16265018972574732     
  0.16907059193358051     
  0.17549099414141370     
  0.18191139634924686     
  0.18833179855708002     
  0.19475220076491320     
  0.20117260297274636     
  0.20759300518057955     
  0.21401340738841271     
  0.22043380959624589     
  0.22685421180407905     
  0.23327461401191224     
  0.23969501621974540     
  0.24611541842757856     
  0.25253582063541175     
  0.25895622284324493     
  0.26537662505107812     
  0.27179702725891125     
  0.27821742946674444     
   2.3931563194183974E-002
   2.9454231532173077E-002
   3.4976899870162184E-002
   4.0499568208151281E-002
   4.6022236546140391E-002
   5.1544904884129487E-002
   5.7067573222118591E-002
   6.2590241560107687E-002
   6.8112909898096805E-002
   7.3635578236085894E-002
   7.9158246574074997E-002
   8.4680914912064101E-002
   9.0203583250053204E-002
   9.5726251588042308E-002
  0.10124891992603141     
  0.10677158826402053     
  0.11229425660200962     
  0.11781692493999872     
  0.12333959327798782     
  0.12886226161597694     
  0.13438492995396603     
  0.13990759829195512     
  0.14543026662994424     
  0.15095293496793336     
  0.15647560330592244     
  0.16199827164391153     
  0.16752093998190065     
  0.17304360831988974     
  0.17856627665787886     
  0.18408894499586795     
  0.18961161333385707     
  0.19513428167184615     
  0.20065695000983527     
  0.20617961834782436     
  0.21170228668581345     
  0.21722495502380257     
  0.22274762336179169     
  0.22827029169978078     
  0.23379296003776986     
  0.23931562837575898     
   2.0002565941941816E-002
   2.4618542621348532E-002
   2.9234519300755244E-002
   3.3850495980161953E-002
   3.8466472659568672E-002
   4.3082449338975384E-002
   4.7698426018382097E-002
   5.2314402697788809E-002
   5.6930379377195528E-002
   6.1546356056602233E-002
   6.6162332736008939E-002
   7.0778309415415658E-002
   7.5394286094822377E-002
   8.0010262774229096E-002
   8.4626239453635801E-002
   8.9242216133042521E-002
   9.3858192812449226E-002
   9.8474169491855931E-002
  0.10309014617126265     
  0.10770612285066937     
  0.11232209953007607     
  0.11693807620948279     
  0.12155405288888951     
  0.12617002956829623     
  0.13078600624770292     
  0.13540198292710964     
  0.14001795960651636     
  0.14463393628592305     
  0.14924991296532977     
  0.15386588964473649     
  0.15848186632414321     
  0.16309784300354993     
  0.16771381968295665     
  0.17232979636236337     
  0.17694577304177006     
  0.18156174972117678     
  0.18617772640058350     
  0.19079370307999022     
  0.19540967975939691     
  0.20002565643880363     
   1.6041124452789789E-002
   1.9742922342143490E-002
   2.3444720231497192E-002
   2.7146518120850890E-002
   3.0848316010204595E-002
   3.4550113899558289E-002
   3.8251911788911991E-002
   4.1953709678265692E-002
   4.5655507567619401E-002
   4.9357305456973095E-002
   5.3059103346326797E-002
   5.6760901235680498E-002
   6.0462699125034200E-002
   6.4164497014387908E-002
   6.7866294903741603E-002
   7.1568092793095311E-002
   7.5269890682449006E-002
   7.8971688571802701E-002
   8.2673486461156409E-002
   8.6375284350510118E-002
   9.0077082239863798E-002
   9.3778880129217507E-002
   9.7480678018571215E-002
  0.10118247590792491     
  0.10488427379727860     
  0.10858607168663231     
  0.11228786957598602     
  0.11598966746533970     
  0.11969146535469341     
  0.12339326324404712     
  0.12709506113340083     
  0.13079685902275451     
  0.13449865691210822     
  0.13820045480146192     
  0.14190225269081561     
  0.14560405058016931     
  0.14930584846952302     
  0.15300764635887673     
  0.15670944424823041     
  0.16041124213758412     
   1.2053664199667300E-002
   1.4835278968920373E-002
   1.7616893738173444E-002
   2.0398508507426513E-002
   2.3180123276679589E-002
   2.5961738045932659E-002
   2.8743352815185731E-002
   3.1524967584438804E-002
   3.4306582353691877E-002
   3.7088197122944949E-002
   3.9869811892198015E-002
   4.2651426661451095E-002
   4.5433041430704160E-002
   4.8214656199957240E-002
   5.0996270969210306E-002
   5.3777885738463378E-002
   5.6559500507716451E-002
   5.9341115276969517E-002
   6.2122730046222596E-002
   6.4904344815475676E-002
   6.7685959584728728E-002
   7.0467574353981807E-002
   7.3249189123234887E-002
   7.6030803892487953E-002
   7.8812418661741018E-002
   8.1594033430994098E-002
   8.4375648200247177E-002
   8.7157262969500229E-002
   8.9938877738753309E-002
   9.2720492508006389E-002
   9.5502107277259454E-002
   9.8283722046512520E-002
  0.10106533681576560     
  0.10384695158501868     
  0.10662856635427173     
  0.10941018112352481     
  0.11219179589277789     
  0.11497341066203097     
  0.11775502543128402     
  0.12053664020053710     
   8.0466528580463870E-003
   9.9035727176200478E-003
   1.1760492577193709E-002
   1.3617412436767368E-002
   1.5474332296341032E-002
   1.7331252155914693E-002
   1.9188172015488354E-002
   2.1045091875062014E-002
   2.2902011734635679E-002
   2.4758931594209336E-002
   2.6615851453782997E-002
   2.8472771313356661E-002
   3.0329691172930318E-002
   3.2186611032503983E-002
   3.4043530892077643E-002
   3.5900450751651304E-002
   3.7757370611224965E-002
   3.9614290470798626E-002
   4.1471210330372286E-002
   4.3328130189945954E-002
   4.5185050049519608E-002
   4.7041969909093269E-002
   4.8898889768666930E-002
   5.0755809628240597E-002
   5.2612729487814251E-002
   5.4469649347387912E-002
   5.6326569206961580E-002
   5.8183489066535234E-002
   6.0040408926108894E-002
   6.1897328785682562E-002
   6.3754248645256223E-002
   6.5611168504829884E-002
   6.7468088364403545E-002
   6.9325008223977205E-002
   7.1181928083550866E-002
   7.3038847943124527E-002
   7.4895767802698188E-002
   7.6752687662271848E-002
   7.8609607521845509E-002
   8.0466527381419170E-002
   4.0265898153379600E-003
   4.9558028342618831E-003
   5.8850158531858071E-003
   6.8142288721097293E-003
   7.7434418910336533E-003
   8.6726549099575764E-003
   9.6018679288814995E-003
   1.0531080947805423E-002
   1.1460293966729347E-002
   1.2389506985653271E-002
   1.3318720004577192E-002
   1.4247933023501117E-002
   1.5177146042425040E-002
   1.6106359061348965E-002
   1.7035572080272884E-002
   1.7964785099196811E-002
   1.8893998118120734E-002
   1.9823211137044654E-002
   2.0752424155968580E-002
   2.1681637174892503E-002
   2.2610850193816423E-002
   2.3540063212740350E-002
   2.4469276231664273E-002
   2.5398489250588199E-002
   2.6327702269512119E-002
   2.7256915288436042E-002
   2.8186128307359969E-002
   2.9115341326283888E-002
   3.0044554345207811E-002
   3.0973767364131738E-002
   3.1902980383055661E-002
   3.2832193401979584E-002
   3.3761406420903507E-002
   3.4690619439827430E-002
   3.5619832458751353E-002
   3.6549045477675277E-002
   3.7478258496599200E-002
   3.8407471515523123E-002
   3.9336684534447046E-002
   4.0265897553370969E-002
  -4.3711390653212878E-009
  -5.3798634483095219E-009
  -6.3885878312977560E-009
  -7.3973122142859893E-009
  -8.4060365972742242E-009
  -9.4147609802624566E-009
  -1.0423485363250691E-008
  -1.1432209746238926E-008
  -1.2440934129227161E-008
  -1.3449658512215395E-008
  -1.4458382895203627E-008
  -1.5467107278191861E-008
  -1.6475831661180095E-008
  -1.7484556044168329E-008
  -1.8493280427156563E-008
  -1.9502004810144798E-008
  -2.0510729193133032E-008
  -2.1519453576121266E-008
  -2.2528177959109500E-008
  -2.3536902342097734E-008
  -2.4545626725085965E-008
  -2.5554351108074202E-008
  -2.6563075491062436E-008
  -2.7571799874050670E-008
  -2.8580524257038901E-008
  -2.9589248640027138E-008
  -3.0597973023015376E-008
  -3.1606697406003603E-008
  -3.2615421788991837E-008
  -3.3624146171980071E-008
  -3.4632870554968312E-008
  -3.5641594937956540E-008
  -3.6650319320944774E-008
  -3.7659043703933008E-008
  -3.8667768086921242E-008
  -3.9676492469909476E-008
  -4.0685216852897710E-008
  -4.1693941235885944E-008
  -4.2702665618874178E-008
  -4.3711390001862412E-008
