  0.10000000149011612     
  0.11836734839848109     
  0.13673469530684607     
  0.15510204221521107     
  0.17346938912357601     
  0.19183673603194101     
  0.21020408294030599     
  0.22857142984867096     
  0.24693877675703593     
  0.26530612366540091     
  0.28367347057376591     
  0.30204081748213085     
  0.32040816439049585     
  0.33877551129886085     
  0.35714285820722580     
  0.37551020511559080     
  0.39387755202395575     
  0.41224489893232075     
  0.43061224584068569     
  0.44897959274905069     
  0.46734693965741564     
  0.48571428656578064     
  0.50408163347414559     
  0.52244898038251053     
  0.54081632729087559     
  0.55918367419924053     
  0.57755102110760559     
  0.59591836801597053     
  0.61428571492433548     
  0.63265306183270043     
  0.65102040874106548     
  0.66938775564943043     
  0.68775510255779537     
  0.70612244946616032     
  0.72448979637452537     
  0.74285714328289032     
  0.76122449019125527     
  0.77959183709962032     
  0.79795918400798527     
  0.81632653091635021     
  0.83469387782471516     
  0.85306122473308021     
  0.87142857164144516     
  0.88979591854981011     
  0.90816326545817516     
  0.92653061236654011     
  0.94489795927490505     
  0.96326530618327000     
  0.98163265309163505     
   1.0000000000000000     
   9.9948623106560081E-002
  0.11830653316912203     
  0.13666444323168397     
  0.15502235329424596     
  0.17338026335680787     
  0.19173817341936986     
  0.21009608348193179     
  0.22845399354449375     
  0.24681190360705568     
  0.26516981366961762     
  0.28352772373217960     
  0.30188563379474154     
  0.32024354385730353     
  0.33860145391986546     
  0.35695936398242739     
  0.37531727404498938     
  0.39367518410755126     
  0.41203309417011325     
  0.43039100423267518     
  0.44874891429523717     
  0.46710682435779904     
  0.48546473442036103     
  0.50382264448292291     
  0.52218055454548484     
  0.54053846460804689     
  0.55889637467060882     
  0.57725428473317086     
  0.59561219479573280     
  0.61397010485829473     
  0.63232801492085666     
  0.65068592498341860     
  0.66904383504598053     
  0.68740174510854246     
  0.70575965517110439     
  0.72411756523366644     
  0.74247547529622837     
  0.76083338535879030     
  0.77919129542135235     
  0.79754920548391417     
  0.81590711554647610     
  0.83426502560903804     
  0.85262293567160008     
  0.87098084573416201     
  0.88933875579672395     
  0.90769666585928599     
  0.92605457592184792     
  0.94441248598440974     
  0.96277039604697168     
  0.98112830610953372     
  0.99948621617209565     
   9.9794540750657135E-002
  0.11812414997280753     
  0.13645375919495792     
  0.15478336841710832     
  0.17311297763925867     
  0.19144258686140908     
  0.20977219608355949     
  0.22810180530570986     
  0.24643141452786024     
  0.26476102375001065     
  0.28309063297216103     
  0.30142024219431141     
  0.31974985141646184     
  0.33807946063861222     
  0.35640906986076260     
  0.37473867908291303     
  0.39306828830506335     
  0.41139789752721379     
  0.42972750674936411     
  0.44805711597151454     
  0.46638672519366492     
  0.48471633441581530     
  0.50304594363796562     
  0.52137555286011605     
  0.53970516208226649     
  0.55803477130441681     
  0.57636438052656735     
  0.59469398974871768     
  0.61302359897086800     
  0.63135320819301843     
  0.64968281741516887     
  0.66801242663731919     
  0.68634203585946962     
  0.70467164508161995     
  0.72300125430377038     
  0.74133086352592081     
  0.75966047274807114     
  0.77799008197022157     
  0.79631969119237200     
  0.81464930041452233     
  0.83297890963667265     
  0.85130851885882308     
  0.86963812808097352     
  0.88796773730312384     
  0.90629734652527427     
  0.92462695574742471     
  0.94295656496957503     
  0.96128617419172535     
  0.97961578341387590     
  0.99794539263602622     
   9.9537912752452523E-002
  0.11782038622061106     
  0.13610285968876959     
  0.15438533315692815     
  0.17266780662508666     
  0.19095028009324522     
  0.20923275356140372     
  0.22751522702956226     
  0.24579770049772079     
  0.26408017396587935     
  0.28236264743403788     
  0.30064512090219636     
  0.31892759437035495     
  0.33721006783851348     
  0.35549254130667202     
  0.37377501477483055     
  0.39205748824298908     
  0.41033996171114762     
  0.42862243517930609     
  0.44690490864746468     
  0.46518738211562316     
  0.48346985558378175     
  0.50175232905194023     
  0.52003480252009870     
  0.53831727598825740     
  0.55659974945641588     
  0.57488222292457447     
  0.59316469639273295     
  0.61144716986089143     
  0.62972964332905002     
  0.64801211679720860     
  0.66629459026536708     
  0.68457706373352556     
  0.70285953720168415     
  0.72114201066984274     
  0.73942448413800121     
  0.75770695760615969     
  0.77598943107431828     
  0.79427190454247687     
  0.81255437801063535     
  0.83083685147879383     
  0.84911932494695241     
  0.86740179841511089     
  0.88568427188326948     
  0.90396674535142807     
  0.92224921881958655     
  0.94053169228774502     
  0.95881416575590361     
  0.97709663922406220     
  0.99537911269222068     
   9.9179002814576797E-002
  0.11739555405033940     
  0.13561210528610201     
  0.15382865652186467     
  0.17204520775762724     
  0.19026175899338990     
  0.20847831022915250     
  0.22669486146491510     
  0.24491141270067773     
  0.26312796393644033     
  0.28134451517220299     
  0.29956106640796559     
  0.31777761764372819     
  0.33599416887949085     
  0.35421072011525345     
  0.37242727135101605     
  0.39064382258677866     
  0.40886037382254131     
  0.42707692505830391     
  0.44529347629406651     
  0.46351002752982912     
  0.48172657876559177     
  0.49994313000135437     
  0.51815968123711698     
  0.53637623247287958     
  0.55459278370864218     
  0.57280933494440489     
  0.59102588618016749     
  0.60924243741593009     
  0.62745898865169270     
  0.64567553988745541     
  0.66389209112321801     
  0.68210864235898050     
  0.70032519359474310     
  0.71854174483050581     
  0.73675829606626841     
  0.75497484730203102     
  0.77319139853779373     
  0.79140794977355633     
  0.80962450100931882     
  0.82784105224508142     
  0.84605760348084413     
  0.86427415471660674     
  0.88249070595236934     
  0.90070725718813205     
  0.91892380842389465     
  0.93714035965965714     
  0.95535691089541974     
  0.97357346213118245     
  0.99179001336694506     
   9.8718179741273421E-002
  0.11685009000578987     
  0.13498200027030632     
  0.15311391053482279     
  0.17124582079933920     
  0.18937773106385566     
  0.20750964132837213     
  0.22564155159288857     
  0.24377346185740500     
  0.26190537212192144     
  0.28003728238643794     
  0.29816919265095432     
  0.31630110291547081     
  0.33443301317998730     
  0.35256492344450369     
  0.37069683370902018     
  0.38882874397353662     
  0.40696065423805305     
  0.42509256450256949     
  0.44322447476708593     
  0.46135638503160237     
  0.47948829529611886     
  0.49762020556063524     
  0.51575211582515168     
  0.53388402608966823     
  0.55201593635418467     
  0.57014784661870110     
  0.58827975688321754     
  0.60641166714773398     
  0.62454357741225042     
  0.64267548767676697     
  0.66080739794128329     
  0.67893930820579973     
  0.69707121847031617     
  0.71520312873483272     
  0.73333503899934915     
  0.75146694926386548     
  0.76959885952838203     
  0.78773076979289847     
  0.80586268005741490     
  0.82399459032193134     
  0.84212650058644789     
  0.86025841085096422     
  0.87839032111548065     
  0.89652223137999720     
  0.91465414164451364     
  0.93278605190903008     
  0.95091796217354640     
  0.96904987243806295     
  0.98718178270257939     
   9.8155917059427625E-002
  0.11618455458817205     
  0.13421319211691649     
  0.15224182964566094     
  0.17027046717440536     
  0.18829910470314981     
  0.20632774223189423     
  0.22435637976063869     
  0.24238501728938311     
  0.26041365481812756     
  0.27844229234687201     
  0.29647092987561641     
  0.31449956740436086     
  0.33252820493310531     
  0.35055684246184970     
  0.36858547999059421     
  0.38661411751933861     
  0.40464275504808306     
  0.42267139257682745     
  0.44070003010557190     
  0.45872866763431630     
  0.47675730516306081     
  0.49478594269180520     
  0.51281458022054960     
  0.53084321774929411     
  0.54887185527803850     
  0.56690049280678301     
  0.58492913033552740     
  0.60295776786427180     
  0.62098640539301619     
  0.63901504292176070     
  0.65704368045050521     
  0.67507231797924960     
  0.69310095550799400     
  0.71112959303673851     
  0.72915823056548290     
  0.74718686809422730     
  0.76521550562297180     
  0.78324414315171620     
  0.80127278068046059     
  0.81930141820920499     
  0.83733005573794950     
  0.85535869326669389     
  0.87338733079543840     
  0.89141596832418291     
  0.90944460585292730     
  0.92747324338167170     
  0.94550188091041609     
  0.96353051843916060     
  0.98155915596790499     
   9.7492792531985312E-002
  0.11539963168015489     
  0.13330647082832447     
  0.15121330997649410     
  0.16912014912466364     
  0.18702698827283326     
  0.20493382742100283     
  0.22284066656917242     
  0.24074750571734202     
  0.25865434486551159     
  0.27656118401368118     
  0.29446802316185078     
  0.31237486231002037     
  0.33028170145818997     
  0.34818854060635956     
  0.36609537975452916     
  0.38400221890269870     
  0.40190905805086830     
  0.41981589719903789     
  0.43772273634720749     
  0.45562957549537703     
  0.47353641464354668     
  0.49144325379171622     
  0.50935009293988576     
  0.52725693208805546     
  0.54516377123622495     
  0.56307061038439465     
  0.58097744953256425     
  0.59888428868073373     
  0.61679112782890333     
  0.63469796697707304     
  0.65260480612524252     
  0.67051164527341212     
  0.68841848442158171     
  0.70632532356975131     
  0.72423216271792090     
  0.74213900186609050     
  0.76004584101426009     
  0.77795268016242969     
  0.79585951931059928     
  0.81376635845876877     
  0.83167319760693847     
  0.84958003675510796     
  0.86748687590327755     
  0.88539371505144726     
  0.90330055419961675     
  0.92120739334778634     
  0.93911423249595594     
  0.95702107164412553     
  0.97492791079229513     
   9.6729487564262653E-002
  0.11449612784313097     
  0.13226276812199927     
  0.15002940840086762     
  0.16779604867973588     
  0.18556268895860423     
  0.20332932923747252     
  0.22109596951634083     
  0.23886260979520915     
  0.25662925007407744     
  0.27439589035294581     
  0.29216253063181408     
  0.30992917091068239     
  0.32769581118955071     
  0.34546245146841903     
  0.36322909174728735     
  0.38099573202615561     
  0.39876237230502398     
  0.41652901258389224     
  0.43429565286276056     
  0.45206229314162888     
  0.46982893342049720     
  0.48759557369936546     
  0.50536221397823378     
  0.52312885425710209     
  0.54089549453597041     
  0.55866213481483884     
  0.57642877509370705     
  0.59419541537257536     
  0.61196205565144368     
  0.62972869593031200     
  0.64749533620918032     
  0.66526197648804863     
  0.68302861676691684     
  0.70079525704578527     
  0.71856189732465359     
  0.73632853760352179     
  0.75409517788239022     
  0.77186181816125854     
  0.78962845844012675     
  0.80739509871899506     
  0.82516173899786349     
  0.84292837927673170     
  0.86069501955560002     
  0.87846165983446844     
  0.89622830011333665     
  0.91399494039220497     
  0.93176158067107329     
  0.94952822094994160     
  0.96729486122880992     
   9.5866786503756019E-002
  0.11347497148842009     
  0.13108315647308416     
  0.14869134145774829     
  0.16629952644241233     
  0.18390771142707643     
  0.20151589641174050     
  0.21912408139640457     
  0.23673226638106867     
  0.25434045136573274     
  0.27194863635039684     
  0.28955682133506089     
  0.30716500631972499     
  0.32477319130438909     
  0.34238137628905313     
  0.35998956127371723     
  0.37759774625838133     
  0.39520593124304543     
  0.41281411622770947     
  0.43042230121237357     
  0.44803048619703761     
  0.46563867118170171     
  0.48324685616636576     
  0.50085504115102986     
  0.51846322613569396     
  0.53607141112035805     
  0.55367959610502215     
  0.57128778108968625     
  0.58889596607435024     
  0.60650415105901434     
  0.62411233604367855     
  0.64172052102834254     
  0.65932870601300664     
  0.67693689099767063     
  0.69454507598233484     
  0.71215326096699882     
  0.72976144595166292     
  0.74736963093632702     
  0.76497781592099112     
  0.78258600090565511     
  0.80019418589031921     
  0.81780237087498342     
  0.83541055585964741     
  0.85301874084431151     
  0.87062692582897561     
  0.88823511081363971     
  0.90584329579830369     
  0.92345148078296779     
  0.94105966576763189     
  0.95866785075229599     
   9.4905575834171793E-002
  0.11233721192326390     
  0.12976884801235600     
  0.14720048410144815     
  0.16463212019054022     
  0.18206375627963237     
  0.19949539236872446     
  0.21692702845781658     
  0.23435866454690868     
  0.25179030063600077     
  0.26922193672509293     
  0.28665357281418502     
  0.30408520890327717     
  0.32151684499236927     
  0.33894848108146136     
  0.35638011717055351     
  0.37381175325964561     
  0.39124338934873770     
  0.40867502543782980     
  0.42610666152692195     
  0.44353829761601404     
  0.46096993370510614     
  0.47840156979419823     
  0.49583320588329033     
  0.51326484197238254     
  0.53069647806147457     
  0.54812811415056673     
  0.56555975023965888     
  0.58299138632875092     
  0.60042302241784307     
  0.61785465850693522     
  0.63528629459602726     
  0.65271793068511941     
  0.67014956677421145     
  0.68758120286330360     
  0.70501283895239575     
  0.72244447504148779     
  0.73987611113058005     
  0.75730774721967209     
  0.77473938330876413     
  0.79217101939785628     
  0.80960265548694843     
  0.82703429157604047     
  0.84446592766513262     
  0.86189756375422477     
  0.87932919984331692     
  0.89676083593240896     
  0.91419247202150100     
  0.93162410811059326     
  0.94905574419968530     
   9.3846843264504473E-002
  0.11108401827259164     
  0.12832119328067879     
  0.14555836828876598     
  0.16279554329685311     
  0.18003271830494030     
  0.19726989331302747     
  0.21450706832111463     
  0.23174424332920179     
  0.24898141833728896     
  0.26621859334537612     
  0.28345576835346326     
  0.30069294336155045     
  0.31793011836963764     
  0.33516729337772477     
  0.35240446838581196     
  0.36964164339389910     
  0.38687881840198629     
  0.40411599341007343     
  0.42135316841816062     
  0.43859034342624775     
  0.45582751843433494     
  0.47306469344242208     
  0.49030186845050922     
  0.50753904345859646     
  0.52477621846668354     
  0.54201339347477084     
  0.55925056848285792     
  0.57648774349094511     
  0.59372491849903219     
  0.61096209350711950     
  0.62819926851520658     
  0.64543644352329377     
  0.66267361853138085     
  0.67991079353946815     
  0.69714796854755523     
  0.71438514355564242     
  0.73162231856372961     
  0.74885949357181680     
  0.76609666857990388     
  0.78333384358799107     
  0.80057101859607827     
  0.81780819360416546     
  0.83504536861225254     
  0.85228254362033984     
  0.86951971862842692     
  0.88675689363651411     
  0.90399406864460119     
  0.92123124365268849     
  0.93846841866077557     
   9.2691676714098808E-002
  0.10971667827766521     
  0.12674167984123158     
  0.14376668140479801     
  0.16079168296836438     
  0.17781668453193078     
  0.19484168609549718     
  0.21186668765906358     
  0.22889168922262995     
  0.24591669078619635     
  0.26294169234976278     
  0.27996669391332912     
  0.29699169547689558     
  0.31401669704046198     
  0.33104169860402832     
  0.34806670016759478     
  0.36509170173116112     
  0.38211670329472752     
  0.39914170485829392     
  0.41616670642186032     
  0.43319170798542667     
  0.45021670954899312     
  0.46724171111255947     
  0.48426671267612581     
  0.50129171423969232     
  0.51831671580325867     
  0.53534171736682512     
  0.55236671893039146     
  0.56939172049395781     
  0.58641672205752426     
  0.60344172362109072     
  0.62046672518465706     
  0.63749172674822341     
  0.65451672831178975     
  0.67154172987535621     
  0.68856673143892266     
  0.70559173300248901     
  0.72261673456605546     
  0.73964173612962181     
  0.75666673769318815     
  0.77369173925675461     
  0.79071674082032106     
  0.80774174238388741     
  0.82476674394745375     
  0.84179174551102021     
  0.85881674707458655     
  0.87584174863815301     
  0.89286675020171935     
  0.90989175176528581     
  0.92691675332885215     
   9.1441263194739053E-002
  0.10823659697283786     
  0.12503193075093666     
  0.14182726452903549     
  0.15862259830713427     
  0.17541793208523310     
  0.19221326586333193     
  0.20900859964143073     
  0.22580393341952953     
  0.24259926719762834     
  0.25939460097572714     
  0.27618993475382592     
  0.29298526853192475     
  0.30978060231002358     
  0.32657593608812241     
  0.34337126986622124     
  0.36016660364432002     
  0.37696193742241885     
  0.39375727120051762     
  0.41055260497861645     
  0.42734793875671523     
  0.44414327253481406     
  0.46093860631291284     
  0.47773394009101161     
  0.49452927386911050     
  0.51132460764720933     
  0.52811994142530816     
  0.54491527520340699     
  0.56171060898150571     
  0.57850594275960454     
  0.59530127653770337     
  0.61209661031580220     
  0.62889194409390092     
  0.64568727787199975     
  0.66248261165009859     
  0.67927794542819742     
  0.69607327920629614     
  0.71286861298439508     
  0.72966394676249380     
  0.74645928054059263     
  0.76325461431869135     
  0.78004994809679029     
  0.79684528187488901     
  0.81364061565298784     
  0.83043594943108667     
  0.84723128320918550     
  0.86402661698728422     
  0.88082195076538305     
  0.89761728454348189     
  0.91441261832158072     
   9.0096887590914096E-002
  0.10664529524178643     
  0.12319370289265877     
  0.13974211054353114     
  0.15629051819440343     
  0.17283892584527580     
  0.18938733349614814     
  0.20593574114702046     
  0.22248414879789280     
  0.23903255644876514     
  0.25558096409963749     
  0.27212937175050983     
  0.28867777940138217     
  0.30522618705225452     
  0.32177459470312686     
  0.33832300235399920     
  0.35487141000487149     
  0.37141981765574389     
  0.38796822530661618     
  0.40451663295748852     
  0.42106504060836086     
  0.43761344825923321     
  0.45416185591010555     
  0.47071026356097784     
  0.48725867121185024     
  0.50380707886272258     
  0.52035548651359498     
  0.53690389416446727     
  0.55345230181533955     
  0.57000070946621195     
  0.58654911711708435     
  0.60309752476795664     
  0.61964593241882893     
  0.63619434006970121     
  0.65274274772057361     
  0.66929115537144601     
  0.68583956302231830     
  0.70238797067319070     
  0.71893637832406299     
  0.73548478597493527     
  0.75203319362580756     
  0.76858160127668007     
  0.78513000892755236     
  0.80167841657842465     
  0.81822682422929705     
  0.83477523188016933     
  0.85132363953104162     
  0.86787204718191402     
  0.88442045483278642     
  0.90096886248365871     
   8.8659931339511680E-002
  0.10494440825470036     
  0.12122888516988906     
  0.13751336208507778     
  0.15379783900026645     
  0.17008231591545514     
  0.18636679283064383     
  0.20265126974583253     
  0.21893574666102122     
  0.23522022357620992     
  0.25150470049139861     
  0.26778917740658731     
  0.28407365432177600     
  0.30035813123696470     
  0.31664260815215339     
  0.33292708506734209     
  0.34921156198253078     
  0.36549603889771948     
  0.38178051581290812     
  0.39806499272809687     
  0.41434946964328551     
  0.43063394655847426     
  0.44691842347366290     
  0.46320290038885159     
  0.47948737730404034     
  0.49577185421922898     
  0.51205633113441773     
  0.52834080804960648     
  0.54462528496479512     
  0.56090976187998376     
  0.57719423879517251     
  0.59347871571036115     
  0.60976319262554990     
  0.62604766954073854     
  0.64233214645592729     
  0.65861662337111593     
  0.67490110028630457     
  0.69118557720149343     
  0.70747005411668207     
  0.72375453103187071     
  0.74003900794705935     
  0.75632348486224810     
  0.77260796177743685     
  0.78889243869262549     
  0.80517691560781424     
  0.82146139252300288     
  0.83774586943819151     
  0.85403034635338027     
  0.87031482326856902     
  0.88659930018375765     
   8.7131871010298553E-002
  0.10313568378803378     
  0.11913949656576903     
  0.13514330934350427     
  0.15114712212123949     
  0.16715093489897476     
  0.18315474767670997     
  0.19915856045444522     
  0.21516237323218046     
  0.23116618600991568     
  0.24716999878765095     
  0.26317381156538616     
  0.27917762434312143     
  0.29518143712085665     
  0.31118524989859186     
  0.32718906267632714     
  0.34319287545406235     
  0.35919668823179762     
  0.37520050100953284     
  0.39120431378726805     
  0.40720812656500327     
  0.42321193934273854     
  0.43921575212047376     
  0.45521956489820897     
  0.47122337767594424     
  0.48722719045367946     
  0.50323100323141479     
  0.51923481600915000     
  0.53523862878688522     
  0.55124244156462043     
  0.56724625434235576     
  0.58325006712009098     
  0.59925387989782619     
  0.61525769267556130     
  0.63126150545329662     
  0.64726531823103184     
  0.66326913100876705     
  0.67927294378650238     
  0.69527675656423760     
  0.71128056934197281     
  0.72728438211970803     
  0.74328819489744336     
  0.75929200767517857     
  0.77529582045291379     
  0.79129963323064900     
  0.80730344600838422     
  0.82330725878611943     
  0.83931107156385465     
  0.85531488434158998     
  0.87131869711932519     
   8.5514276788645149E-002
  0.10122098042854691     
  0.11692768406844867     
  0.13263438770835045     
  0.14834109134825219     
  0.16404779498815394     
  0.17975449862805570     
  0.19546120226795746     
  0.21116790590785922     
  0.22687460954776098     
  0.24258131318766277     
  0.25828801682756453     
  0.27399472046746626     
  0.28970142410736804     
  0.30540812774726978     
  0.32111483138717156     
  0.33682153502707329     
  0.35252823866697508     
  0.36823494230687681     
  0.38394164594677860     
  0.39964834958668033     
  0.41535505322658212     
  0.43106175686648385     
  0.44676846050638558     
  0.46247516414628742     
  0.47818186778618915     
  0.49388857142609099     
  0.50959527506599267     
  0.52530197870589446     
  0.54100868234579613     
  0.55671538598569803     
  0.57242208962559971     
  0.58812879326550149     
  0.60383549690540317     
  0.61954220054530507     
  0.63524890418520674     
  0.65095560782510853     
  0.66666231146501032     
  0.68236901510491210     
  0.69807571874481378     
  0.71378242238471556     
  0.72948912602461735     
  0.74519582966451914     
  0.76090253330442081     
  0.77660923694432271     
  0.79231594058422439     
  0.80802264422412617     
  0.82372934786402785     
  0.83943605150392964     
  0.85514275514383142     
   8.3808810862053870E-002
   9.9202265663482406E-002
  0.11459572046491096     
  0.12998917526633952     
  0.14538263006776805     
  0.16077608486919662     
  0.17616953967062518     
  0.19156299447205372     
  0.20695644927348225     
  0.22234990407491081     
  0.23774335887633938     
  0.25313681367776791     
  0.26853026847919648     
  0.28392372328062504     
  0.29931717808205355     
  0.31471063288348211     
  0.33010408768491067     
  0.34549754248633924     
  0.36089099728776775     
  0.37628445208919631     
  0.39167790689062487     
  0.40707136169205344     
  0.42246481649348194     
  0.43785827129491045     
  0.45325172609633907     
  0.46864518089776758     
  0.48403863569919620     
  0.49943209050062476     
  0.51482554530205327     
  0.53021900010348177     
  0.54561245490491039     
  0.56100590970633890     
  0.57639936450776741     
  0.59179281930919603     
  0.60718627411062465     
  0.62257972891205315     
  0.63797318371348166     
  0.65336663851491028     
  0.66876009331633879     
  0.68415354811776730     
  0.69954700291919580     
  0.71494045772062442     
  0.73033391252205293     
  0.74572736732348144     
  0.76112082212491006     
  0.77651427692633868     
  0.79190773172776718     
  0.80730118652919569     
  0.82269464133062431     
  0.83808809613205282     
   8.2017225712148936E-002
   9.7081613858839164E-002
  0.11214600200552940     
  0.12721039015221966     
  0.14227477829890986     
  0.15733916644560011     
  0.17240355459229037     
  0.18746794273898060     
  0.20253233088567082     
  0.21759671903236105     
  0.23266110717905131     
  0.24772549532574153     
  0.26278988347243176     
  0.27785427161912202     
  0.29291865976581227     
  0.30798304791250253     
  0.32304743605919273     
  0.33811182420588298     
  0.35317621235257318     
  0.36824060049926344     
  0.38330498864595364     
  0.39836937679264389     
  0.41343376493933409     
  0.42849815308602435     
  0.44356254123271466     
  0.45862692937940486     
  0.47369131752609517     
  0.48875570567278537     
  0.50382009381947557     
  0.51888448196616577     
  0.53394887011285608     
  0.54901325825954628     
  0.56407764640623648     
  0.57914203455292668     
  0.59420642269961699     
  0.60927081084630719     
  0.62433519899299739     
  0.63939958713968770     
  0.65446397528637790     
  0.66952836343306821     
  0.68459275157975841     
  0.69965713972644872     
  0.71472152787313892     
  0.72978591601982912     
  0.74485030416651943     
  0.75991469231320963     
  0.77497908045989983     
  0.79004346860659003     
  0.80510785675328034     
  0.82017224489997054     
   8.0141362313883052E-002
   9.4861204127820883E-002
  0.10958104594175871     
  0.12430088775569657     
  0.13902072956963438     
  0.15374057138357225     
  0.16846041319751007     
  0.18318025501144791     
  0.19790009682538573     
  0.21261993863932357     
  0.22733978045326142     
  0.24205962226719924     
  0.25677946408113711     
  0.27149930589507498     
  0.28621914770901274     
  0.30093898952295062     
  0.31565883133688843     
  0.33037867315082631     
  0.34509851496476412     
  0.35981835677870194     
  0.37453819859263976     
  0.38925804040657763     
  0.40397788222051545     
  0.41869772403445327     
  0.43341756584839114     
  0.44813740766232896     
  0.46285724947626689     
  0.47757709129020470     
  0.49229693310414246     
  0.50701677491808028     
  0.52173661673201821     
  0.53645645854595603     
  0.55117630035989384     
  0.56589614217383166     
  0.58061598398776959     
  0.59533582580170730     
  0.61005566761564511     
  0.62477550942958304     
  0.63949535124352086     
  0.65421519305745868     
  0.66893503487139649     
  0.68365487668533442     
  0.69837471849927224     
  0.71309456031321006     
  0.72781440212714787     
  0.74253424394108569     
  0.75725408575502351     
  0.77197392756896133     
  0.78669376938289926     
  0.80141361119683707     
   7.8183148243810965E-002
   9.2543318091649771E-002
  0.10690348793948858     
  0.12126365778732741     
  0.13562382763516620     
  0.14998399748300503     
  0.16434416733084384     
  0.17870433717868264     
  0.19306450702652148     
  0.20742467687436028     
  0.22178484672219911     
  0.23614501657003789     
  0.25050518641787672     
  0.26486535626571556     
  0.27922552611355433     
  0.29358569596139317     
  0.30794586580923194     
  0.32230603565707078     
  0.33666620550490961     
  0.35102637535274844     
  0.36538654520058722     
  0.37974671504842605     
  0.39410688489626483     
  0.40846705474410361     
  0.42282722459194250     
  0.43718739443978127     
  0.45154756428762016     
  0.46590773413545894     
  0.48026790398329772     
  0.49462807383113655     
  0.50898824367897544     
  0.52334841352681416     
  0.53770858337465299     
  0.55206875322249171     
  0.56642892307033066     
  0.58078909291816938     
  0.59514926276600821     
  0.60950943261384705     
  0.62386960246168588     
  0.63822977230952471     
  0.65258994215736343     
  0.66695011200520238     
  0.68131028185304110     
  0.69567045170087993     
  0.71003062154871877     
  0.72439079139655760     
  0.73875096124439632     
  0.75311113109223515     
  0.76747130094007399     
  0.78183147078791282     
   7.6144595699374235E-002
   9.0130337535046470E-002
  0.10411607937071869     
  0.11810182120639094     
  0.13208756304206315     
  0.14607330487773540     
  0.16005904671340762     
  0.17404478854907987     
  0.18803053038475209     
  0.20201627222042431     
  0.21600201405609656     
  0.22998775589176879     
  0.24397349772744104     
  0.25795923956311329     
  0.27194498139878548     
  0.28593072323445773     
  0.29991646507012992     
  0.31390220690580217     
  0.32788794874147442     
  0.34187369057714667     
  0.35585943241281887     
  0.36984517424849112     
  0.38383091608416331     
  0.39781665791983550     
  0.41180239975550781     
  0.42578814159118000     
  0.43977388342685231     
  0.45375962526252450     
  0.46774536709819675     
  0.48173110893386895     
  0.49571685076954125     
  0.50970259260521344     
  0.52368833444088569     
  0.53767407627655783     
  0.55165981811223019     
  0.56564555994790233     
  0.57963130178357458     
  0.59361704361924683     
  0.60760278545491908     
  0.62158852729059122     
  0.63557426912626347     
  0.64956001096193572     
  0.66354575279760797     
  0.67753149463328022     
  0.69151723646895247     
  0.70550297830462472     
  0.71948872014029686     
  0.73347446197596911     
  0.74746020381164135     
  0.76144594564731360     
   7.4027799431232208E-002
   8.7624741958785030E-002
  0.10122168448633785     
  0.11481862701389069     
  0.12841556954144348     
  0.14201251206899634     
  0.15560945459654915     
  0.16920639712410199     
  0.18280333965165479     
  0.19640028217920760     
  0.20999722470676047     
  0.22359416723431325     
  0.23719110976186611     
  0.25078805228941892     
  0.26438499481697175     
  0.27798193734452459     
  0.29157887987207737     
  0.30517582239963020     
  0.31877276492718304     
  0.33236970745473587     
  0.34596664998228865     
  0.35956359250984149     
  0.37316053503739433     
  0.38675747756494711     
  0.40035442009250000     
  0.41395136262005278     
  0.42754830514760567     
  0.44114524767515845     
  0.45474219020271128     
  0.46833913273026406     
  0.48193607525781695     
  0.49553301778536973     
  0.50912996031292257     
  0.52272690284047529     
  0.53632384536802824     
  0.54992078789558108     
  0.56351773042313380     
  0.57711467295068675     
  0.59071161547823947     
  0.60430855800579231     
  0.61790550053334514     
  0.63150244306089798     
  0.64509938558845081     
  0.65869632811600354     
  0.67229327064355648     
  0.68589021317110932     
  0.69948715569866204     
  0.71308409822621488     
  0.72668104075376772     
  0.74027798328132055     
   7.1834934590763955E-002
   8.5029106031838164E-002
   9.8223277472912374E-002
  0.11141744891398660     
  0.12461162035506078     
  0.13780579179613500     
  0.15099996323720921     
  0.16419413467828342     
  0.17738830611935763     
  0.19058247756043184     
  0.20377664900150608     
  0.21697082044258026     
  0.23016499188365450     
  0.24335916332472871     
  0.25655333476580289     
  0.26974750620687715     
  0.28294167764795131     
  0.29613584908902557     
  0.30933002053009973     
  0.32252419197117393     
  0.33571836341224814     
  0.34891253485332235     
  0.36210670629439656     
  0.37530087773547077     
  0.38849504917654504     
  0.40168922061761919     
  0.41488339205869346     
  0.42807756349976767     
  0.44127173494084188     
  0.45446590638191603     
  0.46766007782299029     
  0.48085424926406450     
  0.49404842070513866     
  0.50724259214621292     
  0.52043676358728719     
  0.53363093502836134     
  0.54682510646943550     
  0.56001927791050976     
  0.57321344935158391     
  0.58640762079265818     
  0.59960179223373233     
  0.61279596367480660     
  0.62599013511588075     
  0.63918430655695502     
  0.65237847799802928     
  0.66557264943910344     
  0.67876682088017759     
  0.69196099232125186     
  0.70515516376232612     
  0.71834933520340027     
   6.9568254494953088E-002
   8.2346096945730640E-002
   9.5123939396508192E-002
  0.10790178184728576     
  0.12067962429806330     
  0.13345746674884088     
  0.14623530919961841     
  0.15901315165039598     
  0.17179099410117352     
  0.18456883655195108     
  0.19734667900272865     
  0.21012452145350619     
  0.22290236390428375     
  0.23568020635506132     
  0.24845804880583885     
  0.26123589125661645     
  0.27401373370739396     
  0.28679157615817152     
  0.29956941860894909     
  0.31234726105972666     
  0.32512510351050417     
  0.33790294596128173     
  0.35068078841205930     
  0.36345863086283681     
  0.37623647331361443     
  0.38901431576439194     
  0.40179215821516956     
  0.41457000066594712     
  0.42734784311672463     
  0.44012568556750215     
  0.45290352801827977     
  0.46568137046905733     
  0.47845921291983484     
  0.49123705537061235     
  0.50401489782138997     
  0.51679274027216748     
  0.52957058272294510     
  0.54234842517372261     
  0.55512626762450024     
  0.56790411007527775     
  0.58068195252605526     
  0.59345979497683288     
  0.60623763742761039     
  0.61901547987838790     
  0.63179332232916552     
  0.64457116477994303     
  0.65734900723072065     
  0.67012684968149816     
  0.68290469213227578     
  0.69568253458305329     
   6.7230088310952132E-002
   7.9578471673819595E-002
   9.1926855036687058E-002
  0.10427523839955453     
  0.11662362176242197     
  0.12897200512528945     
  0.14132038848815690     
  0.15366877185102437     
  0.16601715521389182     
  0.17836553857675927     
  0.19071392193962675     
  0.20306230530249419     
  0.21541068866536167     
  0.22775907202822915     
  0.24010745539109657     
  0.25245583875396405     
  0.26480422211683152     
  0.27715260547969900     
  0.28950098884256642     
  0.30184937220543390     
  0.31419775556830132     
  0.32654613893116879     
  0.33889452229403627     
  0.35124290565690369     
  0.36359128901977122     
  0.37593967238263865     
  0.38828805574550618     
  0.40063643910837360     
  0.41298482247124102     
  0.42533320583410844     
  0.43768158919697597     
  0.45002997255984339     
  0.46237835592271087     
  0.47472673928557829     
  0.48707512264844582     
  0.49942350601131325     
  0.51177188937418072     
  0.52412027273704820     
  0.53646865609991568     
  0.54881703946278304     
  0.56116542282565052     
  0.57351380618851799     
  0.58586218955138547     
  0.59821057291425295     
  0.61055895627712042     
  0.62290733963998790     
  0.63525572300285527     
  0.64760410636572274     
  0.65995248972859022     
  0.67230087309145770     
   6.4822838662705690E-002
   7.6729074138317852E-002
   8.8635309613930000E-002
  0.10054154508954218     
  0.11244778056515431     
  0.12435401604076649     
  0.13626025151637863     
  0.14816648699199081     
  0.16007272246760296     
  0.17197895794321510     
  0.18388519341882728     
  0.19579142889443943     
  0.20769766437005158     
  0.21960389984566375     
  0.23151013532127590     
  0.24341637079688808     
  0.25532260627250020     
  0.26722884174811240     
  0.27913507722372449     
  0.29104131269933670     
  0.30294754817494884     
  0.31485378365056099     
  0.32676001912617314     
  0.33866625460178529     
  0.35057249007739749     
  0.36247872555300964     
  0.37438496102862184     
  0.38629119650423399     
  0.39819743197984608     
  0.41010366745545823     
  0.42200990293107044     
  0.43391613840668258     
  0.44582237388229473     
  0.45772860935790688     
  0.46963484483351908     
  0.48154108030913123     
  0.49344731578474332     
  0.50535355126035553     
  0.51725978673596773     
  0.52916602221157982     
  0.54107225768719192     
  0.55297849316280412     
  0.56488472863841632     
  0.57679096411402841     
  0.58869719958964062     
  0.60060343506525282     
  0.61250967054086491     
  0.62441590601647712     
  0.63632214149208932     
  0.64822837696770141     
   6.2348979162091742E-002
   7.3800832287971421E-002
   8.5252685413851087E-002
   9.6704538539730767E-002
  0.10815639166561042     
  0.11960824479149011     
  0.13106009791736978     
  0.14251195104324946     
  0.15396380416912911     
  0.16541565729500879     
  0.17686751042088847     
  0.18831936354676812     
  0.19977121667264783     
  0.21122306979852751     
  0.22267492292440716     
  0.23412677605028684     
  0.24557862917616649     
  0.25703048230204617     
  0.26848233542792582     
  0.27993418855380553     
  0.29138604167968518     
  0.30283789480556489     
  0.31428974793144454     
  0.32574160105732419     
  0.33719345418320390     
  0.34864530730908355     
  0.36009716043496326     
  0.37154901356084291     
  0.38300086668672256     
  0.39445271981260221     
  0.40590457293848192     
  0.41735642606436157     
  0.42880827919024128     
  0.44026013231612093     
  0.45171198544200064     
  0.46316383856788029     
  0.47461569169375994     
  0.48606754481963965     
  0.49751939794551930     
  0.50897125107139896     
  0.52042310419727866     
  0.53187495732315837     
  0.54332681044903797     
  0.55477866357491767     
  0.56623051670079738     
  0.57768236982667698     
  0.58913422295255669     
  0.60058607607843628     
  0.61203792920431599     
  0.62348978233019570     
   5.9811051867118145E-002
   7.0796755089394106E-002
   8.1782458311670067E-002
   9.2768161533946042E-002
  0.10375386475622199     
  0.11473956797849796     
  0.12572527120077392     
  0.13671097442304989     
  0.14769667764532585     
  0.15868238086760181     
  0.16966808408987780     
  0.18065378731215373     
  0.19163949053442972     
  0.20262519375670568     
  0.21361089697898161     
  0.22459660020125760     
  0.23558230342353353     
  0.24656800664580952     
  0.25755370986808546     
  0.26853941309036145     
  0.27952511631263738     
  0.29051081953491337     
  0.30149652275718930     
  0.31248222597946523     
  0.32346792920174128     
  0.33445363242401721     
  0.34543933564629320     
  0.35642503886856919     
  0.36741074209084512     
  0.37839644531312105     
  0.38938214853539704     
  0.40036785175767303     
  0.41135355497994897     
  0.42233925820222490     
  0.43332496142450089     
  0.44431066464677682     
  0.45529636786905281     
  0.46628207109132880     
  0.47726777431360473     
  0.48825347753588066     
  0.49923918075815665     
  0.51022488398043264     
  0.52121058720270863     
  0.53219629042498451     
  0.54318199364726050     
  0.55416769686953649     
  0.56515340009181247     
  0.57613910331408835     
  0.58712480653636434     
  0.59811050975864033     
   5.7211664669785993E-002
   6.7719929435150719E-002
   7.8228194200515438E-002
   8.8736458965880186E-002
   9.9244723731244891E-002
  0.10975298849660964     
  0.12026125326197436     
  0.13076951802733908     
  0.14127778279270381     
  0.15178604755806854     
  0.16229431232343328     
  0.17280257708879798     
  0.18331084185416274     
  0.19381910661952748     
  0.20432737138489218     
  0.21483563615025694     
  0.22534390091562165     
  0.23585216568098638     
  0.24636043044635109     
  0.25686869521171585     
  0.26737695997708055     
  0.27788522474244526     
  0.28839348950781002     
  0.29890175427317472     
  0.30941001903853949     
  0.31991828380390419     
  0.33042654856926895     
  0.34093481333463366     
  0.35144307809999836     
  0.36195134286536307     
  0.37245960763072788     
  0.38296787239609259     
  0.39347613716145730     
  0.40398440192682200     
  0.41449266669218676     
  0.42500093145755147     
  0.43550919622291617     
  0.44601746098828099     
  0.45652572575364569     
  0.46703399051901040     
  0.47754225528437511     
  0.48805052004973987     
  0.49855878481510457     
  0.50906704958046933     
  0.51957531434583404     
  0.53008357911119874     
  0.54059184387656345     
  0.55110010864192815     
  0.56160837340729297     
  0.57211663817265768     
   5.4553488616304192E-002
   6.4573516971766123E-002
   7.4593545327228047E-002
   8.4613573682689985E-002
   9.4633602038151896E-002
  0.10465363039361385     
  0.11467365874907577     
  0.12469368710453770     
  0.13471371545999963     
  0.14473374381546156     
  0.15475377217092348     
  0.16477380052638541     
  0.17479382888184736     
  0.18481385723730928     
  0.19483388559277121     
  0.20485391394823316     
  0.21487394230369505     
  0.22489397065915701     
  0.23491399901461890     
  0.24493402737008085     
  0.25495405572554275     
  0.26497408408100470     
  0.27499411243646660     
  0.28501414079192855     
  0.29503416914739050     
  0.30505419750285240     
  0.31507422585831441     
  0.32509425421377630     
  0.33511428256923820     
  0.34513431092470015     
  0.35515433928016210     
  0.36517436763562400     
  0.37519439599108595     
  0.38521442434654785     
  0.39523445270200980     
  0.40525448105747175     
  0.41527450941293365     
  0.42529453776839560     
  0.43531456612385755     
  0.44533459447931945     
  0.45535462283478134     
  0.46537465119024335     
  0.47539467954570525     
  0.48541470790116714     
  0.49543473625662909     
  0.50545476461209105     
  0.51547479296755294     
  0.52549482132301484     
  0.53551484967847685     
  0.54553487803393874     
   5.1839255162408740E-002
   6.1360750850919514E-002
   7.0882246539430288E-002
   8.0403742227941069E-002
   8.9925237916451822E-002
   9.9446733604962603E-002
  0.10896822929347337     
  0.11848972498198415     
  0.12801122067049492     
  0.13753271635900569     
  0.14705421204751648     
  0.15657570773602722     
  0.16609720342453801     
  0.17561869911304878     
  0.18514019480155955     
  0.19466169049007034     
  0.20418318617858108     
  0.21370468186709188     
  0.22322617755560262     
  0.23274767324411341     
  0.24226916893262418     
  0.25179066462113497     
  0.26131216030964571     
  0.27083365599815645     
  0.28035515168666730     
  0.28987664737517804     
  0.29939814306368884     
  0.30891963875219958     
  0.31844113444071037     
  0.32796263012922111     
  0.33748412581773191     
  0.34700562150624270     
  0.35652711719475344     
  0.36604861288326418     
  0.37557010857177503     
  0.38509160426028577     
  0.39461309994879651     
  0.40413459563730730     
  0.41365609132581810     
  0.42317758701432884     
  0.43269908270283958     
  0.44222057839135043     
  0.45174207407986117     
  0.46126356976837191     
  0.47078506545688276     
  0.48030656114539350     
  0.48982805683390424     
  0.49934955252241497     
  0.50887104821092577     
  0.51839254389943656     
   4.9071753366607192E-002
   5.8084932407162365E-002
   6.7098111447717546E-002
   7.6111290488272740E-002
   8.5124469528827892E-002
   9.4137648569383087E-002
  0.10315082760993827     
  0.11216400665049343     
  0.12117718569104861     
  0.13019036473160378     
  0.13920354377215899     
  0.14821672281271414     
  0.15722990185326935     
  0.16624308089382453     
  0.17525625993437968     
  0.18426943897493489     
  0.19328261801549004     
  0.20229579705604522     
  0.21130897609660040     
  0.22032215513715558     
  0.22933533417771074     
  0.23834851321826594     
  0.24736169225882110     
  0.25637487129937625     
  0.26538805033993146     
  0.27440122938048667     
  0.28341440842104187     
  0.29242758746159703     
  0.30144076650215218     
  0.31045394554270733     
  0.31946712458326260     
  0.32848030362381775     
  0.33749348266437290     
  0.34650666170492805     
  0.35551984074548326     
  0.36453301978603841     
  0.37354619882659362     
  0.38255937786714883     
  0.39157255690770398     
  0.40058573594825914     
  0.40959891498881429     
  0.41861209402936955     
  0.42762527306992471     
  0.43663845211047986     
  0.44565163115103507     
  0.45466481019159022     
  0.46367798923214537     
  0.47269116827270058     
  0.48170434731325579     
  0.49071752635381094     
   4.6253827024232294E-002
   5.4749427765573788E-002
   6.3245028506915282E-002
   7.1740629248256804E-002
   8.0236229989598284E-002
   8.8731830730939792E-002
   9.7227431472281287E-002
  0.10572303221362278     
  0.11421863295496429     
  0.12271423369630578     
  0.13120983443764728     
  0.13970543517898878     
  0.14820103592033029     
  0.15669663666167180     
  0.16519223740301328     
  0.17368783814435479     
  0.18218343888569627     
  0.19067903962703778     
  0.19917464036837926     
  0.20767024110972077     
  0.21616584185106225     
  0.22466144259240375     
  0.23315704333374526     
  0.24165264407508674     
  0.25014824481642828     
  0.25864384555776976     
  0.26713944629911129     
  0.27563504704045277     
  0.28413064778179425     
  0.29262624852313573     
  0.30112184926447727     
  0.30961745000581875     
  0.31811305074716023     
  0.32660865148850171     
  0.33510425222984325     
  0.34359985297118473     
  0.35209545371252621     
  0.36059105445386774     
  0.36908665519520922     
  0.37758225593655076     
  0.38607785667789224     
  0.39457345741923378     
  0.40306905816057526     
  0.41156465890191674     
  0.42006025964325827     
  0.42855586038459975     
  0.43705146112594123     
  0.44554706186728271     
  0.45404266260862425     
  0.46253826334996573     
   4.3388371745249933E-002
   5.1357664382839278E-002
   5.9326957020428631E-002
   6.7296249658017990E-002
   7.5265542295607335E-002
   8.3234834933196694E-002
   9.1204127570786039E-002
   9.9173420208375399E-002
  0.10714271284596474     
  0.11511200548355410     
  0.12308129812114346     
  0.13105059075873279     
  0.13901988339632215     
  0.14698917603391151     
  0.15495846867150087     
  0.16292776130909023     
  0.17089705394667956     
  0.17886634658426892     
  0.18683563922185825     
  0.19480493185944764     
  0.20277422449703697     
  0.21074351713462633     
  0.21871280977221566     
  0.22668210240980499     
  0.23465139504739438     
  0.24262068768498374     
  0.25058998032257312     
  0.25855927296016246     
  0.26652856559775179     
  0.27449785823534112     
  0.28246715087293051     
  0.29043644351051984     
  0.29840573614810917     
  0.30637502878569856     
  0.31434432142328794     
  0.32231361406087727     
  0.33028290669846661     
  0.33825219933605599     
  0.34622149197364532     
  0.35419078461123465     
  0.36216007724882399     
  0.37012936988641337     
  0.37809866252400270     
  0.38606795516159204     
  0.39403724779918142     
  0.40200654043677081     
  0.40997583307436014     
  0.41794512571194947     
  0.42591441834953886     
  0.43388371098712819     
   4.0478331978823938E-002
   4.7913127525307075E-002
   5.5347923071790220E-002
   6.2782718618273378E-002
   7.0217514164756509E-002
   7.7652309711239653E-002
   8.5087105257722798E-002
   9.2521900804205942E-002
   9.9956696350689087E-002
  0.10739149189717222     
  0.11482628744365538     
  0.12226108299013851     
  0.12969587853662165     
  0.13713067408310481     
  0.14456546962958794     
  0.15200026517607110     
  0.15943506072255423     
  0.16686985626903739     
  0.17430465181552052     
  0.18173944736200365     
  0.18917424290848678     
  0.19660903845496994     
  0.20404383400145307     
  0.21147862954793620     
  0.21891342509441938     
  0.22634822064090251     
  0.23378301618738567     
  0.24121781173386880     
  0.24865260728035193     
  0.25608740282683506     
  0.26352219837331825     
  0.27095699391980138     
  0.27839178946628451     
  0.28582658501276764     
  0.29326138055925083     
  0.30069617610573396     
  0.30813097165221709     
  0.31556576719870028     
  0.32300056274518341     
  0.33043535829166654     
  0.33787015383814967     
  0.34530494938463280     
  0.35273974493111593     
  0.36017454047759906     
  0.36760933602408224     
  0.37504413157056538     
  0.38247892711704851     
  0.38991372266353164     
  0.39734851821001482     
  0.40478331375649795     
   3.7526697987695416E-002
   4.4419356687641236E-002
   5.1312015387587055E-002
   5.8204674087532882E-002
   6.5097332787478687E-002
   7.1989991487424521E-002
   7.8882650187370326E-002
   8.5775308887316146E-002
   9.2667967587261965E-002
   9.9560626287207785E-002
  0.10645328498715360     
  0.11334594368709941     
  0.12023860238704524     
  0.12713126108699108     
  0.13402391978693687     
  0.14091657848688272     
  0.14780923718682851     
  0.15470189588677433     
  0.16159455458672015     
  0.16848721328666597     
  0.17537987198661179     
  0.18227253068655760     
  0.18916518938650342     
  0.19605784808644922     
  0.20295050678639506     
  0.20984316548634088     
  0.21673582418628673     
  0.22362848288623252     
  0.23052114158617834     
  0.23741380028612413     
  0.24430645898606998     
  0.25119911768601577     
  0.25809177638596159     
  0.26498443508590741     
  0.27187709378585329     
  0.27876975248579905     
  0.28566241118574487     
  0.29255506988569074     
  0.29944772858563651     
  0.30634038728558233     
  0.31323304598552815     
  0.32012570468547397     
  0.32701836338541979     
  0.33391102208536561     
  0.34080368078531142     
  0.34769633948525724     
  0.35458899818520306     
  0.36148165688514888     
  0.36837431558509470     
  0.37526697428504052     
   3.4536502775485443E-002
   4.0879941955751342E-002
   4.7223381136017241E-002
   5.3566820316283147E-002
   5.9910259496549038E-002
   6.6253698676814937E-002
   7.2597137857080843E-002
   7.8940577037346735E-002
   8.5284016217612640E-002
   9.1627455397878532E-002
   9.7970894578144452E-002
  0.10431433375841033     
  0.11065777293867625     
  0.11700121211894216     
  0.12334465129920805     
  0.12968809047947394     
  0.13603152965973983     
  0.14237496884000575     
  0.14871840802027164     
  0.15506184720053753     
  0.16140528638080343     
  0.16774872556106935     
  0.17409216474133524     
  0.18043560392160113     
  0.18677904310186705     
  0.19312248228213294     
  0.19946592146239886     
  0.20580936064266475     
  0.21215279982293064     
  0.21849623900319654     
  0.22483967818346245     
  0.23118311736372835     
  0.23752655654399424     
  0.24386999572426013     
  0.25021343490452608     
  0.25655687408479194     
  0.26290031326505781     
  0.26924375244532378     
  0.27558719162558964     
  0.28193063080585551     
  0.28827406998612143     
  0.29461750916638735     
  0.30096094834665321     
  0.30730438752691913     
  0.31364782670718505     
  0.31999126588745097     
  0.32633470506771683     
  0.33267814424798270     
  0.33902158342824867     
  0.34536502260851454     
   3.1510818970078625E-002
   3.7298520317736374E-002
   4.3086221665394123E-002
   4.8873923013051886E-002
   5.4661624360709621E-002
   6.0449325708367384E-002
   6.6237027056025133E-002
   7.2024728403682875E-002
   7.7812429751340631E-002
   8.3600131098998373E-002
   8.9387832446656143E-002
   9.5175533794313871E-002
  0.10096323514197164     
  0.10675093648962940     
  0.11253863783728714     
  0.11832633918494490     
  0.12411404053260264     
  0.12990174188026038     
  0.13568944322791812     
  0.14147714457557589     
  0.14726484592323363     
  0.15305254727089138     
  0.15884024861854912     
  0.16462794996620686     
  0.17041565131386466     
  0.17620335266152240     
  0.18199105400918017     
  0.18777875535683791     
  0.19356645670449565     
  0.19935415805215340     
  0.20514185939981117     
  0.21092956074746891     
  0.21671726209512665     
  0.22250496344278439     
  0.22829266479044216     
  0.23408036613809990     
  0.23986806748575765     
  0.24565576883341542     
  0.25144347018107316     
  0.25723117152873087     
  0.26301887287638864     
  0.26880657422404641     
  0.27459427557170413     
  0.28038197691936190     
  0.28616967826701967     
  0.29195737961467738     
  0.29774508096233515     
  0.30353278230999287     
  0.30932048365765069     
  0.31510818500530841     
   2.8452755666290117E-002
   3.3678771926633384E-002
   3.8904788186976645E-002
   4.4130804447319920E-002
   4.9356820707663181E-002
   5.4582836968006455E-002
   5.9808853228349723E-002
   6.5034869488692984E-002
   7.0260885749036259E-002
   7.5486902009379520E-002
   8.0712918269722794E-002
   8.5938934530066055E-002
   9.1164950790409330E-002
   9.6390967050752605E-002
  0.10161698331109587     
  0.10684299957143914     
  0.11206901583178240     
  0.11729503209212568     
  0.12252104835246892     
  0.12774706461281221     
  0.13297308087315546     
  0.13819909713349873     
  0.14342511339384201     
  0.14865112965418525     
  0.15387714591452856     
  0.15910316217487180     
  0.16432917843521508     
  0.16955519469555835     
  0.17478121095590160     
  0.18000722721624487     
  0.18523324347658815     
  0.19045925973693142     
  0.19568527599727467     
  0.20091129225761795     
  0.20613730851796122     
  0.21136332477830450     
  0.21658934103864774     
  0.22181535729899104     
  0.22704137355933429     
  0.23226738981967754     
  0.23749340608002081     
  0.24271942234036409     
  0.24794543860070736     
  0.25317145486105064     
  0.25839747112139388     
  0.26362348738173719     
  0.26884950364208043     
  0.27407551990242368     
  0.27930153616276698     
  0.28452755242311023     
   2.5365455231060298E-002
   3.0024416318811222E-002
   3.4683377406562146E-002
   3.9342338494313081E-002
   4.4001299582064002E-002
   4.8660260669814930E-002
   5.3319221757565857E-002
   5.7978182845316778E-002
   6.2637143933067699E-002
   6.7296105020818633E-002
   7.1955066108569568E-002
   7.6614027196320475E-002
   8.1272988284071410E-002
   8.5931949371822344E-002
   9.0590910459573265E-002
   9.5249871547324200E-002
   9.9908832635075107E-002
  0.10456779372282604     
  0.10922675481057696     
  0.11388571589832790     
  0.11854467698607882     
  0.12320363807382974     
  0.12786259916158066     
  0.13252156024933159     
  0.13718052133708253     
  0.14183948242483344     
  0.14649844351258440     
  0.15115740460033530     
  0.15581636568808624     
  0.16047532677583715     
  0.16513428786358808     
  0.16979324895133902     
  0.17445221003908992     
  0.17911117112684086     
  0.18377013221459179     
  0.18842909330234270     
  0.19308805439009363     
  0.19774701547784457     
  0.20240597656559550     
  0.20706493765334641     
  0.21172389874109732     
  0.21638285982884828     
  0.22104182091659919     
  0.22570078200435012     
  0.23035974309210105     
  0.23501870417985196     
  0.23967766526760290     
  0.24433662635535380     
  0.24899558744310477     
  0.25365454853085567     
   2.2252090074460183E-002
   2.6339208591895320E-002
   3.0426327109330461E-002
   3.4513445626765608E-002
   3.8600564144200739E-002
   4.2687682661635883E-002
   4.6774801179071027E-002
   5.0861919696506164E-002
   5.4949038213941308E-002
   5.9036156731376445E-002
   6.3123275248811589E-002
   6.7210393766246726E-002
   7.1297512283681863E-002
   7.5384630801117014E-002
   7.9471749318552151E-002
   8.3558867835987288E-002
   8.7645986353422425E-002
   9.1733104870857576E-002
   9.5820223388292700E-002
   9.9907341905727851E-002
  0.10399446042316299     
  0.10808157894059812     
  0.11216869745803326     
  0.11625581597546840     
  0.12034293449290355     
  0.12443005301033869     
  0.12851717152777384     
  0.13260429004520899     
  0.13669140856264411     
  0.14077852708007924     
  0.14486564559751441     
  0.14895276411494954     
  0.15303988263238466     
  0.15712700114981981     
  0.16121411966725496     
  0.16530123818469009     
  0.16938835670212524     
  0.17347547521956039     
  0.17756259373699551     
  0.18164971225443066     
  0.18573683077186579     
  0.18982394928930094     
  0.19391106780673609     
  0.19799818632417121     
  0.20208530484160636     
  0.20617242335904151     
  0.21025954187647664     
  0.21434666039391176     
  0.21843377891134694     
  0.22252089742878206     
   1.9115859389825404E-002
   2.2626935546150785E-002
   2.6138011702476163E-002
   2.9649087858801552E-002
   3.3160164015126926E-002
   3.6671240171452311E-002
   4.0182316327777690E-002
   4.3693392484103068E-002
   4.7204468640428453E-002
   5.0715544796753831E-002
   5.4226620953079216E-002
   5.7737697109404594E-002
   6.1248773265729979E-002
   6.4759849422055357E-002
   6.8270925578380742E-002
   7.1782001734706127E-002
   7.5293077891031499E-002
   7.8804154047356884E-002
   8.2315230203682255E-002
   8.5826306360007640E-002
   8.9337382516333011E-002
   9.2848458672658396E-002
   9.6359534828983781E-002
   9.9870610985309152E-002
  0.10338168714163455     
  0.10689276329795992     
  0.11040383945428532     
  0.11391491561061069     
  0.11742599176693606     
  0.12093706792326145     
  0.12444814407958683     
  0.12795922023591222     
  0.13147029639223759     
  0.13498137254856296     
  0.13849244870488836     
  0.14200352486121373     
  0.14551460101753910     
  0.14902567717386450     
  0.15253675333018987     
  0.15604782948651524     
  0.15955890564284064     
  0.16306998179916601     
  0.16658105795549141     
  0.17009213411181678     
  0.17360321026814218     
  0.17711428642446755     
  0.18062536258079293     
  0.18413643873711830     
  0.18764751489344370     
  0.19115859104976907     
   1.5959985866368657E-002
   1.8891411793288956E-002
   2.1822837720209258E-002
   2.4754263647129560E-002
   2.7685689574049856E-002
   3.0617115500970161E-002
   3.3548541427890460E-002
   3.6479967354810759E-002
   3.9411393281731058E-002
   4.2342819208651364E-002
   4.5274245135571663E-002
   4.8205671062491962E-002
   5.1137096989412267E-002
   5.4068522916332573E-002
   5.6999948843252865E-002
   5.9931374770173171E-002
   6.2862800697093463E-002
   6.5794226624013769E-002
   6.8725652550934060E-002
   7.1657078477854366E-002
   7.4588504404774672E-002
   7.7519930331694964E-002
   8.0451356258615270E-002
   8.3382782185535562E-002
   8.6314208112455881E-002
   8.9245634039376173E-002
   9.2177059966296479E-002
   9.5108485893216785E-002
   9.8039911820137077E-002
  0.10097133774705737     
  0.10390276367397769     
  0.10683418960089798     
  0.10976561552781827     
  0.11269704145473856     
  0.11562846738165888     
  0.11855989330857918     
  0.12149131923549947     
  0.12442274516241979     
  0.12735417108934008     
  0.13028559701626038     
  0.13321702294318066     
  0.13614844887010100     
  0.13907987479702127     
  0.14201130072394158     
  0.14494272665086189     
  0.14787415257778219     
  0.15080557850470247     
  0.15373700443162278     
  0.15666843035854308     
  0.15959985628546339     
   1.2787712377648464E-002
   1.5136475836695780E-002
   1.7485239295743100E-002
   1.9834002754790418E-002
   2.2182766213837732E-002
   2.4531529672885053E-002
   2.6880293131932371E-002
   2.9229056590979689E-002
   3.1577820050027003E-002
   3.3926583509074321E-002
   3.6275346968121645E-002
   3.8624110427168956E-002
   4.0972873886216274E-002
   4.3321637345263599E-002
   4.5670400804310909E-002
   4.8019164263358234E-002
   5.0367927722405545E-002
   5.2716691181452870E-002
   5.5065454640500180E-002
   5.7414218099547498E-002
   5.9762981558594816E-002
   6.2111745017642134E-002
   6.4460508476689451E-002
   6.6809271935736769E-002
   6.9158035394784087E-002
   7.1506798853831405E-002
   7.3855562312878736E-002
   7.6204325771926040E-002
   7.8553089230973358E-002
   8.0901852690020676E-002
   8.3250616149068007E-002
   8.5599379608115311E-002
   8.7948143067162629E-002
   9.0296906526209947E-002
   9.2645669985257265E-002
   9.4994433444304582E-002
   9.7343196903351900E-002
   9.9691960362399218E-002
  0.10204072382144654     
  0.10438948728049385     
  0.10673825073954117     
  0.10908701419858849     
  0.11143577765763581     
  0.11378454111668312     
  0.11613330457573044     
  0.11848206803477776     
  0.12083083149382508     
  0.12317959495287240     
  0.12552835841191973     
  0.12787712187096703     
   9.6022986492972136E-003
   1.1365986127109887E-002
   1.3129673604922558E-002
   1.4893361082735233E-002
   1.6657048560547904E-002
   1.8420736038360579E-002
   2.0184423516173250E-002
   2.1948110993985921E-002
   2.3711798471798592E-002
   2.5475485949611264E-002
   2.7239173427423938E-002
   2.9002860905236610E-002
   3.0766548383049284E-002
   3.2530235860861956E-002
   3.4293923338674627E-002
   3.6057610816487305E-002
   3.7821298294299970E-002
   3.9584985772112648E-002
   4.1348673249925319E-002
   4.3112360727737990E-002
   4.4876048205550662E-002
   4.6639735683363333E-002
   4.8403423161176004E-002
   5.0167110638988675E-002
   5.1930798116801354E-002
   5.3694485594614025E-002
   5.5458173072426703E-002
   5.7221860550239374E-002
   5.8985548028052039E-002
   6.0749235505864710E-002
   6.2512922983677388E-002
   6.4276610461490066E-002
   6.6040297939302731E-002
   6.7803985417115395E-002
   6.9567672894928073E-002
   7.1331360372740751E-002
   7.3095047850553416E-002
   7.4858735328366094E-002
   7.6622422806178772E-002
   7.8386110283991436E-002
   8.0149797761804101E-002
   8.1913485239616793E-002
   8.3677172717429457E-002
   8.5440860195242121E-002
   8.7204547673054800E-002
   8.8968235150867478E-002
   9.0731922628680142E-002
   9.2495610106492820E-002
   9.4259297584305499E-002
   9.6022985062118163E-002
   6.4070179094325320E-003
   7.5838170978034030E-003
   8.7606162861742758E-003
   9.9374154745451495E-003
   1.1114214662916020E-002
   1.2291013851286892E-002
   1.3467813039657764E-002
   1.4644612228028635E-002
   1.5821411416399509E-002
   1.6998210604770379E-002
   1.8175009793141253E-002
   1.9351808981512123E-002
   2.0528608169882997E-002
   2.1705407358253870E-002
   2.2882206546624741E-002
   2.4059005734995614E-002
   2.5235804923366485E-002
   2.6412604111737358E-002
   2.7589403300108228E-002
   2.8766202488479102E-002
   2.9943001676849972E-002
   3.1119800865220846E-002
   3.2296600053591716E-002
   3.3473399241962583E-002
   3.4650198430333463E-002
   3.5826997618704330E-002
   3.7003796807075211E-002
   3.8180595995446077E-002
   3.9357395183816951E-002
   4.0534194372187818E-002
   4.1710993560558698E-002
   4.2887792748929565E-002
   4.4064591937300439E-002
   4.5241391125671306E-002
   4.6418190314042186E-002
   4.7594989502413053E-002
   4.8771788690783927E-002
   4.9948587879154800E-002
   5.1125387067525674E-002
   5.2302186255896541E-002
   5.3478985444267414E-002
   5.4655784632638288E-002
   5.5832583821009162E-002
   5.7009383009380028E-002
   5.8186182197750909E-002
   5.9362981386121776E-002
   6.0539780574492649E-002
   6.1716579762863516E-002
   6.2893378951234397E-002
   6.4070178139605263E-002
   3.2051535251939279E-003
   3.7938551833396473E-003
   4.3825568414853668E-003
   4.9712584996310875E-003
   5.5599601577768065E-003
   6.1486618159225272E-003
   6.7373634740682461E-003
   7.3260651322139660E-003
   7.9147667903596858E-003
   8.5034684485054048E-003
   9.0921701066511255E-003
   9.6808717647968445E-003
   1.0269573422942565E-002
   1.0858275081088286E-002
   1.1446976739234003E-002
   1.2035678397379724E-002
   1.2624380055525443E-002
   1.3213081713671164E-002
   1.3801783371816883E-002
   1.4390485029962603E-002
   1.4979186688108321E-002
   1.5567888346254041E-002
   1.6156590004399760E-002
   1.6745291662545479E-002
   1.7333993320691202E-002
   1.7922694978836921E-002
   1.8511396636982643E-002
   1.9100098295128362E-002
   1.9688799953274081E-002
   2.0277501611419800E-002
   2.0866203269565519E-002
   2.1454904927711238E-002
   2.2043606585856957E-002
   2.2632308244002676E-002
   2.3221009902148398E-002
   2.3809711560294117E-002
   2.4398413218439836E-002
   2.4987114876585559E-002
   2.5575816534731278E-002
   2.6164518192876997E-002
   2.6753219851022716E-002
   2.7341921509168438E-002
   2.7930623167314157E-002
   2.8519324825459873E-002
   2.9108026483605595E-002
   2.9696728141751314E-002
   3.0285429799897033E-002
   3.0874131458042752E-002
   3.1462833116188478E-002
   3.2051534774334194E-002
  -4.3711390653212878E-009
  -5.1740013293323309E-009
  -5.9768635933433747E-009
  -6.7797258573544186E-009
  -7.5825881213654600E-009
  -8.3854503853765055E-009
  -9.1883126493875477E-009
  -9.9911749133985916E-009
  -1.0794037177409635E-008
  -1.1596899441420678E-008
  -1.2399761705431722E-008
  -1.3202623969442764E-008
  -1.4005486233453809E-008
  -1.4808348497464853E-008
  -1.5611210761475894E-008
  -1.6414073025486941E-008
  -1.7216935289497981E-008
  -1.8019797553509025E-008
  -1.8822659817520069E-008
  -1.9625522081531113E-008
  -2.0428384345542154E-008
  -2.1231246609553197E-008
  -2.2034108873564241E-008
  -2.2836971137575282E-008
  -2.3639833401586329E-008
  -2.4442695665597370E-008
  -2.5245557929608417E-008
  -2.6048420193619461E-008
  -2.6851282457630501E-008
  -2.7654144721641545E-008
  -2.8457006985652592E-008
  -2.9259869249663633E-008
  -3.0062731513674673E-008
  -3.0865593777685717E-008
  -3.1668456041696761E-008
  -3.2471318305707805E-008
  -3.3274180569718849E-008
  -3.4077042833729893E-008
  -3.4879905097740937E-008
  -3.5682767361751980E-008
  -3.6485629625763018E-008
  -3.7288491889774068E-008
  -3.8091354153785112E-008
  -3.8894216417796149E-008
  -3.9697078681807200E-008
  -4.0499940945818237E-008
  -4.1302803209829281E-008
  -4.2105665473840325E-008
  -4.2908527737851369E-008
  -4.3711390001862412E-008
