   0.0000000000000000     
   0.0000000000000000     
   0.0000000000000000     
   0.0000000000000000     
   0.0000000000000000     
   0.0000000000000000     
   0.0000000000000000     
   0.0000000000000000     
   0.0000000000000000     
   0.0000000000000000     
   1.7364818503752495E-002
   3.4729636719998375E-002
   5.2094454936244254E-002
   6.9459273152490134E-002
   8.6824091368736006E-002
  0.10418890958498191     
  0.12155372780122778     
  0.13891854601747367     
  0.15628336423371952     
  0.17364818244996541     
   3.4202015755000405E-002
   6.8404030943723312E-002
  0.10260604613244623     
  0.13680806132116916     
  0.17101007650989206     
  0.20521209169861501     
  0.23941410688733791     
  0.27361612207606084     
  0.30781813726478374     
  0.34202015245350664     
   5.0000002006897214E-002
  0.10000000318595210     
  0.15000000436500702     
  0.20000000554406192     
  0.25000000672311679     
  0.30000000790217174     
  0.35000000908122664     
  0.40000001026028154     
  0.45000001143933643     
  0.50000001261839133     
   6.4278763414698445E-002
  0.12855752576514332     
  0.19283628811558820     
  0.25711505046603311     
  0.32139381281647794     
  0.38567257516692288     
  0.44995133751736777     
  0.51423009986781265     
  0.57850886221825759     
  0.64278762456870242     
   7.6604447014345198E-002
  0.15320889276036240     
  0.22981333850637958     
  0.30641778425239680     
  0.38302222999841395     
  0.45962667574443122     
  0.53623112149044849     
  0.61283556723646559     
  0.68944001298248281     
  0.76604445872850002     
   8.6602543125968601E-002
  0.17320508481807226     
  0.25980762651017592     
  0.34641016820227966     
  0.43301270989438323     
  0.51961525158648703     
  0.60621779327859071     
  0.69282033497069428     
  0.77942287666279797     
  0.86602541835490165     
   9.3969264641633382E-002
  0.18793852772743214     
  0.28190779081323092     
  0.37587705389902976     
  0.46984631698482843     
  0.56381558007062738     
  0.65778484315642605     
  0.75175410624222483     
  0.84572336932802361     
  0.93969263241382239     
   9.8480777443401155E-002
  0.19696155325627129     
  0.29544232906914142     
  0.39392310488201160     
  0.49240388069488167     
  0.59088465650775190     
  0.68936543232062197     
  0.78784620813349215     
  0.88632698394636222     
  0.98480775975923240     
  0.10000000149011602     
  0.20000000132454746     
  0.30000000115897890     
  0.40000000099341038     
  0.50000000082784168     
  0.60000000066227333     
  0.70000000049670474     
  0.80000000033113616     
  0.90000000016556758     
  0.99999999999999900     
