 -0.903489769    
 -0.898276865    
 -0.886904120    
 -0.871741354    
 -0.854215980    
 -0.835246801    
 -0.815459251    
 -0.795295835    
 -0.775083661    
 -0.755071759    
 -0.735454261    
 -0.716388106    
 -0.698001683    
 -0.680402279    
 -0.663681567    
 -0.647919178    
 -0.633185327    
 -0.619542360    
 -0.607046485    
 -0.595749557    
 -0.585699677    
 -0.576941907    
 -0.569518268    
 -0.563468993    
 -0.558832526    
 -0.555645764    
 -0.553944528    
 -0.553763986    
 -0.555138230    
 -0.558100641    
 -0.562684000    
 -0.568921030    
 -0.576844156    
 -0.586485207    
 -0.597875893    
 -0.611047626    
 -0.626031756    
 -0.642859519    
 -0.661562383    
 -0.682171226    
 -0.704717696    
 -0.729232788    
 -0.755747974    
 -0.784294724    
 -0.814904392    
 -0.847608447    
 -0.882438362    
 -0.919425964    
 -0.958602607    
  -1.00000000    
 -0.903648555    
 -0.898435712    
 -0.887062788    
 -0.871898830    
 -0.854370654    
 -0.835396707    
 -0.815602064    
 -0.795428753    
 -0.775204003    
 -0.755176425    
 -0.735540211    
 -0.716451883    
 -0.698040009    
 -0.680411279    
 -0.663657665    
 -0.647858500    
 -0.633083999    
 -0.619396150    
 -0.606851161    
 -0.595500708    
 -0.585392892    
 -0.576572418    
 -0.569081426    
 -0.562959731    
 -0.558245778    
 -0.554976463    
 -0.553187132    
 -0.552913129    
 -0.554188132    
 -0.557045579    
 -0.561517954    
 -0.567637801    
 -0.575437486    
 -0.584948838    
 -0.596203327    
 -0.609231770    
 -0.624065697    
 -0.640736520    
 -0.659275055    
 -0.679712176    
 -0.702079177    
 -0.726407230    
 -0.752727211    
 -0.781070828    
 -0.811469138    
 -0.843953490    
 -0.878555298    
 -0.915306091    
 -0.954236627    
 -0.995379090    
 -0.904124796    
 -0.898912311    
 -0.887538791    
 -0.872371495    
 -0.854835033    
 -0.835846841    
 -0.816030800    
 -0.795828223    
 -0.775565803    
 -0.755491555    
 -0.735799193    
 -0.716644764    
 -0.698156238    
 -0.680440247    
 -0.663588226    
 -0.647679150    
 -0.632782817    
 -0.618960559    
 -0.606268764    
 -0.594758391    
 -0.584477127    
 -0.575469255    
 -0.567776561    
 -0.561438441    
 -0.556492865    
 -0.552976191    
 -0.550923645    
 -0.550369680    
 -0.551348090    
 -0.553891480    
 -0.558031976    
 -0.563801646    
 -0.571232378    
 -0.580355465    
 -0.591201901    
 -0.603802204    
 -0.618187129    
 -0.634387612    
 -0.652434409    
 -0.672357857    
 -0.694188297    
 -0.717956781    
 -0.743693352    
 -0.771429837    
 -0.801196098    
 -0.833023310    
 -0.866942346    
 -0.902984202    
 -0.941179395    
 -0.981559157    
 -0.904918671    
 -0.899706900    
 -0.888332605    
 -0.873159707    
 -0.855609834    
 -0.836598039    
 -0.816746771    
 -0.796496212    
 -0.776171446    
 -0.756019950    
 -0.736234546    
 -0.716970682    
 -0.698355556    
 -0.680494905    
 -0.663479984    
 -0.647388816    
 -0.632290483    
 -0.618245840    
 -0.605310559    
 -0.593535185    
 -0.582966506    
 -0.573648095    
 -0.565621197    
 -0.558924437    
 -0.553595126    
 -0.549668729    
 -0.547179759    
 -0.546162367    
 -0.546648979    
 -0.548671901    
 -0.552262545    
 -0.557451963    
 -0.564271033    
 -0.572750747    
 -0.582921088    
 -0.594811678    
 -0.608453155    
 -0.623874485    
 -0.641106486    
 -0.660178661    
 -0.681120336    
 -0.703961372    
 -0.728731751    
 -0.755461514    
 -0.784180522    
 -0.814918995    
 -0.847706914    
 -0.882574260    
 -0.919551313    
 -0.958667874    
 -0.906029880    
 -0.900819361    
 -0.889444411    
 -0.874264240    
 -0.856695950    
 -0.837652028    
 -0.817752421    
 -0.797435343    
 -0.777024627    
 -0.756766200    
 -0.736851871    
 -0.717436314    
 -0.698645651    
 -0.680584610    
 -0.663343608    
 -0.646999776    
 -0.631621182    
 -0.617268145    
 -0.603995085    
 -0.591851771    
 -0.580884159    
 -0.571134865    
 -0.562644064    
 -0.555449605    
 -0.549587309    
 -0.545092344    
 -0.541997910    
 -0.540337086    
 -0.540141165    
 -0.541441619    
 -0.544268966    
 -0.548652947    
 -0.554623485    
 -0.562210381    
 -0.571442366    
 -0.582348645    
 -0.594957352    
 -0.609298170    
 -0.625399768    
 -0.643290401    
 -0.662998676    
 -0.684553146    
 -0.707983077    
 -0.733317018    
 -0.760583282    
 -0.789810777    
 -0.821028948    
 -0.854266703    
 -0.889552891    
 -0.926916778    
 -0.907458484    
 -0.902249694    
 -0.890874684    
 -0.875685871    
 -0.858095050    
 -0.839011014    
 -0.819050670    
 -0.798649907    
 -0.778130531    
 -0.757736564    
 -0.737659216    
 -0.718051136    
 -0.699037850    
 -0.680722475    
 -0.663194299    
 -0.646529675    
 -0.630795181    
 -0.616050184    
 -0.602347732    
 -0.589737058    
 -0.578262269    
 -0.567965388    
 -0.558884919    
 -0.551057756    
 -0.544518292    
 -0.539300680    
 -0.535436571    
 -0.532957852    
 -0.531894803    
 -0.532277107    
 -0.534134150    
 -0.537494719    
 -0.542386949    
 -0.548839092    
 -0.556878924    
 -0.566533923    
 -0.577831089    
 -0.590798616    
 -0.605463684    
 -0.621853590    
 -0.639995098    
 -0.659915209    
 -0.681641757    
 -0.705201864    
 -0.730622709    
 -0.757931411    
 -0.787155926    
 -0.818323553    
 -0.851462245    
 -0.886599302    
 -0.909204483    
 -0.903998315    
 -0.892624021    
 -0.877425790    
 -0.859809160    
 -0.840678096    
 -0.820645690    
 -0.800144970    
 -0.779495537    
 -0.758939743    
 -0.738666594    
 -0.718827307    
 -0.699546278    
 -0.680925012    
 -0.663051546    
 -0.646000504    
 -0.629837513    
 -0.614620566    
 -0.600401342    
 -0.587227523    
 -0.575142026    
 -0.564185321    
 -0.554394424    
 -0.545804858    
 -0.538449824    
 -0.532361150    
 -0.527570069    
 -0.524106085    
 -0.521998346    
 -0.521275103    
 -0.521963537    
 -0.524091065    
 -0.527684391    
 -0.532770157    
 -0.539373994    
 -0.547522247    
 -0.557240546    
 -0.568554699    
 -0.581490159    
 -0.596072435    
 -0.612327039    
 -0.630279541    
 -0.649955273    
 -0.671379864    
 -0.694578767    
 -0.719577670    
 -0.746402085    
 -0.775078237    
 -0.805631816    
 -0.838088095    
 -0.911267579    
 -0.906065047    
 -0.894693077    
 -0.879485309    
 -0.861840606    
 -0.842656612    
 -0.822542131    
 -0.801927090    
 -0.781128109    
 -0.760385394    
 -0.739885867    
 -0.719779432    
 -0.700188160    
 -0.681212246    
 -0.662938118    
 -0.645438790    
 -0.628778756    
 -0.613013983    
 -0.598194718    
 -0.584366977    
 -0.571572304    
 -0.559849322    
 -0.549233496    
 -0.539758503    
 -0.531456113    
 -0.524356425    
 -0.518488526    
 -0.513880551    
 -0.510559738    
 -0.508552313    
 -0.507883966    
 -0.508579910    
 -0.510665178    
 -0.514164507    
 -0.519101679    
 -0.525501132    
 -0.533385873    
 -0.542780399    
 -0.553708196    
 -0.566192627    
 -0.580257237    
 -0.595926046    
 -0.613221943    
 -0.632168591    
 -0.652789593    
 -0.675107539    
 -0.699147046    
 -0.724931657    
 -0.752485275    
 -0.781831443    
 -0.913647532    
 -0.908449888    
 -0.897082269    
 -0.881866157    
 -0.864192069    
 -0.844950616    
 -0.824745595    
 -0.804003179    
 -0.783037245    
 -0.762085140    
 -0.741331577    
 -0.720924139    
 -0.700983047    
 -0.681607187    
 -0.662881076    
 -0.644875884    
 -0.627654433    
 -0.611270666    
 -0.595773399    
 -0.581206679    
 -0.567610264    
 -0.555021048    
 -0.543472886    
 -0.532996893    
 -0.523623824    
 -0.515380919    
 -0.508296013    
 -0.502395034    
 -0.497702956    
 -0.494244277    
 -0.492042392    
 -0.491120458    
 -0.491501987    
 -0.493208408    
 -0.496262193    
 -0.500685513    
 -0.506499290    
 -0.513725221    
 -0.522385120    
 -0.532500088    
 -0.544091403    
 -0.557180107    
 -0.571787417    
 -0.587934911    
 -0.605643749    
 -0.624934554    
 -0.645829082    
 -0.668348610    
 -0.692514718    
 -0.718349338    
 -0.916344047    
 -0.911153078    
 -0.899792254    
 -0.884569883    
 -0.866866410    
 -0.847564578    
 -0.827262282    
 -0.806381881    
 -0.785233736    
 -0.764051855    
 -0.743019104    
 -0.722280204    
 -0.701953828    
 -0.682136834    
 -0.662911117    
 -0.644346714    
 -0.626504540    
 -0.609436274    
 -0.593188941    
 -0.577804327    
 -0.563320696    
 -0.549772918    
 -0.537192523    
 -0.525608957    
 -0.515050411    
 -0.505542278    
 -0.497110307    
 -0.489778370    
 -0.483568817    
 -0.478503942    
 -0.474605083    
 -0.471893460    
 -0.470389336    
 -0.470112383    
 -0.471082628    
 -0.473319620    
 -0.476842046    
 -0.481669515    
 -0.487821132    
 -0.495315373    
 -0.504171073    
 -0.514406919    
 -0.526041806    
 -0.539094210    
 -0.553582966    
 -0.569526851    
 -0.586944282    
 -0.605854332    
 -0.626276135    
 -0.648228407    
 -0.919356942    
 -0.914174736    
 -0.902823746    
 -0.887598455    
 -0.869866908    
 -0.850503147    
 -0.830099225    
 -0.809072077    
 -0.787728846    
 -0.766300201    
 -0.744966149    
 -0.723869145    
 -0.703125238    
 -0.682829916    
 -0.663062155    
 -0.643890619    
 -0.625373542    
 -0.607561111    
 -0.590497971    
 -0.574224055    
 -0.558775485    
 -0.544184864    
 -0.530481398    
 -0.517692685    
 -0.505844355    
 -0.494959891    
 -0.485062271    
 -0.476173192    
 -0.468312770    
 -0.461501002    
 -0.455756277    
 -0.451097488    
 -0.447542667    
 -0.445108771    
 -0.443813175    
 -0.443672955    
 -0.444704562    
 -0.446924448    
 -0.450349003    
 -0.454994321    
 -0.460876584    
 -0.468011439    
 -0.476415396    
 -0.486104280    
 -0.497094035    
 -0.509400666    
 -0.523040116    
 -0.538028598    
 -0.554382026    
 -0.572116613    
 -0.922685444    
 -0.917514205    
 -0.906177998    
 -0.890954018    
 -0.873197377    
 -0.853772283    
 -0.833263755    
 -0.812083781    
 -0.790535569    
 -0.768845677    
 -0.747191966    
 -0.725713551    
 -0.704524517    
 -0.683718085    
 -0.663371027    
 -0.643549681    
 -0.624309957    
 -0.605700254    
 -0.587762952    
 -0.570535958    
 -0.554052651    
 -0.538343608    
 -0.523435891    
 -0.509354711    
 -0.496123165    
 -0.483762503    
 -0.472293377    
 -0.461734474    
 -0.452103883    
 -0.443418562    
 -0.435694933    
 -0.428948909    
 -0.423195809    
 -0.418449938    
 -0.414726049    
 -0.412038147    
 -0.410400331    
 -0.409826040    
 -0.410328865    
 -0.411922187    
 -0.414619088    
 -0.418432444    
 -0.423375905    
 -0.429462254    
 -0.436704934    
 -0.445116729    
 -0.454710931    
 -0.465500295    
 -0.477498114    
 -0.490717441    
 -0.926328957    
 -0.921171546    
 -0.909855604    
 -0.894638777    
 -0.876861274    
 -0.857377350    
 -0.836764097    
 -0.815428019    
 -0.793667257    
 -0.771705568    
 -0.749716938    
 -0.727838278    
 -0.706181049    
 -0.684835792    
 -0.663877308    
 -0.643369198    
 -0.623365819    
 -0.603913069    
 -0.585050762    
 -0.566814601    
 -0.549235821    
 -0.532342434    
 -0.516159475    
 -0.500709355    
 -0.486012965    
 -0.472089112    
 -0.458955616    
 -0.446628332    
 -0.435123235    
 -0.424454421    
 -0.414635539    
 -0.405679733    
 -0.397599667    
 -0.390406787    
 -0.384112716    
 -0.378728896    
 -0.374266297    
 -0.370735466    
 -0.368147373    
 -0.366511881    
 -0.365839422    
 -0.366140068    
 -0.367423922    
 -0.369701177    
 -0.372981459    
 -0.377275348    
 -0.382592469    
 -0.388942868    
 -0.396336496    
 -0.404783368    
 -0.930286705    
 -0.925146401    
 -0.913856983    
 -0.898654521    
 -0.880862415    
 -0.861324191    
 -0.840608895    
 -0.819115698    
 -0.797138751    
 -0.774897873    
 -0.752563238    
 -0.730269790    
 -0.708125770    
 -0.686219573    
 -0.664623201    
 -0.643397987    
 -0.622596383    
 -0.602261782    
 -0.582431674    
 -0.563139319    
 -0.544413924    
 -0.526280403    
 -0.508761823    
 -0.491878092    
 -0.475647360    
 -0.460086107    
 -0.445209414    
 -0.431030482    
 -0.417562574    
 -0.404816926    
 -0.392804235    
 -0.381535113    
 -0.371019095    
 -0.361264795    
 -0.352280885    
 -0.344076037    
 -0.336657763    
 -0.330033779    
 -0.324212134    
 -0.319199532    
 -0.315003335    
 -0.311630428    
 -0.309087783    
 -0.307382196    
 -0.306520522    
 -0.306509703    
 -0.307356328    
 -0.309067100    
 -0.311648756    
 -0.315108091    
 -0.934557736    
 -0.929438293    
 -0.918182850    
 -0.903003395    
 -0.885205150    
 -0.865619600    
 -0.844806373    
 -0.823158681    
 -0.800964832    
 -0.778441191    
 -0.755754054    
 -0.733035564    
 -0.710391462    
 -0.687907219    
 -0.665652812    
 -0.643686891    
 -0.622059643    
 -0.600812376    
 -0.579980016    
 -0.559593558    
 -0.539679706    
 -0.520261109    
 -0.501357913    
 -0.482987970    
 -0.465166599    
 -0.447907507    
 -0.431223422    
 -0.415125042    
 -0.399622321    
 -0.384723723    
 -0.370437413    
 -0.356770903    
 -0.343730837    
 -0.331322640    
 -0.319552243    
 -0.308425128    
 -0.297945917    
 -0.288119316    
 -0.278949767    
 -0.270440996    
 -0.262597024    
 -0.255421877    
 -0.248919144    
 -0.243092418    
 -0.237945139    
 -0.233480707    
 -0.229702652    
 -0.226614460    
 -0.224219397    
 -0.222520858    
 -0.939140677    
 -0.934046209    
 -0.922833681    
 -0.907687545    
 -0.889893472    
 -0.870269656    
 -0.849366128    
 -0.827568948    
 -0.805161297    
 -0.782355249    
 -0.759313226    
 -0.736164570    
 -0.713012040    
 -0.689938903    
 -0.667012215    
 -0.644288480    
 -0.621816099    
 -0.599633396    
 -0.577773273    
 -0.556263983    
 -0.535130143    
 -0.514392018    
 -0.494067132    
 -0.474170566    
 -0.454715431    
 -0.435712755    
 -0.417172372    
 -0.399102509    
 -0.381509900    
 -0.364400774    
 -0.347779930    
 -0.331652343    
 -0.316021115    
 -0.300889254    
 -0.286259651    
 -0.272134364    
 -0.258515149    
 -0.245403349    
 -0.232800171    
 -0.220706344    
 -0.209122583    
 -0.198049635    
 -0.187487766    
 -0.177437320    
 -0.167898327    
 -0.158870846    
 -0.150354967    
 -0.142350733    
 -0.134858146    
 -0.127877146    
 -0.944034159    
 -0.938969374    
 -0.927809656    
 -0.912708640    
 -0.894931257    
 -0.875280797    
 -0.854297221    
 -0.832359374    
 -0.809744298    
 -0.786660016    
 -0.763265073    
 -0.739686072    
 -0.716022551    
 -0.692355216    
 -0.668748558    
 -0.645257771    
 -0.621927857    
 -0.598795116    
 -0.575890422    
 -0.553239763    
 -0.530865014    
 -0.508783817    
 -0.487011909    
 -0.465561450    
 -0.444442898    
 -0.423665017    
 -0.403234810    
 -0.383157998    
 -0.363438278    
 -0.344079137    
 -0.325082749    
 -0.306450725    
 -0.288183570    
 -0.270281285    
 -0.252743661    
 -0.235569656    
 -0.218757883    
 -0.202306628    
 -0.186213836    
 -0.170477048    
 -0.155093685    
 -0.140061140    
 -0.125376418    
 -0.111036479    
  -9.70381051E-02
  -8.33779201E-02
  -7.00525939E-02
  -5.70587665E-02
  -4.43929061E-02
  -3.20515111E-02
 -0.949235916    
 -0.944206595    
 -0.933110476    
 -0.918068588    
 -0.900322676    
 -0.880659938    
 -0.859609723    
 -0.837542772    
 -0.814730585    
 -0.791376173    
 -0.767635107    
 -0.743630230    
 -0.719458401    
 -0.695197940    
 -0.670910835    
 -0.646650195    
 -0.622458339    
 -0.598369956    
 -0.574413002    
 -0.550611615    
 -0.526985288    
 -0.503549516    
 -0.480317086    
 -0.457298249    
 -0.434500843    
 -0.411930948    
 -0.389593124    
 -0.367490292    
 -0.345623761    
 -0.323994219    
 -0.302600652    
 -0.281442165    
 -0.260516226    
 -0.239819944    
 -0.219350100    
 -0.199102581    
 -0.179072961    
 -0.159256354    
 -0.139647558    
 -0.120240889    
 -0.101030692    
  -8.20109174E-02
  -6.31753206E-02
  -4.45175394E-02
  -2.60309596E-02
  -7.70891458E-03
   1.04553606E-02
   2.84686945E-02
   4.63380031E-02
   6.40702248E-02
 -0.954744220    
 -0.949756503    
 -0.938736260    
 -0.923769176    
 -0.906071544    
 -0.886413336    
 -0.865312696    
 -0.843132257    
 -0.820136905    
 -0.796525121    
 -0.772448838    
 -0.748028100    
 -0.723356664    
 -0.698509634    
 -0.673548102    
 -0.648522079    
 -0.623472214    
 -0.598430574    
 -0.573423088    
 -0.548471868    
 -0.523594081    
 -0.498802811    
 -0.474108905    
 -0.449520111    
 -0.425042182    
 -0.400678635    
 -0.376431167    
 -0.352300316    
 -0.328284740    
 -0.304382563    
 -0.280590445    
 -0.256904095    
 -0.233318642    
 -0.209828123    
 -0.186426371    
 -0.163106471    
 -0.139860749    
 -0.116681419    
  -9.35600251E-02
  -7.04880133E-02
  -4.74564023E-02
  -2.44559329E-02
  -1.47714082E-03
   2.14896630E-02
   4.44543548E-02
   6.74269572E-02
   9.04175639E-02
  0.113436379    
  0.136493668    
  0.159599841    
 -0.960556388    
 -0.955616891    
 -0.944686651    
 -0.929811716    
 -0.912181318    
 -0.892547548    
 -0.871415555    
 -0.849140167    
 -0.825979590    
 -0.802127659    
 -0.777732193    
 -0.752910316    
 -0.727753460    
 -0.702333570    
 -0.676710188    
 -0.650931180    
 -0.625034630    
 -0.599050581    
 -0.573003590    
 -0.546913147    
 -0.520794451    
 -0.494658560    
 -0.468514442    
 -0.442367375    
 -0.416220814    
 -0.390075952    
 -0.363932401    
 -0.337787867    
 -0.311639071    
 -0.285481215    
 -0.259308398    
 -0.233113885    
 -0.206889898    
 -0.180627972    
 -0.154319108    
 -0.127953321    
 -0.101520151    
  -7.50088319E-02
  -4.84080575E-02
  -2.17061173E-02
   5.10903820E-03
   3.20497677E-02
   5.91287129E-02
   8.63587111E-02
  0.113752864    
  0.141324461    
  0.169086903    
  0.197053596    
  0.225238293    
  0.253654569    
 -0.966669738    
 -0.961785376    
 -0.950960517    
 -0.936197460    
 -0.918655992    
 -0.899068832    
 -0.877928078    
 -0.855580091    
 -0.832275927    
 -0.808205009    
 -0.783510923    
 -0.758308172    
 -0.732685506    
 -0.706712782    
 -0.680446863    
 -0.653933883    
 -0.627210081    
 -0.600303590    
 -0.573236704    
 -0.546027601    
 -0.518689156    
 -0.491231143    
 -0.463659823    
 -0.435978621    
 -0.408189088    
 -0.380290151    
 -0.352279156    
 -0.324151993    
 -0.295902789    
 -0.267524332    
 -0.239008307    
 -0.210345611    
 -0.181525946    
 -0.152538240    
 -0.123370640    
  -9.40106362E-02
  -6.44451156E-02
  -3.46603617E-02
  -4.64226166E-03
   2.56237853E-02
   5.61527498E-02
   8.69600102E-02
  0.118061282    
  0.149472341    
  0.181209534    
  0.213289052    
  0.245727643    
  0.278541982    
  0.311748922    
  0.345365226    
 -0.973080873    
 -0.968259513    
 -0.957556844    
 -0.942927361    
 -0.925498366    
 -0.905983090    
 -0.884859502    
 -0.862464130    
 -0.839041948    
 -0.814777315    
 -0.789810658    
 -0.764252603    
 -0.738189518    
 -0.711689651    
 -0.684807420    
 -0.657586753    
 -0.630062938    
 -0.602261782    
 -0.574204087    
 -0.545906544    
 -0.517380059    
 -0.488632888    
 -0.459669173    
 -0.430490822    
 -0.401097208    
 -0.371485472    
 -0.341651231    
 -0.311588138    
 -0.281288058    
 -0.250741929    
 -0.219939157    
 -0.188868269    
 -0.157516494    
 -0.125870600    
  -9.39161256E-02
  -6.16381541E-02
  -2.90209278E-02
   3.95180099E-03
   3.72968800E-02
   7.10316151E-02
  0.105173722    
  0.139741361    
  0.174753249    
  0.210227937    
  0.246184811    
  0.282642990    
  0.319622099    
  0.357141942    
  0.395222634    
  0.433883846    
 -0.979785979    
 -0.975036204    
 -0.964474261    
 -0.950001717    
 -0.932711542    
 -0.913296044    
 -0.892218173    
 -0.869804740    
 -0.846294224    
 -0.821865916    
 -0.796656430    
 -0.770773709    
 -0.744301260    
 -0.717305541    
 -0.689839959    
 -0.661945641    
 -0.633656383    
 -0.604996800    
 -0.575986445    
 -0.546639800    
 -0.516967118    
 -0.486974269    
 -0.456664443    
 -0.426037967    
 -0.395092219    
 -0.363823026    
 -0.332223892    
 -0.300286770    
 -0.268002063    
 -0.235358387    
 -0.202343255    
 -0.168943137    
 -0.135143220    
 -0.100927964    
  -6.62808344E-02
  -3.11845616E-02
   4.37892321E-03
   4.04282883E-02
   7.69828558E-02
  0.114062391    
  0.151687190    
  0.189878151    
  0.228656307    
  0.268043280    
  0.308060825    
  0.348731160    
  0.390076935    
  0.432120591    
  0.474884957    
  0.518392801    
 -0.986780286    
 -0.982112050    
 -0.971710503    
 -0.957420290    
 -0.940298140    
 -0.921012700    
 -0.900012672    
 -0.877613783    
 -0.854048371    
 -0.829490483    
 -0.804072797    
 -0.777900994    
 -0.751055956    
 -0.723602474    
 -0.695592225    
 -0.667064846    
 -0.638052225    
 -0.608578563    
 -0.578661680    
 -0.548314750    
 -0.517546892    
 -0.486362815    
 -0.454764217    
 -0.422750235    
 -0.390316755    
 -0.357458234    
 -0.324166715    
 -0.290432572    
 -0.256244659    
 -0.221589923    
 -0.186454177    
 -0.150822073    
 -0.114677116    
  -7.80016780E-02
  -4.07773145E-02
  -2.98477057E-03
   3.53961028E-02
   7.43861571E-02
  0.114006884    
  0.154280290    
  0.195229173    
  0.236876458    
  0.279245973    
  0.322361559    
  0.366247475    
  0.410928547    
  0.456430256    
  0.502777517    
  0.549995780    
  0.598110497    
 -0.994059086    
 -0.989482701    
 -0.979262888    
 -0.965182781    
 -0.948259950    
 -0.929138124    
 -0.908250690    
 -0.885902822    
 -0.862319529    
 -0.837670028    
 -0.812083721    
 -0.785663545    
 -0.758487761    
 -0.730620146    
 -0.702110529    
 -0.672997355    
 -0.643310666    
 -0.613074601    
 -0.582305789    
 -0.551016152    
 -0.519213617    
 -0.486902326    
 -0.454082847    
 -0.420752972    
 -0.386907995    
 -0.352540761    
 -0.317642391    
 -0.282202035    
 -0.246206969    
 -0.209643260    
 -0.172494978    
 -0.134745345    
  -9.63763520E-02
  -5.73688671E-02
  -1.77027509E-02
   2.26430390E-02
   6.36903867E-02
  0.105462044    
  0.147981405    
  0.191272572    
  0.235360250    
  0.280269384    
  0.326025963    
  0.372656345    
  0.420186698    
  0.468644261    
  0.518056870    
  0.568451881    
  0.619857252    
  0.672300816    
  -1.00161672    
 -0.997143030    
 -0.987128377    
 -0.973288119    
 -0.956598520    
 -0.937676430    
 -0.916939676    
 -0.894682288    
 -0.871122062    
 -0.846423268    
 -0.820712328    
 -0.794088900    
 -0.766629398    
 -0.738396943    
 -0.709439218    
 -0.679793715    
 -0.649489522    
 -0.618550181    
 -0.586991429    
 -0.554824591    
 -0.522057176    
 -0.488691777    
 -0.454729140    
 -0.420165867    
 -0.384996414    
 -0.349212587    
 -0.312805295    
 -0.275762409    
 -0.238070294    
 -0.199713781    
 -0.160676211    
 -0.120939463    
  -8.04843232E-02
  -3.92905250E-02
   2.66346149E-03
   4.54000942E-02
   8.89427066E-02
  0.133315563    
  0.178543746    
  0.224652916    
  0.271669567    
  0.319620430    
  0.368533343    
  0.418436527    
  0.469358146    
  0.521327436    
  0.574374259    
  0.628528476    
  0.683819592    
  0.740278065    
  -1.00944686    
  -1.00508785    
 -0.995303392    
 -0.981735051    
 -0.965314567    
 -0.946631432    
 -0.926086426    
 -0.903962195    
 -0.880469441    
 -0.855767548    
 -0.829979956    
 -0.803203285    
 -0.775512576    
 -0.746969521    
 -0.717620552    
 -0.687502086    
 -0.656643569    
 -0.625067234    
 -0.592788339    
 -0.559817970    
 -0.526163042    
 -0.491825759    
 -0.456806660    
 -0.421101809    
 -0.384705007    
 -0.347608030    
 -0.309800893    
 -0.271271020    
 -0.232004210    
 -0.191984519    
 -0.151194677    
 -0.109615743    
  -6.72276989E-02
  -2.40093265E-02
   2.00618394E-02
   6.50092810E-02
  0.110857472    
  0.157631889    
  0.205358773    
  0.254065096    
  0.303778648    
  0.354527742    
  0.406341821    
  0.459250569    
  0.513283610    
  0.568472445    
  0.624848068    
  0.682442367    
  0.741286993    
  0.801413774    
  -1.01754284    
  -1.01331103    
  -1.00378323    
 -0.990521312    
 -0.974408686    
 -0.956006169    
 -0.935696542    
 -0.913751841    
 -0.890374660    
 -0.865720093    
 -0.839907348    
 -0.813032031    
 -0.785166919    
 -0.756372452    
 -0.726694763    
 -0.696169138    
 -0.664825141    
 -0.632684231    
 -0.599761844    
 -0.566068530    
 -0.531611443    
 -0.496392667    
 -0.460412204    
 -0.423666507    
 -0.386149347    
 -0.347852021    
 -0.308764428    
 -0.268873930    
 -0.228166163    
 -0.186624736    
 -0.144232005    
 -0.100968793    
  -5.68146482E-02
  -1.17477234E-02
   3.42549607E-02
   8.12175348E-02
  0.129165173    
  0.178124145    
  0.228121519    
  0.279185086    
  0.331343800    
  0.384627342    
  0.439065874    
  0.494690359    
  0.551531792    
  0.609623015    
  0.668996632    
  0.729685366    
  0.791723073    
  0.855142772    
  -1.02589703    
  -1.02180588    
  -1.01256323    
 -0.999643803    
 -0.983880162    
 -0.965802848    
 -0.945775688    
 -0.924059391    
 -0.900849223    
 -0.876295209    
 -0.850513995    
 -0.823598325    
 -0.795620143    
 -0.766638815    
 -0.736699760    
 -0.705837965    
 -0.674083233    
 -0.641456544    
 -0.607973278    
 -0.573644638    
 -0.538477421    
 -0.502474546    
 -0.465635836    
 -0.427958101    
 -0.389435381    
 -0.350059420    
 -0.309820026    
 -0.268704951    
 -0.226699740    
 -0.183788434    
 -0.139953211    
  -9.51750949E-02
  -4.94334288E-02
  -2.70639407E-03
   4.50291783E-02
   9.37976092E-02
  0.143624455    
  0.194536209    
  0.246560365    
  0.299725413    
  0.354060650    
  0.409596652    
  0.466364413    
  0.524395585    
  0.583721817    
  0.644377589    
  0.706395745    
  0.769810438    
  0.834656477    
  0.900968909    
  -1.03450024    
  -1.03056490    
  -1.02163732    
  -1.00909901    
 -0.993727982    
 -0.976022720    
 -0.956327677    
 -0.934891880    
 -0.911903143    
 -0.887507319    
 -0.861817241    
 -0.834923565    
 -0.806898355    
 -0.777798831    
 -0.747670233    
 -0.716548383    
 -0.684462726    
 -0.651434362    
 -0.617479086    
 -0.582608640    
 -0.546830118    
 -0.510146916    
 -0.472559869    
 -0.434066027    
 -0.394660205    
 -0.354334861    
 -0.313080311    
 -0.270884693    
 -0.227734312    
 -0.183613732    
 -0.138505667    
  -9.23915282E-02
  -4.52511050E-02
   2.93709571E-03
   5.21959700E-02
  0.102549642    
  0.154023468    
  0.206643969    
  0.260438442    
  0.315435648    
  0.371664941    
  0.429157019    
  0.487943113    
  0.548055351    
  0.609526455    
  0.672390580    
  0.736681759    
  0.802434683    
  0.869684756    
  0.938468397    
  -1.04334307    
  -1.03957939    
  -1.03099942    
  -1.01888287    
  -1.00395072    
 -0.986666739    
 -0.967355907    
 -0.946255386    
 -0.923545718    
 -0.899368227    
 -0.873832643    
 -0.847027898    
 -0.819025040    
 -0.789879918    
 -0.759638667    
 -0.728337407    
 -0.696005404    
 -0.662664473    
 -0.628331065    
 -0.593017697    
 -0.556731939    
 -0.519478261    
 -0.481258392    
 -0.442070663    
 -0.401910543    
 -0.360771507    
 -0.318645090    
 -0.275520146    
 -0.231384024    
 -0.186222211    
 -0.140018508    
  -9.27550867E-02
  -4.44126725E-02
   5.02945576E-03
   5.55934608E-02
  0.107302777    
  0.160182133    
  0.214257404    
  0.269555569    
  0.326104850    
  0.383934408    
  0.443074584    
  0.503556311    
  0.565411747    
  0.628674328    
  0.693377495    
  0.759555697    
  0.827244043    
  0.896478117    
  0.967294872    
  -1.05241537    
  -1.04884028    
  -1.04064226    
  -1.02899075    
  -1.01454544    
 -0.997734606    
 -0.978862643    
 -0.958155155    
 -0.935785234    
 -0.911889374    
 -0.886574864    
 -0.859928846    
 -0.832020819    
 -0.802907348    
 -0.772634447    
 -0.741238177    
 -0.708749056    
 -0.675188959    
 -0.640575767    
 -0.604922771    
 -0.568238616    
 -0.530529439    
 -0.491797715    
 -0.452043355    
 -0.411263049    
 -0.369451612    
 -0.326601923    
 -0.282704145    
 -0.237747148    
 -0.191718057    
 -0.144601718    
  -9.63817909E-02
  -4.70402092E-02
   3.44237755E-03
   5.50869256E-02
  0.107915685    
  0.161952332    
  0.217221648    
  0.273749650    
  0.331563562    
  0.390691727    
  0.451163828    
  0.513010263    
  0.576262414    
  0.640953064    
  0.707115889    
  0.774784923    
  0.843994915    
  0.914781570    
  0.987181783    
  -1.06170559    
  -1.05833745    
  -1.05055785    
  -1.03941691    
  -1.02550888    
  -1.00922501    
 -0.990849197    
 -0.970594883    
 -0.948627889    
 -0.925080359    
 -0.900056183    
 -0.873641372    
 -0.845905185    
 -0.816903234    
 -0.786682844    
 -0.755280375    
 -0.722726762    
 -0.689045012    
 -0.654254317    
 -0.618369341    
 -0.581400096    
 -0.543354332    
 -0.504235744    
 -0.464046150    
 -0.422783852    
 -0.380445182    
 -0.337024987    
 -0.292515278    
 -0.246906757    
 -0.200188115    
 -0.152346209    
 -0.103366390    
  -5.32325245E-02
  -1.92692922E-03
   5.05695827E-02
  0.104277641    
  0.159219161    
  0.215417489    
  0.272897094    
  0.331683815    
  0.391804695    
  0.453287929    
  0.516162992    
  0.580460131    
  0.646210968    
  0.713448405    
  0.782206059    
  0.852517664    
  0.924418569    
  0.997945428    
  -1.07120109    
  -1.06805980    
  -1.06073725    
  -1.05015457    
  -1.03683674    
  -1.02113593    
  -1.00331581    
 -0.983577251    
 -0.962079108    
 -0.938948274    
 -0.914286852    
 -0.888179123    
 -0.860693753    
 -0.831887186    
 -0.801806331    
 -0.770489275    
 -0.737967134    
 -0.704264641    
 -0.669402599    
 -0.633396685    
 -0.596258879    
 -0.557998657    
 -0.518621385    
 -0.478131205    
 -0.436528176    
 -0.393810868    
 -0.349975884    
 -0.305017620    
 -0.258929193    
 -0.211701304    
 -0.163323149    
 -0.113782331    
  -6.30649254E-02
  -1.11555699E-02
   4.19627167E-02
   9.63083282E-02
  0.151901081    
  0.208762169    
  0.266914070    
  0.326380551    
  0.387186855    
  0.449359447    
  0.512925863    
  0.577915132    
  0.644356847    
  0.712282717    
  0.781725049    
  0.852716804    
  0.925292015    
  0.999486208    
  -1.08088827    
  -1.07799542    
  -1.07117116    
  -1.06119668    
  -1.04852355    
  -1.03346479    
  -1.01626194    
 -0.997103631    
 -0.976141751    
 -0.953499079    
 -0.929275036    
 -0.903552592    
 -0.876400471    
 -0.847874880    
 -0.818024337    
 -0.786886513    
 -0.754494727    
 -0.720875382    
 -0.686050534    
 -0.650037408    
 -0.612850368    
 -0.574500620    
 -0.534995615    
 -0.494341314    
 -0.452540994    
 -0.409595013    
 -0.365502656    
 -0.320260793    
 -0.273865134    
 -0.226309046    
 -0.177584514    
 -0.127681658    
  -7.65893981E-02
  -2.42950879E-02
   2.92154923E-02
   8.39580372E-02
  0.139949620    
  0.197208852    
  0.255755752    
  0.315611303    
  0.376798272    
  0.439340889    
  0.503264129    
  0.568594933    
  0.635361135    
  0.703592181    
  0.773318529    
  0.844571829    
  0.917384207    
  0.991789997    
  -1.09075201    
  -1.08813143    
  -1.08184898    
  -1.07253516    
  -1.06056380    
  -1.04620743    
  -1.02968526    
  -1.01117396    
 -0.990818441    
 -0.968737006    
 -0.945026696    
 -0.919770122    
 -0.893035650    
 -0.864879966    
 -0.835351825    
 -0.804490149    
 -0.772330225    
 -0.738899946    
 -0.704222977    
 -0.668318689    
 -0.631203294    
 -0.592890203    
 -0.553389549    
 -0.512709737    
 -0.470856309    
 -0.427832484    
 -0.383640766    
 -0.338280231    
 -0.291749597    
 -0.244045660    
 -0.195163250    
 -0.145095691    
  -9.38351378E-02
  -4.13720496E-02
   1.23045137E-02
   6.72070011E-02
  0.123349264    
  0.180746540    
  0.239415735    
  0.299375087    
  0.360643834    
  0.423243284    
  0.487195700    
  0.552525103    
  0.619256318    
  0.687416852    
  0.757034540    
  0.828138292    
  0.900758624    
  0.974927843    
  -1.10077584    
  -1.09845293    
  -1.09275925    
  -1.08416104    
  -1.07295024    
  -1.05935860    
  -1.04358256    
  -1.02578664    
  -1.00610936    
 -0.984664023    
 -0.961546302    
 -0.936838150    
 -0.910607219    
 -0.882911682    
 -0.853800237    
 -0.823313951    
 -0.791488945    
 -0.758355618    
 -0.723938823    
 -0.688260555    
 -0.651339054    
 -0.613190174    
 -0.573827147    
 -0.533260226    
 -0.491498232    
 -0.448547155    
 -0.404412806    
 -0.359097242    
 -0.312602490    
 -0.264928758    
 -0.216074198    
 -0.166035861    
 -0.114809327    
  -6.23888522E-02
  -8.76720250E-03
   4.60642911E-02
  0.102115735    
  0.159398556    
  0.217925921    
  0.277712226    
  0.338773191    
  0.401126444    
  0.464790732    
  0.529786289    
  0.596135139    
  0.663861156    
  0.732989252    
  0.803545535    
  0.875557840    
  0.949055791    
  -1.11094129    
  -1.10894501    
  -1.10388982    
  -1.09606457    
  -1.08567536    
  -1.07291245    
  -1.05794978    
  -1.04093885    
  -1.02201259    
  -1.00128055    
 -0.978835762    
 -0.954759896    
 -0.929120600    
 -0.901976943    
 -0.873378515    
 -0.843367696    
 -0.811982572    
 -0.779254973    
 -0.745211780    
 -0.709877551    
 -0.673273027    
 -0.635416329    
 -0.596323371    
 -0.556007743    
 -0.514480650    
 -0.471751958    
 -0.427830040    
 -0.382720709    
 -0.336429417    
 -0.288960129    
 -0.240314618    
 -0.190494135    
 -0.139498100    
  -8.73248875E-02
  -3.39714475E-02
   2.05666348E-02
   7.62951747E-02
  0.133221269    
  0.191353589    
  0.250702292    
  0.311278790    
  0.373096257    
  0.436169297    
  0.500514209    
  0.566148877    
  0.633093059    
  0.701367915    
  0.770996213    
  0.842002332    
  0.914412498    
  -1.12122846    
  -1.11959136    
  -1.11522746    
  -1.10823500    
  -1.09873021    
  -1.08686173    
  -1.07278073    
  -1.05662668    
  -1.03852570    
  -1.01858473    
 -0.996894598    
 -0.973536909    
 -0.948578298    
 -0.922079563    
 -0.894091368    
 -0.864657581    
 -0.833817422    
 -0.801605403    
 -0.768050015    
 -0.733178258    
 -0.697013617    
 -0.659576595    
 -0.620885968    
 -0.580958664    
 -0.539808452    
 -0.497449040    
 -0.453891903    
 -0.409146428    
 -0.363222033    
 -0.316126466    
 -0.267865688    
 -0.218444973    
 -0.167868167    
 -0.116138160    
  -6.32565841E-02
  -9.22362413E-03
   4.59617004E-02
  0.102301612    
  0.159799844    
  0.218461588    
  0.278293103    
  0.339302689    
  0.401499957    
  0.464896500    
  0.529505014    
  0.595340908    
  0.662420988    
  0.730763435    
  0.800388575    
  0.871318698    
  -1.13161564    
  -1.13037384    
  -1.12675881    
  -1.12066126    
  -1.11210573    
  -1.10119843    
  -1.08806849    
  -1.07284379    
  -1.05564380    
  -1.03657269    
  -1.01572013    
 -0.993166506    
 -0.968979418    
 -0.943219841    
 -0.915939629    
 -0.887184739    
 -0.856996059    
 -0.825409472    
 -0.792456150    
 -0.758165359    
 -0.722562850    
 -0.685672283    
 -0.647514939    
 -0.608110964    
 -0.567477524    
 -0.525631249    
 -0.482587248    
 -0.438359112    
 -0.392959833    
 -0.346401155    
 -0.298693478    
 -0.249846429    
 -0.199868470    
 -0.148767322    
  -9.65496600E-02
  -4.32207249E-02
   1.12151979E-02
   6.67549595E-02
  0.123396777    
  0.181140095    
  0.239985809    
  0.299936146    
  0.360995263    
  0.423169076    
  0.486464530    
  0.550891817    
  0.616461754    
  0.683187902    
  0.751085460    
  0.820172131    
  -1.14207852    
  -1.14127374    
  -1.13846922    
  -1.13333142    
  -1.12579179    
  -1.11591363    
  -1.10380507    
  -1.08958280    
  -1.07336020    
  -1.05523920    
  -1.03530753    
  -1.01364553    
 -0.990320086    
 -0.965394795    
 -0.938921511    
 -0.910947382    
 -0.881516457    
 -0.850665450    
 -0.818427801    
 -0.784835756    
 -0.749916911    
 -0.713698030    
 -0.676203191    
 -0.637455165    
 -0.597474992    
 -0.556282520    
 -0.513895869    
 -0.470332891    
 -0.425610781    
 -0.379745036    
 -0.332750708    
 -0.284641892    
 -0.235431939    
 -0.185133666    
 -0.133758843    
  -8.13181996E-02
  -2.78217252E-02
   2.67216321E-02
   8.23039934E-02
  0.138918668    
  0.196560204    
  0.255224377    
  0.314908862    
  0.375612825    
  0.437337130    
  0.500085115    
  0.563861609    
  0.628673732    
  0.694531083    
  0.761445761    
  -1.15259039    
  -1.15227115    
  -1.15034294    
  -1.14623296    
  -1.13977730    
  -1.13099682    
  -1.11998057    
  -1.10683477    
  -1.09166718    
  -1.07457626    
  -1.05564940    
  -1.03496635    
  -1.01259458    
 -0.988598228    
 -0.963030338    
 -0.935939789    
 -0.907372236    
 -0.877366543    
 -0.845957875    
 -0.813180983    
 -0.779065967    
 -0.743642390    
 -0.706936538    
 -0.668974519    
 -0.629781008    
 -0.589378178    
 -0.547788262    
 -0.505033016    
 -0.461133033    
 -0.416108489    
 -0.369978756    
 -0.322762609    
 -0.274478346    
 -0.225143909    
 -0.174776360    
 -0.123392187    
  -7.10073337E-02
  -1.76369138E-02
   3.67046297E-02
   9.20038596E-02
  0.148248360    
  0.205426902    
  0.263529658    
  0.322548479    
  0.382476479    
  0.443309754    
  0.505045593    
  0.567684174    
  0.631228030    
  0.695682526    
  -1.16312194    
  -1.16334450    
  -1.16236424    
  -1.15935242    
  -1.15404987    
  -1.14643705    
  -1.13658524    
  -1.12458992    
  -1.11055470    
  -1.09457445    
  -1.07673633    
  -1.05712008    
  -1.03579330    
  -1.01282036    
 -0.988256991    
 -0.962152719    
 -0.934553623    
 -0.905501962    
 -0.875034630    
 -0.843188107    
 -0.809995115    
 -0.775488138    
 -0.739695489    
 -0.702646315    
 -0.664368153    
 -0.624886453    
 -0.584227264    
 -0.542415679    
 -0.499476105    
 -0.455432832    
 -0.410309613    
 -0.364129901    
 -0.316916704    
 -0.268693238    
 -0.219481930    
 -0.169305071    
 -0.118184738    
  -6.61425218E-02
  -1.31997019E-02
   4.06230986E-02
   9.53059793E-02
  0.150829881    
  0.207176730    
  0.264330059    
  0.322274715    
  0.380997539    
  0.440487534    
  0.500736237    
  0.561737835    
  0.623489618    
  -1.17364013    
  -1.17447186    
  -1.17451668    
  -1.17267585    
  -1.16859698    
  -1.16222286    
  -1.15360677    
  -1.14283657    
  -1.13001072    
  -1.11522198    
  -1.09855676    
  -1.08009470    
  -1.05990386    
  -1.03804970    
  -1.01458859    
 -0.989571691    
 -0.963046372    
 -0.935056686    
 -0.905641198    
 -0.874839067    
 -0.842684448    
 -0.809212565    
 -0.774454296    
 -0.738441288    
 -0.701203763    
 -0.662770212    
 -0.623169839    
 -0.582431257    
 -0.540582776    
 -0.497652262    
 -0.453667760    
 -0.408657044    
 -0.362647623    
 -0.315668046    
 -0.267745942    
 -0.218909279    
 -0.169186309    
 -0.118605219    
  -6.71941712E-02
  -1.49813285E-02
   3.80054750E-02
   9.17388052E-02
  0.146191746    
  0.201338455    
  0.257154107    
  0.313615531    
  0.370701432    
  0.428393275    
  0.486675262    
  0.545534968    
  -1.18410766    
  -1.18562961    
  -1.18678331    
  -1.18618941    
  -1.18340540    
  -1.17834115    
  -1.17103326    
  -1.16156220    
  -1.15002251    
  -1.13650513    
  -1.12109685    
  -1.10387611    
  -1.08491230    
  -1.06427097    
  -1.04200947    
  -1.01818013    
 -0.992832363    
 -0.966011167    
 -0.937756896    
 -0.908111036    
 -0.877109051    
 -0.844788373    
 -0.811182737    
 -0.776325524    
 -0.740249276    
 -0.702986002    
 -0.664567113    
 -0.625024676    
 -0.584390402    
 -0.542695522    
 -0.499972075    
 -0.456251621    
 -0.411566317    
 -0.365949303    
 -0.319433451    
 -0.272051781    
 -0.223838732    
 -0.174828842    
 -0.125057131    
  -7.45592862E-02
  -2.33712662E-02
   2.84707323E-02
   8.09304044E-02
  0.133971602    
  0.187558815    
  0.241657332    
  0.296234012    
  0.351257771    
  0.406700552    
  0.462537795    
  -1.19448268    
  -1.19679475    
  -1.19914770    
  -1.19987810    
  -1.19846153    
  -1.19477761    
  -1.18884981    
  -1.18075156    
  -1.17057467    
  -1.15840912    
  -1.14434040    
  -1.12844777    
  -1.11080110    
  -1.09146571    
  -1.07049966    
  -1.04795778    
  -1.02389014    
 -0.998342276    
 -0.971357226    
 -0.942977011    
 -0.913239479    
 -0.882183731    
 -0.849845409    
 -0.816259861    
 -0.781461895    
 -0.745485604    
 -0.708365619    
 -0.670135796    
 -0.630831838    
 -0.590487540    
 -0.549138248    
 -0.506818950    
 -0.463565826    
 -0.419416606    
 -0.374408275    
 -0.328578949    
 -0.281968445    
 -0.234617382    
 -0.186567158    
 -0.137860671    
  -8.85418281E-02
  -3.86556461E-02
   1.17519423E-02
   6.26340806E-02
  0.113943338    
  0.165632263    
  0.217653617    
  0.269961566    
  0.322512567    
  0.375266761    
  -1.20471692    
  -1.20794284    
  -1.21159256    
  -1.21372747    
  -1.21375072    
  -1.21151757    
  -1.20704091    
  -1.20038867    
  -1.19165075    
  -1.18091595    
  -1.16826963    
  -1.15379047    
  -1.13754976    
  -1.11961210    
  -1.10003757    
  -1.07888103    
  -1.05619442    
  -1.03202355    
  -1.00641334    
 -0.979406357    
 -0.951042533    
 -0.921362281    
 -0.890402853    
 -0.858201623    
 -0.824794531    
 -0.790217936    
 -0.754508495    
 -0.717702746    
 -0.679838240    
 -0.640951514    
 -0.601080358    
 -0.560263634    
 -0.518539906    
 -0.475950629    
 -0.432536840    
 -0.388340831    
 -0.343406975    
 -0.297781050    
 -0.251510322    
 -0.204643995    
 -0.157233253    
 -0.109331332    
  -6.09934926E-02
  -1.22772707E-02
   3.67576629E-02
   8.60497952E-02
  0.135536090    
  0.185152829    
  0.234836847    
  0.284527630    
  -1.21475482    
  -1.21905017    
  -1.22410166    
  -1.22772264    
  -1.22925782    
  -1.22854543    
  -1.22559035    
  -1.22045708    
  -1.21323264    
  -1.20400691    
  -1.19286382    
  -1.17988241    
  -1.16513550    
  -1.14868665    
  -1.13059747    
  -1.11092305    
  -1.08971667    
  -1.06702447    
  -1.04289246    
  -1.01736438    
 -0.990481079    
 -0.962284327    
 -0.932812393    
 -0.902104378    
 -0.870197237    
 -0.837128520    
 -0.802937150    
 -0.767660618    
 -0.731338620    
 -0.694009721    
 -0.655713737    
 -0.616491735    
 -0.576384723    
 -0.535436690    
 -0.493691802    
 -0.451195687    
 -0.407996207    
 -0.364143223    
 -0.319688261    
 -0.274685860    
 -0.229193106    
 -0.183270156    
 -0.136980265    
  -9.03905407E-02
  -4.35721427E-02
   3.39948479E-03
   5.04443683E-02
   9.74781588E-02
  0.144412771    
  0.191158488    
  -1.22453094    
  -1.23009431    
  -1.23665965    
  -1.24184823    
  -1.24496770    
  -1.24584472    
  -1.24448097    
  -1.24093711    
  -1.23530042    
  -1.22766018    
  -1.21810043    
  -1.20670044    
  -1.19353282    
  -1.17866313    
  -1.16215110    
  -1.14405382    
  -1.12442422    
  -1.10331059    
  -1.08075857    
  -1.05681288    
  -1.03151476    
  -1.00490689    
 -0.977028131    
 -0.947918952    
 -0.917616725    
 -0.886160731    
 -0.853590131    
 -0.819943845    
 -0.785262525    
 -0.749585986    
 -0.712955415    
 -0.675413132    
 -0.637001932    
 -0.597767651    
 -0.557755947    
 -0.517014742    
 -0.475593835    
 -0.433546036    
 -0.390925586    
 -0.347790301    
 -0.304201245    
 -0.260223180    
 -0.215924919    
 -0.171380550    
 -0.126669779    
  -8.18793252E-02
  -3.71039361E-02
   7.55166542E-03
   5.19708917E-02
   9.60231870E-02
  -1.23396826    
  -1.24105597    
  -1.24925196    
  -1.25608957    
  -1.26086426    
  -1.26339865    
  -1.26369357    
  -1.26180947    
  -1.25783253    
  -1.25185287    
  -1.24395490    
  -1.23421788    
  -1.22271419    
  -1.20951056    
  -1.19466662    
  -1.17823982    
  -1.16028261    
  -1.14084506    
  -1.11997235    
  -1.09770966    
  -1.07409918    
  -1.04918289    
  -1.02300072    
 -0.995593488    
 -0.966998756    
 -0.937256157    
 -0.906405687    
 -0.874486685    
 -0.841539979    
 -0.807605863    
 -0.772725761    
 -0.736943007    
 -0.700301409    
 -0.662846327    
 -0.624624193    
 -0.585684597    
 -0.546077192    
 -0.505855978    
 -0.465076327    
 -0.423796892    
 -0.382080346    
 -0.339992583    
 -0.297604948    
 -0.254993737    
 -0.212241799    
 -0.169440314    
 -0.126690477    
  -8.41070116E-02
  -4.18232605E-02
  -1.19248806E-08
