 TYPE III
           1           1
      0.00,      0.00,      0.00,      0.00,      0.00,  -1336.42,     39.51,      0.00,      0.00,      0.00,   1296.91,      0.00,
           2           1
      0.00,      0.00,      0.00,      0.00,     12.92,   -162.29,     26.59,      0.00,      0.00,      0.00,    122.78,      0.00,
           3           1
      0.00,      0.00,      0.00,      0.00,     15.71,    -82.38,     23.79,      0.00,      0.00,      0.00,     42.87,      0.00,
           4           1
      0.00,      0.00,      0.00,      0.00,     16.89,    -61.10,     22.62,      0.00,      0.00,      0.00,     21.59,      0.00,
           5           1
      0.00,      0.00,      0.00,      0.00,      0.00,      1.00,      0.00,      0.00,      0.00,      0.00,      0.00,     -1.00,
           1           2
    648.46,      0.00,      0.00,      0.00,      0.00,  -1336.42,     39.51,      0.00,      0.00,      0.00,    648.46,      0.00,
           2           2
     61.39,      0.00,      0.00,      0.00,     12.92,   -162.29,     26.59,      0.00,      0.00,      0.00,     61.39,      0.00,
           3           2
     21.44,      0.00,      0.00,      0.00,     15.71,    -82.38,     23.79,      0.00,      0.00,      0.00,     21.44,      0.00,
           4           2
     10.80,      0.00,      0.00,      0.00,     16.89,    -61.10,     22.62,      0.00,      0.00,      0.00,     10.80,      0.00,
           5           2
      0.00,      0.00,      0.00,      0.00,      0.00,      1.00,      0.00,      0.00,      0.00,      0.00,      0.00,     -0.38,
           1           3
    648.46,      0.00,      0.00,      0.00,      0.00,  -1336.42,     39.51,      0.00,      0.00,      0.00,    648.46,      0.00,
           2           3
     61.39,      0.00,      0.00,      0.00,     12.92,   -162.29,     26.59,      0.00,      0.00,      0.00,     61.39,      0.00,
           3           3
     21.44,      0.00,      0.00,      0.00,     15.71,    -82.38,     23.79,      0.00,      0.00,      0.00,     21.44,      0.00,
           4           3
     10.80,      0.00,      0.00,      0.00,     16.89,    -61.10,     22.62,      0.00,      0.00,      0.00,     10.80,      0.00,
           5           3
      0.00,      0.00,      0.00,      0.00,      0.00,      1.00,      0.00,      0.00,      0.00,      0.00,      0.00,      0.71,
           1           4
    648.46,      0.00,      0.00,      0.00,      0.00,  -1336.42,     39.51,      0.00,      0.00,      0.00,    648.46,      0.00,
           2           4
     61.39,      0.00,      0.00,      0.00,     12.92,   -162.29,     26.59,      0.00,      0.00,      0.00,     61.39,      0.00,
           3           4
     21.44,      0.00,      0.00,      0.00,     15.71,    -82.38,     23.79,      0.00,      0.00,      0.00,     21.44,      0.00,
           4           4
     10.80,      0.00,      0.00,      0.00,     16.89,    -61.10,     22.62,      0.00,      0.00,      0.00,     10.80,      0.00,
           5           4
      0.00,      0.00,      0.00,      0.00,      0.00,      1.00,      0.00,      0.00,      0.00,      0.00,      0.00,      0.92,
           1           5
   1296.91,      0.00,      0.00,      0.00,      0.00,  -1336.42,     39.51,      0.00,      0.00,      0.00,      0.00,    152.79,
           2           5
    122.78,      0.00,      0.00,      0.00,     12.92,   -162.29,     26.59,      0.00,      0.00,      0.00,      0.00,     47.01,
           3           5
     42.87,      0.00,      0.00,      0.00,     15.71,    -82.38,     23.79,      0.00,      0.00,      0.00,      0.00,     27.78,
           4           5
     21.59,      0.00,      0.00,      0.00,     16.89,    -61.10,     22.62,      0.00,      0.00,      0.00,      0.00,     19.71,
           5           5
      0.00,      0.00,      0.00,      0.00,      0.00,      1.00,      0.00,      0.00,      0.00,      0.00,      0.00,     -0.00,
