   0.00000000    
   0.00000000    
   0.00000000    
   0.00000000    
   0.00000000    
   0.00000000    
   0.00000000    
   0.00000000    
   0.00000000    
   0.00000000    
   0.00000000    
   0.00000000    
   0.00000000    
   0.00000000    
   0.00000000    
   0.00000000    
   0.00000000    
   0.00000000    
   0.00000000    
   0.00000000    
   0.00000000    
   0.00000000    
   0.00000000    
   0.00000000    
   0.00000000    
   0.00000000    
   0.00000000    
   0.00000000    
   0.00000000    
   0.00000000    
   0.00000000    
   0.00000000    
   0.00000000    
   0.00000000    
   0.00000000    
   0.00000000    
   0.00000000    
   0.00000000    
   0.00000000    
   0.00000000    
   0.00000000    
   0.00000000    
   0.00000000    
   0.00000000    
   3.07725692    
   0.00000000    
   0.00000000    
   0.00000000    
   0.00000000    
   0.00000000    
   0.00000000    
   0.00000000    
   0.00000000    
   0.00000000    
   0.00000000    
   0.00000000    
   0.00000000    
   0.00000000    
   0.00000000    
   0.00000000    
   0.00000000    
   0.00000000    
   0.00000000    
   0.00000000    
   0.00000000    
   0.00000000    
   0.00000000    
   0.00000000    
   0.00000000    
   0.00000000    
   0.00000000    
   0.00000000    
   0.00000000    
   0.00000000    
   0.00000000    
   0.00000000    
   0.00000000    
   0.00000000    
   0.00000000    
   0.00000000    
   0.00000000    
   0.00000000    
   0.00000000    
   0.00000000    
   0.00000000    
   0.00000000    
   0.00000000    
   0.00000000    
   0.00000000    
   3.06039953    
   0.00000000    
   0.00000000    
   0.00000000    
   0.00000000    
   0.00000000    
   0.00000000    
   0.00000000    
   0.00000000    
   0.00000000    
   0.00000000    
   0.00000000    
   0.00000000    
   0.00000000    
   0.00000000    
   0.00000000    
   0.00000000    
   0.00000000    
   0.00000000    
   0.00000000    
   0.00000000    
   0.00000000    
   0.00000000    
   0.00000000    
   0.00000000    
   0.00000000    
   0.00000000    
   0.00000000    
   0.00000000    
   0.00000000    
   0.00000000    
   0.00000000    
   0.00000000    
   0.00000000    
   0.00000000    
   0.00000000    
   0.00000000    
   0.00000000    
   0.00000000    
   0.00000000    
   0.00000000    
   0.00000000    
   0.00000000    
   0.00000000    
   0.00000000    
   3.01001143    
   0.00000000    
   0.00000000    
   0.00000000    
   0.00000000    
   0.00000000    
   0.00000000    
   0.00000000    
   0.00000000    
   0.00000000    
   0.00000000    
   0.00000000    
   0.00000000    
   0.00000000    
   0.00000000    
   0.00000000    
   0.00000000    
   0.00000000    
   0.00000000    
   0.00000000    
   0.00000000    
   0.00000000    
   0.00000000    
   0.00000000    
   0.00000000    
   0.00000000    
   0.00000000    
   0.00000000    
   0.00000000    
   0.00000000    
   0.00000000    
   0.00000000    
   0.00000000    
   0.00000000    
   0.00000000    
   0.00000000    
   0.00000000    
   0.00000000    
   0.00000000    
   0.00000000    
   0.00000000    
   0.00000000    
   0.00000000    
   0.00000000    
   0.00000000    
   2.92664528    
   0.00000000    
   0.00000000    
   0.00000000    
   0.00000000    
   0.00000000    
   0.00000000    
   0.00000000    
   0.00000000    
   0.00000000    
   0.00000000    
   0.00000000    
   0.00000000    
   0.00000000    
   0.00000000    
   0.00000000    
   0.00000000    
   0.00000000    
   0.00000000    
   0.00000000    
   0.00000000    
   0.00000000    
   0.00000000    
   0.00000000    
   0.00000000    
   0.00000000    
   0.00000000    
   0.00000000    
   0.00000000    
   0.00000000    
   0.00000000    
   0.00000000    
   0.00000000    
   0.00000000    
   0.00000000    
   0.00000000    
   0.00000000    
   0.00000000    
   0.00000000    
   0.00000000    
   0.00000000    
   0.00000000    
   0.00000000    
   0.00000000    
   0.00000000    
   2.81121397    
   0.00000000    
   0.00000000    
   0.00000000    
   0.00000000    
   0.00000000    
   0.00000000    
   0.00000000    
   0.00000000    
   0.00000000    
   0.00000000    
   0.00000000    
   0.00000000    
   0.00000000    
   0.00000000    
   0.00000000    
   0.00000000    
   0.00000000    
   0.00000000    
   0.00000000    
   0.00000000    
   0.00000000    
   0.00000000    
   0.00000000    
   0.00000000    
   0.00000000    
   0.00000000    
   0.00000000    
   0.00000000    
   0.00000000    
   0.00000000    
   0.00000000    
   0.00000000    
   0.00000000    
   0.00000000    
   0.00000000    
   0.00000000    
   0.00000000    
   0.00000000    
   0.00000000    
   0.00000000    
   0.00000000    
   0.00000000    
   0.00000000    
   0.00000000    
   2.66498256    
   0.00000000    
   0.00000000    
   0.00000000    
   0.00000000    
   0.00000000    
   0.00000000    
   0.00000000    
   0.00000000    
   0.00000000    
   0.00000000    
   0.00000000    
   0.00000000    
   0.00000000    
   0.00000000    
   0.00000000    
   0.00000000    
   0.00000000    
   0.00000000    
   0.00000000    
   0.00000000    
   0.00000000    
   0.00000000    
   0.00000000    
   0.00000000    
   0.00000000    
   0.00000000    
   0.00000000    
   0.00000000    
   0.00000000    
   0.00000000    
   0.00000000    
   0.00000000    
   0.00000000    
   0.00000000    
   0.00000000    
   0.00000000    
   0.00000000    
   0.00000000    
   0.00000000    
   0.00000000    
   0.00000000    
   0.00000000    
   0.00000000    
   0.00000000    
   2.48955321    
   0.00000000    
   0.00000000    
   0.00000000    
   0.00000000    
   0.00000000    
   0.00000000    
   0.00000000    
   0.00000000    
   0.00000000    
   0.00000000    
   0.00000000    
   0.00000000    
   0.00000000    
   0.00000000    
   0.00000000    
   0.00000000    
   0.00000000    
   0.00000000    
   0.00000000    
   0.00000000    
   0.00000000    
   0.00000000    
   0.00000000    
   0.00000000    
   0.00000000    
   0.00000000    
   0.00000000    
   0.00000000    
   0.00000000    
   0.00000000    
   0.00000000    
   0.00000000    
   0.00000000    
   0.00000000    
   0.00000000    
   0.00000000    
   0.00000000    
   0.00000000    
   0.00000000    
   0.00000000    
   0.00000000    
   0.00000000    
   0.00000000    
   0.00000000    
   2.28684759    
   0.00000000    
   0.00000000    
   0.00000000    
   0.00000000    
   0.00000000    
   0.00000000    
   0.00000000    
   0.00000000    
   0.00000000    
   0.00000000    
   0.00000000    
   0.00000000    
   0.00000000    
   0.00000000    
   0.00000000    
   0.00000000    
   0.00000000    
   0.00000000    
   0.00000000    
   0.00000000    
   0.00000000    
   0.00000000    
   0.00000000    
   0.00000000    
   0.00000000    
   0.00000000    
   0.00000000    
   0.00000000    
   0.00000000    
   0.00000000    
   0.00000000    
   0.00000000    
   0.00000000    
   0.00000000    
   0.00000000    
   0.00000000    
   0.00000000    
   0.00000000    
   0.00000000    
   0.00000000    
   0.00000000    
   0.00000000    
   0.00000000    
   0.00000000    
   2.05908656    
   0.00000000    
   0.00000000    
   0.00000000    
   0.00000000    
   0.00000000    
   0.00000000    
   0.00000000    
   0.00000000    
   0.00000000    
   0.00000000    
   0.00000000    
   0.00000000    
   0.00000000    
   0.00000000    
   0.00000000    
   0.00000000    
   0.00000000    
   0.00000000    
   0.00000000    
   0.00000000    
   0.00000000    
   0.00000000    
   0.00000000    
   0.00000000    
   0.00000000    
   0.00000000    
   0.00000000    
   0.00000000    
   0.00000000    
   0.00000000    
   0.00000000    
   0.00000000    
   0.00000000    
   0.00000000    
   0.00000000    
   0.00000000    
   0.00000000    
   0.00000000    
   0.00000000    
   0.00000000    
   0.00000000    
   0.00000000    
   0.00000000    
   0.00000000    
   1.80876625    
   0.00000000    
   0.00000000    
   0.00000000    
   0.00000000    
   0.00000000    
   0.00000000    
   0.00000000    
   0.00000000    
   0.00000000    
   0.00000000    
   0.00000000    
   0.00000000    
   0.00000000    
   0.00000000    
   0.00000000    
   0.00000000    
   0.00000000    
   0.00000000    
   0.00000000    
   0.00000000    
   0.00000000    
   0.00000000    
   0.00000000    
   0.00000000    
   0.00000000    
   0.00000000    
   0.00000000    
   0.00000000    
   0.00000000    
   0.00000000    
   0.00000000    
   0.00000000    
   0.00000000    
   0.00000000    
   0.00000000    
   0.00000000    
   0.00000000    
   0.00000000    
   0.00000000    
   0.00000000    
   0.00000000    
   0.00000000    
   0.00000000    
   0.00000000    
   1.53862834    
   0.00000000    
   0.00000000    
   0.00000000    
   0.00000000    
   0.00000000    
   0.00000000    
   0.00000000    
   0.00000000    
   0.00000000    
   0.00000000    
   0.00000000    
   0.00000000    
   0.00000000    
   0.00000000    
   0.00000000    
   0.00000000    
   0.00000000    
   0.00000000    
   0.00000000    
   0.00000000    
   0.00000000    
   0.00000000    
   0.00000000    
   0.00000000    
   0.00000000    
   0.00000000    
   0.00000000    
   0.00000000    
   0.00000000    
   0.00000000    
   0.00000000    
   0.00000000    
   0.00000000    
   0.00000000    
   0.00000000    
   0.00000000    
   0.00000000    
   0.00000000    
   0.00000000    
   0.00000000    
   0.00000000    
   0.00000000    
   0.00000000    
   0.00000000    
   1.25163269    
   0.00000000    
   0.00000000    
   0.00000000    
   0.00000000    
   0.00000000    
   0.00000000    
   0.00000000    
   0.00000000    
   0.00000000    
   0.00000000    
   0.00000000    
   0.00000000    
   0.00000000    
   0.00000000    
   0.00000000    
   0.00000000    
   0.00000000    
   0.00000000    
   0.00000000    
   0.00000000    
   0.00000000    
   0.00000000    
   0.00000000    
   0.00000000    
   0.00000000    
   0.00000000    
   0.00000000    
   0.00000000    
   0.00000000    
   0.00000000    
   0.00000000    
   0.00000000    
   0.00000000    
   0.00000000    
   0.00000000    
   0.00000000    
   0.00000000    
   0.00000000    
   0.00000000    
   0.00000000    
   0.00000000    
   0.00000000    
   0.00000000    
   0.00000000    
  0.950924635    
   0.00000000    
   0.00000000    
   0.00000000    
   0.00000000    
   0.00000000    
   0.00000000    
   0.00000000    
   0.00000000    
   0.00000000    
   0.00000000    
   0.00000000    
   0.00000000    
   0.00000000    
   0.00000000    
   0.00000000    
   0.00000000    
   0.00000000    
   0.00000000    
   0.00000000    
   0.00000000    
   0.00000000    
   0.00000000    
   0.00000000    
   0.00000000    
   0.00000000    
   0.00000000    
   0.00000000    
   0.00000000    
   0.00000000    
   0.00000000    
   0.00000000    
   0.00000000    
   0.00000000    
   0.00000000    
   0.00000000    
   0.00000000    
   0.00000000    
   0.00000000    
   0.00000000    
   0.00000000    
   0.00000000    
   0.00000000    
   0.00000000    
   0.00000000    
  0.639797568    
   0.00000000    
   0.00000000    
   0.00000000    
   0.00000000    
   0.00000000    
   0.00000000    
   0.00000000    
   0.00000000    
   0.00000000    
   0.00000000    
   0.00000000    
   0.00000000    
   0.00000000    
   0.00000000    
   0.00000000    
   0.00000000    
   0.00000000    
   0.00000000    
   0.00000000    
   0.00000000    
   0.00000000    
   0.00000000    
   0.00000000    
   0.00000000    
   0.00000000    
   0.00000000    
   0.00000000    
   0.00000000    
   0.00000000    
   0.00000000    
   0.00000000    
   0.00000000    
   0.00000000    
   0.00000000    
   0.00000000    
   0.00000000    
   0.00000000    
   0.00000000    
   0.00000000    
   0.00000000    
   0.00000000    
   0.00000000    
   0.00000000    
   0.00000000    
  0.321660817    
   0.00000000    
   0.00000000    
   0.00000000    
   0.00000000    
   0.00000000    
   0.00000000    
   0.00000000    
   0.00000000    
   0.00000000    
   0.00000000    
   0.00000000    
   0.00000000    
   0.00000000    
   0.00000000    
   0.00000000    
   0.00000000    
   0.00000000    
   0.00000000    
   0.00000000    
   0.00000000    
   0.00000000    
   0.00000000    
   0.00000000    
   0.00000000    
   0.00000000    
   0.00000000    
   0.00000000    
   0.00000000    
   0.00000000    
   0.00000000    
   0.00000000    
   0.00000000    
   0.00000000    
   0.00000000    
   0.00000000    
   0.00000000    
   0.00000000    
   0.00000000    
   0.00000000    
   0.00000000    
   0.00000000    
   0.00000000    
   0.00000000    
   0.00000000    
  -1.34511168E-07
   0.00000000    
   0.00000000    
   0.00000000    
   0.00000000    
   0.00000000    
   0.00000000    
   0.00000000    
   0.00000000    
   0.00000000    
   0.00000000    
   0.00000000    
   0.00000000    
   0.00000000    
   0.00000000    
   0.00000000    
   0.00000000    
   0.00000000    
   0.00000000    
   0.00000000    
   0.00000000    
   0.00000000    
   0.00000000    
   0.00000000    
   0.00000000    
   0.00000000    
   0.00000000    
   0.00000000    
   0.00000000    
   0.00000000    
   0.00000000    
   0.00000000    
   0.00000000    
   0.00000000    
   0.00000000    
   0.00000000    
   0.00000000    
   0.00000000    
   0.00000000    
   0.00000000    
   0.00000000    
   0.00000000    
   0.00000000    
   0.00000000    
   0.00000000    
 -0.321661085    
   0.00000000    
   0.00000000    
   0.00000000    
   0.00000000    
   0.00000000    
   0.00000000    
   0.00000000    
   0.00000000    
   0.00000000    
   0.00000000    
   0.00000000    
   0.00000000    
   0.00000000    
   0.00000000    
   0.00000000    
   0.00000000    
   0.00000000    
   0.00000000    
   0.00000000    
   0.00000000    
   0.00000000    
   0.00000000    
   0.00000000    
   0.00000000    
   0.00000000    
   0.00000000    
   0.00000000    
   0.00000000    
   0.00000000    
   0.00000000    
   0.00000000    
   0.00000000    
   0.00000000    
   0.00000000    
   0.00000000    
   0.00000000    
   0.00000000    
   0.00000000    
   0.00000000    
   0.00000000    
   0.00000000    
   0.00000000    
   0.00000000    
   0.00000000    
 -0.639798224    
   0.00000000    
   0.00000000    
   0.00000000    
   0.00000000    
   0.00000000    
   0.00000000    
   0.00000000    
   0.00000000    
   0.00000000    
   0.00000000    
   0.00000000    
   0.00000000    
   0.00000000    
   0.00000000    
   0.00000000    
   0.00000000    
   0.00000000    
   0.00000000    
   0.00000000    
   0.00000000    
   0.00000000    
   0.00000000    
   0.00000000    
   0.00000000    
   0.00000000    
   0.00000000    
   0.00000000    
   0.00000000    
   0.00000000    
   0.00000000    
   0.00000000    
   0.00000000    
   0.00000000    
   0.00000000    
   0.00000000    
   0.00000000    
   0.00000000    
   0.00000000    
   0.00000000    
   0.00000000    
   0.00000000    
   0.00000000    
   0.00000000    
   0.00000000    
 -0.950924814    
   0.00000000    
   0.00000000    
   0.00000000    
   0.00000000    
   0.00000000    
   0.00000000    
   0.00000000    
   0.00000000    
   0.00000000    
   0.00000000    
   0.00000000    
   0.00000000    
   0.00000000    
   0.00000000    
   0.00000000    
   0.00000000    
   0.00000000    
   0.00000000    
   0.00000000    
   0.00000000    
   0.00000000    
   0.00000000    
   0.00000000    
   0.00000000    
   0.00000000    
   0.00000000    
   0.00000000    
   0.00000000    
   0.00000000    
   0.00000000    
   0.00000000    
   0.00000000    
   0.00000000    
   0.00000000    
   0.00000000    
   0.00000000    
   0.00000000    
   0.00000000    
   0.00000000    
   0.00000000    
   0.00000000    
   0.00000000    
   0.00000000    
   0.00000000    
  -1.25163293    
   0.00000000    
   0.00000000    
   0.00000000    
   0.00000000    
   0.00000000    
   0.00000000    
   0.00000000    
   0.00000000    
   0.00000000    
   0.00000000    
   0.00000000    
   0.00000000    
   0.00000000    
   0.00000000    
   0.00000000    
   0.00000000    
   0.00000000    
   0.00000000    
   0.00000000    
   0.00000000    
   0.00000000    
   0.00000000    
   0.00000000    
   0.00000000    
   0.00000000    
   0.00000000    
   0.00000000    
   0.00000000    
   0.00000000    
   0.00000000    
   0.00000000    
   0.00000000    
   0.00000000    
   0.00000000    
   0.00000000    
   0.00000000    
   0.00000000    
   0.00000000    
   0.00000000    
   0.00000000    
   0.00000000    
   0.00000000    
   0.00000000    
   0.00000000    
  -1.53862870    
   0.00000000    
   0.00000000    
   0.00000000    
   0.00000000    
   0.00000000    
   0.00000000    
   0.00000000    
   0.00000000    
   0.00000000    
   0.00000000    
   0.00000000    
   0.00000000    
   0.00000000    
   0.00000000    
   0.00000000    
   0.00000000    
   0.00000000    
   0.00000000    
   0.00000000    
   0.00000000    
   0.00000000    
   0.00000000    
   0.00000000    
   0.00000000    
   0.00000000    
   0.00000000    
   0.00000000    
   0.00000000    
   0.00000000    
   0.00000000    
   0.00000000    
   0.00000000    
   0.00000000    
   0.00000000    
   0.00000000    
   0.00000000    
   0.00000000    
   0.00000000    
   0.00000000    
   0.00000000    
   0.00000000    
   0.00000000    
   0.00000000    
   0.00000000    
  -1.80876601    
   0.00000000    
   0.00000000    
   0.00000000    
   0.00000000    
   0.00000000    
   0.00000000    
   0.00000000    
   0.00000000    
   0.00000000    
   0.00000000    
   0.00000000    
   0.00000000    
   0.00000000    
   0.00000000    
   0.00000000    
   0.00000000    
   0.00000000    
   0.00000000    
   0.00000000    
   0.00000000    
   0.00000000    
   0.00000000    
   0.00000000    
   0.00000000    
   0.00000000    
   0.00000000    
   0.00000000    
   0.00000000    
   0.00000000    
   0.00000000    
   0.00000000    
   0.00000000    
   0.00000000    
   0.00000000    
   0.00000000    
   0.00000000    
   0.00000000    
   0.00000000    
   0.00000000    
   0.00000000    
   0.00000000    
   0.00000000    
   0.00000000    
   0.00000000    
  -2.05908751    
   0.00000000    
   0.00000000    
   0.00000000    
   0.00000000    
   0.00000000    
   0.00000000    
   0.00000000    
   0.00000000    
   0.00000000    
   0.00000000    
   0.00000000    
   0.00000000    
   0.00000000    
   0.00000000    
   0.00000000    
   0.00000000    
   0.00000000    
   0.00000000    
   0.00000000    
   0.00000000    
   0.00000000    
   0.00000000    
   0.00000000    
   0.00000000    
   0.00000000    
   0.00000000    
   0.00000000    
   0.00000000    
   0.00000000    
   0.00000000    
   0.00000000    
   0.00000000    
   0.00000000    
   0.00000000    
   0.00000000    
   0.00000000    
   0.00000000    
   0.00000000    
   0.00000000    
   0.00000000    
   0.00000000    
   0.00000000    
   0.00000000    
   0.00000000    
  -2.28684759    
   0.00000000    
   0.00000000    
   0.00000000    
   0.00000000    
   0.00000000    
   0.00000000    
   0.00000000    
   0.00000000    
   0.00000000    
   0.00000000    
   0.00000000    
   0.00000000    
   0.00000000    
   0.00000000    
   0.00000000    
   0.00000000    
   0.00000000    
   0.00000000    
   0.00000000    
   0.00000000    
   0.00000000    
   0.00000000    
   0.00000000    
   0.00000000    
   0.00000000    
   0.00000000    
   0.00000000    
   0.00000000    
   0.00000000    
   0.00000000    
   0.00000000    
   0.00000000    
   0.00000000    
   0.00000000    
   0.00000000    
   0.00000000    
   0.00000000    
   0.00000000    
   0.00000000    
   0.00000000    
   0.00000000    
   0.00000000    
   0.00000000    
   0.00000000    
  -2.48955345    
   0.00000000    
   0.00000000    
   0.00000000    
   0.00000000    
   0.00000000    
   0.00000000    
   0.00000000    
   0.00000000    
   0.00000000    
   0.00000000    
   0.00000000    
   0.00000000    
   0.00000000    
   0.00000000    
   0.00000000    
   0.00000000    
   0.00000000    
   0.00000000    
   0.00000000    
   0.00000000    
   0.00000000    
   0.00000000    
   0.00000000    
   0.00000000    
   0.00000000    
   0.00000000    
   0.00000000    
   0.00000000    
   0.00000000    
   0.00000000    
   0.00000000    
   0.00000000    
   0.00000000    
   0.00000000    
   0.00000000    
   0.00000000    
   0.00000000    
   0.00000000    
   0.00000000    
   0.00000000    
   0.00000000    
   0.00000000    
   0.00000000    
   0.00000000    
  -2.66498256    
   0.00000000    
   0.00000000    
   0.00000000    
   0.00000000    
   0.00000000    
   0.00000000    
   0.00000000    
   0.00000000    
   0.00000000    
   0.00000000    
   0.00000000    
   0.00000000    
   0.00000000    
   0.00000000    
   0.00000000    
   0.00000000    
   0.00000000    
   0.00000000    
   0.00000000    
   0.00000000    
   0.00000000    
   0.00000000    
   0.00000000    
   0.00000000    
   0.00000000    
   0.00000000    
   0.00000000    
   0.00000000    
   0.00000000    
   0.00000000    
   0.00000000    
   0.00000000    
   0.00000000    
   0.00000000    
   0.00000000    
   0.00000000    
   0.00000000    
   0.00000000    
   0.00000000    
   0.00000000    
   0.00000000    
   0.00000000    
   0.00000000    
   0.00000000    
  -2.81121421    
   0.00000000    
   0.00000000    
   0.00000000    
   0.00000000    
   0.00000000    
   0.00000000    
   0.00000000    
   0.00000000    
   0.00000000    
   0.00000000    
   0.00000000    
   0.00000000    
   0.00000000    
   0.00000000    
   0.00000000    
   0.00000000    
   0.00000000    
   0.00000000    
   0.00000000    
   0.00000000    
   0.00000000    
   0.00000000    
   0.00000000    
   0.00000000    
   0.00000000    
   0.00000000    
   0.00000000    
   0.00000000    
   0.00000000    
   0.00000000    
   0.00000000    
   0.00000000    
   0.00000000    
   0.00000000    
   0.00000000    
   0.00000000    
   0.00000000    
   0.00000000    
   0.00000000    
   0.00000000    
   0.00000000    
   0.00000000    
   0.00000000    
   0.00000000    
  -2.92664552    
   0.00000000    
   0.00000000    
   0.00000000    
   0.00000000    
   0.00000000    
   0.00000000    
   0.00000000    
   0.00000000    
   0.00000000    
   0.00000000    
   0.00000000    
   0.00000000    
   0.00000000    
   0.00000000    
   0.00000000    
   0.00000000    
   0.00000000    
   0.00000000    
   0.00000000    
   0.00000000    
   0.00000000    
   0.00000000    
   0.00000000    
   0.00000000    
   0.00000000    
   0.00000000    
   0.00000000    
   0.00000000    
   0.00000000    
   0.00000000    
   0.00000000    
   0.00000000    
   0.00000000    
   0.00000000    
   0.00000000    
   0.00000000    
   0.00000000    
   0.00000000    
   0.00000000    
   0.00000000    
   0.00000000    
   0.00000000    
   0.00000000    
   0.00000000    
  -3.01001143    
   0.00000000    
   0.00000000    
   0.00000000    
   0.00000000    
   0.00000000    
   0.00000000    
   0.00000000    
   0.00000000    
   0.00000000    
   0.00000000    
   0.00000000    
   0.00000000    
   0.00000000    
   0.00000000    
   0.00000000    
   0.00000000    
   0.00000000    
   0.00000000    
   0.00000000    
   0.00000000    
   0.00000000    
   0.00000000    
   0.00000000    
   0.00000000    
   0.00000000    
   0.00000000    
   0.00000000    
   0.00000000    
   0.00000000    
   0.00000000    
   0.00000000    
   0.00000000    
   0.00000000    
   0.00000000    
   0.00000000    
   0.00000000    
   0.00000000    
   0.00000000    
   0.00000000    
   0.00000000    
   0.00000000    
   0.00000000    
   0.00000000    
   0.00000000    
  -3.06039953    
   0.00000000    
   0.00000000    
   0.00000000    
   0.00000000    
   0.00000000    
   0.00000000    
   0.00000000    
   0.00000000    
   0.00000000    
   0.00000000    
   0.00000000    
   0.00000000    
   0.00000000    
   0.00000000    
   0.00000000    
   0.00000000    
   0.00000000    
   0.00000000    
   0.00000000    
   0.00000000    
   0.00000000    
   0.00000000    
   0.00000000    
   0.00000000    
   0.00000000    
   0.00000000    
   0.00000000    
   0.00000000    
   0.00000000    
   0.00000000    
   0.00000000    
   0.00000000    
   0.00000000    
   0.00000000    
   0.00000000    
   0.00000000    
   0.00000000    
   0.00000000    
   0.00000000    
   0.00000000    
   0.00000000    
   0.00000000    
   0.00000000    
   0.00000000    
  -3.07725692    
   0.00000000    
   0.00000000    
   0.00000000    
   0.00000000    
   0.00000000    
   0.00000000    
   0.00000000    
   0.00000000    
   0.00000000    
   0.00000000    
   0.00000000    
   0.00000000    
   0.00000000    
   0.00000000    
   0.00000000    
   0.00000000    
   0.00000000    
   0.00000000    
   0.00000000    
   0.00000000    
   0.00000000    
   0.00000000    
   0.00000000    
   0.00000000    
   0.00000000    
   0.00000000    
   0.00000000    
   0.00000000    
   0.00000000    
   0.00000000    
   0.00000000    
   0.00000000    
   0.00000000    
   0.00000000    
   0.00000000    
   0.00000000    
   0.00000000    
   0.00000000    
   0.00000000    
   0.00000000    
   0.00000000    
   0.00000000    
   0.00000000    
   0.00000000    
  -3.06039929    
   0.00000000    
   0.00000000    
   0.00000000    
   0.00000000    
   0.00000000    
   0.00000000    
   0.00000000    
   0.00000000    
   0.00000000    
   0.00000000    
   0.00000000    
   0.00000000    
   0.00000000    
   0.00000000    
   0.00000000    
   0.00000000    
   0.00000000    
   0.00000000    
   0.00000000    
   0.00000000    
   0.00000000    
   0.00000000    
   0.00000000    
   0.00000000    
   0.00000000    
   0.00000000    
   0.00000000    
   0.00000000    
   0.00000000    
   0.00000000    
   0.00000000    
   0.00000000    
   0.00000000    
   0.00000000    
   0.00000000    
   0.00000000    
   0.00000000    
   0.00000000    
   0.00000000    
   0.00000000    
   0.00000000    
   0.00000000    
   0.00000000    
   0.00000000    
  -3.01001143    
   0.00000000    
   0.00000000    
   0.00000000    
   0.00000000    
   0.00000000    
   0.00000000    
   0.00000000    
   0.00000000    
   0.00000000    
   0.00000000    
   0.00000000    
   0.00000000    
   0.00000000    
   0.00000000    
   0.00000000    
   0.00000000    
   0.00000000    
   0.00000000    
   0.00000000    
   0.00000000    
   0.00000000    
   0.00000000    
   0.00000000    
   0.00000000    
   0.00000000    
   0.00000000    
   0.00000000    
   0.00000000    
   0.00000000    
   0.00000000    
   0.00000000    
   0.00000000    
   0.00000000    
   0.00000000    
   0.00000000    
   0.00000000    
   0.00000000    
   0.00000000    
   0.00000000    
   0.00000000    
   0.00000000    
   0.00000000    
   0.00000000    
   0.00000000    
  -2.92664528    
   0.00000000    
   0.00000000    
   0.00000000    
   0.00000000    
   0.00000000    
   0.00000000    
   0.00000000    
   0.00000000    
   0.00000000    
   0.00000000    
   0.00000000    
   0.00000000    
   0.00000000    
   0.00000000    
   0.00000000    
   0.00000000    
   0.00000000    
   0.00000000    
   0.00000000    
   0.00000000    
   0.00000000    
   0.00000000    
   0.00000000    
   0.00000000    
   0.00000000    
   0.00000000    
   0.00000000    
   0.00000000    
   0.00000000    
   0.00000000    
   0.00000000    
   0.00000000    
   0.00000000    
   0.00000000    
   0.00000000    
   0.00000000    
   0.00000000    
   0.00000000    
   0.00000000    
   0.00000000    
   0.00000000    
   0.00000000    
   0.00000000    
   0.00000000    
  -2.81121373    
   0.00000000    
   0.00000000    
   0.00000000    
   0.00000000    
   0.00000000    
   0.00000000    
   0.00000000    
   0.00000000    
   0.00000000    
   0.00000000    
   0.00000000    
   0.00000000    
   0.00000000    
   0.00000000    
   0.00000000    
   0.00000000    
   0.00000000    
   0.00000000    
   0.00000000    
   0.00000000    
   0.00000000    
   0.00000000    
   0.00000000    
   0.00000000    
   0.00000000    
   0.00000000    
   0.00000000    
   0.00000000    
   0.00000000    
   0.00000000    
   0.00000000    
   0.00000000    
   0.00000000    
   0.00000000    
   0.00000000    
   0.00000000    
   0.00000000    
   0.00000000    
   0.00000000    
   0.00000000    
   0.00000000    
   0.00000000    
   0.00000000    
   0.00000000    
  -2.66498232    
   0.00000000    
   0.00000000    
   0.00000000    
   0.00000000    
   0.00000000    
   0.00000000    
   0.00000000    
   0.00000000    
   0.00000000    
   0.00000000    
   0.00000000    
   0.00000000    
   0.00000000    
   0.00000000    
   0.00000000    
   0.00000000    
   0.00000000    
   0.00000000    
   0.00000000    
   0.00000000    
   0.00000000    
   0.00000000    
   0.00000000    
   0.00000000    
   0.00000000    
   0.00000000    
   0.00000000    
   0.00000000    
   0.00000000    
   0.00000000    
   0.00000000    
   0.00000000    
   0.00000000    
   0.00000000    
   0.00000000    
   0.00000000    
   0.00000000    
   0.00000000    
   0.00000000    
   0.00000000    
   0.00000000    
   0.00000000    
   0.00000000    
   0.00000000    
  -2.48955297    
   0.00000000    
   0.00000000    
   0.00000000    
   0.00000000    
   0.00000000    
   0.00000000    
   0.00000000    
   0.00000000    
   0.00000000    
   0.00000000    
   0.00000000    
   0.00000000    
   0.00000000    
   0.00000000    
   0.00000000    
   0.00000000    
   0.00000000    
   0.00000000    
   0.00000000    
   0.00000000    
   0.00000000    
   0.00000000    
   0.00000000    
   0.00000000    
   0.00000000    
   0.00000000    
   0.00000000    
   0.00000000    
   0.00000000    
   0.00000000    
   0.00000000    
   0.00000000    
   0.00000000    
   0.00000000    
   0.00000000    
   0.00000000    
   0.00000000    
   0.00000000    
   0.00000000    
   0.00000000    
   0.00000000    
   0.00000000    
   0.00000000    
   0.00000000    
  -2.28684711    
   0.00000000    
   0.00000000    
   0.00000000    
   0.00000000    
   0.00000000    
   0.00000000    
   0.00000000    
   0.00000000    
   0.00000000    
   0.00000000    
   0.00000000    
   0.00000000    
   0.00000000    
   0.00000000    
   0.00000000    
   0.00000000    
   0.00000000    
   0.00000000    
   0.00000000    
   0.00000000    
   0.00000000    
   0.00000000    
   0.00000000    
   0.00000000    
   0.00000000    
   0.00000000    
   0.00000000    
   0.00000000    
   0.00000000    
   0.00000000    
   0.00000000    
   0.00000000    
   0.00000000    
   0.00000000    
   0.00000000    
   0.00000000    
   0.00000000    
   0.00000000    
   0.00000000    
   0.00000000    
   0.00000000    
   0.00000000    
   0.00000000    
   0.00000000    
  -2.05908704    
   0.00000000    
   0.00000000    
   0.00000000    
   0.00000000    
   0.00000000    
   0.00000000    
   0.00000000    
   0.00000000    
   0.00000000    
   0.00000000    
   0.00000000    
   0.00000000    
   0.00000000    
   0.00000000    
   0.00000000    
   0.00000000    
   0.00000000    
   0.00000000    
   0.00000000    
   0.00000000    
   0.00000000    
   0.00000000    
   0.00000000    
   0.00000000    
   0.00000000    
   0.00000000    
   0.00000000    
   0.00000000    
   0.00000000    
   0.00000000    
   0.00000000    
   0.00000000    
   0.00000000    
   0.00000000    
   0.00000000    
   0.00000000    
   0.00000000    
   0.00000000    
   0.00000000    
   0.00000000    
   0.00000000    
   0.00000000    
   0.00000000    
   0.00000000    
  -1.80876565    
   0.00000000    
   0.00000000    
   0.00000000    
   0.00000000    
   0.00000000    
   0.00000000    
   0.00000000    
   0.00000000    
   0.00000000    
   0.00000000    
   0.00000000    
   0.00000000    
   0.00000000    
   0.00000000    
   0.00000000    
   0.00000000    
   0.00000000    
   0.00000000    
   0.00000000    
   0.00000000    
   0.00000000    
   0.00000000    
   0.00000000    
   0.00000000    
   0.00000000    
   0.00000000    
   0.00000000    
   0.00000000    
   0.00000000    
   0.00000000    
   0.00000000    
   0.00000000    
   0.00000000    
   0.00000000    
   0.00000000    
   0.00000000    
   0.00000000    
   0.00000000    
   0.00000000    
   0.00000000    
   0.00000000    
   0.00000000    
   0.00000000    
   0.00000000    
  -1.53862822    
   0.00000000    
   0.00000000    
   0.00000000    
   0.00000000    
   0.00000000    
   0.00000000    
   0.00000000    
   0.00000000    
   0.00000000    
   0.00000000    
   0.00000000    
   0.00000000    
   0.00000000    
   0.00000000    
   0.00000000    
   0.00000000    
   0.00000000    
   0.00000000    
   0.00000000    
   0.00000000    
   0.00000000    
   0.00000000    
   0.00000000    
   0.00000000    
   0.00000000    
   0.00000000    
   0.00000000    
   0.00000000    
   0.00000000    
   0.00000000    
   0.00000000    
   0.00000000    
   0.00000000    
   0.00000000    
   0.00000000    
   0.00000000    
   0.00000000    
   0.00000000    
   0.00000000    
   0.00000000    
   0.00000000    
   0.00000000    
   0.00000000    
   0.00000000    
  -1.25163317    
   0.00000000    
   0.00000000    
   0.00000000    
   0.00000000    
   0.00000000    
   0.00000000    
   0.00000000    
   0.00000000    
   0.00000000    
   0.00000000    
   0.00000000    
   0.00000000    
   0.00000000    
   0.00000000    
   0.00000000    
   0.00000000    
   0.00000000    
   0.00000000    
   0.00000000    
   0.00000000    
   0.00000000    
   0.00000000    
   0.00000000    
   0.00000000    
   0.00000000    
   0.00000000    
   0.00000000    
   0.00000000    
   0.00000000    
   0.00000000    
   0.00000000    
   0.00000000    
   0.00000000    
   0.00000000    
   0.00000000    
   0.00000000    
   0.00000000    
   0.00000000    
   0.00000000    
   0.00000000    
   0.00000000    
   0.00000000    
   0.00000000    
   0.00000000    
 -0.950924993    
   0.00000000    
   0.00000000    
   0.00000000    
   0.00000000    
   0.00000000    
   0.00000000    
   0.00000000    
   0.00000000    
   0.00000000    
   0.00000000    
   0.00000000    
   0.00000000    
   0.00000000    
   0.00000000    
   0.00000000    
   0.00000000    
   0.00000000    
   0.00000000    
   0.00000000    
   0.00000000    
   0.00000000    
   0.00000000    
   0.00000000    
   0.00000000    
   0.00000000    
   0.00000000    
   0.00000000    
   0.00000000    
   0.00000000    
   0.00000000    
   0.00000000    
   0.00000000    
   0.00000000    
   0.00000000    
   0.00000000    
   0.00000000    
   0.00000000    
   0.00000000    
   0.00000000    
   0.00000000    
   0.00000000    
   0.00000000    
   0.00000000    
   0.00000000    
 -0.639798403    
   0.00000000    
   0.00000000    
   0.00000000    
   0.00000000    
   0.00000000    
   0.00000000    
   0.00000000    
   0.00000000    
   0.00000000    
   0.00000000    
   0.00000000    
   0.00000000    
   0.00000000    
   0.00000000    
   0.00000000    
   0.00000000    
   0.00000000    
   0.00000000    
   0.00000000    
   0.00000000    
   0.00000000    
   0.00000000    
   0.00000000    
   0.00000000    
   0.00000000    
   0.00000000    
   0.00000000    
   0.00000000    
   0.00000000    
   0.00000000    
   0.00000000    
   0.00000000    
   0.00000000    
   0.00000000    
   0.00000000    
   0.00000000    
   0.00000000    
   0.00000000    
   0.00000000    
   0.00000000    
   0.00000000    
   0.00000000    
   0.00000000    
   0.00000000    
 -0.321659088    
