  0.100000001    
  0.159999996    
  0.219999999    
  0.280000001    
  0.340000004    
  0.400000006    
  0.459999979    
  0.519999981    
  0.579999983    
  0.639999986    
  0.700000048    
  0.759999990    
  0.819999993    
  0.879999995    
  0.939999998    
  0.100000001    
  0.159999996    
  0.219999999    
  0.280000001    
  0.340000004    
  0.400000006    
  0.459999979    
  0.519999981    
  0.579999983    
  0.639999986    
  0.700000048    
  0.759999990    
  0.819999993    
  0.879999995    
  0.939999998    
  0.100000001    
  0.159999996    
  0.219999999    
  0.280000001    
  0.340000004    
  0.400000006    
  0.459999979    
  0.519999981    
  0.579999983    
  0.639999986    
  0.700000048    
  0.759999990    
  0.819999993    
  0.879999995    
  0.939999998    
  0.100000001    
  0.159999996    
  0.219999999    
  0.280000001    
  0.340000004    
  0.400000006    
  0.459999979    
  0.519999981    
  0.579999983    
  0.639999986    
  0.700000048    
  0.759999990    
  0.819999993    
  0.879999995    
  0.939999998    
  0.100000001    
  0.159999996    
  0.219999999    
  0.280000001    
  0.340000004    
  0.400000006    
  0.459999979    
  0.519999981    
  0.579999983    
  0.639999986    
  0.700000048    
  0.759999990    
  0.819999993    
  0.879999995    
  0.939999998    
  0.100000001    
  0.159999996    
  0.219999999    
  0.280000001    
  0.340000004    
  0.400000006    
  0.459999979    
  0.519999981    
  0.579999983    
  0.639999986    
  0.700000048    
  0.759999990    
  0.819999993    
  0.879999995    
  0.939999998    
  0.100000001    
  0.159999996    
  0.219999999    
  0.280000001    
  0.340000004    
  0.400000006    
  0.459999979    
  0.519999981    
  0.579999983    
  0.639999986    
  0.700000048    
  0.759999990    
  0.819999993    
  0.879999995    
  0.939999998    
  0.100000001    
  0.159999996    
  0.219999999    
  0.280000001    
  0.340000004    
  0.400000006    
  0.459999979    
  0.519999981    
  0.579999983    
  0.639999986    
  0.700000048    
  0.759999990    
  0.819999993    
  0.879999995    
  0.939999998    
  0.100000001    
  0.159999996    
  0.219999999    
  0.280000001    
  0.340000004    
  0.400000006    
  0.459999979    
  0.519999981    
  0.579999983    
  0.639999986    
  0.700000048    
  0.759999990    
  0.819999993    
  0.879999995    
  0.939999998    
  0.100000001    
  0.159999996    
  0.219999999    
  0.280000001    
  0.340000004    
  0.400000006    
  0.459999979    
  0.519999981    
  0.579999983    
  0.639999986    
  0.700000048    
  0.759999990    
  0.819999993    
  0.879999995    
  0.939999998    
  0.100000001    
  0.159999996    
  0.219999999    
  0.280000001    
  0.340000004    
  0.400000006    
  0.459999979    
  0.519999981    
  0.579999983    
  0.639999986    
  0.700000048    
  0.759999990    
  0.819999993    
  0.879999995    
  0.939999998    
  0.100000001    
  0.159999996    
  0.219999999    
  0.280000001    
  0.340000004    
  0.400000006    
  0.459999979    
  0.519999981    
  0.579999983    
  0.639999986    
  0.700000048    
  0.759999990    
  0.819999993    
  0.879999995    
  0.939999998    
  0.100000001    
  0.159999996    
  0.219999999    
  0.280000001    
  0.340000004    
  0.400000006    
  0.459999979    
  0.519999981    
  0.579999983    
  0.639999986    
  0.700000048    
  0.759999990    
  0.819999993    
  0.879999995    
  0.939999998    
  0.100000001    
  0.159999996    
  0.219999999    
  0.280000001    
  0.340000004    
  0.400000006    
  0.459999979    
  0.519999981    
  0.579999983    
  0.639999986    
  0.700000048    
  0.759999990    
  0.819999993    
  0.879999995    
  0.939999998    
  0.100000001    
  0.159999996    
  0.219999999    
  0.280000001    
  0.340000004    
  0.400000006    
  0.459999979    
  0.519999981    
  0.579999983    
  0.639999986    
  0.700000048    
  0.759999990    
  0.819999993    
  0.879999995    
  0.939999998    
