  0.100000001    
  0.144999996    
  0.189999998    
  0.234999985    
  0.280000001    
  0.324999988    
  0.369999975    
  0.414999992    
  0.459999979    
  0.504999995    
  0.550000012    
  0.594999969    
  0.639999986    
  0.685000002    
  0.730000019    
  0.775000036    
  0.819999993    
  0.865000010    
  0.909999967    
  0.955000043    
  0.100000001    
  0.144999996    
  0.189999998    
  0.234999985    
  0.280000001    
  0.324999988    
  0.369999975    
  0.414999992    
  0.459999979    
  0.504999995    
  0.550000012    
  0.594999969    
  0.639999986    
  0.685000002    
  0.730000019    
  0.775000036    
  0.819999993    
  0.865000010    
  0.909999967    
  0.955000043    
  0.100000001    
  0.144999996    
  0.189999998    
  0.234999985    
  0.280000001    
  0.324999988    
  0.369999975    
  0.414999992    
  0.459999979    
  0.504999995    
  0.550000012    
  0.594999969    
  0.639999986    
  0.685000002    
  0.730000019    
  0.775000036    
  0.819999993    
  0.865000010    
  0.909999967    
  0.955000043    
  0.100000001    
  0.144999996    
  0.189999998    
  0.234999985    
  0.280000001    
  0.324999988    
  0.369999975    
  0.414999992    
  0.459999979    
  0.504999995    
  0.550000012    
  0.594999969    
  0.639999986    
  0.685000002    
  0.730000019    
  0.775000036    
  0.819999993    
  0.865000010    
  0.909999967    
  0.955000043    
  0.100000001    
  0.144999996    
  0.189999998    
  0.234999985    
  0.280000001    
  0.324999988    
  0.369999975    
  0.414999992    
  0.459999979    
  0.504999995    
  0.550000012    
  0.594999969    
  0.639999986    
  0.685000002    
  0.730000019    
  0.775000036    
  0.819999993    
  0.865000010    
  0.909999967    
  0.955000043    
  0.100000001    
  0.144999996    
  0.189999998    
  0.234999985    
  0.280000001    
  0.324999988    
  0.369999975    
  0.414999992    
  0.459999979    
  0.504999995    
  0.550000012    
  0.594999969    
  0.639999986    
  0.685000002    
  0.730000019    
  0.775000036    
  0.819999993    
  0.865000010    
  0.909999967    
  0.955000043    
  0.100000001    
  0.144999996    
  0.189999998    
  0.234999985    
  0.280000001    
  0.324999988    
  0.369999975    
  0.414999992    
  0.459999979    
  0.504999995    
  0.550000012    
  0.594999969    
  0.639999986    
  0.685000002    
  0.730000019    
  0.775000036    
  0.819999993    
  0.865000010    
  0.909999967    
  0.955000043    
  0.100000001    
  0.144999996    
  0.189999998    
  0.234999985    
  0.280000001    
  0.324999988    
  0.369999975    
  0.414999992    
  0.459999979    
  0.504999995    
  0.550000012    
  0.594999969    
  0.639999986    
  0.685000002    
  0.730000019    
  0.775000036    
  0.819999993    
  0.865000010    
  0.909999967    
  0.955000043    
  0.100000001    
  0.144999996    
  0.189999998    
  0.234999985    
  0.280000001    
  0.324999988    
  0.369999975    
  0.414999992    
  0.459999979    
  0.504999995    
  0.550000012    
  0.594999969    
  0.639999986    
  0.685000002    
  0.730000019    
  0.775000036    
  0.819999993    
  0.865000010    
  0.909999967    
  0.955000043    
  0.100000001    
  0.144999996    
  0.189999998    
  0.234999985    
  0.280000001    
  0.324999988    
  0.369999975    
  0.414999992    
  0.459999979    
  0.504999995    
  0.550000012    
  0.594999969    
  0.639999986    
  0.685000002    
  0.730000019    
  0.775000036    
  0.819999993    
  0.865000010    
  0.909999967    
  0.955000043    
  0.100000001    
  0.144999996    
  0.189999998    
  0.234999985    
  0.280000001    
  0.324999988    
  0.369999975    
  0.414999992    
  0.459999979    
  0.504999995    
  0.550000012    
  0.594999969    
  0.639999986    
  0.685000002    
  0.730000019    
  0.775000036    
  0.819999993    
  0.865000010    
  0.909999967    
  0.955000043    
  0.100000001    
  0.144999996    
  0.189999998    
  0.234999985    
  0.280000001    
  0.324999988    
  0.369999975    
  0.414999992    
  0.459999979    
  0.504999995    
  0.550000012    
  0.594999969    
  0.639999986    
  0.685000002    
  0.730000019    
  0.775000036    
  0.819999993    
  0.865000010    
  0.909999967    
  0.955000043    
  0.100000001    
  0.144999996    
  0.189999998    
  0.234999985    
  0.280000001    
  0.324999988    
  0.369999975    
  0.414999992    
  0.459999979    
  0.504999995    
  0.550000012    
  0.594999969    
  0.639999986    
  0.685000002    
  0.730000019    
  0.775000036    
  0.819999993    
  0.865000010    
  0.909999967    
  0.955000043    
  0.100000001    
  0.144999996    
  0.189999998    
  0.234999985    
  0.280000001    
  0.324999988    
  0.369999975    
  0.414999992    
  0.459999979    
  0.504999995    
  0.550000012    
  0.594999969    
  0.639999986    
  0.685000002    
  0.730000019    
  0.775000036    
  0.819999993    
  0.865000010    
  0.909999967    
  0.955000043    
  0.100000001    
  0.144999996    
  0.189999998    
  0.234999985    
  0.280000001    
  0.324999988    
  0.369999975    
  0.414999992    
  0.459999979    
  0.504999995    
  0.550000012    
  0.594999969    
  0.639999986    
  0.685000002    
  0.730000019    
  0.775000036    
  0.819999993    
  0.865000010    
  0.909999967    
  0.955000043    
  0.100000001    
  0.144999996    
  0.189999998    
  0.234999985    
  0.280000001    
  0.324999988    
  0.369999975    
  0.414999992    
  0.459999979    
  0.504999995    
  0.550000012    
  0.594999969    
  0.639999986    
  0.685000002    
  0.730000019    
  0.775000036    
  0.819999993    
  0.865000010    
  0.909999967    
  0.955000043    
  0.100000001    
  0.144999996    
  0.189999998    
  0.234999985    
  0.280000001    
  0.324999988    
  0.369999975    
  0.414999992    
  0.459999979    
  0.504999995    
  0.550000012    
  0.594999969    
  0.639999986    
  0.685000002    
  0.730000019    
  0.775000036    
  0.819999993    
  0.865000010    
  0.909999967    
  0.955000043    
  0.100000001    
  0.144999996    
  0.189999998    
  0.234999985    
  0.280000001    
  0.324999988    
  0.369999975    
  0.414999992    
  0.459999979    
  0.504999995    
  0.550000012    
  0.594999969    
  0.639999986    
  0.685000002    
  0.730000019    
  0.775000036    
  0.819999993    
  0.865000010    
  0.909999967    
  0.955000043    
  0.100000001    
  0.144999996    
  0.189999998    
  0.234999985    
  0.280000001    
  0.324999988    
  0.369999975    
  0.414999992    
  0.459999979    
  0.504999995    
  0.550000012    
  0.594999969    
  0.639999986    
  0.685000002    
  0.730000019    
  0.775000036    
  0.819999993    
  0.865000010    
  0.909999967    
  0.955000043    
  0.100000001    
  0.144999996    
  0.189999998    
  0.234999985    
  0.280000001    
  0.324999988    
  0.369999975    
  0.414999992    
  0.459999979    
  0.504999995    
  0.550000012    
  0.594999969    
  0.639999986    
  0.685000002    
  0.730000019    
  0.775000036    
  0.819999993    
  0.865000010    
  0.909999967    
  0.955000043    
