  0.100000001    
  0.136000007    
  0.171999991    
  0.208000004    
  0.243999988    
  0.280000001    
  0.315999985    
  0.351999968    
  0.387999982    
  0.423999965    
  0.460000008    
  0.495999992    
  0.532000005    
  0.568000019    
  0.603999972    
  0.640000045    
  0.675999999    
  0.712000012    
  0.747999966    
  0.784000039    
  0.820000052    
  0.856000006    
  0.892000020    
  0.927999973    
  0.963999987    
  0.100000001    
  0.136000007    
  0.171999991    
  0.208000004    
  0.243999988    
  0.280000001    
  0.315999985    
  0.351999968    
  0.387999982    
  0.423999965    
  0.460000008    
  0.495999992    
  0.532000005    
  0.568000019    
  0.603999972    
  0.640000045    
  0.675999999    
  0.712000012    
  0.747999966    
  0.784000039    
  0.820000052    
  0.856000006    
  0.892000020    
  0.927999973    
  0.963999987    
  0.100000001    
  0.136000007    
  0.171999991    
  0.208000004    
  0.243999988    
  0.280000001    
  0.315999985    
  0.351999968    
  0.387999982    
  0.423999965    
  0.460000008    
  0.495999992    
  0.532000005    
  0.568000019    
  0.603999972    
  0.640000045    
  0.675999999    
  0.712000012    
  0.747999966    
  0.784000039    
  0.820000052    
  0.856000006    
  0.892000020    
  0.927999973    
  0.963999987    
  0.100000001    
  0.136000007    
  0.171999991    
  0.208000004    
  0.243999988    
  0.280000001    
  0.315999985    
  0.351999968    
  0.387999982    
  0.423999965    
  0.460000008    
  0.495999992    
  0.532000005    
  0.568000019    
  0.603999972    
  0.640000045    
  0.675999999    
  0.712000012    
  0.747999966    
  0.784000039    
  0.820000052    
  0.856000006    
  0.892000020    
  0.927999973    
  0.963999987    
  0.100000001    
  0.136000007    
  0.171999991    
  0.208000004    
  0.243999988    
  0.280000001    
  0.315999985    
  0.351999968    
  0.387999982    
  0.423999965    
  0.460000008    
  0.495999992    
  0.532000005    
  0.568000019    
  0.603999972    
  0.640000045    
  0.675999999    
  0.712000012    
  0.747999966    
  0.784000039    
  0.820000052    
  0.856000006    
  0.892000020    
  0.927999973    
  0.963999987    
  0.100000001    
  0.136000007    
  0.171999991    
  0.208000004    
  0.243999988    
  0.280000001    
  0.315999985    
  0.351999968    
  0.387999982    
  0.423999965    
  0.460000008    
  0.495999992    
  0.532000005    
  0.568000019    
  0.603999972    
  0.640000045    
  0.675999999    
  0.712000012    
  0.747999966    
  0.784000039    
  0.820000052    
  0.856000006    
  0.892000020    
  0.927999973    
  0.963999987    
  0.100000001    
  0.136000007    
  0.171999991    
  0.208000004    
  0.243999988    
  0.280000001    
  0.315999985    
  0.351999968    
  0.387999982    
  0.423999965    
  0.460000008    
  0.495999992    
  0.532000005    
  0.568000019    
  0.603999972    
  0.640000045    
  0.675999999    
  0.712000012    
  0.747999966    
  0.784000039    
  0.820000052    
  0.856000006    
  0.892000020    
  0.927999973    
  0.963999987    
  0.100000001    
  0.136000007    
  0.171999991    
  0.208000004    
  0.243999988    
  0.280000001    
  0.315999985    
  0.351999968    
  0.387999982    
  0.423999965    
  0.460000008    
  0.495999992    
  0.532000005    
  0.568000019    
  0.603999972    
  0.640000045    
  0.675999999    
  0.712000012    
  0.747999966    
  0.784000039    
  0.820000052    
  0.856000006    
  0.892000020    
  0.927999973    
  0.963999987    
  0.100000001    
  0.136000007    
  0.171999991    
  0.208000004    
  0.243999988    
  0.280000001    
  0.315999985    
  0.351999968    
  0.387999982    
  0.423999965    
  0.460000008    
  0.495999992    
  0.532000005    
  0.568000019    
  0.603999972    
  0.640000045    
  0.675999999    
  0.712000012    
  0.747999966    
  0.784000039    
  0.820000052    
  0.856000006    
  0.892000020    
  0.927999973    
  0.963999987    
  0.100000001    
  0.136000007    
  0.171999991    
  0.208000004    
  0.243999988    
  0.280000001    
  0.315999985    
  0.351999968    
  0.387999982    
  0.423999965    
  0.460000008    
  0.495999992    
  0.532000005    
  0.568000019    
  0.603999972    
  0.640000045    
  0.675999999    
  0.712000012    
  0.747999966    
  0.784000039    
  0.820000052    
  0.856000006    
  0.892000020    
  0.927999973    
  0.963999987    
  0.100000001    
  0.136000007    
  0.171999991    
  0.208000004    
  0.243999988    
  0.280000001    
  0.315999985    
  0.351999968    
  0.387999982    
  0.423999965    
  0.460000008    
  0.495999992    
  0.532000005    
  0.568000019    
  0.603999972    
  0.640000045    
  0.675999999    
  0.712000012    
  0.747999966    
  0.784000039    
  0.820000052    
  0.856000006    
  0.892000020    
  0.927999973    
  0.963999987    
  0.100000001    
  0.136000007    
  0.171999991    
  0.208000004    
  0.243999988    
  0.280000001    
  0.315999985    
  0.351999968    
  0.387999982    
  0.423999965    
  0.460000008    
  0.495999992    
  0.532000005    
  0.568000019    
  0.603999972    
  0.640000045    
  0.675999999    
  0.712000012    
  0.747999966    
  0.784000039    
  0.820000052    
  0.856000006    
  0.892000020    
  0.927999973    
  0.963999987    
  0.100000001    
  0.136000007    
  0.171999991    
  0.208000004    
  0.243999988    
  0.280000001    
  0.315999985    
  0.351999968    
  0.387999982    
  0.423999965    
  0.460000008    
  0.495999992    
  0.532000005    
  0.568000019    
  0.603999972    
  0.640000045    
  0.675999999    
  0.712000012    
  0.747999966    
  0.784000039    
  0.820000052    
  0.856000006    
  0.892000020    
  0.927999973    
  0.963999987    
  0.100000001    
  0.136000007    
  0.171999991    
  0.208000004    
  0.243999988    
  0.280000001    
  0.315999985    
  0.351999968    
  0.387999982    
  0.423999965    
  0.460000008    
  0.495999992    
  0.532000005    
  0.568000019    
  0.603999972    
  0.640000045    
  0.675999999    
  0.712000012    
  0.747999966    
  0.784000039    
  0.820000052    
  0.856000006    
  0.892000020    
  0.927999973    
  0.963999987    
  0.100000001    
  0.136000007    
  0.171999991    
  0.208000004    
  0.243999988    
  0.280000001    
  0.315999985    
  0.351999968    
  0.387999982    
  0.423999965    
  0.460000008    
  0.495999992    
  0.532000005    
  0.568000019    
  0.603999972    
  0.640000045    
  0.675999999    
  0.712000012    
  0.747999966    
  0.784000039    
  0.820000052    
  0.856000006    
  0.892000020    
  0.927999973    
  0.963999987    
  0.100000001    
  0.136000007    
  0.171999991    
  0.208000004    
  0.243999988    
  0.280000001    
  0.315999985    
  0.351999968    
  0.387999982    
  0.423999965    
  0.460000008    
  0.495999992    
  0.532000005    
  0.568000019    
  0.603999972    
  0.640000045    
  0.675999999    
  0.712000012    
  0.747999966    
  0.784000039    
  0.820000052    
  0.856000006    
  0.892000020    
  0.927999973    
  0.963999987    
  0.100000001    
  0.136000007    
  0.171999991    
  0.208000004    
  0.243999988    
  0.280000001    
  0.315999985    
  0.351999968    
  0.387999982    
  0.423999965    
  0.460000008    
  0.495999992    
  0.532000005    
  0.568000019    
  0.603999972    
  0.640000045    
  0.675999999    
  0.712000012    
  0.747999966    
  0.784000039    
  0.820000052    
  0.856000006    
  0.892000020    
  0.927999973    
  0.963999987    
  0.100000001    
  0.136000007    
  0.171999991    
  0.208000004    
  0.243999988    
  0.280000001    
  0.315999985    
  0.351999968    
  0.387999982    
  0.423999965    
  0.460000008    
  0.495999992    
  0.532000005    
  0.568000019    
  0.603999972    
  0.640000045    
  0.675999999    
  0.712000012    
  0.747999966    
  0.784000039    
  0.820000052    
  0.856000006    
  0.892000020    
  0.927999973    
  0.963999987    
  0.100000001    
  0.136000007    
  0.171999991    
  0.208000004    
  0.243999988    
  0.280000001    
  0.315999985    
  0.351999968    
  0.387999982    
  0.423999965    
  0.460000008    
  0.495999992    
  0.532000005    
  0.568000019    
  0.603999972    
  0.640000045    
  0.675999999    
  0.712000012    
  0.747999966    
  0.784000039    
  0.820000052    
  0.856000006    
  0.892000020    
  0.927999973    
  0.963999987    
  0.100000001    
  0.136000007    
  0.171999991    
  0.208000004    
  0.243999988    
  0.280000001    
  0.315999985    
  0.351999968    
  0.387999982    
  0.423999965    
  0.460000008    
  0.495999992    
  0.532000005    
  0.568000019    
  0.603999972    
  0.640000045    
  0.675999999    
  0.712000012    
  0.747999966    
  0.784000039    
  0.820000052    
  0.856000006    
  0.892000020    
  0.927999973    
  0.963999987    
  0.100000001    
  0.136000007    
  0.171999991    
  0.208000004    
  0.243999988    
  0.280000001    
  0.315999985    
  0.351999968    
  0.387999982    
  0.423999965    
  0.460000008    
  0.495999992    
  0.532000005    
  0.568000019    
  0.603999972    
  0.640000045    
  0.675999999    
  0.712000012    
  0.747999966    
  0.784000039    
  0.820000052    
  0.856000006    
  0.892000020    
  0.927999973    
  0.963999987    
  0.100000001    
  0.136000007    
  0.171999991    
  0.208000004    
  0.243999988    
  0.280000001    
  0.315999985    
  0.351999968    
  0.387999982    
  0.423999965    
  0.460000008    
  0.495999992    
  0.532000005    
  0.568000019    
  0.603999972    
  0.640000045    
  0.675999999    
  0.712000012    
  0.747999966    
  0.784000039    
  0.820000052    
  0.856000006    
  0.892000020    
  0.927999973    
  0.963999987    
  0.100000001    
  0.136000007    
  0.171999991    
  0.208000004    
  0.243999988    
  0.280000001    
  0.315999985    
  0.351999968    
  0.387999982    
  0.423999965    
  0.460000008    
  0.495999992    
  0.532000005    
  0.568000019    
  0.603999972    
  0.640000045    
  0.675999999    
  0.712000012    
  0.747999966    
  0.784000039    
  0.820000052    
  0.856000006    
  0.892000020    
  0.927999973    
  0.963999987    
  0.100000001    
  0.136000007    
  0.171999991    
  0.208000004    
  0.243999988    
  0.280000001    
  0.315999985    
  0.351999968    
  0.387999982    
  0.423999965    
  0.460000008    
  0.495999992    
  0.532000005    
  0.568000019    
  0.603999972    
  0.640000045    
  0.675999999    
  0.712000012    
  0.747999966    
  0.784000039    
  0.820000052    
  0.856000006    
  0.892000020    
  0.927999973    
  0.963999987    
  0.100000001    
  0.136000007    
  0.171999991    
  0.208000004    
  0.243999988    
  0.280000001    
  0.315999985    
  0.351999968    
  0.387999982    
  0.423999965    
  0.460000008    
  0.495999992    
  0.532000005    
  0.568000019    
  0.603999972    
  0.640000045    
  0.675999999    
  0.712000012    
  0.747999966    
  0.784000039    
  0.820000052    
  0.856000006    
  0.892000020    
  0.927999973    
  0.963999987    
