  0.100000001    
  0.125714287    
  0.151428580    
  0.177142859    
  0.202857137    
  0.228571445    
  0.254285693    
  0.280000001    
  0.305714279    
  0.331428558    
  0.357142866    
  0.382857114    
  0.408571392    
  0.434285700    
  0.459999979    
  0.485714287    
  0.511428595    
  0.537142873    
  0.562857091    
  0.588571429    
  0.614285767    
  0.639999986    
  0.665714264    
  0.691428542    
  0.717142820    
  0.742857158    
  0.768571436    
  0.794285715    
  0.819999993    
  0.845714271    
  0.871428609    
  0.897142887    
  0.922857165    
  0.948571444    
  0.974285722    
  0.100000001    
  0.125714287    
  0.151428580    
  0.177142859    
  0.202857137    
  0.228571445    
  0.254285693    
  0.280000001    
  0.305714279    
  0.331428558    
  0.357142866    
  0.382857114    
  0.408571392    
  0.434285700    
  0.459999979    
  0.485714287    
  0.511428595    
  0.537142873    
  0.562857091    
  0.588571429    
  0.614285767    
  0.639999986    
  0.665714264    
  0.691428542    
  0.717142820    
  0.742857158    
  0.768571436    
  0.794285715    
  0.819999993    
  0.845714271    
  0.871428609    
  0.897142887    
  0.922857165    
  0.948571444    
  0.974285722    
  0.100000001    
  0.125714287    
  0.151428580    
  0.177142859    
  0.202857137    
  0.228571445    
  0.254285693    
  0.280000001    
  0.305714279    
  0.331428558    
  0.357142866    
  0.382857114    
  0.408571392    
  0.434285700    
  0.459999979    
  0.485714287    
  0.511428595    
  0.537142873    
  0.562857091    
  0.588571429    
  0.614285767    
  0.639999986    
  0.665714264    
  0.691428542    
  0.717142820    
  0.742857158    
  0.768571436    
  0.794285715    
  0.819999993    
  0.845714271    
  0.871428609    
  0.897142887    
  0.922857165    
  0.948571444    
  0.974285722    
  0.100000001    
  0.125714287    
  0.151428580    
  0.177142859    
  0.202857137    
  0.228571445    
  0.254285693    
  0.280000001    
  0.305714279    
  0.331428558    
  0.357142866    
  0.382857114    
  0.408571392    
  0.434285700    
  0.459999979    
  0.485714287    
  0.511428595    
  0.537142873    
  0.562857091    
  0.588571429    
  0.614285767    
  0.639999986    
  0.665714264    
  0.691428542    
  0.717142820    
  0.742857158    
  0.768571436    
  0.794285715    
  0.819999993    
  0.845714271    
  0.871428609    
  0.897142887    
  0.922857165    
  0.948571444    
  0.974285722    
  0.100000001    
  0.125714287    
  0.151428580    
  0.177142859    
  0.202857137    
  0.228571445    
  0.254285693    
  0.280000001    
  0.305714279    
  0.331428558    
  0.357142866    
  0.382857114    
  0.408571392    
  0.434285700    
  0.459999979    
  0.485714287    
  0.511428595    
  0.537142873    
  0.562857091    
  0.588571429    
  0.614285767    
  0.639999986    
  0.665714264    
  0.691428542    
  0.717142820    
  0.742857158    
  0.768571436    
  0.794285715    
  0.819999993    
  0.845714271    
  0.871428609    
  0.897142887    
  0.922857165    
  0.948571444    
  0.974285722    
  0.100000001    
  0.125714287    
  0.151428580    
  0.177142859    
  0.202857137    
  0.228571445    
  0.254285693    
  0.280000001    
  0.305714279    
  0.331428558    
  0.357142866    
  0.382857114    
  0.408571392    
  0.434285700    
  0.459999979    
  0.485714287    
  0.511428595    
  0.537142873    
  0.562857091    
  0.588571429    
  0.614285767    
  0.639999986    
  0.665714264    
  0.691428542    
  0.717142820    
  0.742857158    
  0.768571436    
  0.794285715    
  0.819999993    
  0.845714271    
  0.871428609    
  0.897142887    
  0.922857165    
  0.948571444    
  0.974285722    
  0.100000001    
  0.125714287    
  0.151428580    
  0.177142859    
  0.202857137    
  0.228571445    
  0.254285693    
  0.280000001    
  0.305714279    
  0.331428558    
  0.357142866    
  0.382857114    
  0.408571392    
  0.434285700    
  0.459999979    
  0.485714287    
  0.511428595    
  0.537142873    
  0.562857091    
  0.588571429    
  0.614285767    
  0.639999986    
  0.665714264    
  0.691428542    
  0.717142820    
  0.742857158    
  0.768571436    
  0.794285715    
  0.819999993    
  0.845714271    
  0.871428609    
  0.897142887    
  0.922857165    
  0.948571444    
  0.974285722    
  0.100000001    
  0.125714287    
  0.151428580    
  0.177142859    
  0.202857137    
  0.228571445    
  0.254285693    
  0.280000001    
  0.305714279    
  0.331428558    
  0.357142866    
  0.382857114    
  0.408571392    
  0.434285700    
  0.459999979    
  0.485714287    
  0.511428595    
  0.537142873    
  0.562857091    
  0.588571429    
  0.614285767    
  0.639999986    
  0.665714264    
  0.691428542    
  0.717142820    
  0.742857158    
  0.768571436    
  0.794285715    
  0.819999993    
  0.845714271    
  0.871428609    
  0.897142887    
  0.922857165    
  0.948571444    
  0.974285722    
  0.100000001    
  0.125714287    
  0.151428580    
  0.177142859    
  0.202857137    
  0.228571445    
  0.254285693    
  0.280000001    
  0.305714279    
  0.331428558    
  0.357142866    
  0.382857114    
  0.408571392    
  0.434285700    
  0.459999979    
  0.485714287    
  0.511428595    
  0.537142873    
  0.562857091    
  0.588571429    
  0.614285767    
  0.639999986    
  0.665714264    
  0.691428542    
  0.717142820    
  0.742857158    
  0.768571436    
  0.794285715    
  0.819999993    
  0.845714271    
  0.871428609    
  0.897142887    
  0.922857165    
  0.948571444    
  0.974285722    
  0.100000001    
  0.125714287    
  0.151428580    
  0.177142859    
  0.202857137    
  0.228571445    
  0.254285693    
  0.280000001    
  0.305714279    
  0.331428558    
  0.357142866    
  0.382857114    
  0.408571392    
  0.434285700    
  0.459999979    
  0.485714287    
  0.511428595    
  0.537142873    
  0.562857091    
  0.588571429    
  0.614285767    
  0.639999986    
  0.665714264    
  0.691428542    
  0.717142820    
  0.742857158    
  0.768571436    
  0.794285715    
  0.819999993    
  0.845714271    
  0.871428609    
  0.897142887    
  0.922857165    
  0.948571444    
  0.974285722    
  0.100000001    
  0.125714287    
  0.151428580    
  0.177142859    
  0.202857137    
  0.228571445    
  0.254285693    
  0.280000001    
  0.305714279    
  0.331428558    
  0.357142866    
  0.382857114    
  0.408571392    
  0.434285700    
  0.459999979    
  0.485714287    
  0.511428595    
  0.537142873    
  0.562857091    
  0.588571429    
  0.614285767    
  0.639999986    
  0.665714264    
  0.691428542    
  0.717142820    
  0.742857158    
  0.768571436    
  0.794285715    
  0.819999993    
  0.845714271    
  0.871428609    
  0.897142887    
  0.922857165    
  0.948571444    
  0.974285722    
  0.100000001    
  0.125714287    
  0.151428580    
  0.177142859    
  0.202857137    
  0.228571445    
  0.254285693    
  0.280000001    
  0.305714279    
  0.331428558    
  0.357142866    
  0.382857114    
  0.408571392    
  0.434285700    
  0.459999979    
  0.485714287    
  0.511428595    
  0.537142873    
  0.562857091    
  0.588571429    
  0.614285767    
  0.639999986    
  0.665714264    
  0.691428542    
  0.717142820    
  0.742857158    
  0.768571436    
  0.794285715    
  0.819999993    
  0.845714271    
  0.871428609    
  0.897142887    
  0.922857165    
  0.948571444    
  0.974285722    
  0.100000001    
  0.125714287    
  0.151428580    
  0.177142859    
  0.202857137    
  0.228571445    
  0.254285693    
  0.280000001    
  0.305714279    
  0.331428558    
  0.357142866    
  0.382857114    
  0.408571392    
  0.434285700    
  0.459999979    
  0.485714287    
  0.511428595    
  0.537142873    
  0.562857091    
  0.588571429    
  0.614285767    
  0.639999986    
  0.665714264    
  0.691428542    
  0.717142820    
  0.742857158    
  0.768571436    
  0.794285715    
  0.819999993    
  0.845714271    
  0.871428609    
  0.897142887    
  0.922857165    
  0.948571444    
  0.974285722    
  0.100000001    
  0.125714287    
  0.151428580    
  0.177142859    
  0.202857137    
  0.228571445    
  0.254285693    
  0.280000001    
  0.305714279    
  0.331428558    
  0.357142866    
  0.382857114    
  0.408571392    
  0.434285700    
  0.459999979    
  0.485714287    
  0.511428595    
  0.537142873    
  0.562857091    
  0.588571429    
  0.614285767    
  0.639999986    
  0.665714264    
  0.691428542    
  0.717142820    
  0.742857158    
  0.768571436    
  0.794285715    
  0.819999993    
  0.845714271    
  0.871428609    
  0.897142887    
  0.922857165    
  0.948571444    
  0.974285722    
  0.100000001    
  0.125714287    
  0.151428580    
  0.177142859    
  0.202857137    
  0.228571445    
  0.254285693    
  0.280000001    
  0.305714279    
  0.331428558    
  0.357142866    
  0.382857114    
  0.408571392    
  0.434285700    
  0.459999979    
  0.485714287    
  0.511428595    
  0.537142873    
  0.562857091    
  0.588571429    
  0.614285767    
  0.639999986    
  0.665714264    
  0.691428542    
  0.717142820    
  0.742857158    
  0.768571436    
  0.794285715    
  0.819999993    
  0.845714271    
  0.871428609    
  0.897142887    
  0.922857165    
  0.948571444    
  0.974285722    
  0.100000001    
  0.125714287    
  0.151428580    
  0.177142859    
  0.202857137    
  0.228571445    
  0.254285693    
  0.280000001    
  0.305714279    
  0.331428558    
  0.357142866    
  0.382857114    
  0.408571392    
  0.434285700    
  0.459999979    
  0.485714287    
  0.511428595    
  0.537142873    
  0.562857091    
  0.588571429    
  0.614285767    
  0.639999986    
  0.665714264    
  0.691428542    
  0.717142820    
  0.742857158    
  0.768571436    
  0.794285715    
  0.819999993    
  0.845714271    
  0.871428609    
  0.897142887    
  0.922857165    
  0.948571444    
  0.974285722    
  0.100000001    
  0.125714287    
  0.151428580    
  0.177142859    
  0.202857137    
  0.228571445    
  0.254285693    
  0.280000001    
  0.305714279    
  0.331428558    
  0.357142866    
  0.382857114    
  0.408571392    
  0.434285700    
  0.459999979    
  0.485714287    
  0.511428595    
  0.537142873    
  0.562857091    
  0.588571429    
  0.614285767    
  0.639999986    
  0.665714264    
  0.691428542    
  0.717142820    
  0.742857158    
  0.768571436    
  0.794285715    
  0.819999993    
  0.845714271    
  0.871428609    
  0.897142887    
  0.922857165    
  0.948571444    
  0.974285722    
  0.100000001    
  0.125714287    
  0.151428580    
  0.177142859    
  0.202857137    
  0.228571445    
  0.254285693    
  0.280000001    
  0.305714279    
  0.331428558    
  0.357142866    
  0.382857114    
  0.408571392    
  0.434285700    
  0.459999979    
  0.485714287    
  0.511428595    
  0.537142873    
  0.562857091    
  0.588571429    
  0.614285767    
  0.639999986    
  0.665714264    
  0.691428542    
  0.717142820    
  0.742857158    
  0.768571436    
  0.794285715    
  0.819999993    
  0.845714271    
  0.871428609    
  0.897142887    
  0.922857165    
  0.948571444    
  0.974285722    
  0.100000001    
  0.125714287    
  0.151428580    
  0.177142859    
  0.202857137    
  0.228571445    
  0.254285693    
  0.280000001    
  0.305714279    
  0.331428558    
  0.357142866    
  0.382857114    
  0.408571392    
  0.434285700    
  0.459999979    
  0.485714287    
  0.511428595    
  0.537142873    
  0.562857091    
  0.588571429    
  0.614285767    
  0.639999986    
  0.665714264    
  0.691428542    
  0.717142820    
  0.742857158    
  0.768571436    
  0.794285715    
  0.819999993    
  0.845714271    
  0.871428609    
  0.897142887    
  0.922857165    
  0.948571444    
  0.974285722    
  0.100000001    
  0.125714287    
  0.151428580    
  0.177142859    
  0.202857137    
  0.228571445    
  0.254285693    
  0.280000001    
  0.305714279    
  0.331428558    
  0.357142866    
  0.382857114    
  0.408571392    
  0.434285700    
  0.459999979    
  0.485714287    
  0.511428595    
  0.537142873    
  0.562857091    
  0.588571429    
  0.614285767    
  0.639999986    
  0.665714264    
  0.691428542    
  0.717142820    
  0.742857158    
  0.768571436    
  0.794285715    
  0.819999993    
  0.845714271    
  0.871428609    
  0.897142887    
  0.922857165    
  0.948571444    
  0.974285722    
  0.100000001    
  0.125714287    
  0.151428580    
  0.177142859    
  0.202857137    
  0.228571445    
  0.254285693    
  0.280000001    
  0.305714279    
  0.331428558    
  0.357142866    
  0.382857114    
  0.408571392    
  0.434285700    
  0.459999979    
  0.485714287    
  0.511428595    
  0.537142873    
  0.562857091    
  0.588571429    
  0.614285767    
  0.639999986    
  0.665714264    
  0.691428542    
  0.717142820    
  0.742857158    
  0.768571436    
  0.794285715    
  0.819999993    
  0.845714271    
  0.871428609    
  0.897142887    
  0.922857165    
  0.948571444    
  0.974285722    
  0.100000001    
  0.125714287    
  0.151428580    
  0.177142859    
  0.202857137    
  0.228571445    
  0.254285693    
  0.280000001    
  0.305714279    
  0.331428558    
  0.357142866    
  0.382857114    
  0.408571392    
  0.434285700    
  0.459999979    
  0.485714287    
  0.511428595    
  0.537142873    
  0.562857091    
  0.588571429    
  0.614285767    
  0.639999986    
  0.665714264    
  0.691428542    
  0.717142820    
  0.742857158    
  0.768571436    
  0.794285715    
  0.819999993    
  0.845714271    
  0.871428609    
  0.897142887    
  0.922857165    
  0.948571444    
  0.974285722    
  0.100000001    
  0.125714287    
  0.151428580    
  0.177142859    
  0.202857137    
  0.228571445    
  0.254285693    
  0.280000001    
  0.305714279    
  0.331428558    
  0.357142866    
  0.382857114    
  0.408571392    
  0.434285700    
  0.459999979    
  0.485714287    
  0.511428595    
  0.537142873    
  0.562857091    
  0.588571429    
  0.614285767    
  0.639999986    
  0.665714264    
  0.691428542    
  0.717142820    
  0.742857158    
  0.768571436    
  0.794285715    
  0.819999993    
  0.845714271    
  0.871428609    
  0.897142887    
  0.922857165    
  0.948571444    
  0.974285722    
  0.100000001    
  0.125714287    
  0.151428580    
  0.177142859    
  0.202857137    
  0.228571445    
  0.254285693    
  0.280000001    
  0.305714279    
  0.331428558    
  0.357142866    
  0.382857114    
  0.408571392    
  0.434285700    
  0.459999979    
  0.485714287    
  0.511428595    
  0.537142873    
  0.562857091    
  0.588571429    
  0.614285767    
  0.639999986    
  0.665714264    
  0.691428542    
  0.717142820    
  0.742857158    
  0.768571436    
  0.794285715    
  0.819999993    
  0.845714271    
  0.871428609    
  0.897142887    
  0.922857165    
  0.948571444    
  0.974285722    
  0.100000001    
  0.125714287    
  0.151428580    
  0.177142859    
  0.202857137    
  0.228571445    
  0.254285693    
  0.280000001    
  0.305714279    
  0.331428558    
  0.357142866    
  0.382857114    
  0.408571392    
  0.434285700    
  0.459999979    
  0.485714287    
  0.511428595    
  0.537142873    
  0.562857091    
  0.588571429    
  0.614285767    
  0.639999986    
  0.665714264    
  0.691428542    
  0.717142820    
  0.742857158    
  0.768571436    
  0.794285715    
  0.819999993    
  0.845714271    
  0.871428609    
  0.897142887    
  0.922857165    
  0.948571444    
  0.974285722    
  0.100000001    
  0.125714287    
  0.151428580    
  0.177142859    
  0.202857137    
  0.228571445    
  0.254285693    
  0.280000001    
  0.305714279    
  0.331428558    
  0.357142866    
  0.382857114    
  0.408571392    
  0.434285700    
  0.459999979    
  0.485714287    
  0.511428595    
  0.537142873    
  0.562857091    
  0.588571429    
  0.614285767    
  0.639999986    
  0.665714264    
  0.691428542    
  0.717142820    
  0.742857158    
  0.768571436    
  0.794285715    
  0.819999993    
  0.845714271    
  0.871428609    
  0.897142887    
  0.922857165    
  0.948571444    
  0.974285722    
  0.100000001    
  0.125714287    
  0.151428580    
  0.177142859    
  0.202857137    
  0.228571445    
  0.254285693    
  0.280000001    
  0.305714279    
  0.331428558    
  0.357142866    
  0.382857114    
  0.408571392    
  0.434285700    
  0.459999979    
  0.485714287    
  0.511428595    
  0.537142873    
  0.562857091    
  0.588571429    
  0.614285767    
  0.639999986    
  0.665714264    
  0.691428542    
  0.717142820    
  0.742857158    
  0.768571436    
  0.794285715    
  0.819999993    
  0.845714271    
  0.871428609    
  0.897142887    
  0.922857165    
  0.948571444    
  0.974285722    
  0.100000001    
  0.125714287    
  0.151428580    
  0.177142859    
  0.202857137    
  0.228571445    
  0.254285693    
  0.280000001    
  0.305714279    
  0.331428558    
  0.357142866    
  0.382857114    
  0.408571392    
  0.434285700    
  0.459999979    
  0.485714287    
  0.511428595    
  0.537142873    
  0.562857091    
  0.588571429    
  0.614285767    
  0.639999986    
  0.665714264    
  0.691428542    
  0.717142820    
  0.742857158    
  0.768571436    
  0.794285715    
  0.819999993    
  0.845714271    
  0.871428609    
  0.897142887    
  0.922857165    
  0.948571444    
  0.974285722    
  0.100000001    
  0.125714287    
  0.151428580    
  0.177142859    
  0.202857137    
  0.228571445    
  0.254285693    
  0.280000001    
  0.305714279    
  0.331428558    
  0.357142866    
  0.382857114    
  0.408571392    
  0.434285700    
  0.459999979    
  0.485714287    
  0.511428595    
  0.537142873    
  0.562857091    
  0.588571429    
  0.614285767    
  0.639999986    
  0.665714264    
  0.691428542    
  0.717142820    
  0.742857158    
  0.768571436    
  0.794285715    
  0.819999993    
  0.845714271    
  0.871428609    
  0.897142887    
  0.922857165    
  0.948571444    
  0.974285722    
  0.100000001    
  0.125714287    
  0.151428580    
  0.177142859    
  0.202857137    
  0.228571445    
  0.254285693    
  0.280000001    
  0.305714279    
  0.331428558    
  0.357142866    
  0.382857114    
  0.408571392    
  0.434285700    
  0.459999979    
  0.485714287    
  0.511428595    
  0.537142873    
  0.562857091    
  0.588571429    
  0.614285767    
  0.639999986    
  0.665714264    
  0.691428542    
  0.717142820    
  0.742857158    
  0.768571436    
  0.794285715    
  0.819999993    
  0.845714271    
  0.871428609    
  0.897142887    
  0.922857165    
  0.948571444    
  0.974285722    
  0.100000001    
  0.125714287    
  0.151428580    
  0.177142859    
  0.202857137    
  0.228571445    
  0.254285693    
  0.280000001    
  0.305714279    
  0.331428558    
  0.357142866    
  0.382857114    
  0.408571392    
  0.434285700    
  0.459999979    
  0.485714287    
  0.511428595    
  0.537142873    
  0.562857091    
  0.588571429    
  0.614285767    
  0.639999986    
  0.665714264    
  0.691428542    
  0.717142820    
  0.742857158    
  0.768571436    
  0.794285715    
  0.819999993    
  0.845714271    
  0.871428609    
  0.897142887    
  0.922857165    
  0.948571444    
  0.974285722    
  0.100000001    
  0.125714287    
  0.151428580    
  0.177142859    
  0.202857137    
  0.228571445    
  0.254285693    
  0.280000001    
  0.305714279    
  0.331428558    
  0.357142866    
  0.382857114    
  0.408571392    
  0.434285700    
  0.459999979    
  0.485714287    
  0.511428595    
  0.537142873    
  0.562857091    
  0.588571429    
  0.614285767    
  0.639999986    
  0.665714264    
  0.691428542    
  0.717142820    
  0.742857158    
  0.768571436    
  0.794285715    
  0.819999993    
  0.845714271    
  0.871428609    
  0.897142887    
  0.922857165    
  0.948571444    
  0.974285722    
  0.100000001    
  0.125714287    
  0.151428580    
  0.177142859    
  0.202857137    
  0.228571445    
  0.254285693    
  0.280000001    
  0.305714279    
  0.331428558    
  0.357142866    
  0.382857114    
  0.408571392    
  0.434285700    
  0.459999979    
  0.485714287    
  0.511428595    
  0.537142873    
  0.562857091    
  0.588571429    
  0.614285767    
  0.639999986    
  0.665714264    
  0.691428542    
  0.717142820    
  0.742857158    
  0.768571436    
  0.794285715    
  0.819999993    
  0.845714271    
  0.871428609    
  0.897142887    
  0.922857165    
  0.948571444    
  0.974285722    
  0.100000001    
  0.125714287    
  0.151428580    
  0.177142859    
  0.202857137    
  0.228571445    
  0.254285693    
  0.280000001    
  0.305714279    
  0.331428558    
  0.357142866    
  0.382857114    
  0.408571392    
  0.434285700    
  0.459999979    
  0.485714287    
  0.511428595    
  0.537142873    
  0.562857091    
  0.588571429    
  0.614285767    
  0.639999986    
  0.665714264    
  0.691428542    
  0.717142820    
  0.742857158    
  0.768571436    
  0.794285715    
  0.819999993    
  0.845714271    
  0.871428609    
  0.897142887    
  0.922857165    
  0.948571444    
  0.974285722    
  0.100000001    
  0.125714287    
  0.151428580    
  0.177142859    
  0.202857137    
  0.228571445    
  0.254285693    
  0.280000001    
  0.305714279    
  0.331428558    
  0.357142866    
  0.382857114    
  0.408571392    
  0.434285700    
  0.459999979    
  0.485714287    
  0.511428595    
  0.537142873    
  0.562857091    
  0.588571429    
  0.614285767    
  0.639999986    
  0.665714264    
  0.691428542    
  0.717142820    
  0.742857158    
  0.768571436    
  0.794285715    
  0.819999993    
  0.845714271    
  0.871428609    
  0.897142887    
  0.922857165    
  0.948571444    
  0.974285722    
