  0.100000001    
  0.122500002    
  0.144999996    
  0.167499989    
  0.189999998    
  0.212500006    
  0.234999985    
  0.257499993    
  0.280000001    
  0.302499980    
  0.324999988    
  0.347499996    
  0.369999975    
  0.392499983    
  0.414999992    
  0.437500000    
  0.459999979    
  0.482499987    
  0.504999995    
  0.527500033    
  0.550000012    
  0.572499990    
  0.594999969    
  0.617500007    
  0.639999986    
  0.662500024    
  0.685000002    
  0.707499981    
  0.730000019    
  0.752499998    
  0.775000036    
  0.797500014    
  0.819999993    
  0.842499971    
  0.865000010    
  0.887500048    
  0.909999967    
  0.932500005    
  0.955000043    
  0.977499962    
  0.100000001    
  0.122500002    
  0.144999996    
  0.167499989    
  0.189999998    
  0.212500006    
  0.234999985    
  0.257499993    
  0.280000001    
  0.302499980    
  0.324999988    
  0.347499996    
  0.369999975    
  0.392499983    
  0.414999992    
  0.437500000    
  0.459999979    
  0.482499987    
  0.504999995    
  0.527500033    
  0.550000012    
  0.572499990    
  0.594999969    
  0.617500007    
  0.639999986    
  0.662500024    
  0.685000002    
  0.707499981    
  0.730000019    
  0.752499998    
  0.775000036    
  0.797500014    
  0.819999993    
  0.842499971    
  0.865000010    
  0.887500048    
  0.909999967    
  0.932500005    
  0.955000043    
  0.977499962    
  0.100000001    
  0.122500002    
  0.144999996    
  0.167499989    
  0.189999998    
  0.212500006    
  0.234999985    
  0.257499993    
  0.280000001    
  0.302499980    
  0.324999988    
  0.347499996    
  0.369999975    
  0.392499983    
  0.414999992    
  0.437500000    
  0.459999979    
  0.482499987    
  0.504999995    
  0.527500033    
  0.550000012    
  0.572499990    
  0.594999969    
  0.617500007    
  0.639999986    
  0.662500024    
  0.685000002    
  0.707499981    
  0.730000019    
  0.752499998    
  0.775000036    
  0.797500014    
  0.819999993    
  0.842499971    
  0.865000010    
  0.887500048    
  0.909999967    
  0.932500005    
  0.955000043    
  0.977499962    
  0.100000001    
  0.122500002    
  0.144999996    
  0.167499989    
  0.189999998    
  0.212500006    
  0.234999985    
  0.257499993    
  0.280000001    
  0.302499980    
  0.324999988    
  0.347499996    
  0.369999975    
  0.392499983    
  0.414999992    
  0.437500000    
  0.459999979    
  0.482499987    
  0.504999995    
  0.527500033    
  0.550000012    
  0.572499990    
  0.594999969    
  0.617500007    
  0.639999986    
  0.662500024    
  0.685000002    
  0.707499981    
  0.730000019    
  0.752499998    
  0.775000036    
  0.797500014    
  0.819999993    
  0.842499971    
  0.865000010    
  0.887500048    
  0.909999967    
  0.932500005    
  0.955000043    
  0.977499962    
  0.100000001    
  0.122500002    
  0.144999996    
  0.167499989    
  0.189999998    
  0.212500006    
  0.234999985    
  0.257499993    
  0.280000001    
  0.302499980    
  0.324999988    
  0.347499996    
  0.369999975    
  0.392499983    
  0.414999992    
  0.437500000    
  0.459999979    
  0.482499987    
  0.504999995    
  0.527500033    
  0.550000012    
  0.572499990    
  0.594999969    
  0.617500007    
  0.639999986    
  0.662500024    
  0.685000002    
  0.707499981    
  0.730000019    
  0.752499998    
  0.775000036    
  0.797500014    
  0.819999993    
  0.842499971    
  0.865000010    
  0.887500048    
  0.909999967    
  0.932500005    
  0.955000043    
  0.977499962    
  0.100000001    
  0.122500002    
  0.144999996    
  0.167499989    
  0.189999998    
  0.212500006    
  0.234999985    
  0.257499993    
  0.280000001    
  0.302499980    
  0.324999988    
  0.347499996    
  0.369999975    
  0.392499983    
  0.414999992    
  0.437500000    
  0.459999979    
  0.482499987    
  0.504999995    
  0.527500033    
  0.550000012    
  0.572499990    
  0.594999969    
  0.617500007    
  0.639999986    
  0.662500024    
  0.685000002    
  0.707499981    
  0.730000019    
  0.752499998    
  0.775000036    
  0.797500014    
  0.819999993    
  0.842499971    
  0.865000010    
  0.887500048    
  0.909999967    
  0.932500005    
  0.955000043    
  0.977499962    
  0.100000001    
  0.122500002    
  0.144999996    
  0.167499989    
  0.189999998    
  0.212500006    
  0.234999985    
  0.257499993    
  0.280000001    
  0.302499980    
  0.324999988    
  0.347499996    
  0.369999975    
  0.392499983    
  0.414999992    
  0.437500000    
  0.459999979    
  0.482499987    
  0.504999995    
  0.527500033    
  0.550000012    
  0.572499990    
  0.594999969    
  0.617500007    
  0.639999986    
  0.662500024    
  0.685000002    
  0.707499981    
  0.730000019    
  0.752499998    
  0.775000036    
  0.797500014    
  0.819999993    
  0.842499971    
  0.865000010    
  0.887500048    
  0.909999967    
  0.932500005    
  0.955000043    
  0.977499962    
  0.100000001    
  0.122500002    
  0.144999996    
  0.167499989    
  0.189999998    
  0.212500006    
  0.234999985    
  0.257499993    
  0.280000001    
  0.302499980    
  0.324999988    
  0.347499996    
  0.369999975    
  0.392499983    
  0.414999992    
  0.437500000    
  0.459999979    
  0.482499987    
  0.504999995    
  0.527500033    
  0.550000012    
  0.572499990    
  0.594999969    
  0.617500007    
  0.639999986    
  0.662500024    
  0.685000002    
  0.707499981    
  0.730000019    
  0.752499998    
  0.775000036    
  0.797500014    
  0.819999993    
  0.842499971    
  0.865000010    
  0.887500048    
  0.909999967    
  0.932500005    
  0.955000043    
  0.977499962    
  0.100000001    
  0.122500002    
  0.144999996    
  0.167499989    
  0.189999998    
  0.212500006    
  0.234999985    
  0.257499993    
  0.280000001    
  0.302499980    
  0.324999988    
  0.347499996    
  0.369999975    
  0.392499983    
  0.414999992    
  0.437500000    
  0.459999979    
  0.482499987    
  0.504999995    
  0.527500033    
  0.550000012    
  0.572499990    
  0.594999969    
  0.617500007    
  0.639999986    
  0.662500024    
  0.685000002    
  0.707499981    
  0.730000019    
  0.752499998    
  0.775000036    
  0.797500014    
  0.819999993    
  0.842499971    
  0.865000010    
  0.887500048    
  0.909999967    
  0.932500005    
  0.955000043    
  0.977499962    
  0.100000001    
  0.122500002    
  0.144999996    
  0.167499989    
  0.189999998    
  0.212500006    
  0.234999985    
  0.257499993    
  0.280000001    
  0.302499980    
  0.324999988    
  0.347499996    
  0.369999975    
  0.392499983    
  0.414999992    
  0.437500000    
  0.459999979    
  0.482499987    
  0.504999995    
  0.527500033    
  0.550000012    
  0.572499990    
  0.594999969    
  0.617500007    
  0.639999986    
  0.662500024    
  0.685000002    
  0.707499981    
  0.730000019    
  0.752499998    
  0.775000036    
  0.797500014    
  0.819999993    
  0.842499971    
  0.865000010    
  0.887500048    
  0.909999967    
  0.932500005    
  0.955000043    
  0.977499962    
  0.100000001    
  0.122500002    
  0.144999996    
  0.167499989    
  0.189999998    
  0.212500006    
  0.234999985    
  0.257499993    
  0.280000001    
  0.302499980    
  0.324999988    
  0.347499996    
  0.369999975    
  0.392499983    
  0.414999992    
  0.437500000    
  0.459999979    
  0.482499987    
  0.504999995    
  0.527500033    
  0.550000012    
  0.572499990    
  0.594999969    
  0.617500007    
  0.639999986    
  0.662500024    
  0.685000002    
  0.707499981    
  0.730000019    
  0.752499998    
  0.775000036    
  0.797500014    
  0.819999993    
  0.842499971    
  0.865000010    
  0.887500048    
  0.909999967    
  0.932500005    
  0.955000043    
  0.977499962    
  0.100000001    
  0.122500002    
  0.144999996    
  0.167499989    
  0.189999998    
  0.212500006    
  0.234999985    
  0.257499993    
  0.280000001    
  0.302499980    
  0.324999988    
  0.347499996    
  0.369999975    
  0.392499983    
  0.414999992    
  0.437500000    
  0.459999979    
  0.482499987    
  0.504999995    
  0.527500033    
  0.550000012    
  0.572499990    
  0.594999969    
  0.617500007    
  0.639999986    
  0.662500024    
  0.685000002    
  0.707499981    
  0.730000019    
  0.752499998    
  0.775000036    
  0.797500014    
  0.819999993    
  0.842499971    
  0.865000010    
  0.887500048    
  0.909999967    
  0.932500005    
  0.955000043    
  0.977499962    
  0.100000001    
  0.122500002    
  0.144999996    
  0.167499989    
  0.189999998    
  0.212500006    
  0.234999985    
  0.257499993    
  0.280000001    
  0.302499980    
  0.324999988    
  0.347499996    
  0.369999975    
  0.392499983    
  0.414999992    
  0.437500000    
  0.459999979    
  0.482499987    
  0.504999995    
  0.527500033    
  0.550000012    
  0.572499990    
  0.594999969    
  0.617500007    
  0.639999986    
  0.662500024    
  0.685000002    
  0.707499981    
  0.730000019    
  0.752499998    
  0.775000036    
  0.797500014    
  0.819999993    
  0.842499971    
  0.865000010    
  0.887500048    
  0.909999967    
  0.932500005    
  0.955000043    
  0.977499962    
  0.100000001    
  0.122500002    
  0.144999996    
  0.167499989    
  0.189999998    
  0.212500006    
  0.234999985    
  0.257499993    
  0.280000001    
  0.302499980    
  0.324999988    
  0.347499996    
  0.369999975    
  0.392499983    
  0.414999992    
  0.437500000    
  0.459999979    
  0.482499987    
  0.504999995    
  0.527500033    
  0.550000012    
  0.572499990    
  0.594999969    
  0.617500007    
  0.639999986    
  0.662500024    
  0.685000002    
  0.707499981    
  0.730000019    
  0.752499998    
  0.775000036    
  0.797500014    
  0.819999993    
  0.842499971    
  0.865000010    
  0.887500048    
  0.909999967    
  0.932500005    
  0.955000043    
  0.977499962    
  0.100000001    
  0.122500002    
  0.144999996    
  0.167499989    
  0.189999998    
  0.212500006    
  0.234999985    
  0.257499993    
  0.280000001    
  0.302499980    
  0.324999988    
  0.347499996    
  0.369999975    
  0.392499983    
  0.414999992    
  0.437500000    
  0.459999979    
  0.482499987    
  0.504999995    
  0.527500033    
  0.550000012    
  0.572499990    
  0.594999969    
  0.617500007    
  0.639999986    
  0.662500024    
  0.685000002    
  0.707499981    
  0.730000019    
  0.752499998    
  0.775000036    
  0.797500014    
  0.819999993    
  0.842499971    
  0.865000010    
  0.887500048    
  0.909999967    
  0.932500005    
  0.955000043    
  0.977499962    
  0.100000001    
  0.122500002    
  0.144999996    
  0.167499989    
  0.189999998    
  0.212500006    
  0.234999985    
  0.257499993    
  0.280000001    
  0.302499980    
  0.324999988    
  0.347499996    
  0.369999975    
  0.392499983    
  0.414999992    
  0.437500000    
  0.459999979    
  0.482499987    
  0.504999995    
  0.527500033    
  0.550000012    
  0.572499990    
  0.594999969    
  0.617500007    
  0.639999986    
  0.662500024    
  0.685000002    
  0.707499981    
  0.730000019    
  0.752499998    
  0.775000036    
  0.797500014    
  0.819999993    
  0.842499971    
  0.865000010    
  0.887500048    
  0.909999967    
  0.932500005    
  0.955000043    
  0.977499962    
  0.100000001    
  0.122500002    
  0.144999996    
  0.167499989    
  0.189999998    
  0.212500006    
  0.234999985    
  0.257499993    
  0.280000001    
  0.302499980    
  0.324999988    
  0.347499996    
  0.369999975    
  0.392499983    
  0.414999992    
  0.437500000    
  0.459999979    
  0.482499987    
  0.504999995    
  0.527500033    
  0.550000012    
  0.572499990    
  0.594999969    
  0.617500007    
  0.639999986    
  0.662500024    
  0.685000002    
  0.707499981    
  0.730000019    
  0.752499998    
  0.775000036    
  0.797500014    
  0.819999993    
  0.842499971    
  0.865000010    
  0.887500048    
  0.909999967    
  0.932500005    
  0.955000043    
  0.977499962    
  0.100000001    
  0.122500002    
  0.144999996    
  0.167499989    
  0.189999998    
  0.212500006    
  0.234999985    
  0.257499993    
  0.280000001    
  0.302499980    
  0.324999988    
  0.347499996    
  0.369999975    
  0.392499983    
  0.414999992    
  0.437500000    
  0.459999979    
  0.482499987    
  0.504999995    
  0.527500033    
  0.550000012    
  0.572499990    
  0.594999969    
  0.617500007    
  0.639999986    
  0.662500024    
  0.685000002    
  0.707499981    
  0.730000019    
  0.752499998    
  0.775000036    
  0.797500014    
  0.819999993    
  0.842499971    
  0.865000010    
  0.887500048    
  0.909999967    
  0.932500005    
  0.955000043    
  0.977499962    
  0.100000001    
  0.122500002    
  0.144999996    
  0.167499989    
  0.189999998    
  0.212500006    
  0.234999985    
  0.257499993    
  0.280000001    
  0.302499980    
  0.324999988    
  0.347499996    
  0.369999975    
  0.392499983    
  0.414999992    
  0.437500000    
  0.459999979    
  0.482499987    
  0.504999995    
  0.527500033    
  0.550000012    
  0.572499990    
  0.594999969    
  0.617500007    
  0.639999986    
  0.662500024    
  0.685000002    
  0.707499981    
  0.730000019    
  0.752499998    
  0.775000036    
  0.797500014    
  0.819999993    
  0.842499971    
  0.865000010    
  0.887500048    
  0.909999967    
  0.932500005    
  0.955000043    
  0.977499962    
  0.100000001    
  0.122500002    
  0.144999996    
  0.167499989    
  0.189999998    
  0.212500006    
  0.234999985    
  0.257499993    
  0.280000001    
  0.302499980    
  0.324999988    
  0.347499996    
  0.369999975    
  0.392499983    
  0.414999992    
  0.437500000    
  0.459999979    
  0.482499987    
  0.504999995    
  0.527500033    
  0.550000012    
  0.572499990    
  0.594999969    
  0.617500007    
  0.639999986    
  0.662500024    
  0.685000002    
  0.707499981    
  0.730000019    
  0.752499998    
  0.775000036    
  0.797500014    
  0.819999993    
  0.842499971    
  0.865000010    
  0.887500048    
  0.909999967    
  0.932500005    
  0.955000043    
  0.977499962    
  0.100000001    
  0.122500002    
  0.144999996    
  0.167499989    
  0.189999998    
  0.212500006    
  0.234999985    
  0.257499993    
  0.280000001    
  0.302499980    
  0.324999988    
  0.347499996    
  0.369999975    
  0.392499983    
  0.414999992    
  0.437500000    
  0.459999979    
  0.482499987    
  0.504999995    
  0.527500033    
  0.550000012    
  0.572499990    
  0.594999969    
  0.617500007    
  0.639999986    
  0.662500024    
  0.685000002    
  0.707499981    
  0.730000019    
  0.752499998    
  0.775000036    
  0.797500014    
  0.819999993    
  0.842499971    
  0.865000010    
  0.887500048    
  0.909999967    
  0.932500005    
  0.955000043    
  0.977499962    
  0.100000001    
  0.122500002    
  0.144999996    
  0.167499989    
  0.189999998    
  0.212500006    
  0.234999985    
  0.257499993    
  0.280000001    
  0.302499980    
  0.324999988    
  0.347499996    
  0.369999975    
  0.392499983    
  0.414999992    
  0.437500000    
  0.459999979    
  0.482499987    
  0.504999995    
  0.527500033    
  0.550000012    
  0.572499990    
  0.594999969    
  0.617500007    
  0.639999986    
  0.662500024    
  0.685000002    
  0.707499981    
  0.730000019    
  0.752499998    
  0.775000036    
  0.797500014    
  0.819999993    
  0.842499971    
  0.865000010    
  0.887500048    
  0.909999967    
  0.932500005    
  0.955000043    
  0.977499962    
  0.100000001    
  0.122500002    
  0.144999996    
  0.167499989    
  0.189999998    
  0.212500006    
  0.234999985    
  0.257499993    
  0.280000001    
  0.302499980    
  0.324999988    
  0.347499996    
  0.369999975    
  0.392499983    
  0.414999992    
  0.437500000    
  0.459999979    
  0.482499987    
  0.504999995    
  0.527500033    
  0.550000012    
  0.572499990    
  0.594999969    
  0.617500007    
  0.639999986    
  0.662500024    
  0.685000002    
  0.707499981    
  0.730000019    
  0.752499998    
  0.775000036    
  0.797500014    
  0.819999993    
  0.842499971    
  0.865000010    
  0.887500048    
  0.909999967    
  0.932500005    
  0.955000043    
  0.977499962    
  0.100000001    
  0.122500002    
  0.144999996    
  0.167499989    
  0.189999998    
  0.212500006    
  0.234999985    
  0.257499993    
  0.280000001    
  0.302499980    
  0.324999988    
  0.347499996    
  0.369999975    
  0.392499983    
  0.414999992    
  0.437500000    
  0.459999979    
  0.482499987    
  0.504999995    
  0.527500033    
  0.550000012    
  0.572499990    
  0.594999969    
  0.617500007    
  0.639999986    
  0.662500024    
  0.685000002    
  0.707499981    
  0.730000019    
  0.752499998    
  0.775000036    
  0.797500014    
  0.819999993    
  0.842499971    
  0.865000010    
  0.887500048    
  0.909999967    
  0.932500005    
  0.955000043    
  0.977499962    
  0.100000001    
  0.122500002    
  0.144999996    
  0.167499989    
  0.189999998    
  0.212500006    
  0.234999985    
  0.257499993    
  0.280000001    
  0.302499980    
  0.324999988    
  0.347499996    
  0.369999975    
  0.392499983    
  0.414999992    
  0.437500000    
  0.459999979    
  0.482499987    
  0.504999995    
  0.527500033    
  0.550000012    
  0.572499990    
  0.594999969    
  0.617500007    
  0.639999986    
  0.662500024    
  0.685000002    
  0.707499981    
  0.730000019    
  0.752499998    
  0.775000036    
  0.797500014    
  0.819999993    
  0.842499971    
  0.865000010    
  0.887500048    
  0.909999967    
  0.932500005    
  0.955000043    
  0.977499962    
  0.100000001    
  0.122500002    
  0.144999996    
  0.167499989    
  0.189999998    
  0.212500006    
  0.234999985    
  0.257499993    
  0.280000001    
  0.302499980    
  0.324999988    
  0.347499996    
  0.369999975    
  0.392499983    
  0.414999992    
  0.437500000    
  0.459999979    
  0.482499987    
  0.504999995    
  0.527500033    
  0.550000012    
  0.572499990    
  0.594999969    
  0.617500007    
  0.639999986    
  0.662500024    
  0.685000002    
  0.707499981    
  0.730000019    
  0.752499998    
  0.775000036    
  0.797500014    
  0.819999993    
  0.842499971    
  0.865000010    
  0.887500048    
  0.909999967    
  0.932500005    
  0.955000043    
  0.977499962    
  0.100000001    
  0.122500002    
  0.144999996    
  0.167499989    
  0.189999998    
  0.212500006    
  0.234999985    
  0.257499993    
  0.280000001    
  0.302499980    
  0.324999988    
  0.347499996    
  0.369999975    
  0.392499983    
  0.414999992    
  0.437500000    
  0.459999979    
  0.482499987    
  0.504999995    
  0.527500033    
  0.550000012    
  0.572499990    
  0.594999969    
  0.617500007    
  0.639999986    
  0.662500024    
  0.685000002    
  0.707499981    
  0.730000019    
  0.752499998    
  0.775000036    
  0.797500014    
  0.819999993    
  0.842499971    
  0.865000010    
  0.887500048    
  0.909999967    
  0.932500005    
  0.955000043    
  0.977499962    
  0.100000001    
  0.122500002    
  0.144999996    
  0.167499989    
  0.189999998    
  0.212500006    
  0.234999985    
  0.257499993    
  0.280000001    
  0.302499980    
  0.324999988    
  0.347499996    
  0.369999975    
  0.392499983    
  0.414999992    
  0.437500000    
  0.459999979    
  0.482499987    
  0.504999995    
  0.527500033    
  0.550000012    
  0.572499990    
  0.594999969    
  0.617500007    
  0.639999986    
  0.662500024    
  0.685000002    
  0.707499981    
  0.730000019    
  0.752499998    
  0.775000036    
  0.797500014    
  0.819999993    
  0.842499971    
  0.865000010    
  0.887500048    
  0.909999967    
  0.932500005    
  0.955000043    
  0.977499962    
  0.100000001    
  0.122500002    
  0.144999996    
  0.167499989    
  0.189999998    
  0.212500006    
  0.234999985    
  0.257499993    
  0.280000001    
  0.302499980    
  0.324999988    
  0.347499996    
  0.369999975    
  0.392499983    
  0.414999992    
  0.437500000    
  0.459999979    
  0.482499987    
  0.504999995    
  0.527500033    
  0.550000012    
  0.572499990    
  0.594999969    
  0.617500007    
  0.639999986    
  0.662500024    
  0.685000002    
  0.707499981    
  0.730000019    
  0.752499998    
  0.775000036    
  0.797500014    
  0.819999993    
  0.842499971    
  0.865000010    
  0.887500048    
  0.909999967    
  0.932500005    
  0.955000043    
  0.977499962    
  0.100000001    
  0.122500002    
  0.144999996    
  0.167499989    
  0.189999998    
  0.212500006    
  0.234999985    
  0.257499993    
  0.280000001    
  0.302499980    
  0.324999988    
  0.347499996    
  0.369999975    
  0.392499983    
  0.414999992    
  0.437500000    
  0.459999979    
  0.482499987    
  0.504999995    
  0.527500033    
  0.550000012    
  0.572499990    
  0.594999969    
  0.617500007    
  0.639999986    
  0.662500024    
  0.685000002    
  0.707499981    
  0.730000019    
  0.752499998    
  0.775000036    
  0.797500014    
  0.819999993    
  0.842499971    
  0.865000010    
  0.887500048    
  0.909999967    
  0.932500005    
  0.955000043    
  0.977499962    
  0.100000001    
  0.122500002    
  0.144999996    
  0.167499989    
  0.189999998    
  0.212500006    
  0.234999985    
  0.257499993    
  0.280000001    
  0.302499980    
  0.324999988    
  0.347499996    
  0.369999975    
  0.392499983    
  0.414999992    
  0.437500000    
  0.459999979    
  0.482499987    
  0.504999995    
  0.527500033    
  0.550000012    
  0.572499990    
  0.594999969    
  0.617500007    
  0.639999986    
  0.662500024    
  0.685000002    
  0.707499981    
  0.730000019    
  0.752499998    
  0.775000036    
  0.797500014    
  0.819999993    
  0.842499971    
  0.865000010    
  0.887500048    
  0.909999967    
  0.932500005    
  0.955000043    
  0.977499962    
  0.100000001    
  0.122500002    
  0.144999996    
  0.167499989    
  0.189999998    
  0.212500006    
  0.234999985    
  0.257499993    
  0.280000001    
  0.302499980    
  0.324999988    
  0.347499996    
  0.369999975    
  0.392499983    
  0.414999992    
  0.437500000    
  0.459999979    
  0.482499987    
  0.504999995    
  0.527500033    
  0.550000012    
  0.572499990    
  0.594999969    
  0.617500007    
  0.639999986    
  0.662500024    
  0.685000002    
  0.707499981    
  0.730000019    
  0.752499998    
  0.775000036    
  0.797500014    
  0.819999993    
  0.842499971    
  0.865000010    
  0.887500048    
  0.909999967    
  0.932500005    
  0.955000043    
  0.977499962    
  0.100000001    
  0.122500002    
  0.144999996    
  0.167499989    
  0.189999998    
  0.212500006    
  0.234999985    
  0.257499993    
  0.280000001    
  0.302499980    
  0.324999988    
  0.347499996    
  0.369999975    
  0.392499983    
  0.414999992    
  0.437500000    
  0.459999979    
  0.482499987    
  0.504999995    
  0.527500033    
  0.550000012    
  0.572499990    
  0.594999969    
  0.617500007    
  0.639999986    
  0.662500024    
  0.685000002    
  0.707499981    
  0.730000019    
  0.752499998    
  0.775000036    
  0.797500014    
  0.819999993    
  0.842499971    
  0.865000010    
  0.887500048    
  0.909999967    
  0.932500005    
  0.955000043    
  0.977499962    
  0.100000001    
  0.122500002    
  0.144999996    
  0.167499989    
  0.189999998    
  0.212500006    
  0.234999985    
  0.257499993    
  0.280000001    
  0.302499980    
  0.324999988    
  0.347499996    
  0.369999975    
  0.392499983    
  0.414999992    
  0.437500000    
  0.459999979    
  0.482499987    
  0.504999995    
  0.527500033    
  0.550000012    
  0.572499990    
  0.594999969    
  0.617500007    
  0.639999986    
  0.662500024    
  0.685000002    
  0.707499981    
  0.730000019    
  0.752499998    
  0.775000036    
  0.797500014    
  0.819999993    
  0.842499971    
  0.865000010    
  0.887500048    
  0.909999967    
  0.932500005    
  0.955000043    
  0.977499962    
  0.100000001    
  0.122500002    
  0.144999996    
  0.167499989    
  0.189999998    
  0.212500006    
  0.234999985    
  0.257499993    
  0.280000001    
  0.302499980    
  0.324999988    
  0.347499996    
  0.369999975    
  0.392499983    
  0.414999992    
  0.437500000    
  0.459999979    
  0.482499987    
  0.504999995    
  0.527500033    
  0.550000012    
  0.572499990    
  0.594999969    
  0.617500007    
  0.639999986    
  0.662500024    
  0.685000002    
  0.707499981    
  0.730000019    
  0.752499998    
  0.775000036    
  0.797500014    
  0.819999993    
  0.842499971    
  0.865000010    
  0.887500048    
  0.909999967    
  0.932500005    
  0.955000043    
  0.977499962    
  0.100000001    
  0.122500002    
  0.144999996    
  0.167499989    
  0.189999998    
  0.212500006    
  0.234999985    
  0.257499993    
  0.280000001    
  0.302499980    
  0.324999988    
  0.347499996    
  0.369999975    
  0.392499983    
  0.414999992    
  0.437500000    
  0.459999979    
  0.482499987    
  0.504999995    
  0.527500033    
  0.550000012    
  0.572499990    
  0.594999969    
  0.617500007    
  0.639999986    
  0.662500024    
  0.685000002    
  0.707499981    
  0.730000019    
  0.752499998    
  0.775000036    
  0.797500014    
  0.819999993    
  0.842499971    
  0.865000010    
  0.887500048    
  0.909999967    
  0.932500005    
  0.955000043    
  0.977499962    
  0.100000001    
  0.122500002    
  0.144999996    
  0.167499989    
  0.189999998    
  0.212500006    
  0.234999985    
  0.257499993    
  0.280000001    
  0.302499980    
  0.324999988    
  0.347499996    
  0.369999975    
  0.392499983    
  0.414999992    
  0.437500000    
  0.459999979    
  0.482499987    
  0.504999995    
  0.527500033    
  0.550000012    
  0.572499990    
  0.594999969    
  0.617500007    
  0.639999986    
  0.662500024    
  0.685000002    
  0.707499981    
  0.730000019    
  0.752499998    
  0.775000036    
  0.797500014    
  0.819999993    
  0.842499971    
  0.865000010    
  0.887500048    
  0.909999967    
  0.932500005    
  0.955000043    
  0.977499962    
  0.100000001    
  0.122500002    
  0.144999996    
  0.167499989    
  0.189999998    
  0.212500006    
  0.234999985    
  0.257499993    
  0.280000001    
  0.302499980    
  0.324999988    
  0.347499996    
  0.369999975    
  0.392499983    
  0.414999992    
  0.437500000    
  0.459999979    
  0.482499987    
  0.504999995    
  0.527500033    
  0.550000012    
  0.572499990    
  0.594999969    
  0.617500007    
  0.639999986    
  0.662500024    
  0.685000002    
  0.707499981    
  0.730000019    
  0.752499998    
  0.775000036    
  0.797500014    
  0.819999993    
  0.842499971    
  0.865000010    
  0.887500048    
  0.909999967    
  0.932500005    
  0.955000043    
  0.977499962    
  0.100000001    
  0.122500002    
  0.144999996    
  0.167499989    
  0.189999998    
  0.212500006    
  0.234999985    
  0.257499993    
  0.280000001    
  0.302499980    
  0.324999988    
  0.347499996    
  0.369999975    
  0.392499983    
  0.414999992    
  0.437500000    
  0.459999979    
  0.482499987    
  0.504999995    
  0.527500033    
  0.550000012    
  0.572499990    
  0.594999969    
  0.617500007    
  0.639999986    
  0.662500024    
  0.685000002    
  0.707499981    
  0.730000019    
  0.752499998    
  0.775000036    
  0.797500014    
  0.819999993    
  0.842499971    
  0.865000010    
  0.887500048    
  0.909999967    
  0.932500005    
  0.955000043    
  0.977499962    
  0.100000001    
  0.122500002    
  0.144999996    
  0.167499989    
  0.189999998    
  0.212500006    
  0.234999985    
  0.257499993    
  0.280000001    
  0.302499980    
  0.324999988    
  0.347499996    
  0.369999975    
  0.392499983    
  0.414999992    
  0.437500000    
  0.459999979    
  0.482499987    
  0.504999995    
  0.527500033    
  0.550000012    
  0.572499990    
  0.594999969    
  0.617500007    
  0.639999986    
  0.662500024    
  0.685000002    
  0.707499981    
  0.730000019    
  0.752499998    
  0.775000036    
  0.797500014    
  0.819999993    
  0.842499971    
  0.865000010    
  0.887500048    
  0.909999967    
  0.932500005    
  0.955000043    
  0.977499962    
