  0.100000001    
  0.120000005    
  0.140000001    
  0.159999996    
  0.180000007    
  0.200000003    
  0.219999999    
  0.240000010    
  0.259999990    
  0.280000001    
  0.300000012    
  0.319999993    
  0.339999974    
  0.359999985    
  0.379999995    
  0.400000006    
  0.419999987    
  0.439999968    
  0.459999979    
  0.479999989    
  0.500000000    
  0.519999981    
  0.540000021    
  0.560000002    
  0.579999983    
  0.600000024    
  0.620000005    
  0.639999986    
  0.660000026    
  0.680000007    
  0.700000048    
  0.720000029    
  0.740000010    
  0.759999990    
  0.779999971    
  0.800000012    
  0.819999993    
  0.840000033    
  0.860000014    
  0.879999995    
  0.900000036    
  0.919999957    
  0.939999998    
  0.960000038    
  0.980000019    
  0.100000001    
  0.120000005    
  0.140000001    
  0.159999996    
  0.180000007    
  0.200000003    
  0.219999999    
  0.240000010    
  0.259999990    
  0.280000001    
  0.300000012    
  0.319999993    
  0.339999974    
  0.359999985    
  0.379999995    
  0.400000006    
  0.419999987    
  0.439999968    
  0.459999979    
  0.479999989    
  0.500000000    
  0.519999981    
  0.540000021    
  0.560000002    
  0.579999983    
  0.600000024    
  0.620000005    
  0.639999986    
  0.660000026    
  0.680000007    
  0.700000048    
  0.720000029    
  0.740000010    
  0.759999990    
  0.779999971    
  0.800000012    
  0.819999993    
  0.840000033    
  0.860000014    
  0.879999995    
  0.900000036    
  0.919999957    
  0.939999998    
  0.960000038    
  0.980000019    
  0.100000001    
  0.120000005    
  0.140000001    
  0.159999996    
  0.180000007    
  0.200000003    
  0.219999999    
  0.240000010    
  0.259999990    
  0.280000001    
  0.300000012    
  0.319999993    
  0.339999974    
  0.359999985    
  0.379999995    
  0.400000006    
  0.419999987    
  0.439999968    
  0.459999979    
  0.479999989    
  0.500000000    
  0.519999981    
  0.540000021    
  0.560000002    
  0.579999983    
  0.600000024    
  0.620000005    
  0.639999986    
  0.660000026    
  0.680000007    
  0.700000048    
  0.720000029    
  0.740000010    
  0.759999990    
  0.779999971    
  0.800000012    
  0.819999993    
  0.840000033    
  0.860000014    
  0.879999995    
  0.900000036    
  0.919999957    
  0.939999998    
  0.960000038    
  0.980000019    
  0.100000001    
  0.120000005    
  0.140000001    
  0.159999996    
  0.180000007    
  0.200000003    
  0.219999999    
  0.240000010    
  0.259999990    
  0.280000001    
  0.300000012    
  0.319999993    
  0.339999974    
  0.359999985    
  0.379999995    
  0.400000006    
  0.419999987    
  0.439999968    
  0.459999979    
  0.479999989    
  0.500000000    
  0.519999981    
  0.540000021    
  0.560000002    
  0.579999983    
  0.600000024    
  0.620000005    
  0.639999986    
  0.660000026    
  0.680000007    
  0.700000048    
  0.720000029    
  0.740000010    
  0.759999990    
  0.779999971    
  0.800000012    
  0.819999993    
  0.840000033    
  0.860000014    
  0.879999995    
  0.900000036    
  0.919999957    
  0.939999998    
  0.960000038    
  0.980000019    
  0.100000001    
  0.120000005    
  0.140000001    
  0.159999996    
  0.180000007    
  0.200000003    
  0.219999999    
  0.240000010    
  0.259999990    
  0.280000001    
  0.300000012    
  0.319999993    
  0.339999974    
  0.359999985    
  0.379999995    
  0.400000006    
  0.419999987    
  0.439999968    
  0.459999979    
  0.479999989    
  0.500000000    
  0.519999981    
  0.540000021    
  0.560000002    
  0.579999983    
  0.600000024    
  0.620000005    
  0.639999986    
  0.660000026    
  0.680000007    
  0.700000048    
  0.720000029    
  0.740000010    
  0.759999990    
  0.779999971    
  0.800000012    
  0.819999993    
  0.840000033    
  0.860000014    
  0.879999995    
  0.900000036    
  0.919999957    
  0.939999998    
  0.960000038    
  0.980000019    
  0.100000001    
  0.120000005    
  0.140000001    
  0.159999996    
  0.180000007    
  0.200000003    
  0.219999999    
  0.240000010    
  0.259999990    
  0.280000001    
  0.300000012    
  0.319999993    
  0.339999974    
  0.359999985    
  0.379999995    
  0.400000006    
  0.419999987    
  0.439999968    
  0.459999979    
  0.479999989    
  0.500000000    
  0.519999981    
  0.540000021    
  0.560000002    
  0.579999983    
  0.600000024    
  0.620000005    
  0.639999986    
  0.660000026    
  0.680000007    
  0.700000048    
  0.720000029    
  0.740000010    
  0.759999990    
  0.779999971    
  0.800000012    
  0.819999993    
  0.840000033    
  0.860000014    
  0.879999995    
  0.900000036    
  0.919999957    
  0.939999998    
  0.960000038    
  0.980000019    
  0.100000001    
  0.120000005    
  0.140000001    
  0.159999996    
  0.180000007    
  0.200000003    
  0.219999999    
  0.240000010    
  0.259999990    
  0.280000001    
  0.300000012    
  0.319999993    
  0.339999974    
  0.359999985    
  0.379999995    
  0.400000006    
  0.419999987    
  0.439999968    
  0.459999979    
  0.479999989    
  0.500000000    
  0.519999981    
  0.540000021    
  0.560000002    
  0.579999983    
  0.600000024    
  0.620000005    
  0.639999986    
  0.660000026    
  0.680000007    
  0.700000048    
  0.720000029    
  0.740000010    
  0.759999990    
  0.779999971    
  0.800000012    
  0.819999993    
  0.840000033    
  0.860000014    
  0.879999995    
  0.900000036    
  0.919999957    
  0.939999998    
  0.960000038    
  0.980000019    
  0.100000001    
  0.120000005    
  0.140000001    
  0.159999996    
  0.180000007    
  0.200000003    
  0.219999999    
  0.240000010    
  0.259999990    
  0.280000001    
  0.300000012    
  0.319999993    
  0.339999974    
  0.359999985    
  0.379999995    
  0.400000006    
  0.419999987    
  0.439999968    
  0.459999979    
  0.479999989    
  0.500000000    
  0.519999981    
  0.540000021    
  0.560000002    
  0.579999983    
  0.600000024    
  0.620000005    
  0.639999986    
  0.660000026    
  0.680000007    
  0.700000048    
  0.720000029    
  0.740000010    
  0.759999990    
  0.779999971    
  0.800000012    
  0.819999993    
  0.840000033    
  0.860000014    
  0.879999995    
  0.900000036    
  0.919999957    
  0.939999998    
  0.960000038    
  0.980000019    
  0.100000001    
  0.120000005    
  0.140000001    
  0.159999996    
  0.180000007    
  0.200000003    
  0.219999999    
  0.240000010    
  0.259999990    
  0.280000001    
  0.300000012    
  0.319999993    
  0.339999974    
  0.359999985    
  0.379999995    
  0.400000006    
  0.419999987    
  0.439999968    
  0.459999979    
  0.479999989    
  0.500000000    
  0.519999981    
  0.540000021    
  0.560000002    
  0.579999983    
  0.600000024    
  0.620000005    
  0.639999986    
  0.660000026    
  0.680000007    
  0.700000048    
  0.720000029    
  0.740000010    
  0.759999990    
  0.779999971    
  0.800000012    
  0.819999993    
  0.840000033    
  0.860000014    
  0.879999995    
  0.900000036    
  0.919999957    
  0.939999998    
  0.960000038    
  0.980000019    
  0.100000001    
  0.120000005    
  0.140000001    
  0.159999996    
  0.180000007    
  0.200000003    
  0.219999999    
  0.240000010    
  0.259999990    
  0.280000001    
  0.300000012    
  0.319999993    
  0.339999974    
  0.359999985    
  0.379999995    
  0.400000006    
  0.419999987    
  0.439999968    
  0.459999979    
  0.479999989    
  0.500000000    
  0.519999981    
  0.540000021    
  0.560000002    
  0.579999983    
  0.600000024    
  0.620000005    
  0.639999986    
  0.660000026    
  0.680000007    
  0.700000048    
  0.720000029    
  0.740000010    
  0.759999990    
  0.779999971    
  0.800000012    
  0.819999993    
  0.840000033    
  0.860000014    
  0.879999995    
  0.900000036    
  0.919999957    
  0.939999998    
  0.960000038    
  0.980000019    
  0.100000001    
  0.120000005    
  0.140000001    
  0.159999996    
  0.180000007    
  0.200000003    
  0.219999999    
  0.240000010    
  0.259999990    
  0.280000001    
  0.300000012    
  0.319999993    
  0.339999974    
  0.359999985    
  0.379999995    
  0.400000006    
  0.419999987    
  0.439999968    
  0.459999979    
  0.479999989    
  0.500000000    
  0.519999981    
  0.540000021    
  0.560000002    
  0.579999983    
  0.600000024    
  0.620000005    
  0.639999986    
  0.660000026    
  0.680000007    
  0.700000048    
  0.720000029    
  0.740000010    
  0.759999990    
  0.779999971    
  0.800000012    
  0.819999993    
  0.840000033    
  0.860000014    
  0.879999995    
  0.900000036    
  0.919999957    
  0.939999998    
  0.960000038    
  0.980000019    
  0.100000001    
  0.120000005    
  0.140000001    
  0.159999996    
  0.180000007    
  0.200000003    
  0.219999999    
  0.240000010    
  0.259999990    
  0.280000001    
  0.300000012    
  0.319999993    
  0.339999974    
  0.359999985    
  0.379999995    
  0.400000006    
  0.419999987    
  0.439999968    
  0.459999979    
  0.479999989    
  0.500000000    
  0.519999981    
  0.540000021    
  0.560000002    
  0.579999983    
  0.600000024    
  0.620000005    
  0.639999986    
  0.660000026    
  0.680000007    
  0.700000048    
  0.720000029    
  0.740000010    
  0.759999990    
  0.779999971    
  0.800000012    
  0.819999993    
  0.840000033    
  0.860000014    
  0.879999995    
  0.900000036    
  0.919999957    
  0.939999998    
  0.960000038    
  0.980000019    
  0.100000001    
  0.120000005    
  0.140000001    
  0.159999996    
  0.180000007    
  0.200000003    
  0.219999999    
  0.240000010    
  0.259999990    
  0.280000001    
  0.300000012    
  0.319999993    
  0.339999974    
  0.359999985    
  0.379999995    
  0.400000006    
  0.419999987    
  0.439999968    
  0.459999979    
  0.479999989    
  0.500000000    
  0.519999981    
  0.540000021    
  0.560000002    
  0.579999983    
  0.600000024    
  0.620000005    
  0.639999986    
  0.660000026    
  0.680000007    
  0.700000048    
  0.720000029    
  0.740000010    
  0.759999990    
  0.779999971    
  0.800000012    
  0.819999993    
  0.840000033    
  0.860000014    
  0.879999995    
  0.900000036    
  0.919999957    
  0.939999998    
  0.960000038    
  0.980000019    
  0.100000001    
  0.120000005    
  0.140000001    
  0.159999996    
  0.180000007    
  0.200000003    
  0.219999999    
  0.240000010    
  0.259999990    
  0.280000001    
  0.300000012    
  0.319999993    
  0.339999974    
  0.359999985    
  0.379999995    
  0.400000006    
  0.419999987    
  0.439999968    
  0.459999979    
  0.479999989    
  0.500000000    
  0.519999981    
  0.540000021    
  0.560000002    
  0.579999983    
  0.600000024    
  0.620000005    
  0.639999986    
  0.660000026    
  0.680000007    
  0.700000048    
  0.720000029    
  0.740000010    
  0.759999990    
  0.779999971    
  0.800000012    
  0.819999993    
  0.840000033    
  0.860000014    
  0.879999995    
  0.900000036    
  0.919999957    
  0.939999998    
  0.960000038    
  0.980000019    
  0.100000001    
  0.120000005    
  0.140000001    
  0.159999996    
  0.180000007    
  0.200000003    
  0.219999999    
  0.240000010    
  0.259999990    
  0.280000001    
  0.300000012    
  0.319999993    
  0.339999974    
  0.359999985    
  0.379999995    
  0.400000006    
  0.419999987    
  0.439999968    
  0.459999979    
  0.479999989    
  0.500000000    
  0.519999981    
  0.540000021    
  0.560000002    
  0.579999983    
  0.600000024    
  0.620000005    
  0.639999986    
  0.660000026    
  0.680000007    
  0.700000048    
  0.720000029    
  0.740000010    
  0.759999990    
  0.779999971    
  0.800000012    
  0.819999993    
  0.840000033    
  0.860000014    
  0.879999995    
  0.900000036    
  0.919999957    
  0.939999998    
  0.960000038    
  0.980000019    
  0.100000001    
  0.120000005    
  0.140000001    
  0.159999996    
  0.180000007    
  0.200000003    
  0.219999999    
  0.240000010    
  0.259999990    
  0.280000001    
  0.300000012    
  0.319999993    
  0.339999974    
  0.359999985    
  0.379999995    
  0.400000006    
  0.419999987    
  0.439999968    
  0.459999979    
  0.479999989    
  0.500000000    
  0.519999981    
  0.540000021    
  0.560000002    
  0.579999983    
  0.600000024    
  0.620000005    
  0.639999986    
  0.660000026    
  0.680000007    
  0.700000048    
  0.720000029    
  0.740000010    
  0.759999990    
  0.779999971    
  0.800000012    
  0.819999993    
  0.840000033    
  0.860000014    
  0.879999995    
  0.900000036    
  0.919999957    
  0.939999998    
  0.960000038    
  0.980000019    
  0.100000001    
  0.120000005    
  0.140000001    
  0.159999996    
  0.180000007    
  0.200000003    
  0.219999999    
  0.240000010    
  0.259999990    
  0.280000001    
  0.300000012    
  0.319999993    
  0.339999974    
  0.359999985    
  0.379999995    
  0.400000006    
  0.419999987    
  0.439999968    
  0.459999979    
  0.479999989    
  0.500000000    
  0.519999981    
  0.540000021    
  0.560000002    
  0.579999983    
  0.600000024    
  0.620000005    
  0.639999986    
  0.660000026    
  0.680000007    
  0.700000048    
  0.720000029    
  0.740000010    
  0.759999990    
  0.779999971    
  0.800000012    
  0.819999993    
  0.840000033    
  0.860000014    
  0.879999995    
  0.900000036    
  0.919999957    
  0.939999998    
  0.960000038    
  0.980000019    
  0.100000001    
  0.120000005    
  0.140000001    
  0.159999996    
  0.180000007    
  0.200000003    
  0.219999999    
  0.240000010    
  0.259999990    
  0.280000001    
  0.300000012    
  0.319999993    
  0.339999974    
  0.359999985    
  0.379999995    
  0.400000006    
  0.419999987    
  0.439999968    
  0.459999979    
  0.479999989    
  0.500000000    
  0.519999981    
  0.540000021    
  0.560000002    
  0.579999983    
  0.600000024    
  0.620000005    
  0.639999986    
  0.660000026    
  0.680000007    
  0.700000048    
  0.720000029    
  0.740000010    
  0.759999990    
  0.779999971    
  0.800000012    
  0.819999993    
  0.840000033    
  0.860000014    
  0.879999995    
  0.900000036    
  0.919999957    
  0.939999998    
  0.960000038    
  0.980000019    
  0.100000001    
  0.120000005    
  0.140000001    
  0.159999996    
  0.180000007    
  0.200000003    
  0.219999999    
  0.240000010    
  0.259999990    
  0.280000001    
  0.300000012    
  0.319999993    
  0.339999974    
  0.359999985    
  0.379999995    
  0.400000006    
  0.419999987    
  0.439999968    
  0.459999979    
  0.479999989    
  0.500000000    
  0.519999981    
  0.540000021    
  0.560000002    
  0.579999983    
  0.600000024    
  0.620000005    
  0.639999986    
  0.660000026    
  0.680000007    
  0.700000048    
  0.720000029    
  0.740000010    
  0.759999990    
  0.779999971    
  0.800000012    
  0.819999993    
  0.840000033    
  0.860000014    
  0.879999995    
  0.900000036    
  0.919999957    
  0.939999998    
  0.960000038    
  0.980000019    
  0.100000001    
  0.120000005    
  0.140000001    
  0.159999996    
  0.180000007    
  0.200000003    
  0.219999999    
  0.240000010    
  0.259999990    
  0.280000001    
  0.300000012    
  0.319999993    
  0.339999974    
  0.359999985    
  0.379999995    
  0.400000006    
  0.419999987    
  0.439999968    
  0.459999979    
  0.479999989    
  0.500000000    
  0.519999981    
  0.540000021    
  0.560000002    
  0.579999983    
  0.600000024    
  0.620000005    
  0.639999986    
  0.660000026    
  0.680000007    
  0.700000048    
  0.720000029    
  0.740000010    
  0.759999990    
  0.779999971    
  0.800000012    
  0.819999993    
  0.840000033    
  0.860000014    
  0.879999995    
  0.900000036    
  0.919999957    
  0.939999998    
  0.960000038    
  0.980000019    
  0.100000001    
  0.120000005    
  0.140000001    
  0.159999996    
  0.180000007    
  0.200000003    
  0.219999999    
  0.240000010    
  0.259999990    
  0.280000001    
  0.300000012    
  0.319999993    
  0.339999974    
  0.359999985    
  0.379999995    
  0.400000006    
  0.419999987    
  0.439999968    
  0.459999979    
  0.479999989    
  0.500000000    
  0.519999981    
  0.540000021    
  0.560000002    
  0.579999983    
  0.600000024    
  0.620000005    
  0.639999986    
  0.660000026    
  0.680000007    
  0.700000048    
  0.720000029    
  0.740000010    
  0.759999990    
  0.779999971    
  0.800000012    
  0.819999993    
  0.840000033    
  0.860000014    
  0.879999995    
  0.900000036    
  0.919999957    
  0.939999998    
  0.960000038    
  0.980000019    
  0.100000001    
  0.120000005    
  0.140000001    
  0.159999996    
  0.180000007    
  0.200000003    
  0.219999999    
  0.240000010    
  0.259999990    
  0.280000001    
  0.300000012    
  0.319999993    
  0.339999974    
  0.359999985    
  0.379999995    
  0.400000006    
  0.419999987    
  0.439999968    
  0.459999979    
  0.479999989    
  0.500000000    
  0.519999981    
  0.540000021    
  0.560000002    
  0.579999983    
  0.600000024    
  0.620000005    
  0.639999986    
  0.660000026    
  0.680000007    
  0.700000048    
  0.720000029    
  0.740000010    
  0.759999990    
  0.779999971    
  0.800000012    
  0.819999993    
  0.840000033    
  0.860000014    
  0.879999995    
  0.900000036    
  0.919999957    
  0.939999998    
  0.960000038    
  0.980000019    
  0.100000001    
  0.120000005    
  0.140000001    
  0.159999996    
  0.180000007    
  0.200000003    
  0.219999999    
  0.240000010    
  0.259999990    
  0.280000001    
  0.300000012    
  0.319999993    
  0.339999974    
  0.359999985    
  0.379999995    
  0.400000006    
  0.419999987    
  0.439999968    
  0.459999979    
  0.479999989    
  0.500000000    
  0.519999981    
  0.540000021    
  0.560000002    
  0.579999983    
  0.600000024    
  0.620000005    
  0.639999986    
  0.660000026    
  0.680000007    
  0.700000048    
  0.720000029    
  0.740000010    
  0.759999990    
  0.779999971    
  0.800000012    
  0.819999993    
  0.840000033    
  0.860000014    
  0.879999995    
  0.900000036    
  0.919999957    
  0.939999998    
  0.960000038    
  0.980000019    
  0.100000001    
  0.120000005    
  0.140000001    
  0.159999996    
  0.180000007    
  0.200000003    
  0.219999999    
  0.240000010    
  0.259999990    
  0.280000001    
  0.300000012    
  0.319999993    
  0.339999974    
  0.359999985    
  0.379999995    
  0.400000006    
  0.419999987    
  0.439999968    
  0.459999979    
  0.479999989    
  0.500000000    
  0.519999981    
  0.540000021    
  0.560000002    
  0.579999983    
  0.600000024    
  0.620000005    
  0.639999986    
  0.660000026    
  0.680000007    
  0.700000048    
  0.720000029    
  0.740000010    
  0.759999990    
  0.779999971    
  0.800000012    
  0.819999993    
  0.840000033    
  0.860000014    
  0.879999995    
  0.900000036    
  0.919999957    
  0.939999998    
  0.960000038    
  0.980000019    
  0.100000001    
  0.120000005    
  0.140000001    
  0.159999996    
  0.180000007    
  0.200000003    
  0.219999999    
  0.240000010    
  0.259999990    
  0.280000001    
  0.300000012    
  0.319999993    
  0.339999974    
  0.359999985    
  0.379999995    
  0.400000006    
  0.419999987    
  0.439999968    
  0.459999979    
  0.479999989    
  0.500000000    
  0.519999981    
  0.540000021    
  0.560000002    
  0.579999983    
  0.600000024    
  0.620000005    
  0.639999986    
  0.660000026    
  0.680000007    
  0.700000048    
  0.720000029    
  0.740000010    
  0.759999990    
  0.779999971    
  0.800000012    
  0.819999993    
  0.840000033    
  0.860000014    
  0.879999995    
  0.900000036    
  0.919999957    
  0.939999998    
  0.960000038    
  0.980000019    
  0.100000001    
  0.120000005    
  0.140000001    
  0.159999996    
  0.180000007    
  0.200000003    
  0.219999999    
  0.240000010    
  0.259999990    
  0.280000001    
  0.300000012    
  0.319999993    
  0.339999974    
  0.359999985    
  0.379999995    
  0.400000006    
  0.419999987    
  0.439999968    
  0.459999979    
  0.479999989    
  0.500000000    
  0.519999981    
  0.540000021    
  0.560000002    
  0.579999983    
  0.600000024    
  0.620000005    
  0.639999986    
  0.660000026    
  0.680000007    
  0.700000048    
  0.720000029    
  0.740000010    
  0.759999990    
  0.779999971    
  0.800000012    
  0.819999993    
  0.840000033    
  0.860000014    
  0.879999995    
  0.900000036    
  0.919999957    
  0.939999998    
  0.960000038    
  0.980000019    
  0.100000001    
  0.120000005    
  0.140000001    
  0.159999996    
  0.180000007    
  0.200000003    
  0.219999999    
  0.240000010    
  0.259999990    
  0.280000001    
  0.300000012    
  0.319999993    
  0.339999974    
  0.359999985    
  0.379999995    
  0.400000006    
  0.419999987    
  0.439999968    
  0.459999979    
  0.479999989    
  0.500000000    
  0.519999981    
  0.540000021    
  0.560000002    
  0.579999983    
  0.600000024    
  0.620000005    
  0.639999986    
  0.660000026    
  0.680000007    
  0.700000048    
  0.720000029    
  0.740000010    
  0.759999990    
  0.779999971    
  0.800000012    
  0.819999993    
  0.840000033    
  0.860000014    
  0.879999995    
  0.900000036    
  0.919999957    
  0.939999998    
  0.960000038    
  0.980000019    
  0.100000001    
  0.120000005    
  0.140000001    
  0.159999996    
  0.180000007    
  0.200000003    
  0.219999999    
  0.240000010    
  0.259999990    
  0.280000001    
  0.300000012    
  0.319999993    
  0.339999974    
  0.359999985    
  0.379999995    
  0.400000006    
  0.419999987    
  0.439999968    
  0.459999979    
  0.479999989    
  0.500000000    
  0.519999981    
  0.540000021    
  0.560000002    
  0.579999983    
  0.600000024    
  0.620000005    
  0.639999986    
  0.660000026    
  0.680000007    
  0.700000048    
  0.720000029    
  0.740000010    
  0.759999990    
  0.779999971    
  0.800000012    
  0.819999993    
  0.840000033    
  0.860000014    
  0.879999995    
  0.900000036    
  0.919999957    
  0.939999998    
  0.960000038    
  0.980000019    
  0.100000001    
  0.120000005    
  0.140000001    
  0.159999996    
  0.180000007    
  0.200000003    
  0.219999999    
  0.240000010    
  0.259999990    
  0.280000001    
  0.300000012    
  0.319999993    
  0.339999974    
  0.359999985    
  0.379999995    
  0.400000006    
  0.419999987    
  0.439999968    
  0.459999979    
  0.479999989    
  0.500000000    
  0.519999981    
  0.540000021    
  0.560000002    
  0.579999983    
  0.600000024    
  0.620000005    
  0.639999986    
  0.660000026    
  0.680000007    
  0.700000048    
  0.720000029    
  0.740000010    
  0.759999990    
  0.779999971    
  0.800000012    
  0.819999993    
  0.840000033    
  0.860000014    
  0.879999995    
  0.900000036    
  0.919999957    
  0.939999998    
  0.960000038    
  0.980000019    
  0.100000001    
  0.120000005    
  0.140000001    
  0.159999996    
  0.180000007    
  0.200000003    
  0.219999999    
  0.240000010    
  0.259999990    
  0.280000001    
  0.300000012    
  0.319999993    
  0.339999974    
  0.359999985    
  0.379999995    
  0.400000006    
  0.419999987    
  0.439999968    
  0.459999979    
  0.479999989    
  0.500000000    
  0.519999981    
  0.540000021    
  0.560000002    
  0.579999983    
  0.600000024    
  0.620000005    
  0.639999986    
  0.660000026    
  0.680000007    
  0.700000048    
  0.720000029    
  0.740000010    
  0.759999990    
  0.779999971    
  0.800000012    
  0.819999993    
  0.840000033    
  0.860000014    
  0.879999995    
  0.900000036    
  0.919999957    
  0.939999998    
  0.960000038    
  0.980000019    
  0.100000001    
  0.120000005    
  0.140000001    
  0.159999996    
  0.180000007    
  0.200000003    
  0.219999999    
  0.240000010    
  0.259999990    
  0.280000001    
  0.300000012    
  0.319999993    
  0.339999974    
  0.359999985    
  0.379999995    
  0.400000006    
  0.419999987    
  0.439999968    
  0.459999979    
  0.479999989    
  0.500000000    
  0.519999981    
  0.540000021    
  0.560000002    
  0.579999983    
  0.600000024    
  0.620000005    
  0.639999986    
  0.660000026    
  0.680000007    
  0.700000048    
  0.720000029    
  0.740000010    
  0.759999990    
  0.779999971    
  0.800000012    
  0.819999993    
  0.840000033    
  0.860000014    
  0.879999995    
  0.900000036    
  0.919999957    
  0.939999998    
  0.960000038    
  0.980000019    
  0.100000001    
  0.120000005    
  0.140000001    
  0.159999996    
  0.180000007    
  0.200000003    
  0.219999999    
  0.240000010    
  0.259999990    
  0.280000001    
  0.300000012    
  0.319999993    
  0.339999974    
  0.359999985    
  0.379999995    
  0.400000006    
  0.419999987    
  0.439999968    
  0.459999979    
  0.479999989    
  0.500000000    
  0.519999981    
  0.540000021    
  0.560000002    
  0.579999983    
  0.600000024    
  0.620000005    
  0.639999986    
  0.660000026    
  0.680000007    
  0.700000048    
  0.720000029    
  0.740000010    
  0.759999990    
  0.779999971    
  0.800000012    
  0.819999993    
  0.840000033    
  0.860000014    
  0.879999995    
  0.900000036    
  0.919999957    
  0.939999998    
  0.960000038    
  0.980000019    
  0.100000001    
  0.120000005    
  0.140000001    
  0.159999996    
  0.180000007    
  0.200000003    
  0.219999999    
  0.240000010    
  0.259999990    
  0.280000001    
  0.300000012    
  0.319999993    
  0.339999974    
  0.359999985    
  0.379999995    
  0.400000006    
  0.419999987    
  0.439999968    
  0.459999979    
  0.479999989    
  0.500000000    
  0.519999981    
  0.540000021    
  0.560000002    
  0.579999983    
  0.600000024    
  0.620000005    
  0.639999986    
  0.660000026    
  0.680000007    
  0.700000048    
  0.720000029    
  0.740000010    
  0.759999990    
  0.779999971    
  0.800000012    
  0.819999993    
  0.840000033    
  0.860000014    
  0.879999995    
  0.900000036    
  0.919999957    
  0.939999998    
  0.960000038    
  0.980000019    
  0.100000001    
  0.120000005    
  0.140000001    
  0.159999996    
  0.180000007    
  0.200000003    
  0.219999999    
  0.240000010    
  0.259999990    
  0.280000001    
  0.300000012    
  0.319999993    
  0.339999974    
  0.359999985    
  0.379999995    
  0.400000006    
  0.419999987    
  0.439999968    
  0.459999979    
  0.479999989    
  0.500000000    
  0.519999981    
  0.540000021    
  0.560000002    
  0.579999983    
  0.600000024    
  0.620000005    
  0.639999986    
  0.660000026    
  0.680000007    
  0.700000048    
  0.720000029    
  0.740000010    
  0.759999990    
  0.779999971    
  0.800000012    
  0.819999993    
  0.840000033    
  0.860000014    
  0.879999995    
  0.900000036    
  0.919999957    
  0.939999998    
  0.960000038    
  0.980000019    
  0.100000001    
  0.120000005    
  0.140000001    
  0.159999996    
  0.180000007    
  0.200000003    
  0.219999999    
  0.240000010    
  0.259999990    
  0.280000001    
  0.300000012    
  0.319999993    
  0.339999974    
  0.359999985    
  0.379999995    
  0.400000006    
  0.419999987    
  0.439999968    
  0.459999979    
  0.479999989    
  0.500000000    
  0.519999981    
  0.540000021    
  0.560000002    
  0.579999983    
  0.600000024    
  0.620000005    
  0.639999986    
  0.660000026    
  0.680000007    
  0.700000048    
  0.720000029    
  0.740000010    
  0.759999990    
  0.779999971    
  0.800000012    
  0.819999993    
  0.840000033    
  0.860000014    
  0.879999995    
  0.900000036    
  0.919999957    
  0.939999998    
  0.960000038    
  0.980000019    
  0.100000001    
  0.120000005    
  0.140000001    
  0.159999996    
  0.180000007    
  0.200000003    
  0.219999999    
  0.240000010    
  0.259999990    
  0.280000001    
  0.300000012    
  0.319999993    
  0.339999974    
  0.359999985    
  0.379999995    
  0.400000006    
  0.419999987    
  0.439999968    
  0.459999979    
  0.479999989    
  0.500000000    
  0.519999981    
  0.540000021    
  0.560000002    
  0.579999983    
  0.600000024    
  0.620000005    
  0.639999986    
  0.660000026    
  0.680000007    
  0.700000048    
  0.720000029    
  0.740000010    
  0.759999990    
  0.779999971    
  0.800000012    
  0.819999993    
  0.840000033    
  0.860000014    
  0.879999995    
  0.900000036    
  0.919999957    
  0.939999998    
  0.960000038    
  0.980000019    
  0.100000001    
  0.120000005    
  0.140000001    
  0.159999996    
  0.180000007    
  0.200000003    
  0.219999999    
  0.240000010    
  0.259999990    
  0.280000001    
  0.300000012    
  0.319999993    
  0.339999974    
  0.359999985    
  0.379999995    
  0.400000006    
  0.419999987    
  0.439999968    
  0.459999979    
  0.479999989    
  0.500000000    
  0.519999981    
  0.540000021    
  0.560000002    
  0.579999983    
  0.600000024    
  0.620000005    
  0.639999986    
  0.660000026    
  0.680000007    
  0.700000048    
  0.720000029    
  0.740000010    
  0.759999990    
  0.779999971    
  0.800000012    
  0.819999993    
  0.840000033    
  0.860000014    
  0.879999995    
  0.900000036    
  0.919999957    
  0.939999998    
  0.960000038    
  0.980000019    
  0.100000001    
  0.120000005    
  0.140000001    
  0.159999996    
  0.180000007    
  0.200000003    
  0.219999999    
  0.240000010    
  0.259999990    
  0.280000001    
  0.300000012    
  0.319999993    
  0.339999974    
  0.359999985    
  0.379999995    
  0.400000006    
  0.419999987    
  0.439999968    
  0.459999979    
  0.479999989    
  0.500000000    
  0.519999981    
  0.540000021    
  0.560000002    
  0.579999983    
  0.600000024    
  0.620000005    
  0.639999986    
  0.660000026    
  0.680000007    
  0.700000048    
  0.720000029    
  0.740000010    
  0.759999990    
  0.779999971    
  0.800000012    
  0.819999993    
  0.840000033    
  0.860000014    
  0.879999995    
  0.900000036    
  0.919999957    
  0.939999998    
  0.960000038    
  0.980000019    
  0.100000001    
  0.120000005    
  0.140000001    
  0.159999996    
  0.180000007    
  0.200000003    
  0.219999999    
  0.240000010    
  0.259999990    
  0.280000001    
  0.300000012    
  0.319999993    
  0.339999974    
  0.359999985    
  0.379999995    
  0.400000006    
  0.419999987    
  0.439999968    
  0.459999979    
  0.479999989    
  0.500000000    
  0.519999981    
  0.540000021    
  0.560000002    
  0.579999983    
  0.600000024    
  0.620000005    
  0.639999986    
  0.660000026    
  0.680000007    
  0.700000048    
  0.720000029    
  0.740000010    
  0.759999990    
  0.779999971    
  0.800000012    
  0.819999993    
  0.840000033    
  0.860000014    
  0.879999995    
  0.900000036    
  0.919999957    
  0.939999998    
  0.960000038    
  0.980000019    
  0.100000001    
  0.120000005    
  0.140000001    
  0.159999996    
  0.180000007    
  0.200000003    
  0.219999999    
  0.240000010    
  0.259999990    
  0.280000001    
  0.300000012    
  0.319999993    
  0.339999974    
  0.359999985    
  0.379999995    
  0.400000006    
  0.419999987    
  0.439999968    
  0.459999979    
  0.479999989    
  0.500000000    
  0.519999981    
  0.540000021    
  0.560000002    
  0.579999983    
  0.600000024    
  0.620000005    
  0.639999986    
  0.660000026    
  0.680000007    
  0.700000048    
  0.720000029    
  0.740000010    
  0.759999990    
  0.779999971    
  0.800000012    
  0.819999993    
  0.840000033    
  0.860000014    
  0.879999995    
  0.900000036    
  0.919999957    
  0.939999998    
  0.960000038    
  0.980000019    
  0.100000001    
  0.120000005    
  0.140000001    
  0.159999996    
  0.180000007    
  0.200000003    
  0.219999999    
  0.240000010    
  0.259999990    
  0.280000001    
  0.300000012    
  0.319999993    
  0.339999974    
  0.359999985    
  0.379999995    
  0.400000006    
  0.419999987    
  0.439999968    
  0.459999979    
  0.479999989    
  0.500000000    
  0.519999981    
  0.540000021    
  0.560000002    
  0.579999983    
  0.600000024    
  0.620000005    
  0.639999986    
  0.660000026    
  0.680000007    
  0.700000048    
  0.720000029    
  0.740000010    
  0.759999990    
  0.779999971    
  0.800000012    
  0.819999993    
  0.840000033    
  0.860000014    
  0.879999995    
  0.900000036    
  0.919999957    
  0.939999998    
  0.960000038    
  0.980000019    
  0.100000001    
  0.120000005    
  0.140000001    
  0.159999996    
  0.180000007    
  0.200000003    
  0.219999999    
  0.240000010    
  0.259999990    
  0.280000001    
  0.300000012    
  0.319999993    
  0.339999974    
  0.359999985    
  0.379999995    
  0.400000006    
  0.419999987    
  0.439999968    
  0.459999979    
  0.479999989    
  0.500000000    
  0.519999981    
  0.540000021    
  0.560000002    
  0.579999983    
  0.600000024    
  0.620000005    
  0.639999986    
  0.660000026    
  0.680000007    
  0.700000048    
  0.720000029    
  0.740000010    
  0.759999990    
  0.779999971    
  0.800000012    
  0.819999993    
  0.840000033    
  0.860000014    
  0.879999995    
  0.900000036    
  0.919999957    
  0.939999998    
  0.960000038    
  0.980000019    
  0.100000001    
  0.120000005    
  0.140000001    
  0.159999996    
  0.180000007    
  0.200000003    
  0.219999999    
  0.240000010    
  0.259999990    
  0.280000001    
  0.300000012    
  0.319999993    
  0.339999974    
  0.359999985    
  0.379999995    
  0.400000006    
  0.419999987    
  0.439999968    
  0.459999979    
  0.479999989    
  0.500000000    
  0.519999981    
  0.540000021    
  0.560000002    
  0.579999983    
  0.600000024    
  0.620000005    
  0.639999986    
  0.660000026    
  0.680000007    
  0.700000048    
  0.720000029    
  0.740000010    
  0.759999990    
  0.779999971    
  0.800000012    
  0.819999993    
  0.840000033    
  0.860000014    
  0.879999995    
  0.900000036    
  0.919999957    
  0.939999998    
  0.960000038    
  0.980000019    
  0.100000001    
  0.120000005    
  0.140000001    
  0.159999996    
  0.180000007    
  0.200000003    
  0.219999999    
  0.240000010    
  0.259999990    
  0.280000001    
  0.300000012    
  0.319999993    
  0.339999974    
  0.359999985    
  0.379999995    
  0.400000006    
  0.419999987    
  0.439999968    
  0.459999979    
  0.479999989    
  0.500000000    
  0.519999981    
  0.540000021    
  0.560000002    
  0.579999983    
  0.600000024    
  0.620000005    
  0.639999986    
  0.660000026    
  0.680000007    
  0.700000048    
  0.720000029    
  0.740000010    
  0.759999990    
  0.779999971    
  0.800000012    
  0.819999993    
  0.840000033    
  0.860000014    
  0.879999995    
  0.900000036    
  0.919999957    
  0.939999998    
  0.960000038    
  0.980000019    
  0.100000001    
  0.120000005    
  0.140000001    
  0.159999996    
  0.180000007    
  0.200000003    
  0.219999999    
  0.240000010    
  0.259999990    
  0.280000001    
  0.300000012    
  0.319999993    
  0.339999974    
  0.359999985    
  0.379999995    
  0.400000006    
  0.419999987    
  0.439999968    
  0.459999979    
  0.479999989    
  0.500000000    
  0.519999981    
  0.540000021    
  0.560000002    
  0.579999983    
  0.600000024    
  0.620000005    
  0.639999986    
  0.660000026    
  0.680000007    
  0.700000048    
  0.720000029    
  0.740000010    
  0.759999990    
  0.779999971    
  0.800000012    
  0.819999993    
  0.840000033    
  0.860000014    
  0.879999995    
  0.900000036    
  0.919999957    
  0.939999998    
  0.960000038    
  0.980000019    
