  0.100000001    
  0.118000001    
  0.136000007    
  0.153999999    
  0.171999991    
  0.189999998    
  0.208000004    
  0.225999981    
  0.243999988    
  0.261999995    
  0.280000001    
  0.298000008    
  0.315999985    
  0.333999991    
  0.351999968    
  0.370000005    
  0.387999982    
  0.405999988    
  0.423999965    
  0.442000002    
  0.460000008    
  0.477999985    
  0.495999992    
  0.513999999    
  0.532000005    
  0.550000012    
  0.568000019    
  0.585999966    
  0.603999972    
  0.621999979    
  0.640000045    
  0.657999992    
  0.675999999    
  0.694000006    
  0.712000012    
  0.730000019    
  0.747999966    
  0.766000032    
  0.784000039    
  0.801999986    
  0.820000052    
  0.838000000    
  0.856000006    
  0.874000013    
  0.892000020    
  0.910000026    
  0.927999973    
  0.945999980    
  0.963999987    
  0.981999993    
  0.100000001    
  0.118000001    
  0.136000007    
  0.153999999    
  0.171999991    
  0.189999998    
  0.208000004    
  0.225999981    
  0.243999988    
  0.261999995    
  0.280000001    
  0.298000008    
  0.315999985    
  0.333999991    
  0.351999968    
  0.370000005    
  0.387999982    
  0.405999988    
  0.423999965    
  0.442000002    
  0.460000008    
  0.477999985    
  0.495999992    
  0.513999999    
  0.532000005    
  0.550000012    
  0.568000019    
  0.585999966    
  0.603999972    
  0.621999979    
  0.640000045    
  0.657999992    
  0.675999999    
  0.694000006    
  0.712000012    
  0.730000019    
  0.747999966    
  0.766000032    
  0.784000039    
  0.801999986    
  0.820000052    
  0.838000000    
  0.856000006    
  0.874000013    
  0.892000020    
  0.910000026    
  0.927999973    
  0.945999980    
  0.963999987    
  0.981999993    
  0.100000001    
  0.118000001    
  0.136000007    
  0.153999999    
  0.171999991    
  0.189999998    
  0.208000004    
  0.225999981    
  0.243999988    
  0.261999995    
  0.280000001    
  0.298000008    
  0.315999985    
  0.333999991    
  0.351999968    
  0.370000005    
  0.387999982    
  0.405999988    
  0.423999965    
  0.442000002    
  0.460000008    
  0.477999985    
  0.495999992    
  0.513999999    
  0.532000005    
  0.550000012    
  0.568000019    
  0.585999966    
  0.603999972    
  0.621999979    
  0.640000045    
  0.657999992    
  0.675999999    
  0.694000006    
  0.712000012    
  0.730000019    
  0.747999966    
  0.766000032    
  0.784000039    
  0.801999986    
  0.820000052    
  0.838000000    
  0.856000006    
  0.874000013    
  0.892000020    
  0.910000026    
  0.927999973    
  0.945999980    
  0.963999987    
  0.981999993    
  0.100000001    
  0.118000001    
  0.136000007    
  0.153999999    
  0.171999991    
  0.189999998    
  0.208000004    
  0.225999981    
  0.243999988    
  0.261999995    
  0.280000001    
  0.298000008    
  0.315999985    
  0.333999991    
  0.351999968    
  0.370000005    
  0.387999982    
  0.405999988    
  0.423999965    
  0.442000002    
  0.460000008    
  0.477999985    
  0.495999992    
  0.513999999    
  0.532000005    
  0.550000012    
  0.568000019    
  0.585999966    
  0.603999972    
  0.621999979    
  0.640000045    
  0.657999992    
  0.675999999    
  0.694000006    
  0.712000012    
  0.730000019    
  0.747999966    
  0.766000032    
  0.784000039    
  0.801999986    
  0.820000052    
  0.838000000    
  0.856000006    
  0.874000013    
  0.892000020    
  0.910000026    
  0.927999973    
  0.945999980    
  0.963999987    
  0.981999993    
  0.100000001    
  0.118000001    
  0.136000007    
  0.153999999    
  0.171999991    
  0.189999998    
  0.208000004    
  0.225999981    
  0.243999988    
  0.261999995    
  0.280000001    
  0.298000008    
  0.315999985    
  0.333999991    
  0.351999968    
  0.370000005    
  0.387999982    
  0.405999988    
  0.423999965    
  0.442000002    
  0.460000008    
  0.477999985    
  0.495999992    
  0.513999999    
  0.532000005    
  0.550000012    
  0.568000019    
  0.585999966    
  0.603999972    
  0.621999979    
  0.640000045    
  0.657999992    
  0.675999999    
  0.694000006    
  0.712000012    
  0.730000019    
  0.747999966    
  0.766000032    
  0.784000039    
  0.801999986    
  0.820000052    
  0.838000000    
  0.856000006    
  0.874000013    
  0.892000020    
  0.910000026    
  0.927999973    
  0.945999980    
  0.963999987    
  0.981999993    
  0.100000001    
  0.118000001    
  0.136000007    
  0.153999999    
  0.171999991    
  0.189999998    
  0.208000004    
  0.225999981    
  0.243999988    
  0.261999995    
  0.280000001    
  0.298000008    
  0.315999985    
  0.333999991    
  0.351999968    
  0.370000005    
  0.387999982    
  0.405999988    
  0.423999965    
  0.442000002    
  0.460000008    
  0.477999985    
  0.495999992    
  0.513999999    
  0.532000005    
  0.550000012    
  0.568000019    
  0.585999966    
  0.603999972    
  0.621999979    
  0.640000045    
  0.657999992    
  0.675999999    
  0.694000006    
  0.712000012    
  0.730000019    
  0.747999966    
  0.766000032    
  0.784000039    
  0.801999986    
  0.820000052    
  0.838000000    
  0.856000006    
  0.874000013    
  0.892000020    
  0.910000026    
  0.927999973    
  0.945999980    
  0.963999987    
  0.981999993    
  0.100000001    
  0.118000001    
  0.136000007    
  0.153999999    
  0.171999991    
  0.189999998    
  0.208000004    
  0.225999981    
  0.243999988    
  0.261999995    
  0.280000001    
  0.298000008    
  0.315999985    
  0.333999991    
  0.351999968    
  0.370000005    
  0.387999982    
  0.405999988    
  0.423999965    
  0.442000002    
  0.460000008    
  0.477999985    
  0.495999992    
  0.513999999    
  0.532000005    
  0.550000012    
  0.568000019    
  0.585999966    
  0.603999972    
  0.621999979    
  0.640000045    
  0.657999992    
  0.675999999    
  0.694000006    
  0.712000012    
  0.730000019    
  0.747999966    
  0.766000032    
  0.784000039    
  0.801999986    
  0.820000052    
  0.838000000    
  0.856000006    
  0.874000013    
  0.892000020    
  0.910000026    
  0.927999973    
  0.945999980    
  0.963999987    
  0.981999993    
  0.100000001    
  0.118000001    
  0.136000007    
  0.153999999    
  0.171999991    
  0.189999998    
  0.208000004    
  0.225999981    
  0.243999988    
  0.261999995    
  0.280000001    
  0.298000008    
  0.315999985    
  0.333999991    
  0.351999968    
  0.370000005    
  0.387999982    
  0.405999988    
  0.423999965    
  0.442000002    
  0.460000008    
  0.477999985    
  0.495999992    
  0.513999999    
  0.532000005    
  0.550000012    
  0.568000019    
  0.585999966    
  0.603999972    
  0.621999979    
  0.640000045    
  0.657999992    
  0.675999999    
  0.694000006    
  0.712000012    
  0.730000019    
  0.747999966    
  0.766000032    
  0.784000039    
  0.801999986    
  0.820000052    
  0.838000000    
  0.856000006    
  0.874000013    
  0.892000020    
  0.910000026    
  0.927999973    
  0.945999980    
  0.963999987    
  0.981999993    
  0.100000001    
  0.118000001    
  0.136000007    
  0.153999999    
  0.171999991    
  0.189999998    
  0.208000004    
  0.225999981    
  0.243999988    
  0.261999995    
  0.280000001    
  0.298000008    
  0.315999985    
  0.333999991    
  0.351999968    
  0.370000005    
  0.387999982    
  0.405999988    
  0.423999965    
  0.442000002    
  0.460000008    
  0.477999985    
  0.495999992    
  0.513999999    
  0.532000005    
  0.550000012    
  0.568000019    
  0.585999966    
  0.603999972    
  0.621999979    
  0.640000045    
  0.657999992    
  0.675999999    
  0.694000006    
  0.712000012    
  0.730000019    
  0.747999966    
  0.766000032    
  0.784000039    
  0.801999986    
  0.820000052    
  0.838000000    
  0.856000006    
  0.874000013    
  0.892000020    
  0.910000026    
  0.927999973    
  0.945999980    
  0.963999987    
  0.981999993    
  0.100000001    
  0.118000001    
  0.136000007    
  0.153999999    
  0.171999991    
  0.189999998    
  0.208000004    
  0.225999981    
  0.243999988    
  0.261999995    
  0.280000001    
  0.298000008    
  0.315999985    
  0.333999991    
  0.351999968    
  0.370000005    
  0.387999982    
  0.405999988    
  0.423999965    
  0.442000002    
  0.460000008    
  0.477999985    
  0.495999992    
  0.513999999    
  0.532000005    
  0.550000012    
  0.568000019    
  0.585999966    
  0.603999972    
  0.621999979    
  0.640000045    
  0.657999992    
  0.675999999    
  0.694000006    
  0.712000012    
  0.730000019    
  0.747999966    
  0.766000032    
  0.784000039    
  0.801999986    
  0.820000052    
  0.838000000    
  0.856000006    
  0.874000013    
  0.892000020    
  0.910000026    
  0.927999973    
  0.945999980    
  0.963999987    
  0.981999993    
  0.100000001    
  0.118000001    
  0.136000007    
  0.153999999    
  0.171999991    
  0.189999998    
  0.208000004    
  0.225999981    
  0.243999988    
  0.261999995    
  0.280000001    
  0.298000008    
  0.315999985    
  0.333999991    
  0.351999968    
  0.370000005    
  0.387999982    
  0.405999988    
  0.423999965    
  0.442000002    
  0.460000008    
  0.477999985    
  0.495999992    
  0.513999999    
  0.532000005    
  0.550000012    
  0.568000019    
  0.585999966    
  0.603999972    
  0.621999979    
  0.640000045    
  0.657999992    
  0.675999999    
  0.694000006    
  0.712000012    
  0.730000019    
  0.747999966    
  0.766000032    
  0.784000039    
  0.801999986    
  0.820000052    
  0.838000000    
  0.856000006    
  0.874000013    
  0.892000020    
  0.910000026    
  0.927999973    
  0.945999980    
  0.963999987    
  0.981999993    
  0.100000001    
  0.118000001    
  0.136000007    
  0.153999999    
  0.171999991    
  0.189999998    
  0.208000004    
  0.225999981    
  0.243999988    
  0.261999995    
  0.280000001    
  0.298000008    
  0.315999985    
  0.333999991    
  0.351999968    
  0.370000005    
  0.387999982    
  0.405999988    
  0.423999965    
  0.442000002    
  0.460000008    
  0.477999985    
  0.495999992    
  0.513999999    
  0.532000005    
  0.550000012    
  0.568000019    
  0.585999966    
  0.603999972    
  0.621999979    
  0.640000045    
  0.657999992    
  0.675999999    
  0.694000006    
  0.712000012    
  0.730000019    
  0.747999966    
  0.766000032    
  0.784000039    
  0.801999986    
  0.820000052    
  0.838000000    
  0.856000006    
  0.874000013    
  0.892000020    
  0.910000026    
  0.927999973    
  0.945999980    
  0.963999987    
  0.981999993    
  0.100000001    
  0.118000001    
  0.136000007    
  0.153999999    
  0.171999991    
  0.189999998    
  0.208000004    
  0.225999981    
  0.243999988    
  0.261999995    
  0.280000001    
  0.298000008    
  0.315999985    
  0.333999991    
  0.351999968    
  0.370000005    
  0.387999982    
  0.405999988    
  0.423999965    
  0.442000002    
  0.460000008    
  0.477999985    
  0.495999992    
  0.513999999    
  0.532000005    
  0.550000012    
  0.568000019    
  0.585999966    
  0.603999972    
  0.621999979    
  0.640000045    
  0.657999992    
  0.675999999    
  0.694000006    
  0.712000012    
  0.730000019    
  0.747999966    
  0.766000032    
  0.784000039    
  0.801999986    
  0.820000052    
  0.838000000    
  0.856000006    
  0.874000013    
  0.892000020    
  0.910000026    
  0.927999973    
  0.945999980    
  0.963999987    
  0.981999993    
  0.100000001    
  0.118000001    
  0.136000007    
  0.153999999    
  0.171999991    
  0.189999998    
  0.208000004    
  0.225999981    
  0.243999988    
  0.261999995    
  0.280000001    
  0.298000008    
  0.315999985    
  0.333999991    
  0.351999968    
  0.370000005    
  0.387999982    
  0.405999988    
  0.423999965    
  0.442000002    
  0.460000008    
  0.477999985    
  0.495999992    
  0.513999999    
  0.532000005    
  0.550000012    
  0.568000019    
  0.585999966    
  0.603999972    
  0.621999979    
  0.640000045    
  0.657999992    
  0.675999999    
  0.694000006    
  0.712000012    
  0.730000019    
  0.747999966    
  0.766000032    
  0.784000039    
  0.801999986    
  0.820000052    
  0.838000000    
  0.856000006    
  0.874000013    
  0.892000020    
  0.910000026    
  0.927999973    
  0.945999980    
  0.963999987    
  0.981999993    
  0.100000001    
  0.118000001    
  0.136000007    
  0.153999999    
  0.171999991    
  0.189999998    
  0.208000004    
  0.225999981    
  0.243999988    
  0.261999995    
  0.280000001    
  0.298000008    
  0.315999985    
  0.333999991    
  0.351999968    
  0.370000005    
  0.387999982    
  0.405999988    
  0.423999965    
  0.442000002    
  0.460000008    
  0.477999985    
  0.495999992    
  0.513999999    
  0.532000005    
  0.550000012    
  0.568000019    
  0.585999966    
  0.603999972    
  0.621999979    
  0.640000045    
  0.657999992    
  0.675999999    
  0.694000006    
  0.712000012    
  0.730000019    
  0.747999966    
  0.766000032    
  0.784000039    
  0.801999986    
  0.820000052    
  0.838000000    
  0.856000006    
  0.874000013    
  0.892000020    
  0.910000026    
  0.927999973    
  0.945999980    
  0.963999987    
  0.981999993    
  0.100000001    
  0.118000001    
  0.136000007    
  0.153999999    
  0.171999991    
  0.189999998    
  0.208000004    
  0.225999981    
  0.243999988    
  0.261999995    
  0.280000001    
  0.298000008    
  0.315999985    
  0.333999991    
  0.351999968    
  0.370000005    
  0.387999982    
  0.405999988    
  0.423999965    
  0.442000002    
  0.460000008    
  0.477999985    
  0.495999992    
  0.513999999    
  0.532000005    
  0.550000012    
  0.568000019    
  0.585999966    
  0.603999972    
  0.621999979    
  0.640000045    
  0.657999992    
  0.675999999    
  0.694000006    
  0.712000012    
  0.730000019    
  0.747999966    
  0.766000032    
  0.784000039    
  0.801999986    
  0.820000052    
  0.838000000    
  0.856000006    
  0.874000013    
  0.892000020    
  0.910000026    
  0.927999973    
  0.945999980    
  0.963999987    
  0.981999993    
  0.100000001    
  0.118000001    
  0.136000007    
  0.153999999    
  0.171999991    
  0.189999998    
  0.208000004    
  0.225999981    
  0.243999988    
  0.261999995    
  0.280000001    
  0.298000008    
  0.315999985    
  0.333999991    
  0.351999968    
  0.370000005    
  0.387999982    
  0.405999988    
  0.423999965    
  0.442000002    
  0.460000008    
  0.477999985    
  0.495999992    
  0.513999999    
  0.532000005    
  0.550000012    
  0.568000019    
  0.585999966    
  0.603999972    
  0.621999979    
  0.640000045    
  0.657999992    
  0.675999999    
  0.694000006    
  0.712000012    
  0.730000019    
  0.747999966    
  0.766000032    
  0.784000039    
  0.801999986    
  0.820000052    
  0.838000000    
  0.856000006    
  0.874000013    
  0.892000020    
  0.910000026    
  0.927999973    
  0.945999980    
  0.963999987    
  0.981999993    
  0.100000001    
  0.118000001    
  0.136000007    
  0.153999999    
  0.171999991    
  0.189999998    
  0.208000004    
  0.225999981    
  0.243999988    
  0.261999995    
  0.280000001    
  0.298000008    
  0.315999985    
  0.333999991    
  0.351999968    
  0.370000005    
  0.387999982    
  0.405999988    
  0.423999965    
  0.442000002    
  0.460000008    
  0.477999985    
  0.495999992    
  0.513999999    
  0.532000005    
  0.550000012    
  0.568000019    
  0.585999966    
  0.603999972    
  0.621999979    
  0.640000045    
  0.657999992    
  0.675999999    
  0.694000006    
  0.712000012    
  0.730000019    
  0.747999966    
  0.766000032    
  0.784000039    
  0.801999986    
  0.820000052    
  0.838000000    
  0.856000006    
  0.874000013    
  0.892000020    
  0.910000026    
  0.927999973    
  0.945999980    
  0.963999987    
  0.981999993    
  0.100000001    
  0.118000001    
  0.136000007    
  0.153999999    
  0.171999991    
  0.189999998    
  0.208000004    
  0.225999981    
  0.243999988    
  0.261999995    
  0.280000001    
  0.298000008    
  0.315999985    
  0.333999991    
  0.351999968    
  0.370000005    
  0.387999982    
  0.405999988    
  0.423999965    
  0.442000002    
  0.460000008    
  0.477999985    
  0.495999992    
  0.513999999    
  0.532000005    
  0.550000012    
  0.568000019    
  0.585999966    
  0.603999972    
  0.621999979    
  0.640000045    
  0.657999992    
  0.675999999    
  0.694000006    
  0.712000012    
  0.730000019    
  0.747999966    
  0.766000032    
  0.784000039    
  0.801999986    
  0.820000052    
  0.838000000    
  0.856000006    
  0.874000013    
  0.892000020    
  0.910000026    
  0.927999973    
  0.945999980    
  0.963999987    
  0.981999993    
  0.100000001    
  0.118000001    
  0.136000007    
  0.153999999    
  0.171999991    
  0.189999998    
  0.208000004    
  0.225999981    
  0.243999988    
  0.261999995    
  0.280000001    
  0.298000008    
  0.315999985    
  0.333999991    
  0.351999968    
  0.370000005    
  0.387999982    
  0.405999988    
  0.423999965    
  0.442000002    
  0.460000008    
  0.477999985    
  0.495999992    
  0.513999999    
  0.532000005    
  0.550000012    
  0.568000019    
  0.585999966    
  0.603999972    
  0.621999979    
  0.640000045    
  0.657999992    
  0.675999999    
  0.694000006    
  0.712000012    
  0.730000019    
  0.747999966    
  0.766000032    
  0.784000039    
  0.801999986    
  0.820000052    
  0.838000000    
  0.856000006    
  0.874000013    
  0.892000020    
  0.910000026    
  0.927999973    
  0.945999980    
  0.963999987    
  0.981999993    
  0.100000001    
  0.118000001    
  0.136000007    
  0.153999999    
  0.171999991    
  0.189999998    
  0.208000004    
  0.225999981    
  0.243999988    
  0.261999995    
  0.280000001    
  0.298000008    
  0.315999985    
  0.333999991    
  0.351999968    
  0.370000005    
  0.387999982    
  0.405999988    
  0.423999965    
  0.442000002    
  0.460000008    
  0.477999985    
  0.495999992    
  0.513999999    
  0.532000005    
  0.550000012    
  0.568000019    
  0.585999966    
  0.603999972    
  0.621999979    
  0.640000045    
  0.657999992    
  0.675999999    
  0.694000006    
  0.712000012    
  0.730000019    
  0.747999966    
  0.766000032    
  0.784000039    
  0.801999986    
  0.820000052    
  0.838000000    
  0.856000006    
  0.874000013    
  0.892000020    
  0.910000026    
  0.927999973    
  0.945999980    
  0.963999987    
  0.981999993    
  0.100000001    
  0.118000001    
  0.136000007    
  0.153999999    
  0.171999991    
  0.189999998    
  0.208000004    
  0.225999981    
  0.243999988    
  0.261999995    
  0.280000001    
  0.298000008    
  0.315999985    
  0.333999991    
  0.351999968    
  0.370000005    
  0.387999982    
  0.405999988    
  0.423999965    
  0.442000002    
  0.460000008    
  0.477999985    
  0.495999992    
  0.513999999    
  0.532000005    
  0.550000012    
  0.568000019    
  0.585999966    
  0.603999972    
  0.621999979    
  0.640000045    
  0.657999992    
  0.675999999    
  0.694000006    
  0.712000012    
  0.730000019    
  0.747999966    
  0.766000032    
  0.784000039    
  0.801999986    
  0.820000052    
  0.838000000    
  0.856000006    
  0.874000013    
  0.892000020    
  0.910000026    
  0.927999973    
  0.945999980    
  0.963999987    
  0.981999993    
  0.100000001    
  0.118000001    
  0.136000007    
  0.153999999    
  0.171999991    
  0.189999998    
  0.208000004    
  0.225999981    
  0.243999988    
  0.261999995    
  0.280000001    
  0.298000008    
  0.315999985    
  0.333999991    
  0.351999968    
  0.370000005    
  0.387999982    
  0.405999988    
  0.423999965    
  0.442000002    
  0.460000008    
  0.477999985    
  0.495999992    
  0.513999999    
  0.532000005    
  0.550000012    
  0.568000019    
  0.585999966    
  0.603999972    
  0.621999979    
  0.640000045    
  0.657999992    
  0.675999999    
  0.694000006    
  0.712000012    
  0.730000019    
  0.747999966    
  0.766000032    
  0.784000039    
  0.801999986    
  0.820000052    
  0.838000000    
  0.856000006    
  0.874000013    
  0.892000020    
  0.910000026    
  0.927999973    
  0.945999980    
  0.963999987    
  0.981999993    
  0.100000001    
  0.118000001    
  0.136000007    
  0.153999999    
  0.171999991    
  0.189999998    
  0.208000004    
  0.225999981    
  0.243999988    
  0.261999995    
  0.280000001    
  0.298000008    
  0.315999985    
  0.333999991    
  0.351999968    
  0.370000005    
  0.387999982    
  0.405999988    
  0.423999965    
  0.442000002    
  0.460000008    
  0.477999985    
  0.495999992    
  0.513999999    
  0.532000005    
  0.550000012    
  0.568000019    
  0.585999966    
  0.603999972    
  0.621999979    
  0.640000045    
  0.657999992    
  0.675999999    
  0.694000006    
  0.712000012    
  0.730000019    
  0.747999966    
  0.766000032    
  0.784000039    
  0.801999986    
  0.820000052    
  0.838000000    
  0.856000006    
  0.874000013    
  0.892000020    
  0.910000026    
  0.927999973    
  0.945999980    
  0.963999987    
  0.981999993    
  0.100000001    
  0.118000001    
  0.136000007    
  0.153999999    
  0.171999991    
  0.189999998    
  0.208000004    
  0.225999981    
  0.243999988    
  0.261999995    
  0.280000001    
  0.298000008    
  0.315999985    
  0.333999991    
  0.351999968    
  0.370000005    
  0.387999982    
  0.405999988    
  0.423999965    
  0.442000002    
  0.460000008    
  0.477999985    
  0.495999992    
  0.513999999    
  0.532000005    
  0.550000012    
  0.568000019    
  0.585999966    
  0.603999972    
  0.621999979    
  0.640000045    
  0.657999992    
  0.675999999    
  0.694000006    
  0.712000012    
  0.730000019    
  0.747999966    
  0.766000032    
  0.784000039    
  0.801999986    
  0.820000052    
  0.838000000    
  0.856000006    
  0.874000013    
  0.892000020    
  0.910000026    
  0.927999973    
  0.945999980    
  0.963999987    
  0.981999993    
  0.100000001    
  0.118000001    
  0.136000007    
  0.153999999    
  0.171999991    
  0.189999998    
  0.208000004    
  0.225999981    
  0.243999988    
  0.261999995    
  0.280000001    
  0.298000008    
  0.315999985    
  0.333999991    
  0.351999968    
  0.370000005    
  0.387999982    
  0.405999988    
  0.423999965    
  0.442000002    
  0.460000008    
  0.477999985    
  0.495999992    
  0.513999999    
  0.532000005    
  0.550000012    
  0.568000019    
  0.585999966    
  0.603999972    
  0.621999979    
  0.640000045    
  0.657999992    
  0.675999999    
  0.694000006    
  0.712000012    
  0.730000019    
  0.747999966    
  0.766000032    
  0.784000039    
  0.801999986    
  0.820000052    
  0.838000000    
  0.856000006    
  0.874000013    
  0.892000020    
  0.910000026    
  0.927999973    
  0.945999980    
  0.963999987    
  0.981999993    
  0.100000001    
  0.118000001    
  0.136000007    
  0.153999999    
  0.171999991    
  0.189999998    
  0.208000004    
  0.225999981    
  0.243999988    
  0.261999995    
  0.280000001    
  0.298000008    
  0.315999985    
  0.333999991    
  0.351999968    
  0.370000005    
  0.387999982    
  0.405999988    
  0.423999965    
  0.442000002    
  0.460000008    
  0.477999985    
  0.495999992    
  0.513999999    
  0.532000005    
  0.550000012    
  0.568000019    
  0.585999966    
  0.603999972    
  0.621999979    
  0.640000045    
  0.657999992    
  0.675999999    
  0.694000006    
  0.712000012    
  0.730000019    
  0.747999966    
  0.766000032    
  0.784000039    
  0.801999986    
  0.820000052    
  0.838000000    
  0.856000006    
  0.874000013    
  0.892000020    
  0.910000026    
  0.927999973    
  0.945999980    
  0.963999987    
  0.981999993    
  0.100000001    
  0.118000001    
  0.136000007    
  0.153999999    
  0.171999991    
  0.189999998    
  0.208000004    
  0.225999981    
  0.243999988    
  0.261999995    
  0.280000001    
  0.298000008    
  0.315999985    
  0.333999991    
  0.351999968    
  0.370000005    
  0.387999982    
  0.405999988    
  0.423999965    
  0.442000002    
  0.460000008    
  0.477999985    
  0.495999992    
  0.513999999    
  0.532000005    
  0.550000012    
  0.568000019    
  0.585999966    
  0.603999972    
  0.621999979    
  0.640000045    
  0.657999992    
  0.675999999    
  0.694000006    
  0.712000012    
  0.730000019    
  0.747999966    
  0.766000032    
  0.784000039    
  0.801999986    
  0.820000052    
  0.838000000    
  0.856000006    
  0.874000013    
  0.892000020    
  0.910000026    
  0.927999973    
  0.945999980    
  0.963999987    
  0.981999993    
  0.100000001    
  0.118000001    
  0.136000007    
  0.153999999    
  0.171999991    
  0.189999998    
  0.208000004    
  0.225999981    
  0.243999988    
  0.261999995    
  0.280000001    
  0.298000008    
  0.315999985    
  0.333999991    
  0.351999968    
  0.370000005    
  0.387999982    
  0.405999988    
  0.423999965    
  0.442000002    
  0.460000008    
  0.477999985    
  0.495999992    
  0.513999999    
  0.532000005    
  0.550000012    
  0.568000019    
  0.585999966    
  0.603999972    
  0.621999979    
  0.640000045    
  0.657999992    
  0.675999999    
  0.694000006    
  0.712000012    
  0.730000019    
  0.747999966    
  0.766000032    
  0.784000039    
  0.801999986    
  0.820000052    
  0.838000000    
  0.856000006    
  0.874000013    
  0.892000020    
  0.910000026    
  0.927999973    
  0.945999980    
  0.963999987    
  0.981999993    
  0.100000001    
  0.118000001    
  0.136000007    
  0.153999999    
  0.171999991    
  0.189999998    
  0.208000004    
  0.225999981    
  0.243999988    
  0.261999995    
  0.280000001    
  0.298000008    
  0.315999985    
  0.333999991    
  0.351999968    
  0.370000005    
  0.387999982    
  0.405999988    
  0.423999965    
  0.442000002    
  0.460000008    
  0.477999985    
  0.495999992    
  0.513999999    
  0.532000005    
  0.550000012    
  0.568000019    
  0.585999966    
  0.603999972    
  0.621999979    
  0.640000045    
  0.657999992    
  0.675999999    
  0.694000006    
  0.712000012    
  0.730000019    
  0.747999966    
  0.766000032    
  0.784000039    
  0.801999986    
  0.820000052    
  0.838000000    
  0.856000006    
  0.874000013    
  0.892000020    
  0.910000026    
  0.927999973    
  0.945999980    
  0.963999987    
  0.981999993    
  0.100000001    
  0.118000001    
  0.136000007    
  0.153999999    
  0.171999991    
  0.189999998    
  0.208000004    
  0.225999981    
  0.243999988    
  0.261999995    
  0.280000001    
  0.298000008    
  0.315999985    
  0.333999991    
  0.351999968    
  0.370000005    
  0.387999982    
  0.405999988    
  0.423999965    
  0.442000002    
  0.460000008    
  0.477999985    
  0.495999992    
  0.513999999    
  0.532000005    
  0.550000012    
  0.568000019    
  0.585999966    
  0.603999972    
  0.621999979    
  0.640000045    
  0.657999992    
  0.675999999    
  0.694000006    
  0.712000012    
  0.730000019    
  0.747999966    
  0.766000032    
  0.784000039    
  0.801999986    
  0.820000052    
  0.838000000    
  0.856000006    
  0.874000013    
  0.892000020    
  0.910000026    
  0.927999973    
  0.945999980    
  0.963999987    
  0.981999993    
  0.100000001    
  0.118000001    
  0.136000007    
  0.153999999    
  0.171999991    
  0.189999998    
  0.208000004    
  0.225999981    
  0.243999988    
  0.261999995    
  0.280000001    
  0.298000008    
  0.315999985    
  0.333999991    
  0.351999968    
  0.370000005    
  0.387999982    
  0.405999988    
  0.423999965    
  0.442000002    
  0.460000008    
  0.477999985    
  0.495999992    
  0.513999999    
  0.532000005    
  0.550000012    
  0.568000019    
  0.585999966    
  0.603999972    
  0.621999979    
  0.640000045    
  0.657999992    
  0.675999999    
  0.694000006    
  0.712000012    
  0.730000019    
  0.747999966    
  0.766000032    
  0.784000039    
  0.801999986    
  0.820000052    
  0.838000000    
  0.856000006    
  0.874000013    
  0.892000020    
  0.910000026    
  0.927999973    
  0.945999980    
  0.963999987    
  0.981999993    
  0.100000001    
  0.118000001    
  0.136000007    
  0.153999999    
  0.171999991    
  0.189999998    
  0.208000004    
  0.225999981    
  0.243999988    
  0.261999995    
  0.280000001    
  0.298000008    
  0.315999985    
  0.333999991    
  0.351999968    
  0.370000005    
  0.387999982    
  0.405999988    
  0.423999965    
  0.442000002    
  0.460000008    
  0.477999985    
  0.495999992    
  0.513999999    
  0.532000005    
  0.550000012    
  0.568000019    
  0.585999966    
  0.603999972    
  0.621999979    
  0.640000045    
  0.657999992    
  0.675999999    
  0.694000006    
  0.712000012    
  0.730000019    
  0.747999966    
  0.766000032    
  0.784000039    
  0.801999986    
  0.820000052    
  0.838000000    
  0.856000006    
  0.874000013    
  0.892000020    
  0.910000026    
  0.927999973    
  0.945999980    
  0.963999987    
  0.981999993    
  0.100000001    
  0.118000001    
  0.136000007    
  0.153999999    
  0.171999991    
  0.189999998    
  0.208000004    
  0.225999981    
  0.243999988    
  0.261999995    
  0.280000001    
  0.298000008    
  0.315999985    
  0.333999991    
  0.351999968    
  0.370000005    
  0.387999982    
  0.405999988    
  0.423999965    
  0.442000002    
  0.460000008    
  0.477999985    
  0.495999992    
  0.513999999    
  0.532000005    
  0.550000012    
  0.568000019    
  0.585999966    
  0.603999972    
  0.621999979    
  0.640000045    
  0.657999992    
  0.675999999    
  0.694000006    
  0.712000012    
  0.730000019    
  0.747999966    
  0.766000032    
  0.784000039    
  0.801999986    
  0.820000052    
  0.838000000    
  0.856000006    
  0.874000013    
  0.892000020    
  0.910000026    
  0.927999973    
  0.945999980    
  0.963999987    
  0.981999993    
  0.100000001    
  0.118000001    
  0.136000007    
  0.153999999    
  0.171999991    
  0.189999998    
  0.208000004    
  0.225999981    
  0.243999988    
  0.261999995    
  0.280000001    
  0.298000008    
  0.315999985    
  0.333999991    
  0.351999968    
  0.370000005    
  0.387999982    
  0.405999988    
  0.423999965    
  0.442000002    
  0.460000008    
  0.477999985    
  0.495999992    
  0.513999999    
  0.532000005    
  0.550000012    
  0.568000019    
  0.585999966    
  0.603999972    
  0.621999979    
  0.640000045    
  0.657999992    
  0.675999999    
  0.694000006    
  0.712000012    
  0.730000019    
  0.747999966    
  0.766000032    
  0.784000039    
  0.801999986    
  0.820000052    
  0.838000000    
  0.856000006    
  0.874000013    
  0.892000020    
  0.910000026    
  0.927999973    
  0.945999980    
  0.963999987    
  0.981999993    
  0.100000001    
  0.118000001    
  0.136000007    
  0.153999999    
  0.171999991    
  0.189999998    
  0.208000004    
  0.225999981    
  0.243999988    
  0.261999995    
  0.280000001    
  0.298000008    
  0.315999985    
  0.333999991    
  0.351999968    
  0.370000005    
  0.387999982    
  0.405999988    
  0.423999965    
  0.442000002    
  0.460000008    
  0.477999985    
  0.495999992    
  0.513999999    
  0.532000005    
  0.550000012    
  0.568000019    
  0.585999966    
  0.603999972    
  0.621999979    
  0.640000045    
  0.657999992    
  0.675999999    
  0.694000006    
  0.712000012    
  0.730000019    
  0.747999966    
  0.766000032    
  0.784000039    
  0.801999986    
  0.820000052    
  0.838000000    
  0.856000006    
  0.874000013    
  0.892000020    
  0.910000026    
  0.927999973    
  0.945999980    
  0.963999987    
  0.981999993    
  0.100000001    
  0.118000001    
  0.136000007    
  0.153999999    
  0.171999991    
  0.189999998    
  0.208000004    
  0.225999981    
  0.243999988    
  0.261999995    
  0.280000001    
  0.298000008    
  0.315999985    
  0.333999991    
  0.351999968    
  0.370000005    
  0.387999982    
  0.405999988    
  0.423999965    
  0.442000002    
  0.460000008    
  0.477999985    
  0.495999992    
  0.513999999    
  0.532000005    
  0.550000012    
  0.568000019    
  0.585999966    
  0.603999972    
  0.621999979    
  0.640000045    
  0.657999992    
  0.675999999    
  0.694000006    
  0.712000012    
  0.730000019    
  0.747999966    
  0.766000032    
  0.784000039    
  0.801999986    
  0.820000052    
  0.838000000    
  0.856000006    
  0.874000013    
  0.892000020    
  0.910000026    
  0.927999973    
  0.945999980    
  0.963999987    
  0.981999993    
  0.100000001    
  0.118000001    
  0.136000007    
  0.153999999    
  0.171999991    
  0.189999998    
  0.208000004    
  0.225999981    
  0.243999988    
  0.261999995    
  0.280000001    
  0.298000008    
  0.315999985    
  0.333999991    
  0.351999968    
  0.370000005    
  0.387999982    
  0.405999988    
  0.423999965    
  0.442000002    
  0.460000008    
  0.477999985    
  0.495999992    
  0.513999999    
  0.532000005    
  0.550000012    
  0.568000019    
  0.585999966    
  0.603999972    
  0.621999979    
  0.640000045    
  0.657999992    
  0.675999999    
  0.694000006    
  0.712000012    
  0.730000019    
  0.747999966    
  0.766000032    
  0.784000039    
  0.801999986    
  0.820000052    
  0.838000000    
  0.856000006    
  0.874000013    
  0.892000020    
  0.910000026    
  0.927999973    
  0.945999980    
  0.963999987    
  0.981999993    
  0.100000001    
  0.118000001    
  0.136000007    
  0.153999999    
  0.171999991    
  0.189999998    
  0.208000004    
  0.225999981    
  0.243999988    
  0.261999995    
  0.280000001    
  0.298000008    
  0.315999985    
  0.333999991    
  0.351999968    
  0.370000005    
  0.387999982    
  0.405999988    
  0.423999965    
  0.442000002    
  0.460000008    
  0.477999985    
  0.495999992    
  0.513999999    
  0.532000005    
  0.550000012    
  0.568000019    
  0.585999966    
  0.603999972    
  0.621999979    
  0.640000045    
  0.657999992    
  0.675999999    
  0.694000006    
  0.712000012    
  0.730000019    
  0.747999966    
  0.766000032    
  0.784000039    
  0.801999986    
  0.820000052    
  0.838000000    
  0.856000006    
  0.874000013    
  0.892000020    
  0.910000026    
  0.927999973    
  0.945999980    
  0.963999987    
  0.981999993    
  0.100000001    
  0.118000001    
  0.136000007    
  0.153999999    
  0.171999991    
  0.189999998    
  0.208000004    
  0.225999981    
  0.243999988    
  0.261999995    
  0.280000001    
  0.298000008    
  0.315999985    
  0.333999991    
  0.351999968    
  0.370000005    
  0.387999982    
  0.405999988    
  0.423999965    
  0.442000002    
  0.460000008    
  0.477999985    
  0.495999992    
  0.513999999    
  0.532000005    
  0.550000012    
  0.568000019    
  0.585999966    
  0.603999972    
  0.621999979    
  0.640000045    
  0.657999992    
  0.675999999    
  0.694000006    
  0.712000012    
  0.730000019    
  0.747999966    
  0.766000032    
  0.784000039    
  0.801999986    
  0.820000052    
  0.838000000    
  0.856000006    
  0.874000013    
  0.892000020    
  0.910000026    
  0.927999973    
  0.945999980    
  0.963999987    
  0.981999993    
  0.100000001    
  0.118000001    
  0.136000007    
  0.153999999    
  0.171999991    
  0.189999998    
  0.208000004    
  0.225999981    
  0.243999988    
  0.261999995    
  0.280000001    
  0.298000008    
  0.315999985    
  0.333999991    
  0.351999968    
  0.370000005    
  0.387999982    
  0.405999988    
  0.423999965    
  0.442000002    
  0.460000008    
  0.477999985    
  0.495999992    
  0.513999999    
  0.532000005    
  0.550000012    
  0.568000019    
  0.585999966    
  0.603999972    
  0.621999979    
  0.640000045    
  0.657999992    
  0.675999999    
  0.694000006    
  0.712000012    
  0.730000019    
  0.747999966    
  0.766000032    
  0.784000039    
  0.801999986    
  0.820000052    
  0.838000000    
  0.856000006    
  0.874000013    
  0.892000020    
  0.910000026    
  0.927999973    
  0.945999980    
  0.963999987    
  0.981999993    
  0.100000001    
  0.118000001    
  0.136000007    
  0.153999999    
  0.171999991    
  0.189999998    
  0.208000004    
  0.225999981    
  0.243999988    
  0.261999995    
  0.280000001    
  0.298000008    
  0.315999985    
  0.333999991    
  0.351999968    
  0.370000005    
  0.387999982    
  0.405999988    
  0.423999965    
  0.442000002    
  0.460000008    
  0.477999985    
  0.495999992    
  0.513999999    
  0.532000005    
  0.550000012    
  0.568000019    
  0.585999966    
  0.603999972    
  0.621999979    
  0.640000045    
  0.657999992    
  0.675999999    
  0.694000006    
  0.712000012    
  0.730000019    
  0.747999966    
  0.766000032    
  0.784000039    
  0.801999986    
  0.820000052    
  0.838000000    
  0.856000006    
  0.874000013    
  0.892000020    
  0.910000026    
  0.927999973    
  0.945999980    
  0.963999987    
  0.981999993    
  0.100000001    
  0.118000001    
  0.136000007    
  0.153999999    
  0.171999991    
  0.189999998    
  0.208000004    
  0.225999981    
  0.243999988    
  0.261999995    
  0.280000001    
  0.298000008    
  0.315999985    
  0.333999991    
  0.351999968    
  0.370000005    
  0.387999982    
  0.405999988    
  0.423999965    
  0.442000002    
  0.460000008    
  0.477999985    
  0.495999992    
  0.513999999    
  0.532000005    
  0.550000012    
  0.568000019    
  0.585999966    
  0.603999972    
  0.621999979    
  0.640000045    
  0.657999992    
  0.675999999    
  0.694000006    
  0.712000012    
  0.730000019    
  0.747999966    
  0.766000032    
  0.784000039    
  0.801999986    
  0.820000052    
  0.838000000    
  0.856000006    
  0.874000013    
  0.892000020    
  0.910000026    
  0.927999973    
  0.945999980    
  0.963999987    
  0.981999993    
  0.100000001    
  0.118000001    
  0.136000007    
  0.153999999    
  0.171999991    
  0.189999998    
  0.208000004    
  0.225999981    
  0.243999988    
  0.261999995    
  0.280000001    
  0.298000008    
  0.315999985    
  0.333999991    
  0.351999968    
  0.370000005    
  0.387999982    
  0.405999988    
  0.423999965    
  0.442000002    
  0.460000008    
  0.477999985    
  0.495999992    
  0.513999999    
  0.532000005    
  0.550000012    
  0.568000019    
  0.585999966    
  0.603999972    
  0.621999979    
  0.640000045    
  0.657999992    
  0.675999999    
  0.694000006    
  0.712000012    
  0.730000019    
  0.747999966    
  0.766000032    
  0.784000039    
  0.801999986    
  0.820000052    
  0.838000000    
  0.856000006    
  0.874000013    
  0.892000020    
  0.910000026    
  0.927999973    
  0.945999980    
  0.963999987    
  0.981999993    
  0.100000001    
  0.118000001    
  0.136000007    
  0.153999999    
  0.171999991    
  0.189999998    
  0.208000004    
  0.225999981    
  0.243999988    
  0.261999995    
  0.280000001    
  0.298000008    
  0.315999985    
  0.333999991    
  0.351999968    
  0.370000005    
  0.387999982    
  0.405999988    
  0.423999965    
  0.442000002    
  0.460000008    
  0.477999985    
  0.495999992    
  0.513999999    
  0.532000005    
  0.550000012    
  0.568000019    
  0.585999966    
  0.603999972    
  0.621999979    
  0.640000045    
  0.657999992    
  0.675999999    
  0.694000006    
  0.712000012    
  0.730000019    
  0.747999966    
  0.766000032    
  0.784000039    
  0.801999986    
  0.820000052    
  0.838000000    
  0.856000006    
  0.874000013    
  0.892000020    
  0.910000026    
  0.927999973    
  0.945999980    
  0.963999987    
  0.981999993    
  0.100000001    
  0.118000001    
  0.136000007    
  0.153999999    
  0.171999991    
  0.189999998    
  0.208000004    
  0.225999981    
  0.243999988    
  0.261999995    
  0.280000001    
  0.298000008    
  0.315999985    
  0.333999991    
  0.351999968    
  0.370000005    
  0.387999982    
  0.405999988    
  0.423999965    
  0.442000002    
  0.460000008    
  0.477999985    
  0.495999992    
  0.513999999    
  0.532000005    
  0.550000012    
  0.568000019    
  0.585999966    
  0.603999972    
  0.621999979    
  0.640000045    
  0.657999992    
  0.675999999    
  0.694000006    
  0.712000012    
  0.730000019    
  0.747999966    
  0.766000032    
  0.784000039    
  0.801999986    
  0.820000052    
  0.838000000    
  0.856000006    
  0.874000013    
  0.892000020    
  0.910000026    
  0.927999973    
  0.945999980    
  0.963999987    
  0.981999993    
  0.100000001    
  0.118000001    
  0.136000007    
  0.153999999    
  0.171999991    
  0.189999998    
  0.208000004    
  0.225999981    
  0.243999988    
  0.261999995    
  0.280000001    
  0.298000008    
  0.315999985    
  0.333999991    
  0.351999968    
  0.370000005    
  0.387999982    
  0.405999988    
  0.423999965    
  0.442000002    
  0.460000008    
  0.477999985    
  0.495999992    
  0.513999999    
  0.532000005    
  0.550000012    
  0.568000019    
  0.585999966    
  0.603999972    
  0.621999979    
  0.640000045    
  0.657999992    
  0.675999999    
  0.694000006    
  0.712000012    
  0.730000019    
  0.747999966    
  0.766000032    
  0.784000039    
  0.801999986    
  0.820000052    
  0.838000000    
  0.856000006    
  0.874000013    
  0.892000020    
  0.910000026    
  0.927999973    
  0.945999980    
  0.963999987    
  0.981999993    
  0.100000001    
  0.118000001    
  0.136000007    
  0.153999999    
  0.171999991    
  0.189999998    
  0.208000004    
  0.225999981    
  0.243999988    
  0.261999995    
  0.280000001    
  0.298000008    
  0.315999985    
  0.333999991    
  0.351999968    
  0.370000005    
  0.387999982    
  0.405999988    
  0.423999965    
  0.442000002    
  0.460000008    
  0.477999985    
  0.495999992    
  0.513999999    
  0.532000005    
  0.550000012    
  0.568000019    
  0.585999966    
  0.603999972    
  0.621999979    
  0.640000045    
  0.657999992    
  0.675999999    
  0.694000006    
  0.712000012    
  0.730000019    
  0.747999966    
  0.766000032    
  0.784000039    
  0.801999986    
  0.820000052    
  0.838000000    
  0.856000006    
  0.874000013    
  0.892000020    
  0.910000026    
  0.927999973    
  0.945999980    
  0.963999987    
  0.981999993    
  0.100000001    
  0.118000001    
  0.136000007    
  0.153999999    
  0.171999991    
  0.189999998    
  0.208000004    
  0.225999981    
  0.243999988    
  0.261999995    
  0.280000001    
  0.298000008    
  0.315999985    
  0.333999991    
  0.351999968    
  0.370000005    
  0.387999982    
  0.405999988    
  0.423999965    
  0.442000002    
  0.460000008    
  0.477999985    
  0.495999992    
  0.513999999    
  0.532000005    
  0.550000012    
  0.568000019    
  0.585999966    
  0.603999972    
  0.621999979    
  0.640000045    
  0.657999992    
  0.675999999    
  0.694000006    
  0.712000012    
  0.730000019    
  0.747999966    
  0.766000032    
  0.784000039    
  0.801999986    
  0.820000052    
  0.838000000    
  0.856000006    
  0.874000013    
  0.892000020    
  0.910000026    
  0.927999973    
  0.945999980    
  0.963999987    
  0.981999993    
  0.100000001    
  0.118000001    
  0.136000007    
  0.153999999    
  0.171999991    
  0.189999998    
  0.208000004    
  0.225999981    
  0.243999988    
  0.261999995    
  0.280000001    
  0.298000008    
  0.315999985    
  0.333999991    
  0.351999968    
  0.370000005    
  0.387999982    
  0.405999988    
  0.423999965    
  0.442000002    
  0.460000008    
  0.477999985    
  0.495999992    
  0.513999999    
  0.532000005    
  0.550000012    
  0.568000019    
  0.585999966    
  0.603999972    
  0.621999979    
  0.640000045    
  0.657999992    
  0.675999999    
  0.694000006    
  0.712000012    
  0.730000019    
  0.747999966    
  0.766000032    
  0.784000039    
  0.801999986    
  0.820000052    
  0.838000000    
  0.856000006    
  0.874000013    
  0.892000020    
  0.910000026    
  0.927999973    
  0.945999980    
  0.963999987    
  0.981999993    
