   0.00000000    
   0.00000000    
   0.00000000    
   0.00000000    
   0.00000000    
   0.00000000    
   0.00000000    
   0.00000000    
   0.00000000    
   0.00000000    
   0.00000000    
   0.00000000    
   0.00000000    
   0.00000000    
   0.00000000    
   0.00000000    
   0.00000000    
   0.00000000    
   0.00000000    
   0.00000000    
   0.00000000    
   0.00000000    
   0.00000000    
   0.00000000    
   0.00000000    
   0.00000000    
   0.00000000    
   0.00000000    
   0.00000000    
   0.00000000    
   5.23598790E-02
   5.23598790E-02
   5.23598790E-02
   5.23598790E-02
   5.23598790E-02
   5.23598790E-02
   5.23598790E-02
   5.23598790E-02
   5.23598790E-02
   5.23598790E-02
   5.23598790E-02
   5.23598790E-02
   5.23598790E-02
   5.23598790E-02
   5.23598790E-02
   5.23598790E-02
   5.23598790E-02
   5.23598790E-02
   5.23598790E-02
   5.23598790E-02
   5.23598790E-02
   5.23598790E-02
   5.23598790E-02
   5.23598790E-02
   5.23598790E-02
   5.23598790E-02
   5.23598790E-02
   5.23598790E-02
   5.23598790E-02
   5.23598790E-02
  0.104719758    
  0.104719758    
  0.104719758    
  0.104719758    
  0.104719758    
  0.104719758    
  0.104719758    
  0.104719758    
  0.104719758    
  0.104719758    
  0.104719758    
  0.104719758    
  0.104719758    
  0.104719758    
  0.104719758    
  0.104719758    
  0.104719758    
  0.104719758    
  0.104719758    
  0.104719758    
  0.104719758    
  0.104719758    
  0.104719758    
  0.104719758    
  0.104719758    
  0.104719758    
  0.104719758    
  0.104719758    
  0.104719758    
  0.104719758    
  0.157079637    
  0.157079637    
  0.157079637    
  0.157079637    
  0.157079637    
  0.157079637    
  0.157079637    
  0.157079637    
  0.157079637    
  0.157079637    
  0.157079637    
  0.157079637    
  0.157079637    
  0.157079637    
  0.157079637    
  0.157079637    
  0.157079637    
  0.157079637    
  0.157079637    
  0.157079637    
  0.157079637    
  0.157079637    
  0.157079637    
  0.157079637    
  0.157079637    
  0.157079637    
  0.157079637    
  0.157079637    
  0.157079637    
  0.157079637    
  0.209439516    
  0.209439516    
  0.209439516    
  0.209439516    
  0.209439516    
  0.209439516    
  0.209439516    
  0.209439516    
  0.209439516    
  0.209439516    
  0.209439516    
  0.209439516    
  0.209439516    
  0.209439516    
  0.209439516    
  0.209439516    
  0.209439516    
  0.209439516    
  0.209439516    
  0.209439516    
  0.209439516    
  0.209439516    
  0.209439516    
  0.209439516    
  0.209439516    
  0.209439516    
  0.209439516    
  0.209439516    
  0.209439516    
  0.209439516    
  0.261799395    
  0.261799395    
  0.261799395    
  0.261799395    
  0.261799395    
  0.261799395    
  0.261799395    
  0.261799395    
  0.261799395    
  0.261799395    
  0.261799395    
  0.261799395    
  0.261799395    
  0.261799395    
  0.261799395    
  0.261799395    
  0.261799395    
  0.261799395    
  0.261799395    
  0.261799395    
  0.261799395    
  0.261799395    
  0.261799395    
  0.261799395    
  0.261799395    
  0.261799395    
  0.261799395    
  0.261799395    
  0.261799395    
  0.261799395    
  0.314159274    
  0.314159274    
  0.314159274    
  0.314159274    
  0.314159274    
  0.314159274    
  0.314159274    
  0.314159274    
  0.314159274    
  0.314159274    
  0.314159274    
  0.314159274    
  0.314159274    
  0.314159274    
  0.314159274    
  0.314159274    
  0.314159274    
  0.314159274    
  0.314159274    
  0.314159274    
  0.314159274    
  0.314159274    
  0.314159274    
  0.314159274    
  0.314159274    
  0.314159274    
  0.314159274    
  0.314159274    
  0.314159274    
  0.314159274    
  0.366519153    
  0.366519153    
  0.366519153    
  0.366519153    
  0.366519153    
  0.366519153    
  0.366519153    
  0.366519153    
  0.366519153    
  0.366519153    
  0.366519153    
  0.366519153    
  0.366519153    
  0.366519153    
  0.366519153    
  0.366519153    
  0.366519153    
  0.366519153    
  0.366519153    
  0.366519153    
  0.366519153    
  0.366519153    
  0.366519153    
  0.366519153    
  0.366519153    
  0.366519153    
  0.366519153    
  0.366519153    
  0.366519153    
  0.366519153    
  0.418879032    
  0.418879032    
  0.418879032    
  0.418879032    
  0.418879032    
  0.418879032    
  0.418879032    
  0.418879032    
  0.418879032    
  0.418879032    
  0.418879032    
  0.418879032    
  0.418879032    
  0.418879032    
  0.418879032    
  0.418879032    
  0.418879032    
  0.418879032    
  0.418879032    
  0.418879032    
  0.418879032    
  0.418879032    
  0.418879032    
  0.418879032    
  0.418879032    
  0.418879032    
  0.418879032    
  0.418879032    
  0.418879032    
  0.418879032    
  0.471238911    
  0.471238911    
  0.471238911    
  0.471238911    
  0.471238911    
  0.471238911    
  0.471238911    
  0.471238911    
  0.471238911    
  0.471238911    
  0.471238911    
  0.471238911    
  0.471238911    
  0.471238911    
  0.471238911    
  0.471238911    
  0.471238911    
  0.471238911    
  0.471238911    
  0.471238911    
  0.471238911    
  0.471238911    
  0.471238911    
  0.471238911    
  0.471238911    
  0.471238911    
  0.471238911    
  0.471238911    
  0.471238911    
  0.471238911    
  0.523598790    
  0.523598790    
  0.523598790    
  0.523598790    
  0.523598790    
  0.523598790    
  0.523598790    
  0.523598790    
  0.523598790    
  0.523598790    
  0.523598790    
  0.523598790    
  0.523598790    
  0.523598790    
  0.523598790    
  0.523598790    
  0.523598790    
  0.523598790    
  0.523598790    
  0.523598790    
  0.523598790    
  0.523598790    
  0.523598790    
  0.523598790    
  0.523598790    
  0.523598790    
  0.523598790    
  0.523598790    
  0.523598790    
  0.523598790    
  0.575958669    
  0.575958669    
  0.575958669    
  0.575958669    
  0.575958669    
  0.575958669    
  0.575958669    
  0.575958669    
  0.575958669    
  0.575958669    
  0.575958669    
  0.575958669    
  0.575958669    
  0.575958669    
  0.575958669    
  0.575958669    
  0.575958669    
  0.575958669    
  0.575958669    
  0.575958669    
  0.575958669    
  0.575958669    
  0.575958669    
  0.575958669    
  0.575958669    
  0.575958669    
  0.575958669    
  0.575958669    
  0.575958669    
  0.575958669    
  0.628318548    
  0.628318548    
  0.628318548    
  0.628318548    
  0.628318548    
  0.628318548    
  0.628318548    
  0.628318548    
  0.628318548    
  0.628318548    
  0.628318548    
  0.628318548    
  0.628318548    
  0.628318548    
  0.628318548    
  0.628318548    
  0.628318548    
  0.628318548    
  0.628318548    
  0.628318548    
  0.628318548    
  0.628318548    
  0.628318548    
  0.628318548    
  0.628318548    
  0.628318548    
  0.628318548    
  0.628318548    
  0.628318548    
  0.628318548    
  0.680678427    
  0.680678427    
  0.680678427    
  0.680678427    
  0.680678427    
  0.680678427    
  0.680678427    
  0.680678427    
  0.680678427    
  0.680678427    
  0.680678427    
  0.680678427    
  0.680678427    
  0.680678427    
  0.680678427    
  0.680678427    
  0.680678427    
  0.680678427    
  0.680678427    
  0.680678427    
  0.680678427    
  0.680678427    
  0.680678427    
  0.680678427    
  0.680678427    
  0.680678427    
  0.680678427    
  0.680678427    
  0.680678427    
  0.680678427    
  0.733038306    
  0.733038306    
  0.733038306    
  0.733038306    
  0.733038306    
  0.733038306    
  0.733038306    
  0.733038306    
  0.733038306    
  0.733038306    
  0.733038306    
  0.733038306    
  0.733038306    
  0.733038306    
  0.733038306    
  0.733038306    
  0.733038306    
  0.733038306    
  0.733038306    
  0.733038306    
  0.733038306    
  0.733038306    
  0.733038306    
  0.733038306    
  0.733038306    
  0.733038306    
  0.733038306    
  0.733038306    
  0.733038306    
  0.733038306    
  0.785398185    
  0.785398185    
  0.785398185    
  0.785398185    
  0.785398185    
  0.785398185    
  0.785398185    
  0.785398185    
  0.785398185    
  0.785398185    
  0.785398185    
  0.785398185    
  0.785398185    
  0.785398185    
  0.785398185    
  0.785398185    
  0.785398185    
  0.785398185    
  0.785398185    
  0.785398185    
  0.785398185    
  0.785398185    
  0.785398185    
  0.785398185    
  0.785398185    
  0.785398185    
  0.785398185    
  0.785398185    
  0.785398185    
  0.785398185    
  0.837758064    
  0.837758064    
  0.837758064    
  0.837758064    
  0.837758064    
  0.837758064    
  0.837758064    
  0.837758064    
  0.837758064    
  0.837758064    
  0.837758064    
  0.837758064    
  0.837758064    
  0.837758064    
  0.837758064    
  0.837758064    
  0.837758064    
  0.837758064    
  0.837758064    
  0.837758064    
  0.837758064    
  0.837758064    
  0.837758064    
  0.837758064    
  0.837758064    
  0.837758064    
  0.837758064    
  0.837758064    
  0.837758064    
  0.837758064    
  0.890117943    
  0.890117943    
  0.890117943    
  0.890117943    
  0.890117943    
  0.890117943    
  0.890117943    
  0.890117943    
  0.890117943    
  0.890117943    
  0.890117943    
  0.890117943    
  0.890117943    
  0.890117943    
  0.890117943    
  0.890117943    
  0.890117943    
  0.890117943    
  0.890117943    
  0.890117943    
  0.890117943    
  0.890117943    
  0.890117943    
  0.890117943    
  0.890117943    
  0.890117943    
  0.890117943    
  0.890117943    
  0.890117943    
  0.890117943    
  0.942477822    
  0.942477822    
  0.942477822    
  0.942477822    
  0.942477822    
  0.942477822    
  0.942477822    
  0.942477822    
  0.942477822    
  0.942477822    
  0.942477822    
  0.942477822    
  0.942477822    
  0.942477822    
  0.942477822    
  0.942477822    
  0.942477822    
  0.942477822    
  0.942477822    
  0.942477822    
  0.942477822    
  0.942477822    
  0.942477822    
  0.942477822    
  0.942477822    
  0.942477822    
  0.942477822    
  0.942477822    
  0.942477822    
  0.942477822    
  0.994837701    
  0.994837701    
  0.994837701    
  0.994837701    
  0.994837701    
  0.994837701    
  0.994837701    
  0.994837701    
  0.994837701    
  0.994837701    
  0.994837701    
  0.994837701    
  0.994837701    
  0.994837701    
  0.994837701    
  0.994837701    
  0.994837701    
  0.994837701    
  0.994837701    
  0.994837701    
  0.994837701    
  0.994837701    
  0.994837701    
  0.994837701    
  0.994837701    
  0.994837701    
  0.994837701    
  0.994837701    
  0.994837701    
  0.994837701    
   1.04719758    
   1.04719758    
   1.04719758    
   1.04719758    
   1.04719758    
   1.04719758    
   1.04719758    
   1.04719758    
   1.04719758    
   1.04719758    
   1.04719758    
   1.04719758    
   1.04719758    
   1.04719758    
   1.04719758    
   1.04719758    
   1.04719758    
   1.04719758    
   1.04719758    
   1.04719758    
   1.04719758    
   1.04719758    
   1.04719758    
   1.04719758    
   1.04719758    
   1.04719758    
   1.04719758    
   1.04719758    
   1.04719758    
   1.04719758    
   1.09955752    
   1.09955752    
   1.09955752    
   1.09955752    
   1.09955752    
   1.09955752    
   1.09955752    
   1.09955752    
   1.09955752    
   1.09955752    
   1.09955752    
   1.09955752    
   1.09955752    
   1.09955752    
   1.09955752    
   1.09955752    
   1.09955752    
   1.09955752    
   1.09955752    
   1.09955752    
   1.09955752    
   1.09955752    
   1.09955752    
   1.09955752    
   1.09955752    
   1.09955752    
   1.09955752    
   1.09955752    
   1.09955752    
   1.09955752    
   1.15191734    
   1.15191734    
   1.15191734    
   1.15191734    
   1.15191734    
   1.15191734    
   1.15191734    
   1.15191734    
   1.15191734    
   1.15191734    
   1.15191734    
   1.15191734    
   1.15191734    
   1.15191734    
   1.15191734    
   1.15191734    
   1.15191734    
   1.15191734    
   1.15191734    
   1.15191734    
   1.15191734    
   1.15191734    
   1.15191734    
   1.15191734    
   1.15191734    
   1.15191734    
   1.15191734    
   1.15191734    
   1.15191734    
   1.15191734    
   1.20427716    
   1.20427716    
   1.20427716    
   1.20427716    
   1.20427716    
   1.20427716    
   1.20427716    
   1.20427716    
   1.20427716    
   1.20427716    
   1.20427716    
   1.20427716    
   1.20427716    
   1.20427716    
   1.20427716    
   1.20427716    
   1.20427716    
   1.20427716    
   1.20427716    
   1.20427716    
   1.20427716    
   1.20427716    
   1.20427716    
   1.20427716    
   1.20427716    
   1.20427716    
   1.20427716    
   1.20427716    
   1.20427716    
   1.20427716    
   1.25663710    
   1.25663710    
   1.25663710    
   1.25663710    
   1.25663710    
   1.25663710    
   1.25663710    
   1.25663710    
   1.25663710    
   1.25663710    
   1.25663710    
   1.25663710    
   1.25663710    
   1.25663710    
   1.25663710    
   1.25663710    
   1.25663710    
   1.25663710    
   1.25663710    
   1.25663710    
   1.25663710    
   1.25663710    
   1.25663710    
   1.25663710    
   1.25663710    
   1.25663710    
   1.25663710    
   1.25663710    
   1.25663710    
   1.25663710    
   1.30899692    
   1.30899692    
   1.30899692    
   1.30899692    
   1.30899692    
   1.30899692    
   1.30899692    
   1.30899692    
   1.30899692    
   1.30899692    
   1.30899692    
   1.30899692    
   1.30899692    
   1.30899692    
   1.30899692    
   1.30899692    
   1.30899692    
   1.30899692    
   1.30899692    
   1.30899692    
   1.30899692    
   1.30899692    
   1.30899692    
   1.30899692    
   1.30899692    
   1.30899692    
   1.30899692    
   1.30899692    
   1.30899692    
   1.30899692    
   1.36135685    
   1.36135685    
   1.36135685    
   1.36135685    
   1.36135685    
   1.36135685    
   1.36135685    
   1.36135685    
   1.36135685    
   1.36135685    
   1.36135685    
   1.36135685    
   1.36135685    
   1.36135685    
   1.36135685    
   1.36135685    
   1.36135685    
   1.36135685    
   1.36135685    
   1.36135685    
   1.36135685    
   1.36135685    
   1.36135685    
   1.36135685    
   1.36135685    
   1.36135685    
   1.36135685    
   1.36135685    
   1.36135685    
   1.36135685    
   1.41371679    
   1.41371679    
   1.41371679    
   1.41371679    
   1.41371679    
   1.41371679    
   1.41371679    
   1.41371679    
   1.41371679    
   1.41371679    
   1.41371679    
   1.41371679    
   1.41371679    
   1.41371679    
   1.41371679    
   1.41371679    
   1.41371679    
   1.41371679    
   1.41371679    
   1.41371679    
   1.41371679    
   1.41371679    
   1.41371679    
   1.41371679    
   1.41371679    
   1.41371679    
   1.41371679    
   1.41371679    
   1.41371679    
   1.41371679    
   1.46607661    
   1.46607661    
   1.46607661    
   1.46607661    
   1.46607661    
   1.46607661    
   1.46607661    
   1.46607661    
   1.46607661    
   1.46607661    
   1.46607661    
   1.46607661    
   1.46607661    
   1.46607661    
   1.46607661    
   1.46607661    
   1.46607661    
   1.46607661    
   1.46607661    
   1.46607661    
   1.46607661    
   1.46607661    
   1.46607661    
   1.46607661    
   1.46607661    
   1.46607661    
   1.46607661    
   1.46607661    
   1.46607661    
   1.46607661    
   1.51843643    
   1.51843643    
   1.51843643    
   1.51843643    
   1.51843643    
   1.51843643    
   1.51843643    
   1.51843643    
   1.51843643    
   1.51843643    
   1.51843643    
   1.51843643    
   1.51843643    
   1.51843643    
   1.51843643    
   1.51843643    
   1.51843643    
   1.51843643    
   1.51843643    
   1.51843643    
   1.51843643    
   1.51843643    
   1.51843643    
   1.51843643    
   1.51843643    
   1.51843643    
   1.51843643    
   1.51843643    
   1.51843643    
   1.51843643    
