   0.00000000    
   0.00000000    
   0.00000000    
   0.00000000    
   0.00000000    
   0.00000000    
   0.00000000    
   0.00000000    
   0.00000000    
   0.00000000    
   0.00000000    
   0.00000000    
   0.00000000    
   0.00000000    
   0.00000000    
   0.00000000    
   0.00000000    
   0.00000000    
   0.00000000    
   0.00000000    
   0.00000000    
   0.00000000    
   0.00000000    
   0.00000000    
   0.00000000    
   0.00000000    
   0.00000000    
   0.00000000    
   0.00000000    
   0.00000000    
   0.00000000    
   0.00000000    
   0.00000000    
   0.00000000    
   0.00000000    
   4.48798947E-02
   4.48798947E-02
   4.48798947E-02
   4.48798947E-02
   4.48798947E-02
   4.48798947E-02
   4.48798947E-02
   4.48798947E-02
   4.48798947E-02
   4.48798947E-02
   4.48798947E-02
   4.48798947E-02
   4.48798947E-02
   4.48798947E-02
   4.48798947E-02
   4.48798947E-02
   4.48798947E-02
   4.48798947E-02
   4.48798947E-02
   4.48798947E-02
   4.48798947E-02
   4.48798947E-02
   4.48798947E-02
   4.48798947E-02
   4.48798947E-02
   4.48798947E-02
   4.48798947E-02
   4.48798947E-02
   4.48798947E-02
   4.48798947E-02
   4.48798947E-02
   4.48798947E-02
   4.48798947E-02
   4.48798947E-02
   4.48798947E-02
   8.97597894E-02
   8.97597894E-02
   8.97597894E-02
   8.97597894E-02
   8.97597894E-02
   8.97597894E-02
   8.97597894E-02
   8.97597894E-02
   8.97597894E-02
   8.97597894E-02
   8.97597894E-02
   8.97597894E-02
   8.97597894E-02
   8.97597894E-02
   8.97597894E-02
   8.97597894E-02
   8.97597894E-02
   8.97597894E-02
   8.97597894E-02
   8.97597894E-02
   8.97597894E-02
   8.97597894E-02
   8.97597894E-02
   8.97597894E-02
   8.97597894E-02
   8.97597894E-02
   8.97597894E-02
   8.97597894E-02
   8.97597894E-02
   8.97597894E-02
   8.97597894E-02
   8.97597894E-02
   8.97597894E-02
   8.97597894E-02
   8.97597894E-02
  0.134639680    
  0.134639680    
  0.134639680    
  0.134639680    
  0.134639680    
  0.134639680    
  0.134639680    
  0.134639680    
  0.134639680    
  0.134639680    
  0.134639680    
  0.134639680    
  0.134639680    
  0.134639680    
  0.134639680    
  0.134639680    
  0.134639680    
  0.134639680    
  0.134639680    
  0.134639680    
  0.134639680    
  0.134639680    
  0.134639680    
  0.134639680    
  0.134639680    
  0.134639680    
  0.134639680    
  0.134639680    
  0.134639680    
  0.134639680    
  0.134639680    
  0.134639680    
  0.134639680    
  0.134639680    
  0.134639680    
  0.179519579    
  0.179519579    
  0.179519579    
  0.179519579    
  0.179519579    
  0.179519579    
  0.179519579    
  0.179519579    
  0.179519579    
  0.179519579    
  0.179519579    
  0.179519579    
  0.179519579    
  0.179519579    
  0.179519579    
  0.179519579    
  0.179519579    
  0.179519579    
  0.179519579    
  0.179519579    
  0.179519579    
  0.179519579    
  0.179519579    
  0.179519579    
  0.179519579    
  0.179519579    
  0.179519579    
  0.179519579    
  0.179519579    
  0.179519579    
  0.179519579    
  0.179519579    
  0.179519579    
  0.179519579    
  0.179519579    
  0.224399492    
  0.224399492    
  0.224399492    
  0.224399492    
  0.224399492    
  0.224399492    
  0.224399492    
  0.224399492    
  0.224399492    
  0.224399492    
  0.224399492    
  0.224399492    
  0.224399492    
  0.224399492    
  0.224399492    
  0.224399492    
  0.224399492    
  0.224399492    
  0.224399492    
  0.224399492    
  0.224399492    
  0.224399492    
  0.224399492    
  0.224399492    
  0.224399492    
  0.224399492    
  0.224399492    
  0.224399492    
  0.224399492    
  0.224399492    
  0.224399492    
  0.224399492    
  0.224399492    
  0.224399492    
  0.224399492    
  0.269279361    
  0.269279361    
  0.269279361    
  0.269279361    
  0.269279361    
  0.269279361    
  0.269279361    
  0.269279361    
  0.269279361    
  0.269279361    
  0.269279361    
  0.269279361    
  0.269279361    
  0.269279361    
  0.269279361    
  0.269279361    
  0.269279361    
  0.269279361    
  0.269279361    
  0.269279361    
  0.269279361    
  0.269279361    
  0.269279361    
  0.269279361    
  0.269279361    
  0.269279361    
  0.269279361    
  0.269279361    
  0.269279361    
  0.269279361    
  0.269279361    
  0.269279361    
  0.269279361    
  0.269279361    
  0.269279361    
  0.314159274    
  0.314159274    
  0.314159274    
  0.314159274    
  0.314159274    
  0.314159274    
  0.314159274    
  0.314159274    
  0.314159274    
  0.314159274    
  0.314159274    
  0.314159274    
  0.314159274    
  0.314159274    
  0.314159274    
  0.314159274    
  0.314159274    
  0.314159274    
  0.314159274    
  0.314159274    
  0.314159274    
  0.314159274    
  0.314159274    
  0.314159274    
  0.314159274    
  0.314159274    
  0.314159274    
  0.314159274    
  0.314159274    
  0.314159274    
  0.314159274    
  0.314159274    
  0.314159274    
  0.314159274    
  0.314159274    
  0.359039158    
  0.359039158    
  0.359039158    
  0.359039158    
  0.359039158    
  0.359039158    
  0.359039158    
  0.359039158    
  0.359039158    
  0.359039158    
  0.359039158    
  0.359039158    
  0.359039158    
  0.359039158    
  0.359039158    
  0.359039158    
  0.359039158    
  0.359039158    
  0.359039158    
  0.359039158    
  0.359039158    
  0.359039158    
  0.359039158    
  0.359039158    
  0.359039158    
  0.359039158    
  0.359039158    
  0.359039158    
  0.359039158    
  0.359039158    
  0.359039158    
  0.359039158    
  0.359039158    
  0.359039158    
  0.359039158    
  0.403919071    
  0.403919071    
  0.403919071    
  0.403919071    
  0.403919071    
  0.403919071    
  0.403919071    
  0.403919071    
  0.403919071    
  0.403919071    
  0.403919071    
  0.403919071    
  0.403919071    
  0.403919071    
  0.403919071    
  0.403919071    
  0.403919071    
  0.403919071    
  0.403919071    
  0.403919071    
  0.403919071    
  0.403919071    
  0.403919071    
  0.403919071    
  0.403919071    
  0.403919071    
  0.403919071    
  0.403919071    
  0.403919071    
  0.403919071    
  0.403919071    
  0.403919071    
  0.403919071    
  0.403919071    
  0.403919071    
  0.448798984    
  0.448798984    
  0.448798984    
  0.448798984    
  0.448798984    
  0.448798984    
  0.448798984    
  0.448798984    
  0.448798984    
  0.448798984    
  0.448798984    
  0.448798984    
  0.448798984    
  0.448798984    
  0.448798984    
  0.448798984    
  0.448798984    
  0.448798984    
  0.448798984    
  0.448798984    
  0.448798984    
  0.448798984    
  0.448798984    
  0.448798984    
  0.448798984    
  0.448798984    
  0.448798984    
  0.448798984    
  0.448798984    
  0.448798984    
  0.448798984    
  0.448798984    
  0.448798984    
  0.448798984    
  0.448798984    
  0.493678898    
  0.493678898    
  0.493678898    
  0.493678898    
  0.493678898    
  0.493678898    
  0.493678898    
  0.493678898    
  0.493678898    
  0.493678898    
  0.493678898    
  0.493678898    
  0.493678898    
  0.493678898    
  0.493678898    
  0.493678898    
  0.493678898    
  0.493678898    
  0.493678898    
  0.493678898    
  0.493678898    
  0.493678898    
  0.493678898    
  0.493678898    
  0.493678898    
  0.493678898    
  0.493678898    
  0.493678898    
  0.493678898    
  0.493678898    
  0.493678898    
  0.493678898    
  0.493678898    
  0.493678898    
  0.493678898    
  0.538558722    
  0.538558722    
  0.538558722    
  0.538558722    
  0.538558722    
  0.538558722    
  0.538558722    
  0.538558722    
  0.538558722    
  0.538558722    
  0.538558722    
  0.538558722    
  0.538558722    
  0.538558722    
  0.538558722    
  0.538558722    
  0.538558722    
  0.538558722    
  0.538558722    
  0.538558722    
  0.538558722    
  0.538558722    
  0.538558722    
  0.538558722    
  0.538558722    
  0.538558722    
  0.538558722    
  0.538558722    
  0.538558722    
  0.538558722    
  0.538558722    
  0.538558722    
  0.538558722    
  0.538558722    
  0.538558722    
  0.583438635    
  0.583438635    
  0.583438635    
  0.583438635    
  0.583438635    
  0.583438635    
  0.583438635    
  0.583438635    
  0.583438635    
  0.583438635    
  0.583438635    
  0.583438635    
  0.583438635    
  0.583438635    
  0.583438635    
  0.583438635    
  0.583438635    
  0.583438635    
  0.583438635    
  0.583438635    
  0.583438635    
  0.583438635    
  0.583438635    
  0.583438635    
  0.583438635    
  0.583438635    
  0.583438635    
  0.583438635    
  0.583438635    
  0.583438635    
  0.583438635    
  0.583438635    
  0.583438635    
  0.583438635    
  0.583438635    
  0.628318548    
  0.628318548    
  0.628318548    
  0.628318548    
  0.628318548    
  0.628318548    
  0.628318548    
  0.628318548    
  0.628318548    
  0.628318548    
  0.628318548    
  0.628318548    
  0.628318548    
  0.628318548    
  0.628318548    
  0.628318548    
  0.628318548    
  0.628318548    
  0.628318548    
  0.628318548    
  0.628318548    
  0.628318548    
  0.628318548    
  0.628318548    
  0.628318548    
  0.628318548    
  0.628318548    
  0.628318548    
  0.628318548    
  0.628318548    
  0.628318548    
  0.628318548    
  0.628318548    
  0.628318548    
  0.628318548    
  0.673198402    
  0.673198402    
  0.673198402    
  0.673198402    
  0.673198402    
  0.673198402    
  0.673198402    
  0.673198402    
  0.673198402    
  0.673198402    
  0.673198402    
  0.673198402    
  0.673198402    
  0.673198402    
  0.673198402    
  0.673198402    
  0.673198402    
  0.673198402    
  0.673198402    
  0.673198402    
  0.673198402    
  0.673198402    
  0.673198402    
  0.673198402    
  0.673198402    
  0.673198402    
  0.673198402    
  0.673198402    
  0.673198402    
  0.673198402    
  0.673198402    
  0.673198402    
  0.673198402    
  0.673198402    
  0.673198402    
  0.718078315    
  0.718078315    
  0.718078315    
  0.718078315    
  0.718078315    
  0.718078315    
  0.718078315    
  0.718078315    
  0.718078315    
  0.718078315    
  0.718078315    
  0.718078315    
  0.718078315    
  0.718078315    
  0.718078315    
  0.718078315    
  0.718078315    
  0.718078315    
  0.718078315    
  0.718078315    
  0.718078315    
  0.718078315    
  0.718078315    
  0.718078315    
  0.718078315    
  0.718078315    
  0.718078315    
  0.718078315    
  0.718078315    
  0.718078315    
  0.718078315    
  0.718078315    
  0.718078315    
  0.718078315    
  0.718078315    
  0.762958229    
  0.762958229    
  0.762958229    
  0.762958229    
  0.762958229    
  0.762958229    
  0.762958229    
  0.762958229    
  0.762958229    
  0.762958229    
  0.762958229    
  0.762958229    
  0.762958229    
  0.762958229    
  0.762958229    
  0.762958229    
  0.762958229    
  0.762958229    
  0.762958229    
  0.762958229    
  0.762958229    
  0.762958229    
  0.762958229    
  0.762958229    
  0.762958229    
  0.762958229    
  0.762958229    
  0.762958229    
  0.762958229    
  0.762958229    
  0.762958229    
  0.762958229    
  0.762958229    
  0.762958229    
  0.762958229    
  0.807838142    
  0.807838142    
  0.807838142    
  0.807838142    
  0.807838142    
  0.807838142    
  0.807838142    
  0.807838142    
  0.807838142    
  0.807838142    
  0.807838142    
  0.807838142    
  0.807838142    
  0.807838142    
  0.807838142    
  0.807838142    
  0.807838142    
  0.807838142    
  0.807838142    
  0.807838142    
  0.807838142    
  0.807838142    
  0.807838142    
  0.807838142    
  0.807838142    
  0.807838142    
  0.807838142    
  0.807838142    
  0.807838142    
  0.807838142    
  0.807838142    
  0.807838142    
  0.807838142    
  0.807838142    
  0.807838142    
  0.852718055    
  0.852718055    
  0.852718055    
  0.852718055    
  0.852718055    
  0.852718055    
  0.852718055    
  0.852718055    
  0.852718055    
  0.852718055    
  0.852718055    
  0.852718055    
  0.852718055    
  0.852718055    
  0.852718055    
  0.852718055    
  0.852718055    
  0.852718055    
  0.852718055    
  0.852718055    
  0.852718055    
  0.852718055    
  0.852718055    
  0.852718055    
  0.852718055    
  0.852718055    
  0.852718055    
  0.852718055    
  0.852718055    
  0.852718055    
  0.852718055    
  0.852718055    
  0.852718055    
  0.852718055    
  0.852718055    
  0.897597969    
  0.897597969    
  0.897597969    
  0.897597969    
  0.897597969    
  0.897597969    
  0.897597969    
  0.897597969    
  0.897597969    
  0.897597969    
  0.897597969    
  0.897597969    
  0.897597969    
  0.897597969    
  0.897597969    
  0.897597969    
  0.897597969    
  0.897597969    
  0.897597969    
  0.897597969    
  0.897597969    
  0.897597969    
  0.897597969    
  0.897597969    
  0.897597969    
  0.897597969    
  0.897597969    
  0.897597969    
  0.897597969    
  0.897597969    
  0.897597969    
  0.897597969    
  0.897597969    
  0.897597969    
  0.897597969    
  0.942477882    
  0.942477882    
  0.942477882    
  0.942477882    
  0.942477882    
  0.942477882    
  0.942477882    
  0.942477882    
  0.942477882    
  0.942477882    
  0.942477882    
  0.942477882    
  0.942477882    
  0.942477882    
  0.942477882    
  0.942477882    
  0.942477882    
  0.942477882    
  0.942477882    
  0.942477882    
  0.942477882    
  0.942477882    
  0.942477882    
  0.942477882    
  0.942477882    
  0.942477882    
  0.942477882    
  0.942477882    
  0.942477882    
  0.942477882    
  0.942477882    
  0.942477882    
  0.942477882    
  0.942477882    
  0.942477882    
  0.987357795    
  0.987357795    
  0.987357795    
  0.987357795    
  0.987357795    
  0.987357795    
  0.987357795    
  0.987357795    
  0.987357795    
  0.987357795    
  0.987357795    
  0.987357795    
  0.987357795    
  0.987357795    
  0.987357795    
  0.987357795    
  0.987357795    
  0.987357795    
  0.987357795    
  0.987357795    
  0.987357795    
  0.987357795    
  0.987357795    
  0.987357795    
  0.987357795    
  0.987357795    
  0.987357795    
  0.987357795    
  0.987357795    
  0.987357795    
  0.987357795    
  0.987357795    
  0.987357795    
  0.987357795    
  0.987357795    
   1.03223753    
   1.03223753    
   1.03223753    
   1.03223753    
   1.03223753    
   1.03223753    
   1.03223753    
   1.03223753    
   1.03223753    
   1.03223753    
   1.03223753    
   1.03223753    
   1.03223753    
   1.03223753    
   1.03223753    
   1.03223753    
   1.03223753    
   1.03223753    
   1.03223753    
   1.03223753    
   1.03223753    
   1.03223753    
   1.03223753    
   1.03223753    
   1.03223753    
   1.03223753    
   1.03223753    
   1.03223753    
   1.03223753    
   1.03223753    
   1.03223753    
   1.03223753    
   1.03223753    
   1.03223753    
   1.03223753    
   1.07711744    
   1.07711744    
   1.07711744    
   1.07711744    
   1.07711744    
   1.07711744    
   1.07711744    
   1.07711744    
   1.07711744    
   1.07711744    
   1.07711744    
   1.07711744    
   1.07711744    
   1.07711744    
   1.07711744    
   1.07711744    
   1.07711744    
   1.07711744    
   1.07711744    
   1.07711744    
   1.07711744    
   1.07711744    
   1.07711744    
   1.07711744    
   1.07711744    
   1.07711744    
   1.07711744    
   1.07711744    
   1.07711744    
   1.07711744    
   1.07711744    
   1.07711744    
   1.07711744    
   1.07711744    
   1.07711744    
   1.12199736    
   1.12199736    
   1.12199736    
   1.12199736    
   1.12199736    
   1.12199736    
   1.12199736    
   1.12199736    
   1.12199736    
   1.12199736    
   1.12199736    
   1.12199736    
   1.12199736    
   1.12199736    
   1.12199736    
   1.12199736    
   1.12199736    
   1.12199736    
   1.12199736    
   1.12199736    
   1.12199736    
   1.12199736    
   1.12199736    
   1.12199736    
   1.12199736    
   1.12199736    
   1.12199736    
   1.12199736    
   1.12199736    
   1.12199736    
   1.12199736    
   1.12199736    
   1.12199736    
   1.12199736    
   1.12199736    
   1.16687727    
   1.16687727    
   1.16687727    
   1.16687727    
   1.16687727    
   1.16687727    
   1.16687727    
   1.16687727    
   1.16687727    
   1.16687727    
   1.16687727    
   1.16687727    
   1.16687727    
   1.16687727    
   1.16687727    
   1.16687727    
   1.16687727    
   1.16687727    
   1.16687727    
   1.16687727    
   1.16687727    
   1.16687727    
   1.16687727    
   1.16687727    
   1.16687727    
   1.16687727    
   1.16687727    
   1.16687727    
   1.16687727    
   1.16687727    
   1.16687727    
   1.16687727    
   1.16687727    
   1.16687727    
   1.16687727    
   1.21175718    
   1.21175718    
   1.21175718    
   1.21175718    
   1.21175718    
   1.21175718    
   1.21175718    
   1.21175718    
   1.21175718    
   1.21175718    
   1.21175718    
   1.21175718    
   1.21175718    
   1.21175718    
   1.21175718    
   1.21175718    
   1.21175718    
   1.21175718    
   1.21175718    
   1.21175718    
   1.21175718    
   1.21175718    
   1.21175718    
   1.21175718    
   1.21175718    
   1.21175718    
   1.21175718    
   1.21175718    
   1.21175718    
   1.21175718    
   1.21175718    
   1.21175718    
   1.21175718    
   1.21175718    
   1.21175718    
   1.25663710    
   1.25663710    
   1.25663710    
   1.25663710    
   1.25663710    
   1.25663710    
   1.25663710    
   1.25663710    
   1.25663710    
   1.25663710    
   1.25663710    
   1.25663710    
   1.25663710    
   1.25663710    
   1.25663710    
   1.25663710    
   1.25663710    
   1.25663710    
   1.25663710    
   1.25663710    
   1.25663710    
   1.25663710    
   1.25663710    
   1.25663710    
   1.25663710    
   1.25663710    
   1.25663710    
   1.25663710    
   1.25663710    
   1.25663710    
   1.25663710    
   1.25663710    
   1.25663710    
   1.25663710    
   1.25663710    
   1.30151689    
   1.30151689    
   1.30151689    
   1.30151689    
   1.30151689    
   1.30151689    
   1.30151689    
   1.30151689    
   1.30151689    
   1.30151689    
   1.30151689    
   1.30151689    
   1.30151689    
   1.30151689    
   1.30151689    
   1.30151689    
   1.30151689    
   1.30151689    
   1.30151689    
   1.30151689    
   1.30151689    
   1.30151689    
   1.30151689    
   1.30151689    
   1.30151689    
   1.30151689    
   1.30151689    
   1.30151689    
   1.30151689    
   1.30151689    
   1.30151689    
   1.30151689    
   1.30151689    
   1.30151689    
   1.30151689    
   1.34639680    
   1.34639680    
   1.34639680    
   1.34639680    
   1.34639680    
   1.34639680    
   1.34639680    
   1.34639680    
   1.34639680    
   1.34639680    
   1.34639680    
   1.34639680    
   1.34639680    
   1.34639680    
   1.34639680    
   1.34639680    
   1.34639680    
   1.34639680    
   1.34639680    
   1.34639680    
   1.34639680    
   1.34639680    
   1.34639680    
   1.34639680    
   1.34639680    
   1.34639680    
   1.34639680    
   1.34639680    
   1.34639680    
   1.34639680    
   1.34639680    
   1.34639680    
   1.34639680    
   1.34639680    
   1.34639680    
   1.39127672    
   1.39127672    
   1.39127672    
   1.39127672    
   1.39127672    
   1.39127672    
   1.39127672    
   1.39127672    
   1.39127672    
   1.39127672    
   1.39127672    
   1.39127672    
   1.39127672    
   1.39127672    
   1.39127672    
   1.39127672    
   1.39127672    
   1.39127672    
   1.39127672    
   1.39127672    
   1.39127672    
   1.39127672    
   1.39127672    
   1.39127672    
   1.39127672    
   1.39127672    
   1.39127672    
   1.39127672    
   1.39127672    
   1.39127672    
   1.39127672    
   1.39127672    
   1.39127672    
   1.39127672    
   1.39127672    
   1.43615663    
   1.43615663    
   1.43615663    
   1.43615663    
   1.43615663    
   1.43615663    
   1.43615663    
   1.43615663    
   1.43615663    
   1.43615663    
   1.43615663    
   1.43615663    
   1.43615663    
   1.43615663    
   1.43615663    
   1.43615663    
   1.43615663    
   1.43615663    
   1.43615663    
   1.43615663    
   1.43615663    
   1.43615663    
   1.43615663    
   1.43615663    
   1.43615663    
   1.43615663    
   1.43615663    
   1.43615663    
   1.43615663    
   1.43615663    
   1.43615663    
   1.43615663    
   1.43615663    
   1.43615663    
   1.43615663    
   1.48103654    
   1.48103654    
   1.48103654    
   1.48103654    
   1.48103654    
   1.48103654    
   1.48103654    
   1.48103654    
   1.48103654    
   1.48103654    
   1.48103654    
   1.48103654    
   1.48103654    
   1.48103654    
   1.48103654    
   1.48103654    
   1.48103654    
   1.48103654    
   1.48103654    
   1.48103654    
   1.48103654    
   1.48103654    
   1.48103654    
   1.48103654    
   1.48103654    
   1.48103654    
   1.48103654    
   1.48103654    
   1.48103654    
   1.48103654    
   1.48103654    
   1.48103654    
   1.48103654    
   1.48103654    
   1.48103654    
   1.52591646    
   1.52591646    
   1.52591646    
   1.52591646    
   1.52591646    
   1.52591646    
   1.52591646    
   1.52591646    
   1.52591646    
   1.52591646    
   1.52591646    
   1.52591646    
   1.52591646    
   1.52591646    
   1.52591646    
   1.52591646    
   1.52591646    
   1.52591646    
   1.52591646    
   1.52591646    
   1.52591646    
   1.52591646    
   1.52591646    
   1.52591646    
   1.52591646    
   1.52591646    
   1.52591646    
   1.52591646    
   1.52591646    
   1.52591646    
   1.52591646    
   1.52591646    
   1.52591646    
   1.52591646    
   1.52591646    
