   0.00000000    
   0.00000000    
   0.00000000    
   0.00000000    
   0.00000000    
   0.00000000    
   0.00000000    
   0.00000000    
   0.00000000    
   0.00000000    
   0.00000000    
   0.00000000    
   0.00000000    
   0.00000000    
   0.00000000    
   0.00000000    
   0.00000000    
   0.00000000    
   0.00000000    
   0.00000000    
   0.00000000    
   0.00000000    
   0.00000000    
   0.00000000    
   0.00000000    
   0.00000000    
   0.00000000    
   0.00000000    
   0.00000000    
   0.00000000    
   0.00000000    
   0.00000000    
   0.00000000    
   0.00000000    
   0.00000000    
   0.00000000    
   0.00000000    
   0.00000000    
   0.00000000    
   0.00000000    
   0.00000000    
   0.00000000    
   0.00000000    
   0.00000000    
   0.00000000    
   3.49065848E-02
   3.49065848E-02
   3.49065848E-02
   3.49065848E-02
   3.49065848E-02
   3.49065848E-02
   3.49065848E-02
   3.49065848E-02
   3.49065848E-02
   3.49065848E-02
   3.49065848E-02
   3.49065848E-02
   3.49065848E-02
   3.49065848E-02
   3.49065848E-02
   3.49065848E-02
   3.49065848E-02
   3.49065848E-02
   3.49065848E-02
   3.49065848E-02
   3.49065848E-02
   3.49065848E-02
   3.49065848E-02
   3.49065848E-02
   3.49065848E-02
   3.49065848E-02
   3.49065848E-02
   3.49065848E-02
   3.49065848E-02
   3.49065848E-02
   3.49065848E-02
   3.49065848E-02
   3.49065848E-02
   3.49065848E-02
   3.49065848E-02
   3.49065848E-02
   3.49065848E-02
   3.49065848E-02
   3.49065848E-02
   3.49065848E-02
   3.49065848E-02
   3.49065848E-02
   3.49065848E-02
   3.49065848E-02
   3.49065848E-02
   6.98131695E-02
   6.98131695E-02
   6.98131695E-02
   6.98131695E-02
   6.98131695E-02
   6.98131695E-02
   6.98131695E-02
   6.98131695E-02
   6.98131695E-02
   6.98131695E-02
   6.98131695E-02
   6.98131695E-02
   6.98131695E-02
   6.98131695E-02
   6.98131695E-02
   6.98131695E-02
   6.98131695E-02
   6.98131695E-02
   6.98131695E-02
   6.98131695E-02
   6.98131695E-02
   6.98131695E-02
   6.98131695E-02
   6.98131695E-02
   6.98131695E-02
   6.98131695E-02
   6.98131695E-02
   6.98131695E-02
   6.98131695E-02
   6.98131695E-02
   6.98131695E-02
   6.98131695E-02
   6.98131695E-02
   6.98131695E-02
   6.98131695E-02
   6.98131695E-02
   6.98131695E-02
   6.98131695E-02
   6.98131695E-02
   6.98131695E-02
   6.98131695E-02
   6.98131695E-02
   6.98131695E-02
   6.98131695E-02
   6.98131695E-02
  0.104719758    
  0.104719758    
  0.104719758    
  0.104719758    
  0.104719758    
  0.104719758    
  0.104719758    
  0.104719758    
  0.104719758    
  0.104719758    
  0.104719758    
  0.104719758    
  0.104719758    
  0.104719758    
  0.104719758    
  0.104719758    
  0.104719758    
  0.104719758    
  0.104719758    
  0.104719758    
  0.104719758    
  0.104719758    
  0.104719758    
  0.104719758    
  0.104719758    
  0.104719758    
  0.104719758    
  0.104719758    
  0.104719758    
  0.104719758    
  0.104719758    
  0.104719758    
  0.104719758    
  0.104719758    
  0.104719758    
  0.104719758    
  0.104719758    
  0.104719758    
  0.104719758    
  0.104719758    
  0.104719758    
  0.104719758    
  0.104719758    
  0.104719758    
  0.104719758    
  0.139626339    
  0.139626339    
  0.139626339    
  0.139626339    
  0.139626339    
  0.139626339    
  0.139626339    
  0.139626339    
  0.139626339    
  0.139626339    
  0.139626339    
  0.139626339    
  0.139626339    
  0.139626339    
  0.139626339    
  0.139626339    
  0.139626339    
  0.139626339    
  0.139626339    
  0.139626339    
  0.139626339    
  0.139626339    
  0.139626339    
  0.139626339    
  0.139626339    
  0.139626339    
  0.139626339    
  0.139626339    
  0.139626339    
  0.139626339    
  0.139626339    
  0.139626339    
  0.139626339    
  0.139626339    
  0.139626339    
  0.139626339    
  0.139626339    
  0.139626339    
  0.139626339    
  0.139626339    
  0.139626339    
  0.139626339    
  0.139626339    
  0.139626339    
  0.139626339    
  0.174532935    
  0.174532935    
  0.174532935    
  0.174532935    
  0.174532935    
  0.174532935    
  0.174532935    
  0.174532935    
  0.174532935    
  0.174532935    
  0.174532935    
  0.174532935    
  0.174532935    
  0.174532935    
  0.174532935    
  0.174532935    
  0.174532935    
  0.174532935    
  0.174532935    
  0.174532935    
  0.174532935    
  0.174532935    
  0.174532935    
  0.174532935    
  0.174532935    
  0.174532935    
  0.174532935    
  0.174532935    
  0.174532935    
  0.174532935    
  0.174532935    
  0.174532935    
  0.174532935    
  0.174532935    
  0.174532935    
  0.174532935    
  0.174532935    
  0.174532935    
  0.174532935    
  0.174532935    
  0.174532935    
  0.174532935    
  0.174532935    
  0.174532935    
  0.174532935    
  0.209439516    
  0.209439516    
  0.209439516    
  0.209439516    
  0.209439516    
  0.209439516    
  0.209439516    
  0.209439516    
  0.209439516    
  0.209439516    
  0.209439516    
  0.209439516    
  0.209439516    
  0.209439516    
  0.209439516    
  0.209439516    
  0.209439516    
  0.209439516    
  0.209439516    
  0.209439516    
  0.209439516    
  0.209439516    
  0.209439516    
  0.209439516    
  0.209439516    
  0.209439516    
  0.209439516    
  0.209439516    
  0.209439516    
  0.209439516    
  0.209439516    
  0.209439516    
  0.209439516    
  0.209439516    
  0.209439516    
  0.209439516    
  0.209439516    
  0.209439516    
  0.209439516    
  0.209439516    
  0.209439516    
  0.209439516    
  0.209439516    
  0.209439516    
  0.209439516    
  0.244346112    
  0.244346112    
  0.244346112    
  0.244346112    
  0.244346112    
  0.244346112    
  0.244346112    
  0.244346112    
  0.244346112    
  0.244346112    
  0.244346112    
  0.244346112    
  0.244346112    
  0.244346112    
  0.244346112    
  0.244346112    
  0.244346112    
  0.244346112    
  0.244346112    
  0.244346112    
  0.244346112    
  0.244346112    
  0.244346112    
  0.244346112    
  0.244346112    
  0.244346112    
  0.244346112    
  0.244346112    
  0.244346112    
  0.244346112    
  0.244346112    
  0.244346112    
  0.244346112    
  0.244346112    
  0.244346112    
  0.244346112    
  0.244346112    
  0.244346112    
  0.244346112    
  0.244346112    
  0.244346112    
  0.244346112    
  0.244346112    
  0.244346112    
  0.244346112    
  0.279252678    
  0.279252678    
  0.279252678    
  0.279252678    
  0.279252678    
  0.279252678    
  0.279252678    
  0.279252678    
  0.279252678    
  0.279252678    
  0.279252678    
  0.279252678    
  0.279252678    
  0.279252678    
  0.279252678    
  0.279252678    
  0.279252678    
  0.279252678    
  0.279252678    
  0.279252678    
  0.279252678    
  0.279252678    
  0.279252678    
  0.279252678    
  0.279252678    
  0.279252678    
  0.279252678    
  0.279252678    
  0.279252678    
  0.279252678    
  0.279252678    
  0.279252678    
  0.279252678    
  0.279252678    
  0.279252678    
  0.279252678    
  0.279252678    
  0.279252678    
  0.279252678    
  0.279252678    
  0.279252678    
  0.279252678    
  0.279252678    
  0.279252678    
  0.279252678    
  0.314159274    
  0.314159274    
  0.314159274    
  0.314159274    
  0.314159274    
  0.314159274    
  0.314159274    
  0.314159274    
  0.314159274    
  0.314159274    
  0.314159274    
  0.314159274    
  0.314159274    
  0.314159274    
  0.314159274    
  0.314159274    
  0.314159274    
  0.314159274    
  0.314159274    
  0.314159274    
  0.314159274    
  0.314159274    
  0.314159274    
  0.314159274    
  0.314159274    
  0.314159274    
  0.314159274    
  0.314159274    
  0.314159274    
  0.314159274    
  0.314159274    
  0.314159274    
  0.314159274    
  0.314159274    
  0.314159274    
  0.314159274    
  0.314159274    
  0.314159274    
  0.314159274    
  0.314159274    
  0.314159274    
  0.314159274    
  0.314159274    
  0.314159274    
  0.314159274    
  0.349065870    
  0.349065870    
  0.349065870    
  0.349065870    
  0.349065870    
  0.349065870    
  0.349065870    
  0.349065870    
  0.349065870    
  0.349065870    
  0.349065870    
  0.349065870    
  0.349065870    
  0.349065870    
  0.349065870    
  0.349065870    
  0.349065870    
  0.349065870    
  0.349065870    
  0.349065870    
  0.349065870    
  0.349065870    
  0.349065870    
  0.349065870    
  0.349065870    
  0.349065870    
  0.349065870    
  0.349065870    
  0.349065870    
  0.349065870    
  0.349065870    
  0.349065870    
  0.349065870    
  0.349065870    
  0.349065870    
  0.349065870    
  0.349065870    
  0.349065870    
  0.349065870    
  0.349065870    
  0.349065870    
  0.349065870    
  0.349065870    
  0.349065870    
  0.349065870    
  0.383972466    
  0.383972466    
  0.383972466    
  0.383972466    
  0.383972466    
  0.383972466    
  0.383972466    
  0.383972466    
  0.383972466    
  0.383972466    
  0.383972466    
  0.383972466    
  0.383972466    
  0.383972466    
  0.383972466    
  0.383972466    
  0.383972466    
  0.383972466    
  0.383972466    
  0.383972466    
  0.383972466    
  0.383972466    
  0.383972466    
  0.383972466    
  0.383972466    
  0.383972466    
  0.383972466    
  0.383972466    
  0.383972466    
  0.383972466    
  0.383972466    
  0.383972466    
  0.383972466    
  0.383972466    
  0.383972466    
  0.383972466    
  0.383972466    
  0.383972466    
  0.383972466    
  0.383972466    
  0.383972466    
  0.383972466    
  0.383972466    
  0.383972466    
  0.383972466    
  0.418879032    
  0.418879032    
  0.418879032    
  0.418879032    
  0.418879032    
  0.418879032    
  0.418879032    
  0.418879032    
  0.418879032    
  0.418879032    
  0.418879032    
  0.418879032    
  0.418879032    
  0.418879032    
  0.418879032    
  0.418879032    
  0.418879032    
  0.418879032    
  0.418879032    
  0.418879032    
  0.418879032    
  0.418879032    
  0.418879032    
  0.418879032    
  0.418879032    
  0.418879032    
  0.418879032    
  0.418879032    
  0.418879032    
  0.418879032    
  0.418879032    
  0.418879032    
  0.418879032    
  0.418879032    
  0.418879032    
  0.418879032    
  0.418879032    
  0.418879032    
  0.418879032    
  0.418879032    
  0.418879032    
  0.418879032    
  0.418879032    
  0.418879032    
  0.418879032    
  0.453785628    
  0.453785628    
  0.453785628    
  0.453785628    
  0.453785628    
  0.453785628    
  0.453785628    
  0.453785628    
  0.453785628    
  0.453785628    
  0.453785628    
  0.453785628    
  0.453785628    
  0.453785628    
  0.453785628    
  0.453785628    
  0.453785628    
  0.453785628    
  0.453785628    
  0.453785628    
  0.453785628    
  0.453785628    
  0.453785628    
  0.453785628    
  0.453785628    
  0.453785628    
  0.453785628    
  0.453785628    
  0.453785628    
  0.453785628    
  0.453785628    
  0.453785628    
  0.453785628    
  0.453785628    
  0.453785628    
  0.453785628    
  0.453785628    
  0.453785628    
  0.453785628    
  0.453785628    
  0.453785628    
  0.453785628    
  0.453785628    
  0.453785628    
  0.453785628    
  0.488692224    
  0.488692224    
  0.488692224    
  0.488692224    
  0.488692224    
  0.488692224    
  0.488692224    
  0.488692224    
  0.488692224    
  0.488692224    
  0.488692224    
  0.488692224    
  0.488692224    
  0.488692224    
  0.488692224    
  0.488692224    
  0.488692224    
  0.488692224    
  0.488692224    
  0.488692224    
  0.488692224    
  0.488692224    
  0.488692224    
  0.488692224    
  0.488692224    
  0.488692224    
  0.488692224    
  0.488692224    
  0.488692224    
  0.488692224    
  0.488692224    
  0.488692224    
  0.488692224    
  0.488692224    
  0.488692224    
  0.488692224    
  0.488692224    
  0.488692224    
  0.488692224    
  0.488692224    
  0.488692224    
  0.488692224    
  0.488692224    
  0.488692224    
  0.488692224    
  0.523598790    
  0.523598790    
  0.523598790    
  0.523598790    
  0.523598790    
  0.523598790    
  0.523598790    
  0.523598790    
  0.523598790    
  0.523598790    
  0.523598790    
  0.523598790    
  0.523598790    
  0.523598790    
  0.523598790    
  0.523598790    
  0.523598790    
  0.523598790    
  0.523598790    
  0.523598790    
  0.523598790    
  0.523598790    
  0.523598790    
  0.523598790    
  0.523598790    
  0.523598790    
  0.523598790    
  0.523598790    
  0.523598790    
  0.523598790    
  0.523598790    
  0.523598790    
  0.523598790    
  0.523598790    
  0.523598790    
  0.523598790    
  0.523598790    
  0.523598790    
  0.523598790    
  0.523598790    
  0.523598790    
  0.523598790    
  0.523598790    
  0.523598790    
  0.523598790    
  0.558505356    
  0.558505356    
  0.558505356    
  0.558505356    
  0.558505356    
  0.558505356    
  0.558505356    
  0.558505356    
  0.558505356    
  0.558505356    
  0.558505356    
  0.558505356    
  0.558505356    
  0.558505356    
  0.558505356    
  0.558505356    
  0.558505356    
  0.558505356    
  0.558505356    
  0.558505356    
  0.558505356    
  0.558505356    
  0.558505356    
  0.558505356    
  0.558505356    
  0.558505356    
  0.558505356    
  0.558505356    
  0.558505356    
  0.558505356    
  0.558505356    
  0.558505356    
  0.558505356    
  0.558505356    
  0.558505356    
  0.558505356    
  0.558505356    
  0.558505356    
  0.558505356    
  0.558505356    
  0.558505356    
  0.558505356    
  0.558505356    
  0.558505356    
  0.558505356    
  0.593411982    
  0.593411982    
  0.593411982    
  0.593411982    
  0.593411982    
  0.593411982    
  0.593411982    
  0.593411982    
  0.593411982    
  0.593411982    
  0.593411982    
  0.593411982    
  0.593411982    
  0.593411982    
  0.593411982    
  0.593411982    
  0.593411982    
  0.593411982    
  0.593411982    
  0.593411982    
  0.593411982    
  0.593411982    
  0.593411982    
  0.593411982    
  0.593411982    
  0.593411982    
  0.593411982    
  0.593411982    
  0.593411982    
  0.593411982    
  0.593411982    
  0.593411982    
  0.593411982    
  0.593411982    
  0.593411982    
  0.593411982    
  0.593411982    
  0.593411982    
  0.593411982    
  0.593411982    
  0.593411982    
  0.593411982    
  0.593411982    
  0.593411982    
  0.593411982    
  0.628318548    
  0.628318548    
  0.628318548    
  0.628318548    
  0.628318548    
  0.628318548    
  0.628318548    
  0.628318548    
  0.628318548    
  0.628318548    
  0.628318548    
  0.628318548    
  0.628318548    
  0.628318548    
  0.628318548    
  0.628318548    
  0.628318548    
  0.628318548    
  0.628318548    
  0.628318548    
  0.628318548    
  0.628318548    
  0.628318548    
  0.628318548    
  0.628318548    
  0.628318548    
  0.628318548    
  0.628318548    
  0.628318548    
  0.628318548    
  0.628318548    
  0.628318548    
  0.628318548    
  0.628318548    
  0.628318548    
  0.628318548    
  0.628318548    
  0.628318548    
  0.628318548    
  0.628318548    
  0.628318548    
  0.628318548    
  0.628318548    
  0.628318548    
  0.628318548    
  0.663225114    
  0.663225114    
  0.663225114    
  0.663225114    
  0.663225114    
  0.663225114    
  0.663225114    
  0.663225114    
  0.663225114    
  0.663225114    
  0.663225114    
  0.663225114    
  0.663225114    
  0.663225114    
  0.663225114    
  0.663225114    
  0.663225114    
  0.663225114    
  0.663225114    
  0.663225114    
  0.663225114    
  0.663225114    
  0.663225114    
  0.663225114    
  0.663225114    
  0.663225114    
  0.663225114    
  0.663225114    
  0.663225114    
  0.663225114    
  0.663225114    
  0.663225114    
  0.663225114    
  0.663225114    
  0.663225114    
  0.663225114    
  0.663225114    
  0.663225114    
  0.663225114    
  0.663225114    
  0.663225114    
  0.663225114    
  0.663225114    
  0.663225114    
  0.663225114    
  0.698131740    
  0.698131740    
  0.698131740    
  0.698131740    
  0.698131740    
  0.698131740    
  0.698131740    
  0.698131740    
  0.698131740    
  0.698131740    
  0.698131740    
  0.698131740    
  0.698131740    
  0.698131740    
  0.698131740    
  0.698131740    
  0.698131740    
  0.698131740    
  0.698131740    
  0.698131740    
  0.698131740    
  0.698131740    
  0.698131740    
  0.698131740    
  0.698131740    
  0.698131740    
  0.698131740    
  0.698131740    
  0.698131740    
  0.698131740    
  0.698131740    
  0.698131740    
  0.698131740    
  0.698131740    
  0.698131740    
  0.698131740    
  0.698131740    
  0.698131740    
  0.698131740    
  0.698131740    
  0.698131740    
  0.698131740    
  0.698131740    
  0.698131740    
  0.698131740    
  0.733038306    
  0.733038306    
  0.733038306    
  0.733038306    
  0.733038306    
  0.733038306    
  0.733038306    
  0.733038306    
  0.733038306    
  0.733038306    
  0.733038306    
  0.733038306    
  0.733038306    
  0.733038306    
  0.733038306    
  0.733038306    
  0.733038306    
  0.733038306    
  0.733038306    
  0.733038306    
  0.733038306    
  0.733038306    
  0.733038306    
  0.733038306    
  0.733038306    
  0.733038306    
  0.733038306    
  0.733038306    
  0.733038306    
  0.733038306    
  0.733038306    
  0.733038306    
  0.733038306    
  0.733038306    
  0.733038306    
  0.733038306    
  0.733038306    
  0.733038306    
  0.733038306    
  0.733038306    
  0.733038306    
  0.733038306    
  0.733038306    
  0.733038306    
  0.733038306    
  0.767944932    
  0.767944932    
  0.767944932    
  0.767944932    
  0.767944932    
  0.767944932    
  0.767944932    
  0.767944932    
  0.767944932    
  0.767944932    
  0.767944932    
  0.767944932    
  0.767944932    
  0.767944932    
  0.767944932    
  0.767944932    
  0.767944932    
  0.767944932    
  0.767944932    
  0.767944932    
  0.767944932    
  0.767944932    
  0.767944932    
  0.767944932    
  0.767944932    
  0.767944932    
  0.767944932    
  0.767944932    
  0.767944932    
  0.767944932    
  0.767944932    
  0.767944932    
  0.767944932    
  0.767944932    
  0.767944932    
  0.767944932    
  0.767944932    
  0.767944932    
  0.767944932    
  0.767944932    
  0.767944932    
  0.767944932    
  0.767944932    
  0.767944932    
  0.767944932    
  0.802851439    
  0.802851439    
  0.802851439    
  0.802851439    
  0.802851439    
  0.802851439    
  0.802851439    
  0.802851439    
  0.802851439    
  0.802851439    
  0.802851439    
  0.802851439    
  0.802851439    
  0.802851439    
  0.802851439    
  0.802851439    
  0.802851439    
  0.802851439    
  0.802851439    
  0.802851439    
  0.802851439    
  0.802851439    
  0.802851439    
  0.802851439    
  0.802851439    
  0.802851439    
  0.802851439    
  0.802851439    
  0.802851439    
  0.802851439    
  0.802851439    
  0.802851439    
  0.802851439    
  0.802851439    
  0.802851439    
  0.802851439    
  0.802851439    
  0.802851439    
  0.802851439    
  0.802851439    
  0.802851439    
  0.802851439    
  0.802851439    
  0.802851439    
  0.802851439    
  0.837758064    
  0.837758064    
  0.837758064    
  0.837758064    
  0.837758064    
  0.837758064    
  0.837758064    
  0.837758064    
  0.837758064    
  0.837758064    
  0.837758064    
  0.837758064    
  0.837758064    
  0.837758064    
  0.837758064    
  0.837758064    
  0.837758064    
  0.837758064    
  0.837758064    
  0.837758064    
  0.837758064    
  0.837758064    
  0.837758064    
  0.837758064    
  0.837758064    
  0.837758064    
  0.837758064    
  0.837758064    
  0.837758064    
  0.837758064    
  0.837758064    
  0.837758064    
  0.837758064    
  0.837758064    
  0.837758064    
  0.837758064    
  0.837758064    
  0.837758064    
  0.837758064    
  0.837758064    
  0.837758064    
  0.837758064    
  0.837758064    
  0.837758064    
  0.837758064    
  0.872664630    
  0.872664630    
  0.872664630    
  0.872664630    
  0.872664630    
  0.872664630    
  0.872664630    
  0.872664630    
  0.872664630    
  0.872664630    
  0.872664630    
  0.872664630    
  0.872664630    
  0.872664630    
  0.872664630    
  0.872664630    
  0.872664630    
  0.872664630    
  0.872664630    
  0.872664630    
  0.872664630    
  0.872664630    
  0.872664630    
  0.872664630    
  0.872664630    
  0.872664630    
  0.872664630    
  0.872664630    
  0.872664630    
  0.872664630    
  0.872664630    
  0.872664630    
  0.872664630    
  0.872664630    
  0.872664630    
  0.872664630    
  0.872664630    
  0.872664630    
  0.872664630    
  0.872664630    
  0.872664630    
  0.872664630    
  0.872664630    
  0.872664630    
  0.872664630    
  0.907571256    
  0.907571256    
  0.907571256    
  0.907571256    
  0.907571256    
  0.907571256    
  0.907571256    
  0.907571256    
  0.907571256    
  0.907571256    
  0.907571256    
  0.907571256    
  0.907571256    
  0.907571256    
  0.907571256    
  0.907571256    
  0.907571256    
  0.907571256    
  0.907571256    
  0.907571256    
  0.907571256    
  0.907571256    
  0.907571256    
  0.907571256    
  0.907571256    
  0.907571256    
  0.907571256    
  0.907571256    
  0.907571256    
  0.907571256    
  0.907571256    
  0.907571256    
  0.907571256    
  0.907571256    
  0.907571256    
  0.907571256    
  0.907571256    
  0.907571256    
  0.907571256    
  0.907571256    
  0.907571256    
  0.907571256    
  0.907571256    
  0.907571256    
  0.907571256    
  0.942477822    
  0.942477822    
  0.942477822    
  0.942477822    
  0.942477822    
  0.942477822    
  0.942477822    
  0.942477822    
  0.942477822    
  0.942477822    
  0.942477822    
  0.942477822    
  0.942477822    
  0.942477822    
  0.942477822    
  0.942477822    
  0.942477822    
  0.942477822    
  0.942477822    
  0.942477822    
  0.942477822    
  0.942477822    
  0.942477822    
  0.942477822    
  0.942477822    
  0.942477822    
  0.942477822    
  0.942477822    
  0.942477822    
  0.942477822    
  0.942477822    
  0.942477822    
  0.942477822    
  0.942477822    
  0.942477822    
  0.942477822    
  0.942477822    
  0.942477822    
  0.942477822    
  0.942477822    
  0.942477822    
  0.942477822    
  0.942477822    
  0.942477822    
  0.942477822    
  0.977384448    
  0.977384448    
  0.977384448    
  0.977384448    
  0.977384448    
  0.977384448    
  0.977384448    
  0.977384448    
  0.977384448    
  0.977384448    
  0.977384448    
  0.977384448    
  0.977384448    
  0.977384448    
  0.977384448    
  0.977384448    
  0.977384448    
  0.977384448    
  0.977384448    
  0.977384448    
  0.977384448    
  0.977384448    
  0.977384448    
  0.977384448    
  0.977384448    
  0.977384448    
  0.977384448    
  0.977384448    
  0.977384448    
  0.977384448    
  0.977384448    
  0.977384448    
  0.977384448    
  0.977384448    
  0.977384448    
  0.977384448    
  0.977384448    
  0.977384448    
  0.977384448    
  0.977384448    
  0.977384448    
  0.977384448    
  0.977384448    
  0.977384448    
  0.977384448    
   1.01229095    
   1.01229095    
   1.01229095    
   1.01229095    
   1.01229095    
   1.01229095    
   1.01229095    
   1.01229095    
   1.01229095    
   1.01229095    
   1.01229095    
   1.01229095    
   1.01229095    
   1.01229095    
   1.01229095    
   1.01229095    
   1.01229095    
   1.01229095    
   1.01229095    
   1.01229095    
   1.01229095    
   1.01229095    
   1.01229095    
   1.01229095    
   1.01229095    
   1.01229095    
   1.01229095    
   1.01229095    
   1.01229095    
   1.01229095    
   1.01229095    
   1.01229095    
   1.01229095    
   1.01229095    
   1.01229095    
   1.01229095    
   1.01229095    
   1.01229095    
   1.01229095    
   1.01229095    
   1.01229095    
   1.01229095    
   1.01229095    
   1.01229095    
   1.01229095    
   1.04719758    
   1.04719758    
   1.04719758    
   1.04719758    
   1.04719758    
   1.04719758    
   1.04719758    
   1.04719758    
   1.04719758    
   1.04719758    
   1.04719758    
   1.04719758    
   1.04719758    
   1.04719758    
   1.04719758    
   1.04719758    
   1.04719758    
   1.04719758    
   1.04719758    
   1.04719758    
   1.04719758    
   1.04719758    
   1.04719758    
   1.04719758    
   1.04719758    
   1.04719758    
   1.04719758    
   1.04719758    
   1.04719758    
   1.04719758    
   1.04719758    
   1.04719758    
   1.04719758    
   1.04719758    
   1.04719758    
   1.04719758    
   1.04719758    
   1.04719758    
   1.04719758    
   1.04719758    
   1.04719758    
   1.04719758    
   1.04719758    
   1.04719758    
   1.04719758    
   1.08210421    
   1.08210421    
   1.08210421    
   1.08210421    
   1.08210421    
   1.08210421    
   1.08210421    
   1.08210421    
   1.08210421    
   1.08210421    
   1.08210421    
   1.08210421    
   1.08210421    
   1.08210421    
   1.08210421    
   1.08210421    
   1.08210421    
   1.08210421    
   1.08210421    
   1.08210421    
   1.08210421    
   1.08210421    
   1.08210421    
   1.08210421    
   1.08210421    
   1.08210421    
   1.08210421    
   1.08210421    
   1.08210421    
   1.08210421    
   1.08210421    
   1.08210421    
   1.08210421    
   1.08210421    
   1.08210421    
   1.08210421    
   1.08210421    
   1.08210421    
   1.08210421    
   1.08210421    
   1.08210421    
   1.08210421    
   1.08210421    
   1.08210421    
   1.08210421    
   1.11701071    
   1.11701071    
   1.11701071    
   1.11701071    
   1.11701071    
   1.11701071    
   1.11701071    
   1.11701071    
   1.11701071    
   1.11701071    
   1.11701071    
   1.11701071    
   1.11701071    
   1.11701071    
   1.11701071    
   1.11701071    
   1.11701071    
   1.11701071    
   1.11701071    
   1.11701071    
   1.11701071    
   1.11701071    
   1.11701071    
   1.11701071    
   1.11701071    
   1.11701071    
   1.11701071    
   1.11701071    
   1.11701071    
   1.11701071    
   1.11701071    
   1.11701071    
   1.11701071    
   1.11701071    
   1.11701071    
   1.11701071    
   1.11701071    
   1.11701071    
   1.11701071    
   1.11701071    
   1.11701071    
   1.11701071    
   1.11701071    
   1.11701071    
   1.11701071    
   1.15191734    
   1.15191734    
   1.15191734    
   1.15191734    
   1.15191734    
   1.15191734    
   1.15191734    
   1.15191734    
   1.15191734    
   1.15191734    
   1.15191734    
   1.15191734    
   1.15191734    
   1.15191734    
   1.15191734    
   1.15191734    
   1.15191734    
   1.15191734    
   1.15191734    
   1.15191734    
   1.15191734    
   1.15191734    
   1.15191734    
   1.15191734    
   1.15191734    
   1.15191734    
   1.15191734    
   1.15191734    
   1.15191734    
   1.15191734    
   1.15191734    
   1.15191734    
   1.15191734    
   1.15191734    
   1.15191734    
   1.15191734    
   1.15191734    
   1.15191734    
   1.15191734    
   1.15191734    
   1.15191734    
   1.15191734    
   1.15191734    
   1.15191734    
   1.15191734    
   1.18682396    
   1.18682396    
   1.18682396    
   1.18682396    
   1.18682396    
   1.18682396    
   1.18682396    
   1.18682396    
   1.18682396    
   1.18682396    
   1.18682396    
   1.18682396    
   1.18682396    
   1.18682396    
   1.18682396    
   1.18682396    
   1.18682396    
   1.18682396    
   1.18682396    
   1.18682396    
   1.18682396    
   1.18682396    
   1.18682396    
   1.18682396    
   1.18682396    
   1.18682396    
   1.18682396    
   1.18682396    
   1.18682396    
   1.18682396    
   1.18682396    
   1.18682396    
   1.18682396    
   1.18682396    
   1.18682396    
   1.18682396    
   1.18682396    
   1.18682396    
   1.18682396    
   1.18682396    
   1.18682396    
   1.18682396    
   1.18682396    
   1.18682396    
   1.18682396    
   1.22173059    
   1.22173059    
   1.22173059    
   1.22173059    
   1.22173059    
   1.22173059    
   1.22173059    
   1.22173059    
   1.22173059    
   1.22173059    
   1.22173059    
   1.22173059    
   1.22173059    
   1.22173059    
   1.22173059    
   1.22173059    
   1.22173059    
   1.22173059    
   1.22173059    
   1.22173059    
   1.22173059    
   1.22173059    
   1.22173059    
   1.22173059    
   1.22173059    
   1.22173059    
   1.22173059    
   1.22173059    
   1.22173059    
   1.22173059    
   1.22173059    
   1.22173059    
   1.22173059    
   1.22173059    
   1.22173059    
   1.22173059    
   1.22173059    
   1.22173059    
   1.22173059    
   1.22173059    
   1.22173059    
   1.22173059    
   1.22173059    
   1.22173059    
   1.22173059    
   1.25663710    
   1.25663710    
   1.25663710    
   1.25663710    
   1.25663710    
   1.25663710    
   1.25663710    
   1.25663710    
   1.25663710    
   1.25663710    
   1.25663710    
   1.25663710    
   1.25663710    
   1.25663710    
   1.25663710    
   1.25663710    
   1.25663710    
   1.25663710    
   1.25663710    
   1.25663710    
   1.25663710    
   1.25663710    
   1.25663710    
   1.25663710    
   1.25663710    
   1.25663710    
   1.25663710    
   1.25663710    
   1.25663710    
   1.25663710    
   1.25663710    
   1.25663710    
   1.25663710    
   1.25663710    
   1.25663710    
   1.25663710    
   1.25663710    
   1.25663710    
   1.25663710    
   1.25663710    
   1.25663710    
   1.25663710    
   1.25663710    
   1.25663710    
   1.25663710    
   1.29154372    
   1.29154372    
   1.29154372    
   1.29154372    
   1.29154372    
   1.29154372    
   1.29154372    
   1.29154372    
   1.29154372    
   1.29154372    
   1.29154372    
   1.29154372    
   1.29154372    
   1.29154372    
   1.29154372    
   1.29154372    
   1.29154372    
   1.29154372    
   1.29154372    
   1.29154372    
   1.29154372    
   1.29154372    
   1.29154372    
   1.29154372    
   1.29154372    
   1.29154372    
   1.29154372    
   1.29154372    
   1.29154372    
   1.29154372    
   1.29154372    
   1.29154372    
   1.29154372    
   1.29154372    
   1.29154372    
   1.29154372    
   1.29154372    
   1.29154372    
   1.29154372    
   1.29154372    
   1.29154372    
   1.29154372    
   1.29154372    
   1.29154372    
   1.29154372    
   1.32645023    
   1.32645023    
   1.32645023    
   1.32645023    
   1.32645023    
   1.32645023    
   1.32645023    
   1.32645023    
   1.32645023    
   1.32645023    
   1.32645023    
   1.32645023    
   1.32645023    
   1.32645023    
   1.32645023    
   1.32645023    
   1.32645023    
   1.32645023    
   1.32645023    
   1.32645023    
   1.32645023    
   1.32645023    
   1.32645023    
   1.32645023    
   1.32645023    
   1.32645023    
   1.32645023    
   1.32645023    
   1.32645023    
   1.32645023    
   1.32645023    
   1.32645023    
   1.32645023    
   1.32645023    
   1.32645023    
   1.32645023    
   1.32645023    
   1.32645023    
   1.32645023    
   1.32645023    
   1.32645023    
   1.32645023    
   1.32645023    
   1.32645023    
   1.32645023    
   1.36135685    
   1.36135685    
   1.36135685    
   1.36135685    
   1.36135685    
   1.36135685    
   1.36135685    
   1.36135685    
   1.36135685    
   1.36135685    
   1.36135685    
   1.36135685    
   1.36135685    
   1.36135685    
   1.36135685    
   1.36135685    
   1.36135685    
   1.36135685    
   1.36135685    
   1.36135685    
   1.36135685    
   1.36135685    
   1.36135685    
   1.36135685    
   1.36135685    
   1.36135685    
   1.36135685    
   1.36135685    
   1.36135685    
   1.36135685    
   1.36135685    
   1.36135685    
   1.36135685    
   1.36135685    
   1.36135685    
   1.36135685    
   1.36135685    
   1.36135685    
   1.36135685    
   1.36135685    
   1.36135685    
   1.36135685    
   1.36135685    
   1.36135685    
   1.36135685    
   1.39626348    
   1.39626348    
   1.39626348    
   1.39626348    
   1.39626348    
   1.39626348    
   1.39626348    
   1.39626348    
   1.39626348    
   1.39626348    
   1.39626348    
   1.39626348    
   1.39626348    
   1.39626348    
   1.39626348    
   1.39626348    
   1.39626348    
   1.39626348    
   1.39626348    
   1.39626348    
   1.39626348    
   1.39626348    
   1.39626348    
   1.39626348    
   1.39626348    
   1.39626348    
   1.39626348    
   1.39626348    
   1.39626348    
   1.39626348    
   1.39626348    
   1.39626348    
   1.39626348    
   1.39626348    
   1.39626348    
   1.39626348    
   1.39626348    
   1.39626348    
   1.39626348    
   1.39626348    
   1.39626348    
   1.39626348    
   1.39626348    
   1.39626348    
   1.39626348    
   1.43116999    
   1.43116999    
   1.43116999    
   1.43116999    
   1.43116999    
   1.43116999    
   1.43116999    
   1.43116999    
   1.43116999    
   1.43116999    
   1.43116999    
   1.43116999    
   1.43116999    
   1.43116999    
   1.43116999    
   1.43116999    
   1.43116999    
   1.43116999    
   1.43116999    
   1.43116999    
   1.43116999    
   1.43116999    
   1.43116999    
   1.43116999    
   1.43116999    
   1.43116999    
   1.43116999    
   1.43116999    
   1.43116999    
   1.43116999    
   1.43116999    
   1.43116999    
   1.43116999    
   1.43116999    
   1.43116999    
   1.43116999    
   1.43116999    
   1.43116999    
   1.43116999    
   1.43116999    
   1.43116999    
   1.43116999    
   1.43116999    
   1.43116999    
   1.43116999    
   1.46607661    
   1.46607661    
   1.46607661    
   1.46607661    
   1.46607661    
   1.46607661    
   1.46607661    
   1.46607661    
   1.46607661    
   1.46607661    
   1.46607661    
   1.46607661    
   1.46607661    
   1.46607661    
   1.46607661    
   1.46607661    
   1.46607661    
   1.46607661    
   1.46607661    
   1.46607661    
   1.46607661    
   1.46607661    
   1.46607661    
   1.46607661    
   1.46607661    
   1.46607661    
   1.46607661    
   1.46607661    
   1.46607661    
   1.46607661    
   1.46607661    
   1.46607661    
   1.46607661    
   1.46607661    
   1.46607661    
   1.46607661    
   1.46607661    
   1.46607661    
   1.46607661    
   1.46607661    
   1.46607661    
   1.46607661    
   1.46607661    
   1.46607661    
   1.46607661    
   1.50098312    
   1.50098312    
   1.50098312    
   1.50098312    
   1.50098312    
   1.50098312    
   1.50098312    
   1.50098312    
   1.50098312    
   1.50098312    
   1.50098312    
   1.50098312    
   1.50098312    
   1.50098312    
   1.50098312    
   1.50098312    
   1.50098312    
   1.50098312    
   1.50098312    
   1.50098312    
   1.50098312    
   1.50098312    
   1.50098312    
   1.50098312    
   1.50098312    
   1.50098312    
   1.50098312    
   1.50098312    
   1.50098312    
   1.50098312    
   1.50098312    
   1.50098312    
   1.50098312    
   1.50098312    
   1.50098312    
   1.50098312    
   1.50098312    
   1.50098312    
   1.50098312    
   1.50098312    
   1.50098312    
   1.50098312    
   1.50098312    
   1.50098312    
   1.50098312    
   1.53588986    
   1.53588986    
   1.53588986    
   1.53588986    
   1.53588986    
   1.53588986    
   1.53588986    
   1.53588986    
   1.53588986    
   1.53588986    
   1.53588986    
   1.53588986    
   1.53588986    
   1.53588986    
   1.53588986    
   1.53588986    
   1.53588986    
   1.53588986    
   1.53588986    
   1.53588986    
   1.53588986    
   1.53588986    
   1.53588986    
   1.53588986    
   1.53588986    
   1.53588986    
   1.53588986    
   1.53588986    
   1.53588986    
   1.53588986    
   1.53588986    
   1.53588986    
   1.53588986    
   1.53588986    
   1.53588986    
   1.53588986    
   1.53588986    
   1.53588986    
   1.53588986    
   1.53588986    
   1.53588986    
   1.53588986    
   1.53588986    
   1.53588986    
   1.53588986    
