   0.00000000    
   0.00000000    
   0.00000000    
   0.00000000    
   0.00000000    
   0.00000000    
   0.00000000    
   0.00000000    
   0.00000000    
   0.00000000    
   0.00000000    
   0.00000000    
   0.00000000    
   0.00000000    
   0.00000000    
  0.104719758    
  0.104719758    
  0.104719758    
  0.104719758    
  0.104719758    
  0.104719758    
  0.104719758    
  0.104719758    
  0.104719758    
  0.104719758    
  0.104719758    
  0.104719758    
  0.104719758    
  0.104719758    
  0.104719758    
  0.209439516    
  0.209439516    
  0.209439516    
  0.209439516    
  0.209439516    
  0.209439516    
  0.209439516    
  0.209439516    
  0.209439516    
  0.209439516    
  0.209439516    
  0.209439516    
  0.209439516    
  0.209439516    
  0.209439516    
  0.314159274    
  0.314159274    
  0.314159274    
  0.314159274    
  0.314159274    
  0.314159274    
  0.314159274    
  0.314159274    
  0.314159274    
  0.314159274    
  0.314159274    
  0.314159274    
  0.314159274    
  0.314159274    
  0.314159274    
  0.418879032    
  0.418879032    
  0.418879032    
  0.418879032    
  0.418879032    
  0.418879032    
  0.418879032    
  0.418879032    
  0.418879032    
  0.418879032    
  0.418879032    
  0.418879032    
  0.418879032    
  0.418879032    
  0.418879032    
  0.523598790    
  0.523598790    
  0.523598790    
  0.523598790    
  0.523598790    
  0.523598790    
  0.523598790    
  0.523598790    
  0.523598790    
  0.523598790    
  0.523598790    
  0.523598790    
  0.523598790    
  0.523598790    
  0.523598790    
  0.628318548    
  0.628318548    
  0.628318548    
  0.628318548    
  0.628318548    
  0.628318548    
  0.628318548    
  0.628318548    
  0.628318548    
  0.628318548    
  0.628318548    
  0.628318548    
  0.628318548    
  0.628318548    
  0.628318548    
  0.733038306    
  0.733038306    
  0.733038306    
  0.733038306    
  0.733038306    
  0.733038306    
  0.733038306    
  0.733038306    
  0.733038306    
  0.733038306    
  0.733038306    
  0.733038306    
  0.733038306    
  0.733038306    
  0.733038306    
  0.837758064    
  0.837758064    
  0.837758064    
  0.837758064    
  0.837758064    
  0.837758064    
  0.837758064    
  0.837758064    
  0.837758064    
  0.837758064    
  0.837758064    
  0.837758064    
  0.837758064    
  0.837758064    
  0.837758064    
  0.942477822    
  0.942477822    
  0.942477822    
  0.942477822    
  0.942477822    
  0.942477822    
  0.942477822    
  0.942477822    
  0.942477822    
  0.942477822    
  0.942477822    
  0.942477822    
  0.942477822    
  0.942477822    
  0.942477822    
   1.04719758    
   1.04719758    
   1.04719758    
   1.04719758    
   1.04719758    
   1.04719758    
   1.04719758    
   1.04719758    
   1.04719758    
   1.04719758    
   1.04719758    
   1.04719758    
   1.04719758    
   1.04719758    
   1.04719758    
   1.15191734    
   1.15191734    
   1.15191734    
   1.15191734    
   1.15191734    
   1.15191734    
   1.15191734    
   1.15191734    
   1.15191734    
   1.15191734    
   1.15191734    
   1.15191734    
   1.15191734    
   1.15191734    
   1.15191734    
   1.25663710    
   1.25663710    
   1.25663710    
   1.25663710    
   1.25663710    
   1.25663710    
   1.25663710    
   1.25663710    
   1.25663710    
   1.25663710    
   1.25663710    
   1.25663710    
   1.25663710    
   1.25663710    
   1.25663710    
   1.36135685    
   1.36135685    
   1.36135685    
   1.36135685    
   1.36135685    
   1.36135685    
   1.36135685    
   1.36135685    
   1.36135685    
   1.36135685    
   1.36135685    
   1.36135685    
   1.36135685    
   1.36135685    
   1.36135685    
   1.46607661    
   1.46607661    
   1.46607661    
   1.46607661    
   1.46607661    
   1.46607661    
   1.46607661    
   1.46607661    
   1.46607661    
   1.46607661    
   1.46607661    
   1.46607661    
   1.46607661    
   1.46607661    
   1.46607661    
