   0.00000000    
   0.00000000    
   0.00000000    
   0.00000000    
   0.00000000    
   0.00000000    
   0.00000000    
   0.00000000    
   0.00000000    
   0.00000000    
   0.00000000    
   0.00000000    
   0.00000000    
   0.00000000    
   0.00000000    
   0.00000000    
   0.00000000    
   0.00000000    
   0.00000000    
   0.00000000    
   0.00000000    
   0.00000000    
   0.00000000    
   0.00000000    
   0.00000000    
   0.00000000    
   0.00000000    
   0.00000000    
   0.00000000    
   0.00000000    
   0.00000000    
   0.00000000    
   0.00000000    
   0.00000000    
   0.00000000    
   0.00000000    
   0.00000000    
   0.00000000    
   0.00000000    
   0.00000000    
   3.92699093E-02
   3.92699093E-02
   3.92699093E-02
   3.92699093E-02
   3.92699093E-02
   3.92699093E-02
   3.92699093E-02
   3.92699093E-02
   3.92699093E-02
   3.92699093E-02
   3.92699093E-02
   3.92699093E-02
   3.92699093E-02
   3.92699093E-02
   3.92699093E-02
   3.92699093E-02
   3.92699093E-02
   3.92699093E-02
   3.92699093E-02
   3.92699093E-02
   3.92699093E-02
   3.92699093E-02
   3.92699093E-02
   3.92699093E-02
   3.92699093E-02
   3.92699093E-02
   3.92699093E-02
   3.92699093E-02
   3.92699093E-02
   3.92699093E-02
   3.92699093E-02
   3.92699093E-02
   3.92699093E-02
   3.92699093E-02
   3.92699093E-02
   3.92699093E-02
   3.92699093E-02
   3.92699093E-02
   3.92699093E-02
   3.92699093E-02
   7.85398185E-02
   7.85398185E-02
   7.85398185E-02
   7.85398185E-02
   7.85398185E-02
   7.85398185E-02
   7.85398185E-02
   7.85398185E-02
   7.85398185E-02
   7.85398185E-02
   7.85398185E-02
   7.85398185E-02
   7.85398185E-02
   7.85398185E-02
   7.85398185E-02
   7.85398185E-02
   7.85398185E-02
   7.85398185E-02
   7.85398185E-02
   7.85398185E-02
   7.85398185E-02
   7.85398185E-02
   7.85398185E-02
   7.85398185E-02
   7.85398185E-02
   7.85398185E-02
   7.85398185E-02
   7.85398185E-02
   7.85398185E-02
   7.85398185E-02
   7.85398185E-02
   7.85398185E-02
   7.85398185E-02
   7.85398185E-02
   7.85398185E-02
   7.85398185E-02
   7.85398185E-02
   7.85398185E-02
   7.85398185E-02
   7.85398185E-02
  0.117809728    
  0.117809728    
  0.117809728    
  0.117809728    
  0.117809728    
  0.117809728    
  0.117809728    
  0.117809728    
  0.117809728    
  0.117809728    
  0.117809728    
  0.117809728    
  0.117809728    
  0.117809728    
  0.117809728    
  0.117809728    
  0.117809728    
  0.117809728    
  0.117809728    
  0.117809728    
  0.117809728    
  0.117809728    
  0.117809728    
  0.117809728    
  0.117809728    
  0.117809728    
  0.117809728    
  0.117809728    
  0.117809728    
  0.117809728    
  0.117809728    
  0.117809728    
  0.117809728    
  0.117809728    
  0.117809728    
  0.117809728    
  0.117809728    
  0.117809728    
  0.117809728    
  0.117809728    
  0.157079637    
  0.157079637    
  0.157079637    
  0.157079637    
  0.157079637    
  0.157079637    
  0.157079637    
  0.157079637    
  0.157079637    
  0.157079637    
  0.157079637    
  0.157079637    
  0.157079637    
  0.157079637    
  0.157079637    
  0.157079637    
  0.157079637    
  0.157079637    
  0.157079637    
  0.157079637    
  0.157079637    
  0.157079637    
  0.157079637    
  0.157079637    
  0.157079637    
  0.157079637    
  0.157079637    
  0.157079637    
  0.157079637    
  0.157079637    
  0.157079637    
  0.157079637    
  0.157079637    
  0.157079637    
  0.157079637    
  0.157079637    
  0.157079637    
  0.157079637    
  0.157079637    
  0.157079637    
  0.196349546    
  0.196349546    
  0.196349546    
  0.196349546    
  0.196349546    
  0.196349546    
  0.196349546    
  0.196349546    
  0.196349546    
  0.196349546    
  0.196349546    
  0.196349546    
  0.196349546    
  0.196349546    
  0.196349546    
  0.196349546    
  0.196349546    
  0.196349546    
  0.196349546    
  0.196349546    
  0.196349546    
  0.196349546    
  0.196349546    
  0.196349546    
  0.196349546    
  0.196349546    
  0.196349546    
  0.196349546    
  0.196349546    
  0.196349546    
  0.196349546    
  0.196349546    
  0.196349546    
  0.196349546    
  0.196349546    
  0.196349546    
  0.196349546    
  0.196349546    
  0.196349546    
  0.196349546    
  0.235619456    
  0.235619456    
  0.235619456    
  0.235619456    
  0.235619456    
  0.235619456    
  0.235619456    
  0.235619456    
  0.235619456    
  0.235619456    
  0.235619456    
  0.235619456    
  0.235619456    
  0.235619456    
  0.235619456    
  0.235619456    
  0.235619456    
  0.235619456    
  0.235619456    
  0.235619456    
  0.235619456    
  0.235619456    
  0.235619456    
  0.235619456    
  0.235619456    
  0.235619456    
  0.235619456    
  0.235619456    
  0.235619456    
  0.235619456    
  0.235619456    
  0.235619456    
  0.235619456    
  0.235619456    
  0.235619456    
  0.235619456    
  0.235619456    
  0.235619456    
  0.235619456    
  0.235619456    
  0.274889380    
  0.274889380    
  0.274889380    
  0.274889380    
  0.274889380    
  0.274889380    
  0.274889380    
  0.274889380    
  0.274889380    
  0.274889380    
  0.274889380    
  0.274889380    
  0.274889380    
  0.274889380    
  0.274889380    
  0.274889380    
  0.274889380    
  0.274889380    
  0.274889380    
  0.274889380    
  0.274889380    
  0.274889380    
  0.274889380    
  0.274889380    
  0.274889380    
  0.274889380    
  0.274889380    
  0.274889380    
  0.274889380    
  0.274889380    
  0.274889380    
  0.274889380    
  0.274889380    
  0.274889380    
  0.274889380    
  0.274889380    
  0.274889380    
  0.274889380    
  0.274889380    
  0.274889380    
  0.314159274    
  0.314159274    
  0.314159274    
  0.314159274    
  0.314159274    
  0.314159274    
  0.314159274    
  0.314159274    
  0.314159274    
  0.314159274    
  0.314159274    
  0.314159274    
  0.314159274    
  0.314159274    
  0.314159274    
  0.314159274    
  0.314159274    
  0.314159274    
  0.314159274    
  0.314159274    
  0.314159274    
  0.314159274    
  0.314159274    
  0.314159274    
  0.314159274    
  0.314159274    
  0.314159274    
  0.314159274    
  0.314159274    
  0.314159274    
  0.314159274    
  0.314159274    
  0.314159274    
  0.314159274    
  0.314159274    
  0.314159274    
  0.314159274    
  0.314159274    
  0.314159274    
  0.314159274    
  0.353429168    
  0.353429168    
  0.353429168    
  0.353429168    
  0.353429168    
  0.353429168    
  0.353429168    
  0.353429168    
  0.353429168    
  0.353429168    
  0.353429168    
  0.353429168    
  0.353429168    
  0.353429168    
  0.353429168    
  0.353429168    
  0.353429168    
  0.353429168    
  0.353429168    
  0.353429168    
  0.353429168    
  0.353429168    
  0.353429168    
  0.353429168    
  0.353429168    
  0.353429168    
  0.353429168    
  0.353429168    
  0.353429168    
  0.353429168    
  0.353429168    
  0.353429168    
  0.353429168    
  0.353429168    
  0.353429168    
  0.353429168    
  0.353429168    
  0.353429168    
  0.353429168    
  0.353429168    
  0.392699093    
  0.392699093    
  0.392699093    
  0.392699093    
  0.392699093    
  0.392699093    
  0.392699093    
  0.392699093    
  0.392699093    
  0.392699093    
  0.392699093    
  0.392699093    
  0.392699093    
  0.392699093    
  0.392699093    
  0.392699093    
  0.392699093    
  0.392699093    
  0.392699093    
  0.392699093    
  0.392699093    
  0.392699093    
  0.392699093    
  0.392699093    
  0.392699093    
  0.392699093    
  0.392699093    
  0.392699093    
  0.392699093    
  0.392699093    
  0.392699093    
  0.392699093    
  0.392699093    
  0.392699093    
  0.392699093    
  0.392699093    
  0.392699093    
  0.392699093    
  0.392699093    
  0.392699093    
  0.431969017    
  0.431969017    
  0.431969017    
  0.431969017    
  0.431969017    
  0.431969017    
  0.431969017    
  0.431969017    
  0.431969017    
  0.431969017    
  0.431969017    
  0.431969017    
  0.431969017    
  0.431969017    
  0.431969017    
  0.431969017    
  0.431969017    
  0.431969017    
  0.431969017    
  0.431969017    
  0.431969017    
  0.431969017    
  0.431969017    
  0.431969017    
  0.431969017    
  0.431969017    
  0.431969017    
  0.431969017    
  0.431969017    
  0.431969017    
  0.431969017    
  0.431969017    
  0.431969017    
  0.431969017    
  0.431969017    
  0.431969017    
  0.431969017    
  0.431969017    
  0.431969017    
  0.431969017    
  0.471238911    
  0.471238911    
  0.471238911    
  0.471238911    
  0.471238911    
  0.471238911    
  0.471238911    
  0.471238911    
  0.471238911    
  0.471238911    
  0.471238911    
  0.471238911    
  0.471238911    
  0.471238911    
  0.471238911    
  0.471238911    
  0.471238911    
  0.471238911    
  0.471238911    
  0.471238911    
  0.471238911    
  0.471238911    
  0.471238911    
  0.471238911    
  0.471238911    
  0.471238911    
  0.471238911    
  0.471238911    
  0.471238911    
  0.471238911    
  0.471238911    
  0.471238911    
  0.471238911    
  0.471238911    
  0.471238911    
  0.471238911    
  0.471238911    
  0.471238911    
  0.471238911    
  0.471238911    
  0.510508835    
  0.510508835    
  0.510508835    
  0.510508835    
  0.510508835    
  0.510508835    
  0.510508835    
  0.510508835    
  0.510508835    
  0.510508835    
  0.510508835    
  0.510508835    
  0.510508835    
  0.510508835    
  0.510508835    
  0.510508835    
  0.510508835    
  0.510508835    
  0.510508835    
  0.510508835    
  0.510508835    
  0.510508835    
  0.510508835    
  0.510508835    
  0.510508835    
  0.510508835    
  0.510508835    
  0.510508835    
  0.510508835    
  0.510508835    
  0.510508835    
  0.510508835    
  0.510508835    
  0.510508835    
  0.510508835    
  0.510508835    
  0.510508835    
  0.510508835    
  0.510508835    
  0.510508835    
  0.549778759    
  0.549778759    
  0.549778759    
  0.549778759    
  0.549778759    
  0.549778759    
  0.549778759    
  0.549778759    
  0.549778759    
  0.549778759    
  0.549778759    
  0.549778759    
  0.549778759    
  0.549778759    
  0.549778759    
  0.549778759    
  0.549778759    
  0.549778759    
  0.549778759    
  0.549778759    
  0.549778759    
  0.549778759    
  0.549778759    
  0.549778759    
  0.549778759    
  0.549778759    
  0.549778759    
  0.549778759    
  0.549778759    
  0.549778759    
  0.549778759    
  0.549778759    
  0.549778759    
  0.549778759    
  0.549778759    
  0.549778759    
  0.549778759    
  0.549778759    
  0.549778759    
  0.549778759    
  0.589048624    
  0.589048624    
  0.589048624    
  0.589048624    
  0.589048624    
  0.589048624    
  0.589048624    
  0.589048624    
  0.589048624    
  0.589048624    
  0.589048624    
  0.589048624    
  0.589048624    
  0.589048624    
  0.589048624    
  0.589048624    
  0.589048624    
  0.589048624    
  0.589048624    
  0.589048624    
  0.589048624    
  0.589048624    
  0.589048624    
  0.589048624    
  0.589048624    
  0.589048624    
  0.589048624    
  0.589048624    
  0.589048624    
  0.589048624    
  0.589048624    
  0.589048624    
  0.589048624    
  0.589048624    
  0.589048624    
  0.589048624    
  0.589048624    
  0.589048624    
  0.589048624    
  0.589048624    
  0.628318548    
  0.628318548    
  0.628318548    
  0.628318548    
  0.628318548    
  0.628318548    
  0.628318548    
  0.628318548    
  0.628318548    
  0.628318548    
  0.628318548    
  0.628318548    
  0.628318548    
  0.628318548    
  0.628318548    
  0.628318548    
  0.628318548    
  0.628318548    
  0.628318548    
  0.628318548    
  0.628318548    
  0.628318548    
  0.628318548    
  0.628318548    
  0.628318548    
  0.628318548    
  0.628318548    
  0.628318548    
  0.628318548    
  0.628318548    
  0.628318548    
  0.628318548    
  0.628318548    
  0.628318548    
  0.628318548    
  0.628318548    
  0.628318548    
  0.628318548    
  0.628318548    
  0.628318548    
  0.667588472    
  0.667588472    
  0.667588472    
  0.667588472    
  0.667588472    
  0.667588472    
  0.667588472    
  0.667588472    
  0.667588472    
  0.667588472    
  0.667588472    
  0.667588472    
  0.667588472    
  0.667588472    
  0.667588472    
  0.667588472    
  0.667588472    
  0.667588472    
  0.667588472    
  0.667588472    
  0.667588472    
  0.667588472    
  0.667588472    
  0.667588472    
  0.667588472    
  0.667588472    
  0.667588472    
  0.667588472    
  0.667588472    
  0.667588472    
  0.667588472    
  0.667588472    
  0.667588472    
  0.667588472    
  0.667588472    
  0.667588472    
  0.667588472    
  0.667588472    
  0.667588472    
  0.667588472    
  0.706858337    
  0.706858337    
  0.706858337    
  0.706858337    
  0.706858337    
  0.706858337    
  0.706858337    
  0.706858337    
  0.706858337    
  0.706858337    
  0.706858337    
  0.706858337    
  0.706858337    
  0.706858337    
  0.706858337    
  0.706858337    
  0.706858337    
  0.706858337    
  0.706858337    
  0.706858337    
  0.706858337    
  0.706858337    
  0.706858337    
  0.706858337    
  0.706858337    
  0.706858337    
  0.706858337    
  0.706858337    
  0.706858337    
  0.706858337    
  0.706858337    
  0.706858337    
  0.706858337    
  0.706858337    
  0.706858337    
  0.706858337    
  0.706858337    
  0.706858337    
  0.706858337    
  0.706858337    
  0.746128261    
  0.746128261    
  0.746128261    
  0.746128261    
  0.746128261    
  0.746128261    
  0.746128261    
  0.746128261    
  0.746128261    
  0.746128261    
  0.746128261    
  0.746128261    
  0.746128261    
  0.746128261    
  0.746128261    
  0.746128261    
  0.746128261    
  0.746128261    
  0.746128261    
  0.746128261    
  0.746128261    
  0.746128261    
  0.746128261    
  0.746128261    
  0.746128261    
  0.746128261    
  0.746128261    
  0.746128261    
  0.746128261    
  0.746128261    
  0.746128261    
  0.746128261    
  0.746128261    
  0.746128261    
  0.746128261    
  0.746128261    
  0.746128261    
  0.746128261    
  0.746128261    
  0.746128261    
  0.785398185    
  0.785398185    
  0.785398185    
  0.785398185    
  0.785398185    
  0.785398185    
  0.785398185    
  0.785398185    
  0.785398185    
  0.785398185    
  0.785398185    
  0.785398185    
  0.785398185    
  0.785398185    
  0.785398185    
  0.785398185    
  0.785398185    
  0.785398185    
  0.785398185    
  0.785398185    
  0.785398185    
  0.785398185    
  0.785398185    
  0.785398185    
  0.785398185    
  0.785398185    
  0.785398185    
  0.785398185    
  0.785398185    
  0.785398185    
  0.785398185    
  0.785398185    
  0.785398185    
  0.785398185    
  0.785398185    
  0.785398185    
  0.785398185    
  0.785398185    
  0.785398185    
  0.785398185    
  0.824668109    
  0.824668109    
  0.824668109    
  0.824668109    
  0.824668109    
  0.824668109    
  0.824668109    
  0.824668109    
  0.824668109    
  0.824668109    
  0.824668109    
  0.824668109    
  0.824668109    
  0.824668109    
  0.824668109    
  0.824668109    
  0.824668109    
  0.824668109    
  0.824668109    
  0.824668109    
  0.824668109    
  0.824668109    
  0.824668109    
  0.824668109    
  0.824668109    
  0.824668109    
  0.824668109    
  0.824668109    
  0.824668109    
  0.824668109    
  0.824668109    
  0.824668109    
  0.824668109    
  0.824668109    
  0.824668109    
  0.824668109    
  0.824668109    
  0.824668109    
  0.824668109    
  0.824668109    
  0.863938034    
  0.863938034    
  0.863938034    
  0.863938034    
  0.863938034    
  0.863938034    
  0.863938034    
  0.863938034    
  0.863938034    
  0.863938034    
  0.863938034    
  0.863938034    
  0.863938034    
  0.863938034    
  0.863938034    
  0.863938034    
  0.863938034    
  0.863938034    
  0.863938034    
  0.863938034    
  0.863938034    
  0.863938034    
  0.863938034    
  0.863938034    
  0.863938034    
  0.863938034    
  0.863938034    
  0.863938034    
  0.863938034    
  0.863938034    
  0.863938034    
  0.863938034    
  0.863938034    
  0.863938034    
  0.863938034    
  0.863938034    
  0.863938034    
  0.863938034    
  0.863938034    
  0.863938034    
  0.903207898    
  0.903207898    
  0.903207898    
  0.903207898    
  0.903207898    
  0.903207898    
  0.903207898    
  0.903207898    
  0.903207898    
  0.903207898    
  0.903207898    
  0.903207898    
  0.903207898    
  0.903207898    
  0.903207898    
  0.903207898    
  0.903207898    
  0.903207898    
  0.903207898    
  0.903207898    
  0.903207898    
  0.903207898    
  0.903207898    
  0.903207898    
  0.903207898    
  0.903207898    
  0.903207898    
  0.903207898    
  0.903207898    
  0.903207898    
  0.903207898    
  0.903207898    
  0.903207898    
  0.903207898    
  0.903207898    
  0.903207898    
  0.903207898    
  0.903207898    
  0.903207898    
  0.903207898    
  0.942477822    
  0.942477822    
  0.942477822    
  0.942477822    
  0.942477822    
  0.942477822    
  0.942477822    
  0.942477822    
  0.942477822    
  0.942477822    
  0.942477822    
  0.942477822    
  0.942477822    
  0.942477822    
  0.942477822    
  0.942477822    
  0.942477822    
  0.942477822    
  0.942477822    
  0.942477822    
  0.942477822    
  0.942477822    
  0.942477822    
  0.942477822    
  0.942477822    
  0.942477822    
  0.942477822    
  0.942477822    
  0.942477822    
  0.942477822    
  0.942477822    
  0.942477822    
  0.942477822    
  0.942477822    
  0.942477822    
  0.942477822    
  0.942477822    
  0.942477822    
  0.942477822    
  0.942477822    
  0.981747746    
  0.981747746    
  0.981747746    
  0.981747746    
  0.981747746    
  0.981747746    
  0.981747746    
  0.981747746    
  0.981747746    
  0.981747746    
  0.981747746    
  0.981747746    
  0.981747746    
  0.981747746    
  0.981747746    
  0.981747746    
  0.981747746    
  0.981747746    
  0.981747746    
  0.981747746    
  0.981747746    
  0.981747746    
  0.981747746    
  0.981747746    
  0.981747746    
  0.981747746    
  0.981747746    
  0.981747746    
  0.981747746    
  0.981747746    
  0.981747746    
  0.981747746    
  0.981747746    
  0.981747746    
  0.981747746    
  0.981747746    
  0.981747746    
  0.981747746    
  0.981747746    
  0.981747746    
   1.02101767    
   1.02101767    
   1.02101767    
   1.02101767    
   1.02101767    
   1.02101767    
   1.02101767    
   1.02101767    
   1.02101767    
   1.02101767    
   1.02101767    
   1.02101767    
   1.02101767    
   1.02101767    
   1.02101767    
   1.02101767    
   1.02101767    
   1.02101767    
   1.02101767    
   1.02101767    
   1.02101767    
   1.02101767    
   1.02101767    
   1.02101767    
   1.02101767    
   1.02101767    
   1.02101767    
   1.02101767    
   1.02101767    
   1.02101767    
   1.02101767    
   1.02101767    
   1.02101767    
   1.02101767    
   1.02101767    
   1.02101767    
   1.02101767    
   1.02101767    
   1.02101767    
   1.02101767    
   1.06028759    
   1.06028759    
   1.06028759    
   1.06028759    
   1.06028759    
   1.06028759    
   1.06028759    
   1.06028759    
   1.06028759    
   1.06028759    
   1.06028759    
   1.06028759    
   1.06028759    
   1.06028759    
   1.06028759    
   1.06028759    
   1.06028759    
   1.06028759    
   1.06028759    
   1.06028759    
   1.06028759    
   1.06028759    
   1.06028759    
   1.06028759    
   1.06028759    
   1.06028759    
   1.06028759    
   1.06028759    
   1.06028759    
   1.06028759    
   1.06028759    
   1.06028759    
   1.06028759    
   1.06028759    
   1.06028759    
   1.06028759    
   1.06028759    
   1.06028759    
   1.06028759    
   1.06028759    
   1.09955752    
   1.09955752    
   1.09955752    
   1.09955752    
   1.09955752    
   1.09955752    
   1.09955752    
   1.09955752    
   1.09955752    
   1.09955752    
   1.09955752    
   1.09955752    
   1.09955752    
   1.09955752    
   1.09955752    
   1.09955752    
   1.09955752    
   1.09955752    
   1.09955752    
   1.09955752    
   1.09955752    
   1.09955752    
   1.09955752    
   1.09955752    
   1.09955752    
   1.09955752    
   1.09955752    
   1.09955752    
   1.09955752    
   1.09955752    
   1.09955752    
   1.09955752    
   1.09955752    
   1.09955752    
   1.09955752    
   1.09955752    
   1.09955752    
   1.09955752    
   1.09955752    
   1.09955752    
   1.13882732    
   1.13882732    
   1.13882732    
   1.13882732    
   1.13882732    
   1.13882732    
   1.13882732    
   1.13882732    
   1.13882732    
   1.13882732    
   1.13882732    
   1.13882732    
   1.13882732    
   1.13882732    
   1.13882732    
   1.13882732    
   1.13882732    
   1.13882732    
   1.13882732    
   1.13882732    
   1.13882732    
   1.13882732    
   1.13882732    
   1.13882732    
   1.13882732    
   1.13882732    
   1.13882732    
   1.13882732    
   1.13882732    
   1.13882732    
   1.13882732    
   1.13882732    
   1.13882732    
   1.13882732    
   1.13882732    
   1.13882732    
   1.13882732    
   1.13882732    
   1.13882732    
   1.13882732    
   1.17809725    
   1.17809725    
   1.17809725    
   1.17809725    
   1.17809725    
   1.17809725    
   1.17809725    
   1.17809725    
   1.17809725    
   1.17809725    
   1.17809725    
   1.17809725    
   1.17809725    
   1.17809725    
   1.17809725    
   1.17809725    
   1.17809725    
   1.17809725    
   1.17809725    
   1.17809725    
   1.17809725    
   1.17809725    
   1.17809725    
   1.17809725    
   1.17809725    
   1.17809725    
   1.17809725    
   1.17809725    
   1.17809725    
   1.17809725    
   1.17809725    
   1.17809725    
   1.17809725    
   1.17809725    
   1.17809725    
   1.17809725    
   1.17809725    
   1.17809725    
   1.17809725    
   1.17809725    
   1.21736717    
   1.21736717    
   1.21736717    
   1.21736717    
   1.21736717    
   1.21736717    
   1.21736717    
   1.21736717    
   1.21736717    
   1.21736717    
   1.21736717    
   1.21736717    
   1.21736717    
   1.21736717    
   1.21736717    
   1.21736717    
   1.21736717    
   1.21736717    
   1.21736717    
   1.21736717    
   1.21736717    
   1.21736717    
   1.21736717    
   1.21736717    
   1.21736717    
   1.21736717    
   1.21736717    
   1.21736717    
   1.21736717    
   1.21736717    
   1.21736717    
   1.21736717    
   1.21736717    
   1.21736717    
   1.21736717    
   1.21736717    
   1.21736717    
   1.21736717    
   1.21736717    
   1.21736717    
   1.25663710    
   1.25663710    
   1.25663710    
   1.25663710    
   1.25663710    
   1.25663710    
   1.25663710    
   1.25663710    
   1.25663710    
   1.25663710    
   1.25663710    
   1.25663710    
   1.25663710    
   1.25663710    
   1.25663710    
   1.25663710    
   1.25663710    
   1.25663710    
   1.25663710    
   1.25663710    
   1.25663710    
   1.25663710    
   1.25663710    
   1.25663710    
   1.25663710    
   1.25663710    
   1.25663710    
   1.25663710    
   1.25663710    
   1.25663710    
   1.25663710    
   1.25663710    
   1.25663710    
   1.25663710    
   1.25663710    
   1.25663710    
   1.25663710    
   1.25663710    
   1.25663710    
   1.25663710    
   1.29590702    
   1.29590702    
   1.29590702    
   1.29590702    
   1.29590702    
   1.29590702    
   1.29590702    
   1.29590702    
   1.29590702    
   1.29590702    
   1.29590702    
   1.29590702    
   1.29590702    
   1.29590702    
   1.29590702    
   1.29590702    
   1.29590702    
   1.29590702    
   1.29590702    
   1.29590702    
   1.29590702    
   1.29590702    
   1.29590702    
   1.29590702    
   1.29590702    
   1.29590702    
   1.29590702    
   1.29590702    
   1.29590702    
   1.29590702    
   1.29590702    
   1.29590702    
   1.29590702    
   1.29590702    
   1.29590702    
   1.29590702    
   1.29590702    
   1.29590702    
   1.29590702    
   1.29590702    
   1.33517694    
   1.33517694    
   1.33517694    
   1.33517694    
   1.33517694    
   1.33517694    
   1.33517694    
   1.33517694    
   1.33517694    
   1.33517694    
   1.33517694    
   1.33517694    
   1.33517694    
   1.33517694    
   1.33517694    
   1.33517694    
   1.33517694    
   1.33517694    
   1.33517694    
   1.33517694    
   1.33517694    
   1.33517694    
   1.33517694    
   1.33517694    
   1.33517694    
   1.33517694    
   1.33517694    
   1.33517694    
   1.33517694    
   1.33517694    
   1.33517694    
   1.33517694    
   1.33517694    
   1.33517694    
   1.33517694    
   1.33517694    
   1.33517694    
   1.33517694    
   1.33517694    
   1.33517694    
   1.37444687    
   1.37444687    
   1.37444687    
   1.37444687    
   1.37444687    
   1.37444687    
   1.37444687    
   1.37444687    
   1.37444687    
   1.37444687    
   1.37444687    
   1.37444687    
   1.37444687    
   1.37444687    
   1.37444687    
   1.37444687    
   1.37444687    
   1.37444687    
   1.37444687    
   1.37444687    
   1.37444687    
   1.37444687    
   1.37444687    
   1.37444687    
   1.37444687    
   1.37444687    
   1.37444687    
   1.37444687    
   1.37444687    
   1.37444687    
   1.37444687    
   1.37444687    
   1.37444687    
   1.37444687    
   1.37444687    
   1.37444687    
   1.37444687    
   1.37444687    
   1.37444687    
   1.37444687    
   1.41371667    
   1.41371667    
   1.41371667    
   1.41371667    
   1.41371667    
   1.41371667    
   1.41371667    
   1.41371667    
   1.41371667    
   1.41371667    
   1.41371667    
   1.41371667    
   1.41371667    
   1.41371667    
   1.41371667    
   1.41371667    
   1.41371667    
   1.41371667    
   1.41371667    
   1.41371667    
   1.41371667    
   1.41371667    
   1.41371667    
   1.41371667    
   1.41371667    
   1.41371667    
   1.41371667    
   1.41371667    
   1.41371667    
   1.41371667    
   1.41371667    
   1.41371667    
   1.41371667    
   1.41371667    
   1.41371667    
   1.41371667    
   1.41371667    
   1.41371667    
   1.41371667    
   1.41371667    
   1.45298660    
   1.45298660    
   1.45298660    
   1.45298660    
   1.45298660    
   1.45298660    
   1.45298660    
   1.45298660    
   1.45298660    
   1.45298660    
   1.45298660    
   1.45298660    
   1.45298660    
   1.45298660    
   1.45298660    
   1.45298660    
   1.45298660    
   1.45298660    
   1.45298660    
   1.45298660    
   1.45298660    
   1.45298660    
   1.45298660    
   1.45298660    
   1.45298660    
   1.45298660    
   1.45298660    
   1.45298660    
   1.45298660    
   1.45298660    
   1.45298660    
   1.45298660    
   1.45298660    
   1.45298660    
   1.45298660    
   1.45298660    
   1.45298660    
   1.45298660    
   1.45298660    
   1.45298660    
   1.49225652    
   1.49225652    
   1.49225652    
   1.49225652    
   1.49225652    
   1.49225652    
   1.49225652    
   1.49225652    
   1.49225652    
   1.49225652    
   1.49225652    
   1.49225652    
   1.49225652    
   1.49225652    
   1.49225652    
   1.49225652    
   1.49225652    
   1.49225652    
   1.49225652    
   1.49225652    
   1.49225652    
   1.49225652    
   1.49225652    
   1.49225652    
   1.49225652    
   1.49225652    
   1.49225652    
   1.49225652    
   1.49225652    
   1.49225652    
   1.49225652    
   1.49225652    
   1.49225652    
   1.49225652    
   1.49225652    
   1.49225652    
   1.49225652    
   1.49225652    
   1.49225652    
   1.49225652    
   1.53152645    
   1.53152645    
   1.53152645    
   1.53152645    
   1.53152645    
   1.53152645    
   1.53152645    
   1.53152645    
   1.53152645    
   1.53152645    
   1.53152645    
   1.53152645    
   1.53152645    
   1.53152645    
   1.53152645    
   1.53152645    
   1.53152645    
   1.53152645    
   1.53152645    
   1.53152645    
   1.53152645    
   1.53152645    
   1.53152645    
   1.53152645    
   1.53152645    
   1.53152645    
   1.53152645    
   1.53152645    
   1.53152645    
   1.53152645    
   1.53152645    
   1.53152645    
   1.53152645    
   1.53152645    
   1.53152645    
   1.53152645    
   1.53152645    
   1.53152645    
   1.53152645    
   1.53152645    
