   0.00000000    
   0.00000000    
   0.00000000    
   0.00000000    
   0.00000000    
   0.00000000    
   0.00000000    
   0.00000000    
   0.00000000    
   0.00000000    
   0.00000000    
   0.00000000    
   0.00000000    
   0.00000000    
   0.00000000    
   0.00000000    
   0.00000000    
   0.00000000    
   0.00000000    
   0.00000000    
   0.00000000    
   0.00000000    
   0.00000000    
   0.00000000    
   0.00000000    
   6.28318563E-02
   6.28318563E-02
   6.28318563E-02
   6.28318563E-02
   6.28318563E-02
   6.28318563E-02
   6.28318563E-02
   6.28318563E-02
   6.28318563E-02
   6.28318563E-02
   6.28318563E-02
   6.28318563E-02
   6.28318563E-02
   6.28318563E-02
   6.28318563E-02
   6.28318563E-02
   6.28318563E-02
   6.28318563E-02
   6.28318563E-02
   6.28318563E-02
   6.28318563E-02
   6.28318563E-02
   6.28318563E-02
   6.28318563E-02
   6.28318563E-02
  0.125663713    
  0.125663713    
  0.125663713    
  0.125663713    
  0.125663713    
  0.125663713    
  0.125663713    
  0.125663713    
  0.125663713    
  0.125663713    
  0.125663713    
  0.125663713    
  0.125663713    
  0.125663713    
  0.125663713    
  0.125663713    
  0.125663713    
  0.125663713    
  0.125663713    
  0.125663713    
  0.125663713    
  0.125663713    
  0.125663713    
  0.125663713    
  0.125663713    
  0.188495561    
  0.188495561    
  0.188495561    
  0.188495561    
  0.188495561    
  0.188495561    
  0.188495561    
  0.188495561    
  0.188495561    
  0.188495561    
  0.188495561    
  0.188495561    
  0.188495561    
  0.188495561    
  0.188495561    
  0.188495561    
  0.188495561    
  0.188495561    
  0.188495561    
  0.188495561    
  0.188495561    
  0.188495561    
  0.188495561    
  0.188495561    
  0.188495561    
  0.251327425    
  0.251327425    
  0.251327425    
  0.251327425    
  0.251327425    
  0.251327425    
  0.251327425    
  0.251327425    
  0.251327425    
  0.251327425    
  0.251327425    
  0.251327425    
  0.251327425    
  0.251327425    
  0.251327425    
  0.251327425    
  0.251327425    
  0.251327425    
  0.251327425    
  0.251327425    
  0.251327425    
  0.251327425    
  0.251327425    
  0.251327425    
  0.251327425    
  0.314159274    
  0.314159274    
  0.314159274    
  0.314159274    
  0.314159274    
  0.314159274    
  0.314159274    
  0.314159274    
  0.314159274    
  0.314159274    
  0.314159274    
  0.314159274    
  0.314159274    
  0.314159274    
  0.314159274    
  0.314159274    
  0.314159274    
  0.314159274    
  0.314159274    
  0.314159274    
  0.314159274    
  0.314159274    
  0.314159274    
  0.314159274    
  0.314159274    
  0.376991123    
  0.376991123    
  0.376991123    
  0.376991123    
  0.376991123    
  0.376991123    
  0.376991123    
  0.376991123    
  0.376991123    
  0.376991123    
  0.376991123    
  0.376991123    
  0.376991123    
  0.376991123    
  0.376991123    
  0.376991123    
  0.376991123    
  0.376991123    
  0.376991123    
  0.376991123    
  0.376991123    
  0.376991123    
  0.376991123    
  0.376991123    
  0.376991123    
  0.439823002    
  0.439823002    
  0.439823002    
  0.439823002    
  0.439823002    
  0.439823002    
  0.439823002    
  0.439823002    
  0.439823002    
  0.439823002    
  0.439823002    
  0.439823002    
  0.439823002    
  0.439823002    
  0.439823002    
  0.439823002    
  0.439823002    
  0.439823002    
  0.439823002    
  0.439823002    
  0.439823002    
  0.439823002    
  0.439823002    
  0.439823002    
  0.439823002    
  0.502654850    
  0.502654850    
  0.502654850    
  0.502654850    
  0.502654850    
  0.502654850    
  0.502654850    
  0.502654850    
  0.502654850    
  0.502654850    
  0.502654850    
  0.502654850    
  0.502654850    
  0.502654850    
  0.502654850    
  0.502654850    
  0.502654850    
  0.502654850    
  0.502654850    
  0.502654850    
  0.502654850    
  0.502654850    
  0.502654850    
  0.502654850    
  0.502654850    
  0.565486670    
  0.565486670    
  0.565486670    
  0.565486670    
  0.565486670    
  0.565486670    
  0.565486670    
  0.565486670    
  0.565486670    
  0.565486670    
  0.565486670    
  0.565486670    
  0.565486670    
  0.565486670    
  0.565486670    
  0.565486670    
  0.565486670    
  0.565486670    
  0.565486670    
  0.565486670    
  0.565486670    
  0.565486670    
  0.565486670    
  0.565486670    
  0.565486670    
  0.628318548    
  0.628318548    
  0.628318548    
  0.628318548    
  0.628318548    
  0.628318548    
  0.628318548    
  0.628318548    
  0.628318548    
  0.628318548    
  0.628318548    
  0.628318548    
  0.628318548    
  0.628318548    
  0.628318548    
  0.628318548    
  0.628318548    
  0.628318548    
  0.628318548    
  0.628318548    
  0.628318548    
  0.628318548    
  0.628318548    
  0.628318548    
  0.628318548    
  0.691150427    
  0.691150427    
  0.691150427    
  0.691150427    
  0.691150427    
  0.691150427    
  0.691150427    
  0.691150427    
  0.691150427    
  0.691150427    
  0.691150427    
  0.691150427    
  0.691150427    
  0.691150427    
  0.691150427    
  0.691150427    
  0.691150427    
  0.691150427    
  0.691150427    
  0.691150427    
  0.691150427    
  0.691150427    
  0.691150427    
  0.691150427    
  0.691150427    
  0.753982246    
  0.753982246    
  0.753982246    
  0.753982246    
  0.753982246    
  0.753982246    
  0.753982246    
  0.753982246    
  0.753982246    
  0.753982246    
  0.753982246    
  0.753982246    
  0.753982246    
  0.753982246    
  0.753982246    
  0.753982246    
  0.753982246    
  0.753982246    
  0.753982246    
  0.753982246    
  0.753982246    
  0.753982246    
  0.753982246    
  0.753982246    
  0.753982246    
  0.816814125    
  0.816814125    
  0.816814125    
  0.816814125    
  0.816814125    
  0.816814125    
  0.816814125    
  0.816814125    
  0.816814125    
  0.816814125    
  0.816814125    
  0.816814125    
  0.816814125    
  0.816814125    
  0.816814125    
  0.816814125    
  0.816814125    
  0.816814125    
  0.816814125    
  0.816814125    
  0.816814125    
  0.816814125    
  0.816814125    
  0.816814125    
  0.816814125    
  0.879646003    
  0.879646003    
  0.879646003    
  0.879646003    
  0.879646003    
  0.879646003    
  0.879646003    
  0.879646003    
  0.879646003    
  0.879646003    
  0.879646003    
  0.879646003    
  0.879646003    
  0.879646003    
  0.879646003    
  0.879646003    
  0.879646003    
  0.879646003    
  0.879646003    
  0.879646003    
  0.879646003    
  0.879646003    
  0.879646003    
  0.879646003    
  0.879646003    
  0.942477822    
  0.942477822    
  0.942477822    
  0.942477822    
  0.942477822    
  0.942477822    
  0.942477822    
  0.942477822    
  0.942477822    
  0.942477822    
  0.942477822    
  0.942477822    
  0.942477822    
  0.942477822    
  0.942477822    
  0.942477822    
  0.942477822    
  0.942477822    
  0.942477822    
  0.942477822    
  0.942477822    
  0.942477822    
  0.942477822    
  0.942477822    
  0.942477822    
   1.00530970    
   1.00530970    
   1.00530970    
   1.00530970    
   1.00530970    
   1.00530970    
   1.00530970    
   1.00530970    
   1.00530970    
   1.00530970    
   1.00530970    
   1.00530970    
   1.00530970    
   1.00530970    
   1.00530970    
   1.00530970    
   1.00530970    
   1.00530970    
   1.00530970    
   1.00530970    
   1.00530970    
   1.00530970    
   1.00530970    
   1.00530970    
   1.00530970    
   1.06814158    
   1.06814158    
   1.06814158    
   1.06814158    
   1.06814158    
   1.06814158    
   1.06814158    
   1.06814158    
   1.06814158    
   1.06814158    
   1.06814158    
   1.06814158    
   1.06814158    
   1.06814158    
   1.06814158    
   1.06814158    
   1.06814158    
   1.06814158    
   1.06814158    
   1.06814158    
   1.06814158    
   1.06814158    
   1.06814158    
   1.06814158    
   1.06814158    
   1.13097334    
   1.13097334    
   1.13097334    
   1.13097334    
   1.13097334    
   1.13097334    
   1.13097334    
   1.13097334    
   1.13097334    
   1.13097334    
   1.13097334    
   1.13097334    
   1.13097334    
   1.13097334    
   1.13097334    
   1.13097334    
   1.13097334    
   1.13097334    
   1.13097334    
   1.13097334    
   1.13097334    
   1.13097334    
   1.13097334    
   1.13097334    
   1.13097334    
   1.19380522    
   1.19380522    
   1.19380522    
   1.19380522    
   1.19380522    
   1.19380522    
   1.19380522    
   1.19380522    
   1.19380522    
   1.19380522    
   1.19380522    
   1.19380522    
   1.19380522    
   1.19380522    
   1.19380522    
   1.19380522    
   1.19380522    
   1.19380522    
   1.19380522    
   1.19380522    
   1.19380522    
   1.19380522    
   1.19380522    
   1.19380522    
   1.19380522    
   1.25663710    
   1.25663710    
   1.25663710    
   1.25663710    
   1.25663710    
   1.25663710    
   1.25663710    
   1.25663710    
   1.25663710    
   1.25663710    
   1.25663710    
   1.25663710    
   1.25663710    
   1.25663710    
   1.25663710    
   1.25663710    
   1.25663710    
   1.25663710    
   1.25663710    
   1.25663710    
   1.25663710    
   1.25663710    
   1.25663710    
   1.25663710    
   1.25663710    
   1.31946898    
   1.31946898    
   1.31946898    
   1.31946898    
   1.31946898    
   1.31946898    
   1.31946898    
   1.31946898    
   1.31946898    
   1.31946898    
   1.31946898    
   1.31946898    
   1.31946898    
   1.31946898    
   1.31946898    
   1.31946898    
   1.31946898    
   1.31946898    
   1.31946898    
   1.31946898    
   1.31946898    
   1.31946898    
   1.31946898    
   1.31946898    
   1.31946898    
   1.38230085    
   1.38230085    
   1.38230085    
   1.38230085    
   1.38230085    
   1.38230085    
   1.38230085    
   1.38230085    
   1.38230085    
   1.38230085    
   1.38230085    
   1.38230085    
   1.38230085    
   1.38230085    
   1.38230085    
   1.38230085    
   1.38230085    
   1.38230085    
   1.38230085    
   1.38230085    
   1.38230085    
   1.38230085    
   1.38230085    
   1.38230085    
   1.38230085    
   1.44513261    
   1.44513261    
   1.44513261    
   1.44513261    
   1.44513261    
   1.44513261    
   1.44513261    
   1.44513261    
   1.44513261    
   1.44513261    
   1.44513261    
   1.44513261    
   1.44513261    
   1.44513261    
   1.44513261    
   1.44513261    
   1.44513261    
   1.44513261    
   1.44513261    
   1.44513261    
   1.44513261    
   1.44513261    
   1.44513261    
   1.44513261    
   1.44513261    
   1.50796449    
   1.50796449    
   1.50796449    
   1.50796449    
   1.50796449    
   1.50796449    
   1.50796449    
   1.50796449    
   1.50796449    
   1.50796449    
   1.50796449    
   1.50796449    
   1.50796449    
   1.50796449    
   1.50796449    
   1.50796449    
   1.50796449    
   1.50796449    
   1.50796449    
   1.50796449    
   1.50796449    
   1.50796449    
   1.50796449    
   1.50796449    
   1.50796449    
