   0.00000000    
   0.00000000    
   0.00000000    
   0.00000000    
   0.00000000    
   0.00000000    
   0.00000000    
   0.00000000    
   0.00000000    
   0.00000000    
  0.157079637    
  0.157079637    
  0.157079637    
  0.157079637    
  0.157079637    
  0.157079637    
  0.157079637    
  0.157079637    
  0.157079637    
  0.157079637    
  0.314159274    
  0.314159274    
  0.314159274    
  0.314159274    
  0.314159274    
  0.314159274    
  0.314159274    
  0.314159274    
  0.314159274    
  0.314159274    
  0.471238911    
  0.471238911    
  0.471238911    
  0.471238911    
  0.471238911    
  0.471238911    
  0.471238911    
  0.471238911    
  0.471238911    
  0.471238911    
  0.628318548    
  0.628318548    
  0.628318548    
  0.628318548    
  0.628318548    
  0.628318548    
  0.628318548    
  0.628318548    
  0.628318548    
  0.628318548    
  0.785398185    
  0.785398185    
  0.785398185    
  0.785398185    
  0.785398185    
  0.785398185    
  0.785398185    
  0.785398185    
  0.785398185    
  0.785398185    
  0.942477822    
  0.942477822    
  0.942477822    
  0.942477822    
  0.942477822    
  0.942477822    
  0.942477822    
  0.942477822    
  0.942477822    
  0.942477822    
   1.09955752    
   1.09955752    
   1.09955752    
   1.09955752    
   1.09955752    
   1.09955752    
   1.09955752    
   1.09955752    
   1.09955752    
   1.09955752    
   1.25663710    
   1.25663710    
   1.25663710    
   1.25663710    
   1.25663710    
   1.25663710    
   1.25663710    
   1.25663710    
   1.25663710    
   1.25663710    
   1.41371667    
   1.41371667    
   1.41371667    
   1.41371667    
   1.41371667    
   1.41371667    
   1.41371667    
   1.41371667    
   1.41371667    
   1.41371667    
