  -1.63071940E-03
  -7.46564148E-03
  -2.30312385E-02
  -5.23978099E-02
  -9.98154059E-02
 -0.169530898    
 -0.265773118    
 -0.392753124    
 -0.554665804    
 -0.755692065    
  -1.45297754E-03
  -6.65192911E-03
  -2.05209758E-02
  -4.66867797E-02
  -8.89361575E-02
 -0.151053116    
 -0.236805543    
 -0.349945545    
 -0.494210780    
 -0.673326612    
  -9.58497170E-04
  -4.38817171E-03
  -1.35373957E-02
  -3.07986252E-02
  -5.86699843E-02
  -9.96477306E-02
 -0.156217441    
 -0.230854362    
 -0.326024324    
 -0.444184631    
  -2.55068939E-04
  -1.16783869E-03
  -3.60282022E-03
  -8.19675252E-03
  -1.56144872E-02
  -2.65203808E-02
  -4.15759683E-02
  -6.14400059E-02
  -8.67687240E-02
 -0.118216187    
   5.03968564E-04
   2.30707903E-03
   7.11713824E-03
   1.61919296E-02
   3.08447983E-02
   5.23880832E-02
   8.21285620E-02
  0.121367551    
  0.171401292    
  0.233521745    
   1.15315430E-03
   5.27909352E-03
   1.62856672E-02
   3.70509960E-02
   7.05803409E-02
  0.119876675    
  0.187930241    
  0.277718604    
  0.392208129    
  0.534355044    
   1.55097316E-03
   7.10034231E-03
   2.19041407E-02
   4.98334542E-02
   9.49303433E-02
  0.161233768    
  0.252765626    
  0.373530686    
  0.527518809    
  0.718706250    
   1.61070493E-03
   7.37381727E-03
   2.27478091E-02
   5.17528802E-02
   9.85867456E-02
  0.167443961    
  0.262501359    
  0.387917906    
  0.547837257    
  0.746388614    
   1.31932774E-03
   6.03990117E-03
   1.86327621E-02
   4.23908457E-02
   8.07525367E-02
  0.137153581    
  0.215015188    
  0.317744136    
  0.448734164    
  0.611367762    
   7.40357558E-04
   3.38936946E-03
   1.04560172E-02
   2.37881765E-02
   4.53153364E-02
   7.69655183E-02
  0.120658576    
  0.178306341    
  0.251813143    
  0.343077183    
