  -1.70521054E-03
  -4.44515282E-03
  -1.10187232E-02
  -2.24525295E-02
  -3.99855897E-02
  -6.48894161E-02
  -9.84414667E-02
 -0.141919553    
 -0.196600422    
 -0.263759345    
 -0.344670296    
 -0.440605819    
 -0.552837014    
 -0.682634175    
 -0.831265867    
  -1.62174692E-03
  -4.22758609E-03
  -1.04794214E-02
  -2.13536173E-02
  -3.80285494E-02
  -6.17134944E-02
  -9.36233923E-02
 -0.134973496    
 -0.186978072    
 -0.250849992    
 -0.327800870    
 -0.419040948    
 -0.525779188    
 -0.649223566    
 -0.790580809    
  -1.37952669E-03
  -3.59618338E-03
  -8.91430769E-03
  -1.81644466E-02
  -3.23489942E-02
  -5.24966121E-02
  -7.96407834E-02
 -0.114815280    
 -0.159053013    
 -0.213385701    
 -0.278844029    
 -0.356457442    
 -0.447254658    
 -0.552262664    
 -0.672508359    
  -1.00225967E-03
  -2.61275051E-03
  -6.47658575E-03
  -1.31972013E-02
  -2.35028714E-02
  -3.81409675E-02
  -5.78623600E-02
  -8.34181160E-02
 -0.115558714    
 -0.155033752    
 -0.202592000    
 -0.258981496    
 -0.324949503    
 -0.401242226    
 -0.488605678    
  -5.26875956E-04
  -1.37355307E-03
  -3.40487948E-03
  -6.93810219E-03
  -1.23560987E-02
  -2.00517867E-02
  -3.04199327E-02
  -4.38553914E-02
  -6.07526973E-02
  -8.15059543E-02
 -0.106508836    
 -0.136154547    
 -0.170836002    
 -0.210945472    
 -0.256875217    
   9.02953943E-08
   1.06849207E-07
   1.31502901E-07
   1.59650071E-07
   1.89783961E-07
   2.18543533E-07
   2.42925125E-07
   2.67977128E-07
   2.90153253E-07
   2.81561427E-07
   2.53911679E-07
   2.09527883E-07
   1.60243417E-07
   1.29195712E-07
   8.89624374E-08
   5.27055585E-04
   1.37376599E-03
   3.40514141E-03
   6.93842117E-03
   1.23564769E-02
   2.00522263E-02
   3.04204188E-02
   4.38559279E-02
   6.07532933E-02
   8.15065429E-02
  0.106509373    
  0.136154994    
  0.170836344    
  0.210945740    
  0.256875426    
   1.00243650E-03
   2.61295959E-03
   6.47684420E-03
   1.31975161E-02
   2.35032458E-02
   3.81414071E-02
   5.78628667E-02
   8.34186971E-02
  0.115559384    
  0.155034423    
  0.202592701    
  0.258982122    
  0.324949920    
  0.401242554    
  0.488605857    
   1.37969863E-03
   3.59638711E-03
   8.91455729E-03
   1.81647521E-02
   3.23493592E-02
   5.24970628E-02
   7.96413198E-02
  0.114815906    
  0.159053728    
  0.213386506    
  0.278844923    
  0.356458366    
  0.447255284    
  0.552263200    
  0.672508419    
   1.62191200E-03
   4.22778120E-03
   1.04796588E-02
   2.13539060E-02
   3.80289070E-02
   6.17139451E-02
   9.36239436E-02
  0.134974122    
  0.186978772    
  0.250850856    
  0.327801853    
  0.419041991    
  0.525780261    
  0.649224341    
  0.790581167    
   1.70536584E-03
   4.44533862E-03
   1.10189468E-02
   2.24528052E-02
   3.99859324E-02
   6.48898482E-02
   9.84420031E-02
  0.141920179    
  0.196601152    
  0.263760120    
  0.344671190    
  0.440606743    
  0.552837849    
  0.682634771    
  0.831266224    
   1.62189244E-03
   4.22775885E-03
   1.04796300E-02
   2.13538725E-02
   3.80288661E-02
   6.17139004E-02
   9.36238989E-02
  0.134974107    
  0.186978832    
  0.250850827    
  0.327801764    
  0.419041872    
  0.525779963    
  0.649224162    
  0.790581048    
   1.37966045E-03
   3.59634217E-03
   8.91450047E-03
   1.81646813E-02
   3.23492773E-02
   5.24969697E-02
   7.96412230E-02
  0.114815816    
  0.159053624    
  0.213386402    
  0.278844804    
  0.356458336    
  0.447255254    
  0.552262962    
  0.672508359    
   1.00237993E-03
   2.61289347E-03
   6.47676224E-03
   1.31974109E-02
   2.35031173E-02
   3.81412730E-02
   5.78627288E-02
   8.34185556E-02
  0.115559198    
  0.155034319    
  0.202592626    
  0.258982033    
  0.324949920    
  0.401242495    
  0.488605767    
   5.26981603E-04
   1.37367880E-03
   3.40503477E-03
   6.93828845E-03
   1.23563185E-02
   2.00520549E-02
   3.04202363E-02
   4.38557304E-02
   6.07530661E-02
   8.15063417E-02
  0.106509201    
  0.136154890    
  0.170836225    
  0.210945711    
  0.256875336    
