  -1.77965895E-03
  -3.39387264E-03
  -7.10935984E-03
  -1.32323252E-02
  -2.22521164E-02
  -3.46960090E-02
  -5.11015840E-02
  -7.20096454E-02
  -9.79620367E-02
 -0.129500806    
 -0.167167976    
 -0.211505458    
 -0.263054788    
 -0.322357446    
 -0.389954686    
 -0.466387331    
 -0.552196085    
 -0.647921622    
 -0.754104078    
 -0.871283531    
  -1.73048710E-03
  -3.30010010E-03
  -6.91292807E-03
  -1.28667159E-02
  -2.16372907E-02
  -3.37373540E-02
  -4.96896468E-02
  -7.00200126E-02
  -9.52553377E-02
 -0.125922680    
 -0.162549108    
 -0.205661580    
 -0.255786598    
 -0.313450694    
 -0.379180223    
 -0.453501076    
 -0.536938906    
 -0.630019546    
 -0.733268142    
 -0.847209871    
  -1.58568879E-03
  -3.02396435E-03
  -6.33448828E-03
  -1.17900912E-02
  -1.98267847E-02
  -3.09143718E-02
  -4.55318466E-02
  -6.41610771E-02
  -8.72848183E-02
 -0.115386091    
 -0.148947790    
 -0.188452810    
 -0.234383643    
 -0.287222713    
 -0.347452283    
 -0.415554166    
 -0.492010266    
 -0.577302217    
 -0.671911538    
 -0.776319206    
  -1.35326548E-03
  -2.58072396E-03
  -5.40600391E-03
  -1.00619448E-02
  -1.69206541E-02
  -2.63830665E-02
  -3.88579667E-02
  -5.47565855E-02
  -7.44909346E-02
  -9.84732285E-02
 -0.127115563    
 -0.160830051    
 -0.200028569    
 -0.245122686    
 -0.296524018    
 -0.354643732    
 -0.419893295    
 -0.492683530    
 -0.573425174    
 -0.662528992    
  -1.04606128E-03
  -1.99487340E-03
  -4.17878386E-03
  -7.77777657E-03
  -1.30794840E-02
  -2.03938223E-02
  -3.00367884E-02
  -4.23262417E-02
  -5.75806871E-02
  -7.61187226E-02
  -9.82589349E-02
 -0.124319851    
 -0.154619858    
 -0.189477116    
 -0.229209691    
 -0.274135649    
 -0.324572802    
 -0.380838782    
 -0.443251014    
 -0.512127340    
  -6.81052043E-04
  -1.29878626E-03
  -2.72064400E-03
  -5.06380619E-03
  -8.51553865E-03
  -1.32776154E-02
  -1.95557717E-02
  -2.75569521E-02
  -3.74885201E-02
  -4.95578982E-02
  -6.39725104E-02
  -8.09397623E-02
 -0.100666843    
 -0.123360999    
 -0.149229258    
 -0.178478718    
 -0.211316317    
 -0.247948810    
 -0.288582921    
 -0.333425581    
  -2.78408232E-04
  -5.30928781E-04
  -1.11216214E-03
  -2.07001064E-03
  -3.48102464E-03
  -5.42768976E-03
  -7.99410325E-03
  -1.12648634E-02
  -1.53247388E-02
  -2.02585086E-02
  -2.61509828E-02
  -3.30869146E-02
  -4.11510170E-02
  -5.04279807E-02
  -6.10025041E-02
  -7.29591548E-02
  -8.63825828E-02
 -0.101357274    
 -0.117967807    
 -0.136298671    
   1.39620082E-04
   2.66267423E-04
   5.57777705E-04
   1.03817252E-03
   1.74584903E-03
   2.72217346E-03
   4.00931947E-03
   5.64972311E-03
   7.68589275E-03
   1.01603661E-02
   1.31156622E-02
   1.65943094E-02
   2.06388086E-02
   2.52916403E-02
   3.05952542E-02
   3.65921222E-02
   4.33246456E-02
   5.08352518E-02
   5.91663085E-02
   6.83601722E-02
   5.49932651E-04
   1.04874931E-03
   2.19689426E-03
   4.08898527E-03
   6.87624654E-03
   1.07216099E-02
   1.57911871E-02
   2.22521052E-02
   3.02718002E-02
   4.00177725E-02
   5.16575165E-02
   6.53584972E-02
   8.12880918E-02
   9.96136218E-02
  0.120502263    
  0.144121245    
  0.170637652    
  0.200218558    
  0.233030796    
  0.269241333    
   9.29855334E-04
   1.77327683E-03
   3.71460966E-03
   6.91383937E-03
   1.16266618E-02
   1.81285664E-02
   2.67004333E-02
   3.76248360E-02
   5.11848815E-02
   6.76637888E-02
   8.73447880E-02
  0.110510968    
  0.137445375    
  0.168430895    
  0.203750253    
  0.243686229    
  0.288521111    
  0.338537544    
  0.394017816    
  0.455244064    
   1.25839328E-03
   2.39981222E-03
   5.02705434E-03
   9.35663469E-03
   1.57345850E-02
   2.45337375E-02
   3.61342095E-02
   5.09184189E-02
   6.92694858E-02
   9.15707052E-02
  0.118205361    
  0.149556592    
  0.186007425    
  0.227940649    
  0.275738955    
  0.329784840    
  0.390460640    
  0.458148867    
  0.533231318    
  0.616089940    
   1.51739165E-03
   2.89373309E-03
   6.06170157E-03
   1.12823779E-02
   1.89730097E-02
   2.95831710E-02
   4.35712188E-02
   6.13982379E-02
   8.35262388E-02
  0.110417426    
  0.142533928    
  0.180337757    
  0.224290758    
  0.274854481    
  0.332490504    
  0.397659808    
  0.470823646    
  0.552442849    
  0.642978430    
  0.742890775    
   1.69253873E-03
   3.22774658E-03
   6.76137628E-03
   1.25846537E-02
   2.11629886E-02
   3.29978280E-02
   4.86004651E-02
   6.84851706E-02
   9.31672975E-02
  0.123162426    
  0.158986002    
  0.201153398    
  0.250179678    
  0.306579769    
  0.370868623    
  0.443560094    
  0.525168896    
  0.616209149    
  0.717194915    
  0.828639448    
   1.77415542E-03
   3.38339224E-03
   7.08741602E-03
   1.31914988E-02
   2.21834891E-02
   3.45890187E-02
   5.09440117E-02
   7.17875957E-02
   9.76599380E-02
  0.129101440    
  0.166652486    
  0.210853204    
  0.262243599    
  0.321363419    
  0.388752311    
  0.464949310    
  0.550493360    
  0.645923615    
  0.751778781    
  0.868597329    
   1.75773085E-03
   3.35207186E-03
   7.02180760E-03
   1.30693791E-02
   2.19781213E-02
   3.42688151E-02
   5.04723974E-02
   7.11230263E-02
   9.67558622E-02
  0.127906308    
  0.165109724    
  0.208901241    
  0.259815902    
  0.318388313    
  0.385153264    
  0.460644960    
  0.545397341    
  0.639944077    
  0.744818926    
  0.860555947    
   1.64417480E-03
   3.13551445E-03
   6.56817062E-03
   1.22250421E-02
   2.05582380E-02
   3.20549011E-02
   4.72116806E-02
   6.65281862E-02
   9.05050486E-02
  0.119643033    
  0.154442966    
  0.195405394    
  0.243030682    
  0.297819167    
  0.360270768    
  0.430885226    
  0.510162175    
  0.598600626    
  0.696700394    
  0.804960310    
   1.43976125E-03
   2.74568819E-03
   5.75157395E-03
   1.07051469E-02
   1.80023070E-02
   2.80696359E-02
   4.13420200E-02
   5.82569838E-02
   7.92528838E-02
  0.104768246    
  0.135241628    
  0.171111301    
  0.212815508    
  0.260792315    
  0.315479636    
  0.377314925    
  0.446735442    
  0.524178684    
  0.610082030    
  0.704882562    
   1.15578540E-03
   2.20413436E-03
   4.61714435E-03
   8.59368593E-03
   1.44515680E-02
   2.25332323E-02
   3.31877917E-02
   4.67664786E-02
   6.36211783E-02
   8.41039345E-02
  0.108566828    
  0.137361661    
  0.170840219    
  0.209354177    
  0.253255069    
  0.302894026    
  0.358622283    
  0.420790821    
  0.489750594    
  0.565852940    
   8.07941018E-04
   1.54077949E-03
   3.22757103E-03
   6.00733422E-03
   1.01022338E-02
   1.57516468E-02
   2.31996104E-02
   3.26916575E-02
   4.44737710E-02
   5.87920435E-02
   7.58925825E-02
   9.60213766E-02
  0.119424276    
  0.146347106    
  0.177035570    
  0.211735263    
  0.250691533    
  0.294149876    
  0.342355728    
  0.395554215    
   4.15449525E-04
   7.92280538E-04
   1.65964174E-03
   3.08901747E-03
   5.19464491E-03
   8.09961371E-03
   1.19294105E-02
   1.68102980E-02
   2.28687525E-02
   3.02313138E-02
   3.90245356E-02
   4.93749231E-02
   6.14088848E-02
   7.52528086E-02
   9.10330713E-02
  0.108875908    
  0.128907502    
  0.151254132    
  0.176041946    
  0.203397006    
