  -1.83443865E-03
  -2.90112849E-03
  -5.32937283E-03
  -9.19404253E-03
  -1.47176655E-02
  -2.21596863E-02
  -3.17911804E-02
  -4.38875146E-02
  -5.87257519E-02
  -7.65837356E-02
  -9.77396071E-02
 -0.122471616    
 -0.151058093    
 -0.183777303    
 -0.220907599    
 -0.262727082    
 -0.309514016    
 -0.361546546    
 -0.419102579    
 -0.482460201    
 -0.551897347    
 -0.627692103    
 -0.710121810    
 -0.799464583    
 -0.895998120    
  -1.80194539E-03
  -2.84974114E-03
  -5.23497490E-03
  -9.03119054E-03
  -1.44569753E-02
  -2.17671786E-02
  -3.12280711E-02
  -4.31101434E-02
  -5.76855540E-02
  -7.52272308E-02
  -9.60083753E-02
 -0.120302305    
 -0.148382425    
 -0.180522084    
 -0.216994718    
 -0.258073479    
 -0.304031700    
 -0.355142623    
 -0.411679119    
 -0.473914504    
 -0.542121649    
 -0.616573870    
 -0.697543621    
 -0.785303891    
 -0.880127490    
  -1.70561671E-03
  -2.69739935E-03
  -4.95512364E-03
  -8.54840316E-03
  -1.36841377E-02
  -2.06035543E-02
  -2.95586940E-02
  -4.08055745E-02
  -5.46018034E-02
  -7.12057501E-02
  -9.08759981E-02
 -0.113871239    
 -0.140450254    
 -0.170871839    
 -0.205394775    
 -0.244277596    
 -0.287779003    
 -0.336157531    
 -0.389671683    
 -0.448580056    
 -0.513141096    
 -0.583613157    
 -0.660254300    
 -0.743323207    
 -0.833077788    
  -1.54886523E-03
  -2.44950037E-03
  -4.49973438E-03
  -7.76278274E-03
  -1.24265319E-02
  -1.87100451E-02
  -2.68421900E-02
  -3.70554551E-02
  -4.95837852E-02
  -6.46617860E-02
  -8.25243071E-02
 -0.103406236    
 -0.127542585    
 -0.155168369    
 -0.186518580    
 -0.221827984    
 -0.261331499    
 -0.305263877    
 -0.353859901    
 -0.407354444    
 -0.465982169    
 -0.529977798    
 -0.599575460    
 -0.675010026    
 -0.756515920    
  -1.33724394E-03
  -2.11482681E-03
  -3.88493855E-03
  -6.70216279E-03
  -1.07287113E-02
  -1.61537137E-02
  -2.31747869E-02
  -3.19926292E-02
  -4.28092331E-02
  -5.58271445E-02
  -7.12491274E-02
  -8.92780200E-02
 -0.110116698    
 -0.133967981    
 -0.161034763    
 -0.191519961    
 -0.225626141    
 -0.263556123    
 -0.305512547    
 -0.351698220    
 -0.402315646    
 -0.457567573    
 -0.517656207    
 -0.582784474    
 -0.653154373    
  -1.07824954E-03
  -1.70523336E-03
  -3.13251698E-03
  -5.40411472E-03
  -8.65081977E-03
  -1.30251357E-02
  -1.86863989E-02
  -2.57964488E-02
  -3.45181450E-02
  -4.50148247E-02
  -5.74499555E-02
  -7.19870776E-02
  -8.87897983E-02
 -0.108021677    
 -0.129846320    
 -0.154427230    
 -0.181927875    
 -0.212511733    
 -0.246342242    
 -0.283582866    
 -0.324397027    
 -0.368947953    
 -0.417398840    
 -0.469913304    
 -0.526654303    
  -7.81057170E-04
  -1.23523083E-03
  -2.26912508E-03
  -3.91462306E-03
  -6.26646914E-03
  -9.43513587E-03
  -1.35360360E-02
  -1.86864119E-02
  -2.50042286E-02
  -3.26078124E-02
  -4.16155569E-02
  -5.21459505E-02
  -6.43174797E-02
  -7.82486722E-02
  -9.40579548E-02
 -0.111863881    
 -0.131784767    
 -0.153939039    
 -0.178445145    
 -0.205421507    
 -0.234986469    
 -0.267258108    
 -0.302354962    
 -0.340395212    
 -0.381497234    
  -4.56195063E-04
  -7.21469230E-04
  -1.32534734E-03
  -2.28645233E-03
  -3.66012426E-03
  -5.51088573E-03
  -7.90615100E-03
  -1.09143956E-02
  -1.46045219E-02
  -1.90456379E-02
  -2.43069027E-02
  -3.04575227E-02
  -3.75666916E-02
  -4.57036532E-02
  -5.49375787E-02
  -6.53376654E-02
  -7.69730955E-02
  -8.99130031E-02
 -0.104226574    
 -0.119982935    
 -0.137251258    
 -0.156100601    
 -0.176599994    
 -0.198818550    
 -0.222825482    
  -1.15171737E-04
  -1.82148957E-04
  -3.34618031E-04
  -5.77282743E-04
  -9.24116583E-04
  -1.39141094E-03
  -1.99618563E-03
  -2.75573018E-03
  -3.68743925E-03
  -4.80876723E-03
  -6.13717223E-03
  -7.69012189E-03
  -9.48508922E-03
  -1.15395645E-02
  -1.38710085E-02
  -1.64968856E-02
  -1.94346607E-02
  -2.27017999E-02
  -2.63157729E-02
  -3.02940235E-02
  -3.46540064E-02
  -3.94131690E-02
  -4.45889086E-02
  -5.01987226E-02
  -5.62600903E-02
   2.29932164E-04
   3.63624626E-04
   6.67965971E-04
   1.15233858E-03
   1.84462953E-03
   2.77735596E-03
   3.98449413E-03
   5.50055783E-03
   7.36027770E-03
   9.59845819E-03
   1.22499736E-02
   1.53497029E-02
   1.89325288E-02
   2.30333153E-02
   2.76869461E-02
   3.29283066E-02
   3.87922488E-02
   4.53136377E-02
   5.25272973E-02
   6.04680851E-02
   6.91708550E-02
   7.86704272E-02
   8.90016630E-02
  0.100199349    
  0.112298250    
   5.66891045E-04
   8.96517013E-04
   1.64688786E-03
   2.84113851E-03
   4.54802997E-03
   6.84773410E-03
   9.82402358E-03
   1.35619873E-02
   1.81472544E-02
   2.36656498E-02
   3.02031543E-02
   3.78457569E-02
   4.66794521E-02
   5.67902289E-02
   6.82640821E-02
   8.11869875E-02
   9.56449285E-02
  0.111723810    
  0.129509613    
  0.149088144    
  0.170545310    
  0.193967149    
  0.219439402    
  0.247047901    
  0.276878536    
   8.83768080E-04
   1.39765069E-03
   2.56746868E-03
   4.42929054E-03
   7.09031615E-03
   1.06755309E-02
   1.53155355E-02
   2.11429819E-02
   2.82913465E-02
   3.68944705E-02
   4.70863730E-02
   5.90010956E-02
   7.27727115E-02
   8.85352939E-02
  0.106422901    
  0.126569554    
  0.149109349    
  0.174176171    
  0.201904014    
  0.232426733    
  0.265878290    
  0.302392483    
  0.342103332    
  0.385144651    
  0.431650251    
   1.16933766E-03
   1.84927287E-03
   3.39709665E-03
   5.86053403E-03
   9.38142370E-03
   1.41251395E-02
   2.02644896E-02
   2.79749781E-02
   3.74332182E-02
   4.88162972E-02
   6.23015352E-02
   7.80662671E-02
   9.62879285E-02
  0.117143951    
  0.140811622    
  0.167468369    
  0.197291434    
  0.230458230    
  0.267145783    
  0.307531327    
  0.351792127    
  0.400105387    
  0.452647954    
  0.509597301    
  0.571130335    
   1.41348317E-03
   2.23538349E-03
   4.10638051E-03
   7.08416477E-03
   1.13401907E-02
   1.70743652E-02
   2.44955681E-02
   3.38159427E-02
   4.52489890E-02
   5.90087697E-02
   7.53096193E-02
   9.43659022E-02
  0.116392143    
  0.141602710    
  0.170212016    
  0.202434465    
  0.238484278    
  0.278575838    
  0.322923541    
  0.371741265    
  0.425243467    
  0.483644068    
  0.547157407    
  0.615997314    
  0.690377891    
   1.60755555E-03
   2.54230411E-03
   4.67019295E-03
   8.05683527E-03
   1.28972298E-02
   1.94187239E-02
   2.78588738E-02
   3.84589545E-02
   5.14617898E-02
   6.71108365E-02
   8.56498331E-02
  0.107322618    
  0.132373080    
  0.161045134    
  0.193582520    
  0.230229124    
  0.271228671    
  0.316824913    
  0.367261589    
  0.422782123    
  0.483630240    
  0.550049484    
  0.622283399    
  0.700575173    
  0.785168409    
   1.74467964E-03
   2.75916141E-03
   5.06856153E-03
   8.74408800E-03
   1.39973741E-02
   2.10751649E-02
   3.02352700E-02
   4.17395383E-02
   5.58515154E-02
   7.28354603E-02
   9.29558575E-02
  0.116477378    
  0.143664658    
  0.174782455    
  0.210095316    
  0.249867916    
  0.294364810    
  0.343850434    
  0.398589224    
  0.458845794    
  0.524884403    
  0.596969128    
  0.675364494    
  0.760334492    
  0.852144063    
   1.81999849E-03
   2.87827454E-03
   5.28737344E-03
   9.12158191E-03
   1.46016572E-02
   2.19850056E-02
   3.15405615E-02
   4.35414836E-02
   5.82626984E-02
   7.59798586E-02
   9.69688892E-02
  0.121505857    
  0.149866834    
  0.182328001    
  0.219165355    
  0.260654986    
  0.307072878    
  0.358694851    
  0.415796846    
  0.478654653    
  0.547544122    
  0.622740984    
  0.704520464    
  0.793159068    
  0.888932049    
   1.83084316E-03
   2.89542484E-03
   5.31888008E-03
   9.17594135E-03
   1.46886688E-02
   2.21160185E-02
   3.17285210E-02
   4.38009650E-02
   5.86099178E-02
   7.64326304E-02
   9.75467339E-02
  0.122229889    
  0.150759876    
  0.183414489    
  0.220471412    
  0.262208253    
  0.308902800    
  0.360832393    
  0.418274701    
  0.481507093    
  0.550807118    
  0.626451969    
  0.708718657    
  0.797885120    
  0.894228995    
   1.77682948E-03
   2.81000347E-03
   5.16196433E-03
   8.90523568E-03
   1.42553300E-02
   2.14635618E-02
   3.07924785E-02
   4.25087735E-02
   5.68808317E-02
   7.41777346E-02
   9.46689174E-02
  0.118623883    
  0.146312147    
  0.178003401    
  0.213967130    
  0.254472703    
  0.299789608    
  0.350187242    
  0.405934751    
  0.467301756    
  0.534557283    
  0.607970536    
  0.687810361    
  0.774346352    
  0.867847681    
   1.65987108E-03
   2.62503815E-03
   4.82218480E-03
   8.31905752E-03
   1.33169880E-02
   2.00507455E-02
   2.87655927E-02
   3.97106744E-02
   5.31367064E-02
   6.92950562E-02
   8.84374157E-02
  0.110815555    
  0.136681274    
  0.166286528    
  0.199882954    
  0.237722263    
  0.280056208    
  0.327136546    
  0.379214644    
  0.436542034    
  0.499370486    
  0.567951202    
  0.642535627    
  0.723375440    
  0.810722291    
   1.48411107E-03
   2.34707934E-03
   4.31157649E-03
   7.43817398E-03
   1.19068874E-02
   1.79276187E-02
   2.57196724E-02
   3.55058126E-02
   4.75101806E-02
   6.19575754E-02
   7.90729895E-02
   9.90815759E-02
  0.122208506    
  0.148678884    
  0.178717852    
  0.212550372    
  0.250401765    
  0.292496741    
  0.339060307    
  0.390317470    
  0.446493119    
  0.507812023    
  0.574499011    
  0.646778882    
  0.724876761    
   1.25577615E-03
   1.98597414E-03
   3.64822755E-03
   6.29378809E-03
   1.00749740E-02
   1.51694017E-02
   2.17626207E-02
   3.00431289E-02
   4.02005985E-02
   5.24252057E-02
   6.69073761E-02
   8.38375911E-02
  0.103406355    
  0.125804201    
  0.151221558    
  0.179848909    
  0.211876646    
  0.247495100    
  0.286894739    
  0.330265820    
  0.377798587    
  0.429683596    
  0.486110538    
  0.547269821    
  0.613352120    
   9.82954283E-04
   1.55451498E-03
   2.85563827E-03
   4.92644170E-03
   7.88615271E-03
   1.18737966E-02
   1.70346200E-02
   2.35161595E-02
   3.14668864E-02
   4.10356596E-02
   5.23715243E-02
   6.56235889E-02
   8.09409469E-02
   9.84727368E-02
  0.118368052    
  0.140776053    
  0.165845647    
  0.193725854    
  0.224565774    
  0.258514374    
  0.295720488    
  0.336333334    
  0.380501390    
  0.428373605    
  0.480099231    
   6.75310788E-04
   1.06798543E-03
   1.96188502E-03
   3.38457245E-03
   5.41795650E-03
   8.15755408E-03
   1.17031541E-02
   1.61561090E-02
   2.16184314E-02
   2.81923823E-02
   3.59803699E-02
   4.50848080E-02
   5.56081757E-02
   6.76529035E-02
   8.13214332E-02
   9.67161655E-02
  0.113939561    
  0.133093879    
  0.154281601    
  0.177605003    
  0.203166470    
  0.231068283    
  0.261412680    
  0.294301957    
  0.329838663    
   3.43744032E-04
   5.43621776E-04
   9.98631236E-04
   1.72280183E-03
   2.75782659E-03
   4.15232545E-03
   5.95709262E-03
   8.22371989E-03
   1.10041294E-02
   1.43503761E-02
   1.83145870E-02
   2.29488984E-02
   2.83054598E-02
   3.44364159E-02
   4.13939096E-02
   4.92300875E-02
   5.79970665E-02
   6.77469373E-02
   7.85318315E-02
   9.04038250E-02
  0.103415005    
  0.117617488    
  0.133063257    
  0.149804458    
  0.167893171    
