  -1.92128122E-03
  -2.35829432E-03
  -3.37662618E-03
  -4.92642121E-03
  -7.02982023E-03
  -9.73463431E-03
  -1.30991284E-02
  -1.71862878E-02
  -2.20614336E-02
  -2.77910717E-02
  -3.44423652E-02
  -4.20828871E-02
  -5.07804267E-02
  -6.06029443E-02
  -7.16184601E-02
  -8.38950053E-02
  -9.75007266E-02
 -0.112503752    
 -0.128972203    
 -0.146974280    
 -0.166578069    
 -0.187851757    
 -0.210863605    
 -0.235681757    
 -0.262374371    
 -0.291009575    
 -0.321655452    
 -0.354380310    
 -0.389252156    
 -0.426339447    
 -0.465710253    
 -0.507432580    
 -0.551574886    
 -0.598204970    
 -0.647391021    
 -0.699201286    
 -0.753703952    
 -0.810967088    
 -0.871058702    
 -0.934046924    
  -1.90796889E-03
  -2.34195311E-03
  -3.35322646E-03
  -4.89227939E-03
  -6.98109856E-03
  -9.66716465E-03
  -1.30083393E-02
  -1.70671698E-02
  -2.19085198E-02
  -2.75984444E-02
  -3.42036299E-02
  -4.17911895E-02
  -5.04284464E-02
  -6.01828732E-02
  -7.11220354E-02
  -8.33134875E-02
  -9.68249068E-02
 -0.111723930    
 -0.128078237    
 -0.145955548    
 -0.165423438    
 -0.186549664    
 -0.209401980    
 -0.234048083    
 -0.260555714    
 -0.288992465    
 -0.319425911    
 -0.351923883    
 -0.386554033    
 -0.423384190    
 -0.462482065    
 -0.503915250    
 -0.547751606    
 -0.594058454    
 -0.642903388    
 -0.694354713    
 -0.748479545    
 -0.805345714    
 -0.865020752    
 -0.927572548    
  -1.86821679E-03
  -2.29315576E-03
  -3.28335189E-03
  -4.79032705E-03
  -6.83560921E-03
  -9.46569163E-03
  -1.27372285E-02
  -1.67114586E-02
  -2.14519016E-02
  -2.70232279E-02
  -3.34907435E-02
  -4.09201570E-02
  -4.93773893E-02
  -5.89285120E-02
  -6.96396679E-02
  -8.15770254E-02
  -9.48068127E-02
 -0.109395303    
 -0.125408769    
 -0.142913431    
 -0.161975503    
 -0.182661459    
 -0.205037534    
 -0.229169905    
 -0.255124986    
 -0.282969028    
 -0.312768251    
 -0.344588757    
 -0.378497094    
 -0.414559633    
 -0.452842593    
 -0.493412137    
 -0.536334813    
 -0.581676483    
 -0.629503548    
 -0.679882467    
 -0.732879281    
 -0.788560152    
 -0.846991539    
 -0.908239365    
  -1.80257577E-03
  -2.21257866E-03
  -3.16797080E-03
  -4.62197792E-03
  -6.59537083E-03
  -9.13300924E-03
  -1.22895539E-02
  -1.61240920E-02
  -2.06979103E-02
  -2.60733999E-02
  -3.23135890E-02
  -3.94818559E-02
  -4.76418287E-02
  -5.68572208E-02
  -6.71918839E-02
  -7.87096545E-02
  -9.14744213E-02
 -0.105550125    
 -0.121000707    
 -0.137890086    
 -0.156282231    
 -0.176241100    
 -0.197830677    
 -0.221114844    
 -0.246157542    
 -0.273022681    
 -0.301774472    
 -0.332476497    
 -0.365193069    
 -0.399987847    
 -0.436925352    
 -0.476068884    
 -0.517482877    
 -0.561231017    
 -0.607376933    
 -0.655984998    
 -0.707118809    
 -0.760842562    
 -0.817219853    
 -0.876314700    
  -1.71195588E-03
  -2.10133893E-03
  -3.00868298E-03
  -4.38956497E-03
  -6.26371102E-03
  -8.67372751E-03
  -1.16715189E-02
  -1.53132081E-02
  -1.96569972E-02
  -2.47621387E-02
  -3.06884870E-02
  -3.74962501E-02
  -4.52458225E-02
  -5.39977401E-02
  -6.38126358E-02
  -7.47511610E-02
  -8.68739486E-02
 -0.100241758    
 -0.114915259    
 -0.130955204    
 -0.148422360    
 -0.167377457    
 -0.187881172    
 -0.209994227    
 -0.233777359    
 -0.259291410    
 -0.286597103    
 -0.315755039    
 -0.346826166    
 -0.379871160    
 -0.414950997    
 -0.452125728    
 -0.491456836    
 -0.533004701    
 -0.576829970    
 -0.622993231    
 -0.671555281    
 -0.722577035    
 -0.776119113    
 -0.832241952    
  -1.59761356E-03
  -1.96097861E-03
  -2.80769588E-03
  -4.09631105E-03
  -5.84523007E-03
  -8.09421390E-03
  -1.08916936E-02
  -1.42900525E-02
  -1.83435995E-02
  -2.31076181E-02
  -2.86379661E-02
  -3.49908434E-02
  -4.22225930E-02
  -5.03897071E-02
  -5.95487766E-02
  -6.97563961E-02
  -8.10691640E-02
  -9.35437456E-02
 -0.107236750    
 -0.122204930    
 -0.138504937    
 -0.156193420    
 -0.175327018    
 -0.195962504    
 -0.218156442    
 -0.241965622    
 -0.267446607    
 -0.294656336    
 -0.323651344    
 -0.354488283    
 -0.387223959    
 -0.421914905    
 -0.458617926    
 -0.497389674    
 -0.538286388    
 -0.581364989    
 -0.626682103    
 -0.674294531    
 -0.724258661    
 -0.776631534    
  -1.46113371E-03
  -1.79344381E-03
  -2.56779674E-03
  -3.74628138E-03
  -5.34572871E-03
  -7.40250107E-03
  -9.96088982E-03
  -1.30688073E-02
  -1.67759135E-02
  -2.11327653E-02
  -2.61904560E-02
  -3.20003629E-02
  -3.86140533E-02
  -4.60831746E-02
  -5.44594340E-02
  -6.37946129E-02
  -7.41405040E-02
  -8.55489373E-02
  -9.80716422E-02
 -0.111760557    
 -0.126667395    
 -0.142844081    
 -0.160342410    
 -0.179214224    
 -0.199511245    
 -0.221285492    
 -0.244588703    
 -0.269472778    
 -0.295989752    
 -0.324191183    
 -0.354129136    
 -0.385855138    
 -0.419421226    
 -0.454879105    
 -0.492280513    
 -0.531677485    
 -0.573121548    
 -0.616664588    
 -0.662358284    
 -0.710255027    
  -1.30440807E-03
  -1.60105713E-03
  -2.29231198E-03
  -3.34432838E-03
  -4.77213180E-03
  -6.60817930E-03
  -8.89201462E-03
  -1.16664050E-02
  -1.49756763E-02
  -1.88649651E-02
  -2.33798847E-02
  -2.85663027E-02
  -3.44702229E-02
  -4.11377847E-02
  -4.86151315E-02
  -5.69484718E-02
  -6.61840737E-02
  -7.63681754E-02
  -8.75469670E-02
  -9.97668132E-02
 -0.113073915    
 -0.127514541    
 -0.143135011    
 -0.159981474    
 -0.178100362    
 -0.197537825    
 -0.218340203    
 -0.240553766    
 -0.264224887    
 -0.289399683    
 -0.316124737    
 -0.344446093    
 -0.374409944    
 -0.406062752    
 -0.439450294    
 -0.474618942    
 -0.511615217    
 -0.550485253    
 -0.591275215    
 -0.634031653    
  -1.12960942E-03
  -1.38648564E-03
  -1.98505959E-03
  -2.89602485E-03
  -4.13239142E-03
  -5.72226290E-03
  -7.69988354E-03
  -1.01022813E-02
  -1.29678464E-02
  -1.63356606E-02
  -2.02452093E-02
  -2.47362237E-02
  -2.98485570E-02
  -3.56221162E-02
  -4.20968980E-02
  -4.93128859E-02
  -5.73101453E-02
  -6.61287308E-02
  -7.58086517E-02
  -8.63900334E-02
  -9.79128778E-02
 -0.110417254    
 -0.123943292    
 -0.138530970    
 -0.154220432    
 -0.171051636    
 -0.189064816    
 -0.208299920    
 -0.228797093    
 -0.250596404    
 -0.273738086    
 -0.298262030    
 -0.324208081    
 -0.351616591    
 -0.380527586    
 -0.410980731    
 -0.443016380    
 -0.476674557    
 -0.511995375    
 -0.549018860    
  -9.39161342E-04
  -1.15270342E-03
  -1.65029906E-03
  -2.40758504E-03
  -3.43537517E-03
  -4.75703273E-03
  -6.40102150E-03
  -8.39812495E-03
  -1.07802581E-02
  -1.35799022E-02
  -1.68298967E-02
  -2.05632504E-02
  -2.48131156E-02
  -2.96126436E-02
  -3.49950865E-02
  -4.09937054E-02
  -4.76417542E-02
  -5.49725592E-02
  -6.30194247E-02
  -7.18156174E-02
  -8.13944787E-02
  -9.17892680E-02
 -0.103033349    
 -0.115159981    
 -0.128202543    
 -0.142194211    
 -0.157168448    
 -0.173158392    
 -0.190197617    
 -0.208319306    
 -0.227556735    
 -0.247943148    
 -0.269511819    
 -0.292296141    
 -0.316329479    
 -0.341645002    
 -0.368276030    
 -0.396255970    
 -0.425617874    
 -0.456395179    
  -7.35703623E-04
  -9.02951404E-04
  -1.29267119E-03
  -1.88577978E-03
  -2.69074715E-03
  -3.72586772E-03
  -5.01343654E-03
  -6.57756114E-03
  -8.44323914E-03
  -1.06359087E-02
  -1.31812878E-02
  -1.61052328E-02
  -1.94336884E-02
  -2.31926553E-02
  -2.74081621E-02
  -3.21062207E-02
  -3.73129360E-02
  -4.30543609E-02
  -4.93565947E-02
  -5.62457219E-02
  -6.37477711E-02
  -7.18888864E-02
  -8.06951374E-02
  -9.01925936E-02
 -0.100407399    
 -0.111365594    
 -0.123093337    
 -0.135616571    
 -0.148961425    
 -0.163154110    
 -0.178220674    
 -0.194187045    
 -0.211079389    
 -0.228923827    
 -0.247746497    
 -0.267573297    
 -0.288430274    
 -0.310343862    
 -0.333339840    
 -0.357444286    
  -5.22056536E-04
  -6.40691898E-04
  -9.17133701E-04
  -1.33784395E-03
  -1.90882920E-03
  -2.64306413E-03
  -3.55636352E-03
  -4.66582738E-03
  -5.98918600E-03
  -7.54448678E-03
  -9.34996735E-03
  -1.14239668E-02
  -1.37848910E-02
  -1.64511725E-02
  -1.94412824E-02
  -2.27736793E-02
  -2.64668632E-02
  -3.05393264E-02
  -3.50095779E-02
  -3.98961008E-02
  -4.52173986E-02
  -5.09919599E-02
  -5.72383329E-02
  -6.39749616E-02
  -7.12204129E-02
  -7.89931938E-02
  -8.73117596E-02
  -9.61946025E-02
 -0.105660208    
 -0.115727149    
 -0.126413912    
 -0.137738958    
 -0.149720788    
 -0.162378013    
 -0.175728962    
 -0.189792186    
 -0.204586104    
 -0.220129415    
 -0.236440614    
 -0.253538102    
  -3.01181746E-04
  -3.69560148E-04
  -5.28891978E-04
  -7.71372055E-04
  -1.10045983E-03
  -1.52363162E-03
  -2.05000187E-03
  -2.68942467E-03
  -3.45212012E-03
  -4.34848759E-03
  -5.38903568E-03
  -6.58434257E-03
  -7.94500578E-03
  -9.48164798E-03
  -1.12049198E-02
  -1.31254522E-02
  -1.52539080E-02
  -1.76009499E-02
  -2.01772451E-02
  -2.29934417E-02
  -2.60602012E-02
  -2.93881912E-02
  -3.29880789E-02
  -3.68705094E-02
  -4.10461761E-02
  -4.55257185E-02
  -5.03198169E-02
  -5.54391034E-02
  -6.08942509E-02
  -6.66959211E-02
  -7.28547946E-02
  -7.93814361E-02
  -8.62866566E-02
  -9.35810655E-02
 -0.101275273    
 -0.109379970    
 -0.117905803    
 -0.126863524    
 -0.136263758    
 -0.146117151    
  -7.61411575E-05
  -9.33149277E-05
  -1.33328678E-04
  -1.94217573E-04
  -2.76846578E-04
  -3.83089238E-04
  -5.15233318E-04
  -6.75752002E-04
  -8.67211784E-04
  -1.09222007E-03
  -1.35341450E-03
  -1.65345299E-03
  -1.99499330E-03
  -2.38069822E-03
  -2.81324191E-03
  -3.29528935E-03
  -3.82951717E-03
  -4.41860268E-03
  -5.06522693E-03
  -5.77205559E-03
  -6.54177135E-03
  -7.37704663E-03
  -8.28054734E-03
  -9.25495382E-03
  -1.03029571E-02
  -1.14272106E-02
  -1.26303826E-02
  -1.39151532E-02
  -1.52841900E-02
  -1.67401601E-02
  -1.82857551E-02
  -1.99236199E-02
  -2.16564797E-02
  -2.34869998E-02
  -2.54178364E-02
  -2.74516717E-02
  -2.95911841E-02
  -3.18390615E-02
  -3.41979861E-02
  -3.66706252E-02
   1.49945743E-04
   1.84214383E-04
   2.64073082E-04
   3.85618769E-04
   5.50593308E-04
   7.62751850E-04
   1.02666544E-03
   1.34727545E-03
   1.72970456E-03
   2.17917399E-03
   2.70095444E-03
   3.30034085E-03
   3.98265850E-03
   4.75323852E-03
   5.61741646E-03
   6.58053532E-03
   7.64794322E-03
   8.82497896E-03
   1.01169851E-02
   1.15293227E-02
   1.30673181E-02
   1.47363357E-02
   1.65417381E-02
   1.84888635E-02
   2.05830615E-02
   2.28296779E-02
   2.52340902E-02
   2.78016366E-02
   3.05376779E-02
   3.34475823E-02
   3.65366638E-02
   3.98102850E-02
   4.32738177E-02
   4.69325669E-02
   5.07918708E-02
   5.48571087E-02
   5.91336153E-02
   6.36267364E-02
   6.83418289E-02
   7.32842237E-02
   3.73944873E-04
   4.59180650E-04
   6.57804136E-04
   9.60098871E-04
   1.37038925E-03
   1.89800689E-03
   2.55431840E-03
   3.35161248E-03
   4.30262787E-03
   5.42034395E-03
   6.71786489E-03
   8.20836704E-03
   9.90508031E-03
   1.18212653E-02
   1.39701804E-02
   1.63651127E-02
   1.90193597E-02
   2.19462011E-02
   2.51589213E-02
   2.86708456E-02
   3.24952230E-02
   3.66453938E-02
   4.11346667E-02
   4.59763445E-02
   5.11836968E-02
   5.67700341E-02
   6.27486706E-02
   6.91329464E-02
   7.59361014E-02
   8.31715316E-02
   9.08524469E-02
   9.89922360E-02
  0.107604146    
  0.116701461    
  0.126297399    
  0.136405334    
  0.147038564    
  0.158210397    
  0.169934124    
  0.182223037    
   5.92751312E-04
   7.27772305E-04
   1.04240631E-03
   1.52125908E-03
   2.17117625E-03
   3.00693815E-03
   4.04654955E-03
   5.30947326E-03
   6.81589125E-03
   8.58635828E-03
   1.06416326E-02
   1.30025819E-02
   1.56901684E-02
   1.87253878E-02
   2.21292507E-02
   2.59227958E-02
   3.01270876E-02
   3.47631611E-02
   3.98520567E-02
   4.54148687E-02
   5.14726080E-02
   5.80463968E-02
   6.51573092E-02
   7.28264078E-02
   8.10747370E-02
   8.99233371E-02
   9.93933380E-02
  0.109505840    
  0.120281845    
  0.131742388    
  0.143908605    
  0.156801686    
  0.170442656    
  0.184852436    
  0.200051993    
  0.216062501    
  0.232905075    
  0.250600755    
  0.269170612    
  0.288635671    
   8.03331728E-04
   9.86266183E-04
   1.41254871E-03
   2.06132024E-03
   2.94185383E-03
   4.07417212E-03
   5.48267085E-03
   7.19371624E-03
   9.23465379E-03
   1.16333291E-02
   1.44178635E-02
   1.76165234E-02
   2.12577265E-02
   2.53699031E-02
   2.99815256E-02
   3.51210944E-02
   4.08171304E-02
   4.70981710E-02
   5.39926961E-02
   6.15292415E-02
   6.97363615E-02
   7.86426291E-02
   8.82766023E-02
   9.86667871E-02
  0.109841757    
  0.121830009    
  0.134660050    
  0.148360521    
  0.162959993    
  0.178486824    
  0.194969803    
  0.212437421    
  0.230918214    
  0.250440687    
  0.271033317    
  0.292724460    
  0.315542847    
  0.339517027    
  0.364675492    
  0.391047001    
   1.00276701E-03
   1.23107911E-03
   1.76309969E-03
   2.57279561E-03
   3.67173739E-03
   5.08491462E-03
   6.84277434E-03
   8.97822250E-03
   1.15253823E-02
   1.45190107E-02
   1.79941952E-02
   2.19862331E-02
   2.65305731E-02
   3.16626951E-02
   3.74181420E-02
   4.38324809E-02
   5.09413071E-02
   5.87802157E-02
   6.73847795E-02
   7.67906234E-02
   8.70333463E-02
   9.81485993E-02
  0.110172093    
  0.123139329    
  0.137086004    
  0.152047649    
  0.168059960    
  0.185158521    
  0.203378931    
  0.222756907    
  0.243328154    
  0.265128136    
  0.288192570    
  0.312557131    
  0.338257223    
  0.365328193    
  0.393806159    
  0.423726648    
  0.455124974    
  0.488037139    
   1.18829298E-03
   1.45881716E-03
   2.08919984E-03
   3.04859481E-03
   4.35071019E-03
   6.02515414E-03
   8.10800586E-03
   1.06382500E-02
   1.36563201E-02
   1.72033925E-02
   2.13210601E-02
   2.60511320E-02
   3.14356126E-02
   3.75165455E-02
   4.43360135E-02
   5.19361831E-02
   6.03592321E-02
   6.96473420E-02
   7.98426718E-02
   9.09874290E-02
  0.103123762    
  0.116293959    
  0.130540222    
  0.145904779    
  0.162429735    
  0.180157363    
  0.199129894    
  0.219389483    
  0.240978330    
  0.263938844    
  0.288313061    
  0.314143240    
  0.341471553    
  0.370340168    
  0.400791466    
  0.432867438    
  0.466610163    
  0.502062023    
  0.539265037    
  0.578261614    
   1.35733804E-03
   1.66632317E-03
   2.38632853E-03
   3.48212174E-03
   4.96935891E-03
   6.88185822E-03
   9.26082302E-03
   1.21507850E-02
   1.55979283E-02
   1.96492746E-02
   2.43523307E-02
   2.97548771E-02
   3.59048434E-02
   4.28502746E-02
   5.06392382E-02
   5.93198948E-02
   6.89403936E-02
   7.95489103E-02
   9.11936909E-02
  0.103922829    
  0.117784522    
  0.132827029    
  0.149098679    
  0.166647449    
  0.185521647    
  0.205769464    
  0.227439225    
  0.250578851    
  0.275236845    
  0.301461577    
  0.329300940    
  0.358803213    
  0.390016377    
  0.422989041    
  0.457769424    
  0.494405299    
  0.532945096    
  0.573437154    
  0.615929067    
  0.660469532    
   1.50755909E-03
   1.85072166E-03
   2.65036849E-03
   3.86736798E-03
   5.51910792E-03
   7.64315110E-03
   1.02852508E-02
   1.34948669E-02
   1.73232909E-02
   2.18227506E-02
   2.70460006E-02
   3.30461115E-02
   3.98762859E-02
   4.75899503E-02
   5.62404394E-02
   6.58812225E-02
   7.65658095E-02
   8.83476883E-02
  0.101280384    
  0.115417436    
  0.130812377    
  0.147518724    
  0.165590063    
  0.185079843    
  0.206041574    
  0.228528976    
  0.252595425    
  0.278294563    
  0.305679828    
  0.334804922    
  0.365723312    
  0.398488641    
  0.433154434    
  0.469774127    
  0.508401334    
  0.549089372    
  0.591891706    
  0.636862457    
  0.684054434    
  0.733521402    
   1.63687381E-03
   2.00945651E-03
   2.87765847E-03
   4.19899216E-03
   5.99233713E-03
   8.29847436E-03
   1.11670829E-02
   1.46518601E-02
   1.88084934E-02
   2.36936882E-02
   2.93647293E-02
   3.58792171E-02
   4.32949327E-02
   5.16698584E-02
   6.10619336E-02
   7.15291947E-02
   8.31297711E-02
   9.59216654E-02
  0.109963037    
  0.125312045    
  0.142026737    
  0.160165310    
  0.179785833    
  0.200946420    
  0.223705173    
  0.248120278    
  0.274249792    
  0.302151948    
  0.331884950    
  0.363506824    
  0.397075802    
  0.432649970    
  0.470287502    
  0.510046363    
  0.551985085    
  0.596161067    
  0.642633080    
  0.691459060    
  0.742696643    
  0.796404362    
   1.74348941E-03
   2.14032712E-03
   3.06504802E-03
   4.47239820E-03
   6.38248771E-03
   8.83874763E-03
   1.18940929E-02
   1.56057151E-02
   2.00329348E-02
   2.52361409E-02
   3.12763564E-02
   3.82149108E-02
   4.61133569E-02
   5.50334528E-02
   6.50369078E-02
   7.61855468E-02
   8.85412991E-02
  0.102165863    
  0.117121257    
  0.133469418    
  0.151272193    
  0.170591459    
  0.191489220    
  0.214027196    
  0.238267452    
  0.264271647    
  0.292102128    
  0.321820766    
  0.353489071    
  0.387169451    
  0.422923595    
  0.460813195    
  0.500900507    
  0.543247700    
  0.587916434    
  0.634968400    
  0.684465468    
  0.736469507    
  0.791042805    
  0.848246694    
   1.82592822E-03
   2.24151881E-03
   3.20994016E-03
   4.68379678E-03
   6.68414822E-03
   9.25648026E-03
   1.24562038E-02
   1.63432248E-02
   2.09796503E-02
   2.64287293E-02
   3.27543765E-02
   4.00208086E-02
   4.82924953E-02
   5.76340780E-02
   6.81102425E-02
   7.97857121E-02
   9.27253067E-02
  0.106993705    
  0.122655794    
  0.139776438    
  0.158420458    
  0.178652659    
  0.200537920    
  0.224140942    
  0.249526560    
  0.276759654    
  0.305905223    
  0.337028146    
  0.370193034    
  0.405464739    
  0.442908376    
  0.482588321    
  0.524570048    
  0.568917990    
  0.615697443    
  0.664972723    
  0.716808856    
  0.771270752    
  0.828422904    
  0.888329804    
   1.88304775E-03
   2.31162971E-03
   3.31032672E-03
   4.83025657E-03
   6.89313887E-03
   9.54588130E-03
   1.28456261E-02
   1.68541539E-02
   2.16355138E-02
   2.72549260E-02
   3.37783098E-02
   4.12718803E-02
   4.98021469E-02
   5.94357289E-02
   7.02393502E-02
   8.22797716E-02
   9.56238210E-02
  0.110338286    
  0.126489967    
  0.144145757    
  0.163372576    
  0.184237212    
  0.206806511    
  0.231147364    
  0.257326454    
  0.285410851    
  0.315467507    
  0.347563297    
  0.381764829    
  0.418138891    
  0.456752658    
  0.497673064    
  0.540966928    
  0.586701334    
  0.634943128    
  0.685758770    
  0.739215434    
  0.795379877    
  0.854318440    
  0.916097879    
   1.91405579E-03
   2.34968867E-03
   3.36481491E-03
   4.90974775E-03
   7.00656185E-03
   9.70294513E-03
   1.30569637E-02
   1.71314292E-02
   2.19914392E-02
   2.77032852E-02
   3.43339629E-02
   4.19507697E-02
   5.06213531E-02
   6.04133978E-02
   7.13947043E-02
   8.36331770E-02
   9.71967056E-02
  0.112153180    
  0.128570601    
  0.146516815    
  0.166059852    
  0.187267661    
  0.210208192    
  0.234949321    
  0.261558950    
  0.290105283    
  0.320656270    
  0.353279918    
  0.388043910    
  0.425016493    
  0.464265436    
  0.505858898    
  0.549864888    
  0.596351445    
  0.645386815    
  0.697038233    
  0.751374304    
  0.808462441    
  0.868370533    
  0.931165874    
   1.91852346E-03
   2.35516764E-03
   3.37264920E-03
   4.92116669E-03
   7.02284649E-03
   9.72548407E-03
   1.30872829E-02
   1.71711966E-02
   2.20424775E-02
   2.77675781E-02
   3.44136320E-02
   4.20481004E-02
   5.07387742E-02
   6.05535097E-02
   7.15603083E-02
   8.38271752E-02
   9.74221453E-02
  0.112413332    
  0.128868803    
  0.146856681    
  0.166445032    
  0.187701985    
  0.210695654    
  0.235494122    
  0.262165487    
  0.290778041    
  0.321399778    
  0.354099035    
  0.388943732    
  0.426002204    
  0.465342224    
  0.507032037    
  0.551140010    
  0.597734392    
  0.646883488    
  0.698654830    
  0.753116965    
  0.810337126    
  0.870383978    
  0.933325112    
   1.89638906E-03
   2.32799188E-03
   3.33372224E-03
   4.86435788E-03
   6.94176648E-03
   9.61319171E-03
   1.29361656E-02
   1.69729106E-02
   2.17879340E-02
   2.74469070E-02
   3.40161957E-02
   4.15624864E-02
   5.01528084E-02
   5.98541871E-02
   7.07338527E-02
   8.28590468E-02
   9.62970257E-02
  0.111115076    
  0.127380461    
  0.145160556    
  0.164522678    
  0.185534120    
  0.208262265    
  0.232774362    
  0.259137690    
  0.287419647    
  0.317687780    
  0.350009233    
  0.384451538    
  0.421082020    
  0.459967762    
  0.501176238    
  0.544774711    
  0.590831041    
  0.639412403    
  0.690585554    
  0.744418442    
  0.800977945    
  0.860331059    
  0.922545493    
   1.84796040E-03
   2.26853834E-03
   3.24857468E-03
   4.74010827E-03
   6.76444545E-03
   9.36762244E-03
   1.26057062E-02
   1.65393166E-02
   2.12313328E-02
   2.67457291E-02
   3.31471786E-02
   4.05006669E-02
   4.88715507E-02
   5.83250746E-02
   6.89267963E-02
   8.07422251E-02
   9.38368887E-02
  0.108276367    
  0.124126218    
  0.141452119    
  0.160319507    
  0.180794135    
  0.202941641    
  0.226827413    
  0.252517313    
  0.280076772    
  0.309571564    
  0.341067433    
  0.374629825    
  0.410324603    
  0.448217034    
  0.488372833    
  0.530857265    
  0.575736940    
  0.623076975    
  0.672942758    
  0.725400269    
  0.780514479    
  0.838351369    
  0.898976564    
   1.77390908E-03
   2.17763078E-03
   3.11838672E-03
   4.55013849E-03
   6.49334211E-03
   8.99218395E-03
   1.21004852E-02
   1.58764329E-02
   2.03803889E-02
   2.56737713E-02
   3.18186246E-02
   3.88773829E-02
   4.69127521E-02
   5.59873469E-02
   6.61641881E-02
   7.75060654E-02
   9.00758803E-02
  0.103936613    
  0.119151190    
  0.135782599    
  0.153893828    
  0.173547834    
  0.194807574    
  0.217735946    
  0.242396280    
  0.268851191    
  0.297163963    
  0.327397346    
  0.359614491    
  0.393878520    
  0.430252314    
  0.468798608    
  0.509580493    
  0.552661359    
  0.598103762    
  0.645970821    
  0.696325660    
  0.749230862    
  0.804749787    
  0.862945080    
   1.67526188E-03
   2.05653021E-03
   2.94496585E-03
   4.29708697E-03
   6.13221666E-03
   8.49208049E-03
   1.14275068E-02
   1.49934506E-02
   1.92469042E-02
   2.42458750E-02
   3.00489701E-02
   3.67151424E-02
   4.43035737E-02
   5.28734736E-02
   6.24843203E-02
   7.31953979E-02
   8.50661322E-02
   9.81559455E-02
  0.112524338    
  0.128230736    
  0.145334691    
  0.163895547    
  0.183972895    
  0.205626115    
  0.228914946    
  0.253898501    
  0.280636609    
  0.309188485    
  0.339613855    
  0.371972144    
  0.406322807    
  0.442725360    
  0.481239080    
  0.521923840    
  0.564838886    
  0.610043764    
  0.657597959    
  0.707560599    
  0.759991825    
  0.814950466    
   1.55338715E-03
   1.90691615E-03
   2.73071462E-03
   3.98446200E-03
   5.68607589E-03
   7.87424482E-03
   1.05961030E-02
   1.39026055E-02
   1.78465918E-02
   2.24818625E-02
   2.78627425E-02
   3.40439193E-02
   4.10802402E-02
   4.90266532E-02
   5.79382405E-02
   6.78700209E-02
   7.88770765E-02
   9.10145566E-02
  0.104337566    
  0.118901245    
  0.134760767    
  0.151971281    
  0.170587808    
  0.190665677    
  0.212259978    
  0.235425949    
  0.260218590    
  0.286693305    
  0.314905137    
  0.344909310    
  0.376760721    
  0.410514772    
  0.446226478    
  0.483951151    
  0.523743808    
  0.565659702    
  0.609754086    
  0.656081557    
  0.704698086    
  0.755658209    
   1.40997453E-03
   1.73086370E-03
   2.47860351E-03
   3.61659657E-03
   5.16110705E-03
   7.14724511E-03
   9.61780082E-03
   1.26190260E-02
   1.61988698E-02
   2.04061773E-02
   2.52902508E-02
   3.09007298E-02
   3.72874178E-02
   4.45001572E-02
   5.25889508E-02
   6.16037808E-02
   7.15945810E-02
   8.26114267E-02
   9.47043449E-02
  0.107923426    
  0.122318700    
  0.137940198    
  0.154837951    
  0.173062101    
  0.192662627    
  0.213689700    
  0.236193433    
  0.260223687    
  0.285830915    
  0.313064873    
  0.341975570    
  0.372613072    
  0.405027658    
  0.439269394    
  0.475388169    
  0.513434112    
  0.553457081    
  0.595507264    
  0.639635205    
  0.685890138    
   1.24701299E-03
   1.53081294E-03
   2.19212822E-03
   3.19859013E-03
   4.56458377E-03
   6.32115966E-03
   8.50616302E-03
   1.11604985E-02
   1.43265743E-02
   1.80475917E-02
   2.23671626E-02
   2.73291785E-02
   3.29776667E-02
   3.93567272E-02
   4.65106182E-02
   5.44834733E-02
   6.33195415E-02
   7.30630532E-02
   8.37582275E-02
   9.54494327E-02
  0.108180881    
  0.121996827    
  0.136941507    
  0.153059348    
  0.170394421    
  0.188991100    
  0.208893746    
  0.230146617    
  0.252794027    
  0.276880234    
  0.302449435    
  0.329545796    
  0.358213931    
  0.388497978    
  0.420442015    
  0.454090476    
  0.489487529    
  0.526677489    
  0.565704942    
  0.606613696    
   1.06676144E-03
   1.30953814E-03
   1.87526026E-03
   2.73623923E-03
   3.90477898E-03
   5.40744094E-03
   7.27660023E-03
   9.54724848E-03
   1.22556649E-02
   1.54388146E-02
   1.91339944E-02
   2.33787596E-02
   2.82107349E-02
   3.36677022E-02
   3.97874936E-02
   4.66078706E-02
   5.41666746E-02
   6.25017658E-02
   7.16509521E-02
   8.16522017E-02
   9.25433263E-02
  0.104362167    
  0.117146626    
  0.130934611    
  0.145763963    
  0.161672518    
  0.178698227    
  0.196878985    
  0.216252699    
  0.236857206    
  0.258730412    
  0.281909913    
  0.306434095    
  0.332340509    
  0.359667122    
  0.388451815    
  0.418732196    
  0.450546414    
  0.483932346    
  0.518927574    
   8.71718861E-04
   1.07010698E-03
   1.53239293E-03
   2.23595160E-03
   3.19083803E-03
   4.41875495E-03
   5.94615890E-03
   7.80164311E-03
   1.00148581E-02
   1.26160039E-02
   1.56355612E-02
   1.91042181E-02
   2.30527315E-02
   2.75119580E-02
   3.25127952E-02
   3.80861312E-02
   4.42628860E-02
   5.10740057E-02
   5.85503764E-02
   6.67230189E-02
   7.56228194E-02
   8.52807313E-02
   9.57277119E-02
  0.106994748    
  0.119112700    
  0.132112563    
  0.146025360    
  0.160881981    
  0.176713392    
  0.193550542    
  0.211424485    
  0.230365902    
  0.250406057    
  0.271575868    
  0.293906182    
  0.317427874    
  0.342171758    
  0.368169099    
  0.395450801    
  0.424047709    
   6.64589694E-04
   8.15838692E-04
   1.16828014E-03
   1.70466502E-03
   2.43265857E-03
   3.36880959E-03
   4.53328341E-03
   5.94788278E-03
   7.63521250E-03
   9.61829815E-03
   1.19203730E-02
   1.45648383E-02
   1.75751373E-02
   2.09747944E-02
   2.47873757E-02
   2.90364195E-02
   3.37455012E-02
   3.89382131E-02
   4.46381159E-02
   5.08688428E-02
   5.76539487E-02
   6.50170371E-02
   7.29817152E-02
   8.15715641E-02
   9.08101946E-02
  0.100721166    
  0.111328103    
  0.122654557    
  0.134724200    
  0.147560641    
  0.161187559    
  0.175628290    
  0.190906718    
  0.207046300    
  0.224070624    
  0.242003307    
  0.260867834    
  0.280687779    
  0.301487088    
  0.323289037    
   4.48246195E-04
   5.50259021E-04
   7.87969911E-04
   1.14974519E-03
   1.64075475E-03
   2.27216003E-03
   3.05756205E-03
   4.01166594E-03
   5.14971791E-03
   6.48724660E-03
   8.03992897E-03
   9.82353650E-03
   1.18538970E-02
   1.41468616E-02
   1.67183299E-02
   1.95841771E-02
   2.27603056E-02
   2.62626242E-02
   3.01070474E-02
   3.43094803E-02
   3.88858207E-02
   4.38519903E-02
   4.92239445E-02
   5.50175272E-02
   6.12487197E-02
   6.79333583E-02
   7.50874132E-02
   8.27267617E-02
   9.08673406E-02
   9.95251313E-02
  0.108716063    
  0.118455924    
  0.128760785    
  0.139646485    
  0.151128814    
  0.163223848    
  0.175947413    
  0.189315423    
  0.203343898    
  0.218048602    
   2.25687661E-04
   2.77050072E-04
   3.96735122E-04
   5.78885491E-04
   8.26103555E-04
   1.14401022E-03
   1.53945212E-03
   2.01983401E-03
   2.59283185E-03
   3.26626352E-03
   4.04802291E-03
   4.94605210E-03
   5.96831832E-03
   7.12280581E-03
   8.41751136E-03
   9.86043457E-03
   1.14595816E-02
   1.32229663E-02
   1.51585927E-02
   1.72744803E-02
   1.95786189E-02
   2.20790450E-02
   2.47837659E-02
   2.77007762E-02
   3.08381077E-02
   3.42037603E-02
   3.78057584E-02
   4.16520946E-02
   4.57507856E-02
   5.01098856E-02
   5.47374263E-02
   5.96413799E-02
   6.48297891E-02
   7.03106150E-02
   7.60918558E-02
   8.21815804E-02
   8.85877609E-02
   9.53184068E-02
  0.102381602    
  0.109785281    
