  -1.93664827E-03
  -2.28467933E-03
  -3.10559710E-03
  -4.34871064E-03
  -6.02041511E-03
  -8.14913027E-03
  -1.07728196E-02
  -1.39339808E-02
  -1.76774226E-02
  -2.20491849E-02
  -2.70960107E-02
  -3.28650810E-02
  -3.94038185E-02
  -4.67598066E-02
  -5.49807362E-02
  -6.41143620E-02
  -7.42085129E-02
  -8.53109807E-02
  -9.74696279E-02
 -0.110732362    
 -0.125147060    
 -0.140761614    
 -0.157623947    
 -0.175781950    
 -0.195283502    
 -0.216176480    
 -0.238508776    
 -0.262328327    
 -0.287682950    
 -0.314620733    
 -0.343189448    
 -0.373436987    
 -0.405411303    
 -0.439160198    
 -0.474731535    
 -0.512173295    
 -0.551533520    
 -0.592859864    
 -0.636200190    
 -0.681602418    
 -0.729114652    
 -0.778784633    
 -0.830660224    
 -0.884789348    
 -0.941220045    
  -1.92604656E-03
  -2.27217120E-03
  -3.08859232E-03
  -4.32489626E-03
  -5.98744303E-03
  -8.10449850E-03
  -1.07138148E-02
  -1.38576590E-02
  -1.75805949E-02
  -2.19284073E-02
  -2.69475859E-02
  -3.26850526E-02
  -3.91879678E-02
  -4.65036593E-02
  -5.46795614E-02
  -6.37631491E-02
  -7.38020018E-02
  -8.48436579E-02
  -9.69356894E-02
 -0.110125765    
 -0.124461509    
 -0.139990509    
 -0.156760469    
 -0.174818978    
 -0.194213703    
 -0.214992225    
 -0.237202212    
 -0.260891259    
 -0.286106944    
 -0.312897205    
 -0.341309458    
 -0.371391296    
 -0.403190374    
 -0.436754405    
 -0.472130924    
 -0.509367526    
 -0.548512101    
 -0.589612126    
 -0.632715046    
 -0.677868426    
 -0.725120366    
 -0.774518371    
 -0.826109648    
 -0.879942358    
 -0.936063826    
  -1.89435773E-03
  -2.23478395E-03
  -3.03776423E-03
  -4.25371388E-03
  -5.88888908E-03
  -7.97108933E-03
  -1.05374474E-02
  -1.36295296E-02
  -1.72911696E-02
  -2.15673968E-02
  -2.65039392E-02
  -3.21469344E-02
  -3.85427959E-02
  -4.57380414E-02
  -5.37793227E-02
  -6.27133548E-02
  -7.25869387E-02
  -8.34467858E-02
  -9.53397378E-02
 -0.108312644    
 -0.122412339    
 -0.137685671    
 -0.154179528    
 -0.171940669    
 -0.191016033    
 -0.211452454    
 -0.233296782    
 -0.256595820    
 -0.281396329    
 -0.307745576    
 -0.335690081    
 -0.365276605    
 -0.396552026    
 -0.429563373    
 -0.464357316    
 -0.500980735    
 -0.539480865    
 -0.579904199    
 -0.622297347    
 -0.666707218    
 -0.713181317    
 -0.761765718    
 -0.812507808    
 -0.865454018    
 -0.920651913    
  -1.84192916E-03
  -2.17292714E-03
  -2.95366975E-03
  -4.13594441E-03
  -5.72583266E-03
  -7.75036635E-03
  -1.02456491E-02
  -1.32520935E-02
  -1.68123208E-02
  -2.09701099E-02
  -2.57699303E-02
  -3.12566422E-02
  -3.74753550E-02
  -4.44713198E-02
  -5.22898883E-02
  -6.09765053E-02
  -7.05766231E-02
  -8.11356753E-02
  -9.26992521E-02
 -0.105312862    
 -0.119022042    
 -0.133872315    
 -0.149909362    
 -0.167178631    
 -0.185725659    
 -0.205596030    
 -0.226835325    
 -0.249489024    
 -0.273602754    
 -0.299222171    
 -0.326392651    
 -0.355159849    
 -0.385569006    
 -0.417666048    
 -0.451496214    
 -0.487105459    
 -0.524539053    
 -0.563842893    
 -0.605061948    
 -0.648241997    
 -0.693428814    
 -0.740667403    
 -0.790003777    
 -0.841483951    
 -0.895152926    
  -1.76933489E-03
  -2.08727899E-03
  -2.83722905E-03
  -3.97287728E-03
  -5.50006097E-03
  -7.44474679E-03
  -9.84161627E-03
  -1.27294874E-02
  -1.61492955E-02
  -2.01430954E-02
  -2.47536004E-02
  -3.00239157E-02
  -3.59973498E-02
  -4.27173898E-02
  -5.02276085E-02
  -5.85716069E-02
  -6.77930862E-02
  -7.79356882E-02
  -8.90431777E-02
 -0.101159275    
 -0.114327766    
 -0.128592342    
 -0.143996820    
 -0.160584867    
 -0.178400397    
 -0.197487101    
 -0.217888668    
 -0.239648953    
 -0.262811512    
 -0.287420362    
 -0.313519210    
 -0.341151714    
 -0.370361507    
 -0.401192665    
 -0.433688581    
 -0.467893213    
 -0.503850520    
 -0.541604102    
 -0.581197560    
 -0.622674942    
 -0.666079342    
 -0.711454511    
 -0.758845091    
 -0.808294535    
 -0.859846950    
  -1.67737051E-03
  -1.97877712E-03
  -2.68971990E-03
  -3.76629876E-03
  -5.21404715E-03
  -7.05758063E-03
  -9.32977721E-03
  -1.20674334E-02
  -1.53093534E-02
  -1.90954152E-02
  -2.34661009E-02
  -2.84622703E-02
  -3.41249928E-02
  -4.04954851E-02
  -4.76150513E-02
  -5.55250309E-02
  -6.42668530E-02
  -7.38818720E-02
  -8.44115987E-02
  -9.58974361E-02
 -0.108380914    
 -0.121903479    
 -0.136506647    
 -0.152231812    
 -0.169120654    
 -0.187214494    
 -0.206554830    
 -0.227183104    
 -0.249140918    
 -0.272469699    
 -0.297210872    
 -0.323405921    
 -0.351096481    
 -0.380323738    
 -0.411129087    
 -0.443554670    
 -0.477641612    
 -0.513431370    
 -0.550965190    
 -0.590284646    
 -0.631431222    
 -0.674446106    
 -0.719371676    
 -0.766249299    
 -0.815120041    
  -1.56704348E-03
  -1.84861070E-03
  -2.51275743E-03
  -3.51847243E-03
  -4.87092417E-03
  -6.59310631E-03
  -8.71573389E-03
  -1.12731839E-02
  -1.43017052E-02
  -1.78385433E-02
  -2.19215266E-02
  -2.65888143E-02
  -3.18787917E-02
  -3.78299393E-02
  -4.44808565E-02
  -5.18701524E-02
  -6.00365065E-02
  -6.90186173E-02
  -7.88551867E-02
  -8.95849615E-02
 -0.101246685    
 -0.113879107    
 -0.127520949    
 -0.142210960    
 -0.157988042    
 -0.174890831    
 -0.192958027    
 -0.212228388    
 -0.232740745    
 -0.254533827    
 -0.277646124    
 -0.302116871    
 -0.327984452    
 -0.355287701    
 -0.384065300    
 -0.414356291    
 -0.446199417    
 -0.479633212    
 -0.514696240    
 -0.551427186    
 -0.589864910    
 -0.630048513    
 -0.672016919    
 -0.715808690    
 -0.761462569    
  -1.43956230E-03
  -1.69820560E-03
  -2.30828021E-03
  -3.23211309E-03
  -4.47445083E-03
  -6.05641585E-03
  -8.00622161E-03
  -1.03554474E-02
  -1.31373880E-02
  -1.63862575E-02
  -2.01367978E-02
  -2.44240835E-02
  -2.92833522E-02
  -3.47499587E-02
  -4.08593528E-02
  -4.76469994E-02
  -5.51484302E-02
  -6.33992031E-02
  -7.24348649E-02
  -8.22909772E-02
  -9.30032060E-02
 -0.104607061    
 -0.117138132    
 -0.130632073    
 -0.145124540    
 -0.160651028    
 -0.177247167    
 -0.194948524    
 -0.213790640    
 -0.233809233    
 -0.255039632    
 -0.277517796    
 -0.301279128    
 -0.326359212    
 -0.352793694    
 -0.380618125    
 -0.409868300    
 -0.440579653    
 -0.472787708    
 -0.506528020    
 -0.541836381    
 -0.578748226    
 -0.617299438    
 -0.657525599    
 -0.699462295    
  -1.29632349E-03
  -1.52920990E-03
  -2.07852898E-03
  -2.91035883E-03
  -4.02897270E-03
  -5.45338914E-03
  -7.20901182E-03
  -9.32427496E-03
  -1.18291546E-02
  -1.47544602E-02
  -1.81314796E-02
  -2.19917819E-02
  -2.63671037E-02
  -3.12892757E-02
  -3.67902070E-02
  -4.29018289E-02
  -4.96561676E-02
  -5.70851974E-02
  -6.52209669E-02
  -7.40954801E-02
  -8.37408006E-02
  -9.41889659E-02
 -0.105471984    
 -0.117621973    
 -0.130671009    
 -0.144651130    
 -0.159594372    
 -0.175532699    
 -0.192498192    
 -0.210522979    
 -0.229638964    
 -0.249878392    
 -0.271273226    
 -0.293855369    
 -0.317657024    
 -0.342710048    
 -0.369046897    
 -0.396699339    
 -0.425699592    
 -0.456079662    
 -0.487871587    
 -0.521107137    
 -0.555818737    
 -0.592038512    
 -0.629798591    
  -1.13889691E-03
  -1.34347461E-03
  -1.82602019E-03
  -2.55673472E-03
  -3.53936921E-03
  -4.79063205E-03
  -6.33283798E-03
  -8.19096528E-03
  -1.03913434E-02
  -1.29610393E-02
  -1.59275327E-02
  -1.93185546E-02
  -2.31619924E-02
  -2.74858046E-02
  -3.23180109E-02
  -3.76866646E-02
  -4.36198972E-02
  -5.01457788E-02
  -5.72925322E-02
  -6.50881976E-02
  -7.35609457E-02
  -8.27388912E-02
  -9.26502794E-02
 -0.103323229    
 -0.114785910    
 -0.127066508    
 -0.140193090    
 -0.154193774    
 -0.169096768    
 -0.184930250    
 -0.201722383    
 -0.219501317    
 -0.238295123    
 -0.258131981    
 -0.279040098    
 -0.301047534    
 -0.324182630    
 -0.348473459    
 -0.373948276    
 -0.400634974    
 -0.428561747    
 -0.457756877    
 -0.488248676    
 -0.520065248    
 -0.553234696    
  -9.69006738E-04
  -1.14303490E-03
  -1.55352068E-03
  -2.17511482E-03
  -3.01100523E-03
  -4.07540658E-03
  -5.38730249E-03
  -6.96793525E-03
  -8.83970596E-03
  -1.10256337E-02
  -1.35491034E-02
  -1.64336935E-02
  -1.97031405E-02
  -2.33812109E-02
  -2.74917558E-02
  -3.20586264E-02
  -3.71057466E-02
  -4.26570214E-02
  -4.87364121E-02
  -5.53678013E-02
  -6.25751689E-02
  -7.03824237E-02
  -7.88135305E-02
  -8.78925323E-02
  -9.76432785E-02
 -0.108089715    
 -0.119255841    
 -0.131165564    
 -0.143842757    
 -0.157311499    
 -0.171595708    
 -0.186719343    
 -0.202706292    
 -0.219580472    
 -0.237365916    
 -0.256086648    
 -0.275766551    
 -0.296429634    
 -0.318099648    
 -0.340800583    
 -0.364556581    
 -0.389391631    
 -0.415329218    
 -0.442393839    
 -0.470609546    
  -7.88514328E-04
  -9.30086477E-04
  -1.26401603E-03
  -1.76967937E-03
  -2.44967011E-03
  -3.31554818E-03
  -4.38275933E-03
  -5.66858100E-03
  -7.19123799E-03
  -8.96945409E-03
  -1.10222474E-02
  -1.33688133E-02
  -1.60284471E-02
  -1.90204792E-02
  -2.23643165E-02
  -2.60793697E-02
  -3.01850885E-02
  -3.47009264E-02
  -3.96463685E-02
  -4.50408384E-02
  -5.09038530E-02
  -5.72548583E-02
  -6.41133711E-02
  -7.14989156E-02
  -7.94308782E-02
  -8.79287645E-02
  -9.70120952E-02
 -0.106700286    
 -0.117012888    
 -0.127969339    
 -0.139589146    
 -0.151891813    
 -0.164896771    
 -0.178623527    
 -0.193091482    
 -0.208320275    
 -0.224329218    
 -0.241138071    
 -0.258765906    
 -0.277232498    
 -0.296557218    
 -0.316759735    
 -0.337859333    
 -0.359875709    
 -0.382828295    
  -5.99396997E-04
  -7.06962368E-04
  -9.60677746E-04
  -1.34487136E-03
  -1.86151196E-03
  -2.51938286E-03
  -3.33021698E-03
  -4.30714199E-03
  -5.46400435E-03
  -6.81502698E-03
  -8.37465748E-03
  -1.01574855E-02
  -1.21781612E-02
  -1.44513734E-02
  -1.69918798E-02
  -1.98144130E-02
  -2.29337458E-02
  -2.63646711E-02
  -3.01219784E-02
  -3.42204459E-02
  -3.86748724E-02
  -4.35000397E-02
  -4.87108082E-02
  -5.43219596E-02
  -6.03482686E-02
  -6.68045282E-02
  -7.37055689E-02
  -8.10661390E-02
  -8.89010951E-02
  -9.72252190E-02
 -0.106053323    
 -0.115400225    
 -0.125280693    
 -0.135709554    
 -0.146701500    
 -0.158271432    
 -0.170434177    
 -0.183204502    
 -0.196597099    
 -0.210626900    
 -0.225308746    
 -0.240657449    
 -0.256687820    
 -0.273414612    
 -0.290852785    
  -4.03726357E-04
  -4.76106681E-04
  -6.46828732E-04
  -9.05344321E-04
  -1.25297636E-03
  -1.69563259E-03
  -2.24120682E-03
  -2.89853336E-03
  -3.67692416E-03
  -4.58595343E-03
  -5.63533837E-03
  -6.83489302E-03
  -8.19447357E-03
  -9.72397346E-03
  -1.14333043E-02
  -1.33323958E-02
  -1.54311806E-02
  -1.77396033E-02
  -2.02676132E-02
  -2.30251588E-02
  -2.60221977E-02
  -2.92686969E-02
  -3.27746160E-02
  -3.65499072E-02
  -4.06045206E-02
  -4.49483991E-02
  -4.95915487E-02
  -5.45438603E-02
  -5.98153546E-02
  -6.54159635E-02
  -7.13556558E-02
  -7.76443854E-02
  -8.42921212E-02
  -9.13087875E-02
  -9.87042412E-02
 -0.106488623    
 -0.114671834    
 -0.123263784    
 -0.132274449    
 -0.141713858    
 -0.151591927    
 -0.161918670    
 -0.172704071    
 -0.183958083    
 -0.195690662    
  -2.03646108E-04
  -2.40048539E-04
  -3.25907458E-04
  -4.55913338E-04
  -6.30728842E-04
  -8.53322388E-04
  -1.12766086E-03
  -1.45818712E-03
  -1.84958056E-03
  -2.30665482E-03
  -2.83429702E-03
  -3.43743828E-03
  -4.12103534E-03
  -4.89006098E-03
  -5.74949849E-03
  -6.70433883E-03
  -7.75957014E-03
  -8.92020110E-03
  -1.01912282E-02
  -1.15776490E-02
  -1.30844796E-02
  -1.47167174E-02
  -1.64793786E-02
  -1.83774605E-02
  -2.04159729E-02
  -2.25999076E-02
  -2.49342900E-02
  -2.74241026E-02
  -3.00743654E-02
  -3.28900889E-02
  -3.58762704E-02
  -3.90379094E-02
  -4.23800200E-02
  -4.59076129E-02
  -4.96256538E-02
  -5.35391830E-02
  -5.76531738E-02
  -6.19726814E-02
  -6.65027127E-02
  -7.12482855E-02
  -7.62143806E-02
  -8.14060122E-02
  -8.68282169E-02
  -9.24860090E-02
  -9.83844176E-02
  -1.34821437E-06
  -1.37412599E-06
  -1.42973954E-06
  -1.50241772E-06
  -1.58688317E-06
  -1.67937969E-06
  -1.77737797E-06
  -1.88258275E-06
  -1.99176702E-06
  -2.10495136E-06
  -2.22251924E-06
  -2.34429467E-06
  -2.46886316E-06
  -2.59818739E-06
  -2.72791226E-06
  -2.85453848E-06
  -2.97574093E-06
  -3.09679194E-06
  -3.21592279E-06
  -3.32858463E-06
  -3.43551892E-06
  -3.53692576E-06
  -3.63302888E-06
  -3.71961937E-06
  -3.79493667E-06
  -3.86260444E-06
  -3.92186712E-06
  -3.94993231E-06
  -3.95615234E-06
  -3.94674225E-06
  -3.90492414E-06
  -3.83576662E-06
  -3.74118986E-06
  -3.61460411E-06
  -3.45296098E-06
  -3.25924543E-06
  -3.02431567E-06
  -2.75543493E-06
  -2.46916034E-06
  -2.15252339E-06
  -1.80508425E-06
  -1.43322893E-06
  -1.06213690E-06
  -6.86004455E-07
  -3.16358864E-07
   2.00951268E-04
   2.37301894E-04
   3.23049491E-04
   4.52910113E-04
   6.27556990E-04
   8.49965378E-04
   1.12410809E-03
   1.45442423E-03
   1.84559950E-03
   2.30244757E-03
   2.82985508E-03
   3.43275419E-03
   4.11610119E-03
   4.88486839E-03
   5.74404467E-03
   6.69863075E-03
   7.75361992E-03
   8.91400687E-03
   1.01847956E-02
   1.15709892E-02
   1.30776046E-02
   1.47096412E-02
   1.64721087E-02
   1.83700155E-02
   2.04083752E-02
   2.25921720E-02
   2.49264240E-02
   2.74161771E-02
   3.00664324E-02
   3.28821577E-02
   3.58684137E-02
   3.90301868E-02
   4.23724838E-02
   4.59003150E-02
   4.96186726E-02
   5.35325930E-02
   5.76470606E-02
   6.19671047E-02
   6.64977133E-02
   7.12439343E-02
   7.62107447E-02
   8.14031139E-02
   8.68260562E-02
   9.24846306E-02
   9.83837694E-02
   4.01036203E-04
   4.73364868E-04
   6.43975683E-04
   9.02346044E-04
   1.24980975E-03
   1.69228134E-03
   2.23766034E-03
   2.89477850E-03
   3.67295160E-03
   4.58175456E-03
   5.63090714E-03
   6.83022011E-03
   8.18955060E-03
   9.71878972E-03
   1.14278598E-02
   1.33266961E-02
   1.54252332E-02
   1.77334212E-02
   2.02611908E-02
   2.30185017E-02
   2.60153227E-02
   2.92616207E-02
   3.27673368E-02
   3.65424417E-02
   4.05968912E-02
   4.49406318E-02
   4.95836250E-02
   5.45358732E-02
   5.98073341E-02
   6.54079467E-02
   7.13476762E-02
   7.76365101E-02
   8.42843950E-02
   9.13012847E-02
   9.86970812E-02
  0.106481805    
  0.114665434    
  0.123257950    
  0.132269248    
  0.141709417    
  0.151588246    
  0.161915809    
  0.172701895    
  0.183956638    
  0.195689961    
   5.96714555E-04
   7.04228762E-04
   9.57833021E-04
   1.34188158E-03
   1.85835501E-03
   2.51604058E-03
   3.32667958E-03
   4.30339901E-03
   5.46004251E-03
   6.81084255E-03
   8.37024488E-03
   1.01528326E-02
   1.21732494E-02
   1.44461989E-02
   1.69864371E-02
   1.98087189E-02
   2.29278188E-02
   2.63585057E-02
   3.01155653E-02
   3.42137888E-02
   3.86679843E-02
   4.34929691E-02
   4.87035029E-02
   5.43144308E-02
   6.03405572E-02
   6.67966604E-02
   7.36975446E-02
   8.10580328E-02
   8.88929442E-02
   9.72170904E-02
  0.106045201    
  0.115392156    
  0.125272781    
  0.135701790    
  0.146694019    
  0.158264294    
  0.170427456    
  0.183198303    
  0.196591645    
  0.210622221    
  0.225304857    
  0.240654320    
  0.256685406    
  0.273413122    
  0.290852040    
   7.85842829E-04
   9.27364104E-04
   1.26118341E-03
   1.76670169E-03
   2.44652526E-03
   3.31221847E-03
   4.37923474E-03
   5.66485291E-03
   7.18729524E-03
   8.96529108E-03
   1.10178562E-02
   1.33641865E-02
   1.60235520E-02
   1.90153141E-02
   2.23588813E-02
   2.60736886E-02
   3.01791765E-02
   3.46947722E-02
   3.96399572E-02
   4.50341925E-02
   5.08969799E-02
   5.72477691E-02
   6.41060472E-02
   7.14913234E-02
   7.94230849E-02
   8.79207999E-02
   9.70039517E-02
  0.106692061    
  0.117004581    
  0.127961054    
  0.139580891    
  0.151883528    
  0.164888531    
  0.178615481    
  0.193083629    
  0.208312675    
  0.224322036    
  0.241131306    
  0.258759975    
  0.277227432    
  0.296552986    
  0.316756308    
  0.337856829    
  0.359874010    
  0.382827461    
   9.66349442E-04
   1.14032708E-03
   1.55070284E-03
   2.17215158E-03
   3.00787645E-03
   4.07209294E-03
   5.38379420E-03
   6.96422299E-03
   8.83578323E-03
   1.10214921E-02
   1.35447299E-02
   1.64290965E-02
   1.96982753E-02
   2.33760644E-02
   2.74863411E-02
   3.20529677E-02
   3.70998569E-02
   4.26509008E-02
   4.87300269E-02
   5.53611629E-02
   6.25682846E-02
   7.03753307E-02
   7.88062140E-02
   8.78849328E-02
   9.76353884E-02
  0.108081646    
  0.119247563    
  0.131157115    
  0.143834248    
  0.157302931    
  0.171587124    
  0.186710790    
  0.202697799    
  0.219572157    
  0.237357825    
  0.256078809    
  0.275759012    
  0.296422511    
  0.318093359    
  0.340795189    
  0.364552021    
  0.389387816    
  0.415326536    
  0.442392141    
  0.470608652    
   1.13625661E-03
   1.34078402E-03
   1.82322040E-03
   2.55379057E-03
   3.53625952E-03
   4.78733843E-03
   6.32935204E-03
   8.18727631E-03
   1.03874495E-02
   1.29569266E-02
   1.59231909E-02
   1.93139780E-02
   2.31571514E-02
   2.74806824E-02
   3.23126279E-02
   3.76810580E-02
   4.36140373E-02
   5.01397066E-02
   5.72861657E-02
   6.50815517E-02
   7.35540465E-02
   8.27317834E-02
   9.26429108E-02
  0.103315592    
  0.114777967    
  0.127058282    
  0.140184656    
  0.154185221    
  0.169088051    
  0.184921309    
  0.201713309    
  0.219492242    
  0.238286063    
  0.258123040    
  0.279031396    
  0.301039219    
  0.324174732    
  0.348466158    
  0.373941481    
  0.400629133    
  0.428556859    
  0.457753062    
  0.488245964    
  0.520063460    
  0.553233743    
   1.29370356E-03
   1.52653980E-03
   2.07575085E-03
   2.90743751E-03
   4.02588490E-03
   5.45011833E-03
   7.20554963E-03
   9.32061300E-03
   1.18252905E-02
   1.47503838E-02
   1.81271769E-02
   2.19872333E-02
   2.63622925E-02
   3.12841944E-02
   3.67848799E-02
   4.28962670E-02
   4.96503301E-02
   5.70791364E-02
   6.52146414E-02
   7.40888864E-02
   8.37339163E-02
   9.41817835E-02
  0.105464540    
  0.117614262    
  0.130662963    
  0.144642830    
  0.159585759    
  0.175523847    
  0.192489162    
  0.210513636    
  0.229629397    
  0.249868765    
  0.271263540    
  0.293845892    
  0.317647785    
  0.342701375    
  0.369038701    
  0.396691769    
  0.425692737    
  0.456073612    
  0.487866282    
  0.521102965    
  0.555815995    
  0.592036784    
  0.629797637    
   1.43696589E-03
   1.69555959E-03
   2.30552745E-03
   3.22921737E-03
   4.47138911E-03
   6.05317252E-03
   8.00278597E-03
   1.03518162E-02
   1.31335584E-02
   1.63822118E-02
   2.01325417E-02
   2.44195815E-02
   2.92785950E-02
   3.47449332E-02
   4.08540554E-02
   4.76414561E-02
   5.51426224E-02
   6.33931458E-02
   7.24285468E-02
   8.22844207E-02
   9.29963365E-02
  0.104599871    
  0.117130630    
  0.130624250    
  0.145116314    
  0.160642534    
  0.177238330    
  0.194939360    
  0.213781193    
  0.233799472    
  0.255029738    
  0.277507782    
  0.301268935    
  0.326349139    
  0.352783829    
  0.380608559    
  0.409859061    
  0.440570921    
  0.472779900    
  0.506521404    
  0.541830599    
  0.578743756    
  0.617296278    
  0.657523453    
  0.699461162    
   1.56447373E-03
   1.84599229E-03
   2.51003355E-03
   3.51560628E-03
   4.86789271E-03
   6.58989698E-03
   8.71233083E-03
   1.12695880E-02
   1.42979110E-02
   1.78345386E-02
   2.19173022E-02
   2.65843607E-02
   3.18740867E-02
   3.78249958E-02
   4.44756225E-02
   5.18646576E-02
   6.00307658E-02
   6.90126121E-02
   7.88489357E-02
   8.95784721E-02
  0.101239868    
  0.113871917    
  0.127513394    
  0.142203093    
  0.157979757    
  0.174882188    
  0.192949012    
  0.212219015    
  0.232730970    
  0.254523605    
  0.277635604    
  0.302106112    
  0.327973515    
  0.355276614    
  0.384054512    
  0.414345622    
  0.446188867    
  0.479623228    
  0.514686942    
  0.551419377    
  0.589858711    
  0.630043805    
  0.672013462    
  0.715806007    
  0.761461198    
   1.67483068E-03
   1.97618944E-03
   2.68702814E-03
   3.76346707E-03
   5.21105155E-03
   7.05440668E-03
   9.32640489E-03
   1.20638721E-02
   1.53055973E-02
   1.90914515E-02
   2.34619156E-02
   2.84578614E-02
   3.41203436E-02
   4.04905975E-02
   4.76098619E-02
   5.55196032E-02
   6.42611533E-02
   7.38759190E-02
   8.44053701E-02
   9.58910137E-02
  0.108374156    
  0.121896379    
  0.136499107    
  0.152223930    
  0.169112414    
  0.187205881    
  0.206545800    
  0.227173641    
  0.249130890    
  0.272459060    
  0.297199637    
  0.323394358    
  0.351084590    
  0.380311787    
  0.411117643    
  0.443543315    
  0.477630317    
  0.513420582    
  0.550955415    
  0.590276122    
  0.631424069    
  0.674440861    
  0.719368100    
  0.766246676    
  0.815118611    
   1.76682847E-03
   2.08472484E-03
   2.83457176E-03
   3.97008378E-03
   5.49710589E-03
   7.44161475E-03
   9.83828679E-03
   1.27259688E-02
   1.61455739E-02
   2.01391689E-02
   2.47494616E-02
   3.00195590E-02
   3.59927528E-02
   4.27125618E-02
   5.02224788E-02
   5.85662238E-02
   6.77874535E-02
   7.79298171E-02
   8.90370309E-02
  0.101152882    
  0.114321046    
  0.128585234    
  0.143989310    
  0.160577059    
  0.178392157    
  0.197478399    
  0.217879429    
  0.239639118    
  0.262801200    
  0.287409514    
  0.313507587    
  0.341139525    
  0.370349169    
  0.401180208    
  0.433676332    
  0.467881352    
  0.503838897    
  0.541593075    
  0.581187367    
  0.622665703    
  0.666071773    
  0.711448848    
  0.758841038    
  0.808291674    
  0.859845519    
   1.83945871E-03
   2.17040977E-03
   2.95104831E-03
   4.13319236E-03
   5.72292088E-03
   7.74727715E-03
   1.02423662E-02
   1.32486243E-02
   1.68086439E-02
   2.09662262E-02
   2.57658269E-02
   3.12523209E-02
   3.74708027E-02
   4.44665402E-02
   5.22848442E-02
   6.09711595E-02
   7.05710426E-02
   8.11298639E-02
   9.26931575E-02
  0.105306484    
  0.119015358    
  0.133865282    
  0.149901927    
  0.167170763    
  0.185717419    
  0.205587253    
  0.226825953    
  0.249479041    
  0.273592114    
  0.299210876    
  0.326380670    
  0.355147392    
  0.385556430    
  0.417653322    
  0.451483786    
  0.487093300    
  0.524527311    
  0.563831627    
  0.605051696    
  0.648233056    
  0.693421245    
  0.740661621    
  0.789999843    
  0.841481209    
  0.895151675    
   1.89192628E-03
   2.23230571E-03
   3.03518330E-03
   4.25100559E-03
   5.88602247E-03
   7.96804670E-03
   1.05342166E-02
   1.36261154E-02
   1.72875412E-02
   2.15635616E-02
   2.64998842E-02
   3.21426764E-02
   3.85382958E-02
   4.57333177E-02
   5.37743308E-02
   6.27080798E-02
   7.25814179E-02
   8.34410191E-02
   9.53336805E-02
  0.108306333    
  0.122405745    
  0.137678683    
  0.154172152    
  0.171932966    
  0.191007853    
  0.211443692    
  0.233287349    
  0.256585598    
  0.281385481    
  0.307734072    
  0.335677832    
  0.365264058    
  0.396539181    
  0.429550350    
  0.464344472    
  0.500968456    
  0.539468706    
  0.579892755    
  0.622287035    
  0.666698039    
  0.713173389    
  0.761759520    
  0.812503099    
  0.865450919    
  0.920650184    
   1.92365714E-03
   2.26973579E-03
   3.08605470E-03
   4.32223454E-03
   5.98462531E-03
   8.10150709E-03
   1.07106417E-02
   1.38542987E-02
   1.75770223E-02
   2.19246354E-02
   2.69435998E-02
   3.26808505E-02
   3.91835272E-02
   4.64989841E-02
   5.46746552E-02
   6.37579560E-02
   7.37965703E-02
   8.48379582E-02
   9.69297364E-02
  0.110119551    
  0.124454975    
  0.139983580    
  0.156753212    
  0.174811259    
  0.194205493    
  0.214983404    
  0.237192690    
  0.260880977    
  0.286096036    
  0.312885553    
  0.341297030    
  0.371378511    
  0.403177202    
  0.436741084    
  0.472117662    
  0.509354472    
  0.548499465    
  0.589600086    
  0.632704079    
  0.677858651    
  0.725111902    
  0.774511337    
  0.826104403    
  0.879938781    
  0.936062038    
   1.93430402E-03
   2.28228909E-03
   3.10310791E-03
   4.34609782E-03
   6.01764861E-03
   8.14619660E-03
   1.07697034E-02
   1.39306840E-02
   1.76739190E-02
   2.20454782E-02
   2.70920917E-02
   3.28609534E-02
   3.93994600E-02
   4.67552021E-02
   5.49759120E-02
   6.41092807E-02
   7.42032006E-02
   8.53053778E-02
   9.74637568E-02
  0.110726230    
  0.125140607    
  0.140754774    
  0.157616764    
  0.175774276    
  0.195275366    
  0.216167718    
  0.238499373    
  0.262318075    
  0.287671953    
  0.314608961    
  0.343176931    
  0.373424202    
  0.405398011    
  0.439146787    
  0.474718213    
  0.512160122    
  0.551520407    
  0.592847168    
  0.636188567    
  0.681592286    
  0.729105711    
  0.778777361    
  0.830654681    
  0.884785473    
  0.941218019    
   1.92375097E-03
   2.26982892E-03
   3.08615505E-03
   4.32233559E-03
   5.98473288E-03
   8.10162351E-03
   1.07107619E-02
   1.38544310E-02
   1.75771695E-02
   2.19247714E-02
   2.69437470E-02
   3.26810144E-02
   3.91837060E-02
   4.64991629E-02
   5.46748526E-02
   6.37581721E-02
   7.37968087E-02
   8.48381445E-02
   9.69299451E-02
  0.110119745    
  0.124455146    
  0.139983758    
  0.156753302    
  0.174811348    
  0.194205657    
  0.214983612    
  0.237192884    
  0.260881066    
  0.286095828    
  0.312885225    
  0.341296822    
  0.371378273    
  0.403177112    
  0.436740786    
  0.472117186    
  0.509353876    
  0.548498571    
  0.589599013    
  0.632703006    
  0.677857876    
  0.725111127    
  0.774510622    
  0.826103806    
  0.879938006    
  0.936061800    
   1.89211289E-03
   2.23249267E-03
   3.03538167E-03
   4.25121048E-03
   5.88623853E-03
   7.96827674E-03
   1.05344607E-02
   1.36263715E-02
   1.72878224E-02
   2.15638448E-02
   2.65001860E-02
   3.21429931E-02
   3.85386236E-02
   4.57336493E-02
   5.37747256E-02
   6.27085194E-02
   7.25818723E-02
   8.34414288E-02
   9.53341201E-02
  0.108306736    
  0.122406088    
  0.137679055    
  0.154172480    
  0.171933219    
  0.191008151    
  0.211444005    
  0.233287558    
  0.256585687    
  0.281385332    
  0.307733625    
  0.335677534    
  0.365263611    
  0.396538943    
  0.429550111    
  0.464343935    
  0.500967503    
  0.539467454    
  0.579891324    
  0.622285485    
  0.666696906    
  0.713172197    
  0.761758506    
  0.812502027    
  0.865450203    
  0.920649946    
   1.83973741E-03
   2.17069080E-03
   2.95134541E-03
   4.13350016E-03
   5.72324404E-03
   7.74762081E-03
   1.02427350E-02
   1.32490145E-02
   1.68090556E-02
   2.09666453E-02
   2.57662684E-02
   3.12527902E-02
   3.74712907E-02
   4.44670580E-02
   5.22854254E-02
   6.09717853E-02
   7.05716908E-02
   8.11304897E-02
   9.26937684E-02
  0.105307095    
  0.119015977    
  0.133865893    
  0.149902493    
  0.167171359    
  0.185717896    
  0.205587715    
  0.226826221    
  0.249479085    
  0.273591936    
  0.299210489    
  0.326380461    
  0.355147094    
  0.385556072    
  0.417653024    
  0.451483190    
  0.487092406    
  0.524526358    
  0.563830316    
  0.605050147    
  0.648231208    
  0.693419397    
  0.740660012    
  0.789998591    
  0.841480136    
  0.895151258    
   1.76720053E-03
   2.08510086E-03
   2.83496571E-03
   3.97049589E-03
   5.49753895E-03
   7.44207203E-03
   9.83877759E-03
   1.27264876E-02
   1.61461197E-02
   2.01397240E-02
   2.47500502E-02
   3.00201718E-02
   3.59934047E-02
   4.27132398E-02
   5.02232760E-02
   5.85670173E-02
   6.77882656E-02
   7.79306218E-02
   8.90378207E-02
  0.101153679    
  0.114321873    
  0.128586084    
  0.143990189    
  0.160577878    
  0.178392917    
  0.197479039    
  0.217879847    
  0.239639327    
  0.262800992    
  0.287409157    
  0.313507438    
  0.341139615    
  0.370349139    
  0.401180089    
  0.433675796    
  0.467880428    
  0.503837883    
  0.541591763    
  0.581186056    
  0.622664034    
  0.666069984    
  0.711447537    
  0.758839846    
  0.808291137    
  0.859845102    
   1.67529599E-03
   1.97666092E-03
   2.68751872E-03
   3.76398326E-03
   5.21159498E-03
   7.05497898E-03
   9.32701770E-03
   1.20645175E-02
   1.53062670E-02
   1.90921482E-02
   2.34626550E-02
   2.84586325E-02
   3.41211557E-02
   4.04914618E-02
   4.76108268E-02
   5.55205718E-02
   6.42621517E-02
   7.38769248E-02
   8.44063610E-02
   9.58919674E-02
  0.108375207    
  0.121897474    
  0.136500314    
  0.152225107    
  0.169113427    
  0.187206700    
  0.206546351    
  0.227173910    
  0.249130905    
  0.272459030    
  0.297199696    
  0.323394388    
  0.351084441    
  0.380311728    
  0.411117107    
  0.443542570    
  0.477629572    
  0.513419509    
  0.550954103    
  0.590274632    
  0.631422818    
  0.674440145    
  0.719367206    
  0.766245961    
  0.815118372    
   1.56503171E-03
   1.84655911E-03
   2.51062261E-03
   3.51622608E-03
   4.86854510E-03
   6.59058569E-03
   8.71306285E-03
   1.12703601E-02
   1.42987166E-02
   1.78353842E-02
   2.19181906E-02
   2.65852995E-02
   3.18750702E-02
   3.78260165E-02
   4.44767587E-02
   5.18658198E-02
   6.00319654E-02
   6.90138042E-02
   7.88501278E-02
   8.95796418E-02
  0.101241142    
  0.113873266    
  0.127514839    
  0.142204538    
  0.157981128    
  0.174883276    
  0.192949802    
  0.212219477    
  0.232731029    
  0.254523575    
  0.277635604    
  0.302106053    
  0.327973247    
  0.355276436    
  0.384054065    
  0.414345086    
  0.446188450    
  0.479622334    
  0.514686048    
  0.551418364    
  0.589857936    
  0.630043387    
  0.672013044    
  0.715805888    
  0.761461139    
   1.43761537E-03
   1.69622072E-03
   2.30621500E-03
   3.22993868E-03
   4.47214907E-03
   6.05397765E-03
   8.00364278E-03
   1.03527140E-02
   1.31344944E-02
   1.63831990E-02
   2.01335717E-02
   2.44206768E-02
   2.92797498E-02
   3.47461626E-02
   4.08553667E-02
   4.76428047E-02
   5.51440232E-02
   6.33945540E-02
   7.24299774E-02
   8.22858736E-02
   9.29978341E-02
  0.104601450    
  0.117132284    
  0.130625904    
  0.145117939    
  0.160643876    
  0.177239358    
  0.194940031    
  0.213781506    
  0.233799711    
  0.255029857    
  0.277507663    
  0.301268697    
  0.326348752    
  0.352783233    
  0.380607814    
  0.409858346    
  0.440570146    
  0.472778976    
  0.506520510    
  0.541830242    
  0.578743577    
  0.617296040    
  0.657523215    
  0.699460983    
   1.29444432E-03
   1.52729370E-03
   2.07653455E-03
   2.90825940E-03
   4.02675010E-03
   5.45103569E-03
   7.20652472E-03
   9.32163838E-03
   1.18263662E-02
   1.47515070E-02
   1.81283504E-02
   2.19884831E-02
   2.63636168E-02
   3.12856063E-02
   3.67863588E-02
   4.28978018E-02
   4.96519133E-02
   5.70807122E-02
   6.52162582E-02
   7.40905628E-02
   8.37356299E-02
   9.41835642E-02
  0.105466358    
  0.117616065    
  0.130664736    
  0.144644320    
  0.159587041    
  0.175524801    
  0.192489758    
  0.210514158    
  0.229629830    
  0.249868929    
  0.271263480    
  0.293845564    
  0.317647308    
  0.342700720    
  0.369037896    
  0.396691054    
  0.425692111    
  0.456073105    
  0.487866133    
  0.521103144    
  0.555815816    
  0.592036605    
  0.629797637    
   1.13708759E-03
   1.34163047E-03
   1.82410027E-03
   2.55471398E-03
   3.53723136E-03
   4.78836801E-03
   6.33044494E-03
   8.18842929E-03
   1.03886584E-02
   1.29581923E-02
   1.59245152E-02
   1.93153787E-02
   2.31586285E-02
   2.74822656E-02
   3.23143005E-02
   3.76827791E-02
   4.36157882E-02
   5.01414910E-02
   5.72880059E-02
   6.50834441E-02
   7.35559687E-02
   8.27337876E-02
   9.26449448E-02
  0.103317596    
  0.114779949    
  0.127060100    
  0.140186220    
  0.154186472    
  0.169088989    
  0.184922203    
  0.201713905    
  0.219492525    
  0.238286108    
  0.258123010    
  0.279031217    
  0.301038861    
  0.324174374    
  0.348465770    
  0.373941302    
  0.400628924    
  0.428556919    
  0.457753271    
  0.488245964    
  0.520063460    
  0.553233862    
   9.67269356E-04
   1.14126410E-03
   1.55167782E-03
   2.17317534E-03
   3.00895446E-03
   4.07323427E-03
   5.38500259E-03
   6.96549984E-03
   8.83712620E-03
   1.10229040E-02
   1.35462079E-02
   1.64306443E-02
   1.96999088E-02
   2.33778134E-02
   2.74881851E-02
   3.20548862E-02
   3.71018127E-02
   4.26528901E-02
   4.87320833E-02
   5.53632751E-02
   6.25704229E-02
   7.03775361E-02
   7.88084492E-02
   8.78871754E-02
   9.76376235E-02
  0.108083740    
  0.119249493    
  0.131158769    
  0.143835634    
  0.157304108    
  0.171587974    
  0.186711416    
  0.202698201    
  0.219572499    
  0.237358153    
  0.256078929    
  0.275759190    
  0.296422660    
  0.318093479    
  0.340795428    
  0.364552349    
  0.389388263    
  0.415326953    
  0.442392439    
  0.470608950    
   7.86851218E-04
   9.28391353E-04
   1.26225222E-03
   1.76782359E-03
   2.44770874E-03
   3.31347133E-03
   4.38055955E-03
   5.66625129E-03
   7.18876859E-03
   8.96684360E-03
   1.10194869E-02
   1.33658946E-02
   1.60253532E-02
   1.90172344E-02
   2.23609023E-02
   2.60757823E-02
   3.01813316E-02
   3.46969925E-02
   3.96422520E-02
   4.50365432E-02
   5.08993641E-02
   5.72502278E-02
   6.41085654E-02
   7.14938417E-02
   7.94255659E-02
   8.79231989E-02
   9.70062390E-02
  0.106694065    
  0.117006376    
  0.127962604    
  0.139582202    
  0.151884705    
  0.164889574    
  0.178616375    
  0.193084508    
  0.208313376    
  0.224322706    
  0.241131917    
  0.258760571    
  0.277227998    
  0.296553612    
  0.316756994    
  0.337857455    
  0.359874606    
  0.382827878    
   5.97809791E-04
   7.05344544E-04
   9.58994438E-04
   1.34310091E-03
   1.85964187E-03
   2.51740217E-03
   3.32811894E-03
   4.30492079E-03
   5.46164718E-03
   6.81253336E-03
   8.37202743E-03
   1.01547027E-02
   1.21752210E-02
   1.44482916E-02
   1.69886351E-02
   1.98110025E-02
   2.29301862E-02
   2.63609551E-02
   3.01181003E-02
   3.42163928E-02
   3.86706516E-02
   4.34956774E-02
   4.87062894E-02
   5.43172397E-02
   6.03433363E-02
   6.67993650E-02
   7.37001598E-02
   8.10604766E-02
   8.88952091E-02
   9.72191766E-02
  0.106047153    
  0.115393952    
  0.125274405    
  0.135703325    
  0.146695405    
  0.158265531    
  0.170428544    
  0.183199346    
  0.196592584    
  0.210623235    
  0.225305840    
  0.240655318    
  0.256686270    
  0.273413718    
  0.290852398    
   4.02217091E-04
   4.74568340E-04
   6.45228196E-04
   9.03661188E-04
   1.25119858E-03
   1.69375038E-03
   2.23921309E-03
   2.89642182E-03
   3.67468735E-03
   4.58358554E-03
   5.63284056E-03
   6.83225039E-03
   8.19168705E-03
   9.72104631E-03
   1.14302309E-02
   1.33291697E-02
   1.54278083E-02
   1.77360848E-02
   2.02639531E-02
   2.30213571E-02
   2.60182489E-02
   2.92646028E-02
   3.27703953E-02
   3.65455374E-02
   4.05999981E-02
   4.49437015E-02
   4.95866574E-02
   5.45388088E-02
   5.98101243E-02
   6.54106289E-02
   7.13502467E-02
   7.76389539E-02
   8.42866823E-02
   9.13034379E-02
   9.86990929E-02
  0.106483631    
  0.114667110    
  0.123259477    
  0.132270709    
  0.141710773    
  0.151589453    
  0.161916867    
  0.172702774    
  0.183957264    
  0.195690289    
   2.02216514E-04
   2.38591485E-04
   3.24391411E-04
   4.54319728E-04
   6.29045535E-04
   8.51540128E-04
   1.12577365E-03
   1.45618815E-03
   1.84746447E-03
   2.30441708E-03
   2.83193355E-03
   3.43494280E-03
   4.11840621E-03
   4.88729822E-03
   5.74659789E-03
   6.70129480E-03
   7.75639294E-03
   8.91688745E-03
   1.01877833E-02
   1.15740784E-02
   1.30807832E-02
   1.47129009E-02
   1.64754502E-02
   1.83734167E-02
   2.04118118E-02
   2.25956328E-02
   2.49298923E-02
   2.74195969E-02
   3.00697796E-02
   3.28854546E-02
   3.58716287E-02
   3.90333086E-02
   4.23754938E-02
   4.59031872E-02
   4.96213809E-02
   5.35350852E-02
   5.76493740E-02
   6.19692244E-02
   6.64996505E-02
   7.12456480E-02
   7.62122124E-02
   8.14043432E-02
   8.68269801E-02
   9.24851373E-02
   9.83838066E-02
