  -1.94879819E-03
  -2.23236810E-03
  -2.90932343E-03
  -3.93174775E-03
  -5.29735396E-03
  -7.02270307E-03
  -9.13297478E-03
  -1.16576077E-02
  -1.46282772E-02
  -1.80779230E-02
  -2.20401995E-02
  -2.65492164E-02
  -3.16393524E-02
  -3.73451598E-02
  -4.37013134E-02
  -5.07425703E-02
  -5.85037209E-02
  -6.70196041E-02
  -7.63250962E-02
  -8.64550769E-02
  -9.74444821E-02
 -0.109328218    
 -0.122141160    
 -0.135918319    
 -0.150694549    
 -0.166504756    
 -0.183383867    
 -0.201366827    
 -0.220488653    
 -0.240784228    
 -0.262288481    
 -0.285036325    
 -0.309062839    
 -0.334402740    
 -0.361091048    
 -0.389162719    
 -0.418652773    
 -0.449596167    
 -0.482027769    
 -0.515982449    
 -0.551495075    
 -0.588600636    
 -0.627334118    
 -0.667730451    
 -0.709824502    
 -0.753651381    
 -0.799246132    
 -0.846643627    
 -0.895878375    
 -0.946985483    
  -1.94016006E-03
  -2.22247164E-03
  -2.89642299E-03
  -3.91431013E-03
  -5.27385669E-03
  -6.99154846E-03
  -9.09245573E-03
  -1.16058839E-02
  -1.45633705E-02
  -1.79977082E-02
  -2.19423994E-02
  -2.64314022E-02
  -3.14989500E-02
  -3.71794328E-02
  -4.35073823E-02
  -5.05173877E-02
  -5.82440980E-02
  -6.67221770E-02
  -7.59863704E-02
  -8.60714018E-02
  -9.70120206E-02
 -0.108843021    
 -0.121599108    
 -0.135315120    
 -0.150025770    
 -0.165765807    
 -0.182569996    
 -0.200473174    
 -0.219510108    
 -0.239715636    
 -0.261124432    
 -0.283771276    
 -0.307691157    
 -0.332918614    
 -0.359488517    
 -0.387435555    
 -0.416794688    
 -0.447600782    
 -0.479888499    
 -0.513692558    
 -0.549047530    
 -0.585988402    
 -0.624549925    
 -0.664766729    
 -0.706673861    
 -0.750306308    
 -0.795698941    
 -0.842886031    
 -0.891902268    
 -0.942782581    
  -1.91432249E-03
  -2.19287048E-03
  -2.85783620E-03
  -3.86215234E-03
  -5.20357257E-03
  -6.89836312E-03
  -8.97125807E-03
  -1.14511736E-02
  -1.43692279E-02
  -1.77577753E-02
  -2.16498673E-02
  -2.60790177E-02
  -3.10789943E-02
  -3.66837345E-02
  -4.29273173E-02
  -4.98438515E-02
  -5.74675240E-02
  -6.58325627E-02
  -7.49732330E-02
  -8.49237815E-02
  -9.57185254E-02
 -0.107391767    
 -0.119977787    
 -0.133510888    
 -0.148025364    
 -0.163555518    
 -0.180135667    
 -0.197800130    
 -0.216583237    
 -0.236519352    
 -0.257642567    
 -0.279987395    
 -0.303588331    
 -0.328479439    
 -0.354695082    
 -0.382269472    
 -0.411237091    
 -0.441632241    
 -0.473489255    
 -0.506842494    
 -0.541726232    
 -0.578174472    
 -0.616221964    
 -0.655902624    
 -0.697251081    
 -0.740301609    
 -0.785088658    
 -0.831646800    
 -0.880009592    
 -0.930211544    
  -1.87151483E-03
  -2.14382703E-03
  -2.79390579E-03
  -3.77573771E-03
  -5.08712512E-03
  -6.74397172E-03
  -8.77045654E-03
  -1.11948503E-02
  -1.40475715E-02
  -1.73602495E-02
  -2.11651996E-02
  -2.54951827E-02
  -3.03832088E-02
  -3.58624719E-02
  -4.19662483E-02
  -4.87279259E-02
  -5.61809056E-02
  -6.43586591E-02
  -7.32946619E-02
  -8.30224231E-02
  -9.35754627E-02
 -0.104987301    
 -0.117291555    
 -0.130521640    
 -0.144711107    
 -0.159893587    
 -0.176102504    
 -0.193371400    
 -0.211733907    
 -0.231223628    
 -0.251873940    
 -0.273718536    
 -0.296791106    
 -0.321124852    
 -0.346753448    
 -0.373710424    
 -0.402029365    
 -0.431743950    
 -0.462887555    
 -0.495493740    
 -0.529596508    
 -0.565229058    
 -0.602424443    
 -0.641216695    
 -0.681639194    
 -0.723725677    
 -0.767509758    
 -0.813025236    
 -0.860305429    
 -0.909383893    
  -1.81211694E-03
  -2.07577646E-03
  -2.70519895E-03
  -3.65583296E-03
  -4.92554856E-03
  -6.52974518E-03
  -8.49183463E-03
  -1.08391875E-02
  -1.36012565E-02
  -1.68086682E-02
  -2.04927009E-02
  -2.46850830E-02
  -2.94177774E-02
  -3.47229168E-02
  -4.06327285E-02
  -4.71795276E-02
  -5.43956496E-02
  -6.23135380E-02
  -7.09655732E-02
  -8.03841949E-02
  -9.06018987E-02
 -0.101651087    
 -0.113564260    
 -0.126373932    
 -0.140112475    
 -0.154812425    
 -0.170506269    
 -0.187226400    
 -0.205005392    
 -0.223875776    
 -0.243869901    
 -0.265020311    
 -0.287359506    
 -0.310919821    
 -0.335733950    
 -0.361834168    
 -0.389253110    
 -0.418023288    
 -0.448177338    
 -0.479747385    
 -0.512766063    
 -0.547266126    
 -0.583279788    
 -0.620838940    
 -0.659977019    
 -0.700726449    
 -0.743119061    
 -0.787187934    
 -0.832965672    
 -0.880484402    
  -1.73665630E-03
  -1.98932295E-03
  -2.59250286E-03
  -3.50350188E-03
  -4.72027762E-03
  -6.25758478E-03
  -8.13786406E-03
  -1.03873443E-02
  -1.30342487E-02
  -1.61079206E-02
  -1.96383446E-02
  -2.36559082E-02
  -2.81912535E-02
  -3.32751796E-02
  -3.89385857E-02
  -4.52123955E-02
  -5.21275997E-02
  -5.97153530E-02
  -6.80066422E-02
  -7.70325288E-02
  -8.68241787E-02
  -9.74126458E-02
 -0.108829044    
 -0.121104524    
 -0.134270236    
 -0.148357272    
 -0.163396701    
 -0.179419696    
 -0.196457386    
 -0.214540824    
 -0.233701274    
 -0.253969729    
 -0.275377333    
 -0.297955155    
 -0.321734399    
 -0.346746266    
 -0.373022050    
 -0.400592625    
 -0.429489166    
 -0.459742874    
 -0.491384476    
 -0.524445653    
 -0.558957577    
 -0.594951153    
 -0.632456958    
 -0.671507061    
 -0.712132156    
 -0.754363537    
 -0.798231959    
 -0.843769550    
  -1.64580229E-03
  -1.88523391E-03
  -2.45681778E-03
  -3.32009699E-03
  -4.47313301E-03
  -5.92990965E-03
  -7.71168992E-03
  -9.84332804E-03
  -1.23515744E-02
  -1.52642298E-02
  -1.86097026E-02
  -2.24168058E-02
  -2.67145503E-02
  -3.15321311E-02
  -3.68988365E-02
  -4.28439826E-02
  -4.93969359E-02
  -5.65871559E-02
  -6.44440874E-02
  -7.29971528E-02
  -8.22758451E-02
  -9.23096091E-02
 -0.103127904    
 -0.114760272    
 -0.127236247    
 -0.140585259    
 -0.154836848    
 -0.170020372    
 -0.186165437    
 -0.203301519    
 -0.221458137    
 -0.240664661    
 -0.260950774    
 -0.282345831    
 -0.304879457    
 -0.328580946    
 -0.353480041    
 -0.379606098    
 -0.406988829    
 -0.435657501    
 -0.465641618    
 -0.496970743    
 -0.529674292    
 -0.563782156    
 -0.599323094    
 -0.636327505    
 -0.674824417    
 -0.714843392    
 -0.756413877    
 -0.799565673    
  -1.54036121E-03
  -1.76443288E-03
  -2.29934813E-03
  -3.10724555E-03
  -4.18630987E-03
  -5.54962689E-03
  -7.21709430E-03
  -9.21197142E-03
  -1.15592945E-02
  -1.42850801E-02
  -1.74159147E-02
  -2.09787637E-02
  -2.50007603E-02
  -2.95092501E-02
  -3.45316194E-02
  -4.00953256E-02
  -4.62278686E-02
  -5.29567674E-02
  -6.03095852E-02
  -6.83138743E-02
  -7.69972429E-02
  -8.63872543E-02
  -9.65114534E-02
 -0.107397519    
 -0.119072974    
 -0.131565511    
 -0.144902661    
 -0.159112021    
 -0.174221173    
 -0.190257788    
 -0.207249418    
 -0.225223675    
 -0.244208127    
 -0.264230430    
 -0.285318315    
 -0.307499111    
 -0.330800414    
 -0.355250150    
 -0.380876064    
 -0.407705098    
 -0.435765266    
 -0.465084255    
 -0.495689660    
 -0.527608991    
 -0.560869873    
 -0.595500052    
 -0.631526828    
 -0.668978393    
 -0.707881570    
 -0.748264670    
  -1.42126868E-03
  -1.62799179E-03
  -2.12149206E-03
  -2.86683673E-03
  -3.86235211E-03
  -5.12010977E-03
  -6.65846700E-03
  -8.49887636E-03
  -1.06644463E-02
  -1.31791681E-02
  -1.60675775E-02
  -1.93545464E-02
  -2.30651088E-02
  -2.72244848E-02
  -3.18579525E-02
  -3.69908586E-02
  -4.26485278E-02
  -4.88563627E-02
  -5.56398220E-02
  -6.30242825E-02
  -7.10352361E-02
  -7.96981454E-02
  -8.90383646E-02
  -9.90814716E-02
 -0.109852843    
 -0.121378019    
 -0.133682355    
 -0.146791369    
 -0.160730526    
 -0.175525248    
 -0.191201121    
 -0.207783520    
 -0.225297987    
 -0.243769869    
 -0.263224721    
 -0.283687860    
 -0.305184841    
 -0.327741176    
 -0.351382464    
 -0.376134098    
 -0.402021438    
 -0.429070085    
 -0.457305610    
 -0.486753225    
 -0.517438352    
 -0.549386799    
 -0.582623959    
 -0.617175519    
 -0.653066456    
 -0.690322220    
  -1.28958211E-03
  -1.47712196E-03
  -1.92482676E-03
  -2.60100514E-03
  -3.50413681E-03
  -4.64517204E-03
  -6.04076544E-03
  -7.71037675E-03
  -9.67496913E-03
  -1.19563080E-02
  -1.45766567E-02
  -1.75585691E-02
  -2.09247582E-02
  -2.46981177E-02
  -2.89015584E-02
  -3.35580632E-02
  -3.86906601E-02
  -4.43223454E-02
  -5.04762381E-02
  -5.71753457E-02
  -6.44427836E-02
  -7.23016709E-02
  -8.07750300E-02
  -8.98860171E-02
  -9.96577144E-02
 -0.110113218    
 -0.121275574    
 -0.133167937    
 -0.145813376    
 -0.159234986    
 -0.173455939    
 -0.188499227    
 -0.204388082    
 -0.221145466    
 -0.238794670    
 -0.257358581    
 -0.276860356    
 -0.297323227    
 -0.318770379    
 -0.341224641    
 -0.364709258    
 -0.389247358    
 -0.414862126    
 -0.441576689    
 -0.469414175    
 -0.498397410    
 -0.528549850    
 -0.559894443    
 -0.592454314    
 -0.626252353    
  -1.14646973E-03
  -1.31316227E-03
  -1.71109883E-03
  -2.31211004E-03
  -3.11484234E-03
  -4.12902934E-03
  -5.36947232E-03
  -6.85346965E-03
  -8.59964918E-03
  -1.06273582E-02
  -1.29563883E-02
  -1.56067722E-02
  -1.85987260E-02
  -2.19525620E-02
  -2.56886706E-02
  -2.98274681E-02
  -3.43894251E-02
  -3.93950008E-02
  -4.48646881E-02
  -5.08189760E-02
  -5.72784096E-02
  -6.42635152E-02
  -7.17947930E-02
  -7.98927918E-02
  -8.85780156E-02
  -9.78710502E-02
 -0.107792355    
 -0.118362479    
 -0.129601941    
 -0.141531348    
 -0.154171154    
 -0.167541906    
 -0.181664199    
 -0.196558386    
 -0.212245166    
 -0.228744939    
 -0.246078476    
 -0.264266223    
 -0.283328682    
 -0.303286344    
 -0.324159950    
 -0.345969915    
 -0.368736655    
 -0.392480761    
 -0.417223096    
 -0.442983806    
 -0.469783813    
 -0.497643441    
 -0.526583374    
 -0.556623757    
  -9.93201975E-04
  -1.13756803E-03
  -1.48220500E-03
  -2.00271513E-03
  -2.69792462E-03
  -3.57626262E-03
  -4.65054763E-03
  -5.93575789E-03
  -7.44802598E-03
  -9.20411199E-03
  -1.12211518E-02
  -1.35164885E-02
  -1.61076393E-02
  -1.90121941E-02
  -2.22478118E-02
  -2.58321706E-02
  -2.97829937E-02
  -3.41180004E-02
  -3.88549455E-02
  -4.40115817E-02
  -4.96056862E-02
  -5.56550100E-02
  -6.21773489E-02
  -6.91905171E-02
  -7.67122433E-02
  -8.47602785E-02
  -9.33524296E-02
 -0.102506533    
 -0.112240255    
 -0.122571535    
 -0.133517981    
 -0.145097464    
 -0.157327682    
 -0.170226634    
 -0.183811918    
 -0.198101312    
 -0.213112608    
 -0.228863642    
 -0.245372310    
 -0.262656301    
 -0.280733436    
 -0.299621612    
 -0.319338262    
 -0.339901328    
 -0.361328930    
 -0.383638561    
 -0.406848103    
 -0.430975318    
 -0.456038147    
 -0.482054174    
  -8.31139041E-04
  -9.51897702E-04
  -1.24017661E-03
  -1.67556643E-03
  -2.25708354E-03
  -2.99177761E-03
  -3.89037002E-03
  -4.96538868E-03
  -6.23032497E-03
  -7.69919809E-03
  -9.38634295E-03
  -1.13062672E-02
  -1.34736197E-02
  -1.59031097E-02
  -1.86095145E-02
  -2.16076206E-02
  -2.49122363E-02
  -2.85382066E-02
  -3.25003713E-02
  -3.68135795E-02
  -4.14926820E-02
  -4.65525724E-02
  -5.20081148E-02
  -5.78741729E-02
  -6.41655847E-02
  -7.08972737E-02
  -7.80840144E-02
  -8.57407600E-02
  -9.38824192E-02
 -0.102523826    
 -0.111679792    
 -0.121365227    
 -0.131595030    
 -0.142384097    
 -0.153747231    
 -0.165699273    
 -0.178255126    
 -0.191429853    
 -0.205238119    
 -0.219694972    
 -0.234815329    
 -0.250613809    
 -0.267105550    
 -0.284305036    
 -0.302227646    
 -0.320888132    
 -0.340301126    
 -0.360482067    
 -0.381445408    
 -0.403206199    
  -6.61718950E-04
  -7.57798727E-04
  -9.87161649E-04
  -1.33356766E-03
  -1.79623207E-03
  -2.38076271E-03
  -3.09568690E-03
  -3.95097258E-03
  -4.95735230E-03
  -6.12597680E-03
  -7.46825431E-03
  -8.99572391E-03
  -1.07200406E-02
  -1.26529066E-02
  -1.48060732E-02
  -1.71913076E-02
  -1.98204014E-02
  -2.27051619E-02
  -2.58573685E-02
  -2.92888712E-02
  -3.30114625E-02
  -3.70369963E-02
  -4.13772948E-02
  -4.60441858E-02
  -5.10494895E-02
  -5.64050190E-02
  -6.21226169E-02
  -6.82140887E-02
  -7.46913478E-02
  -8.15662146E-02
  -8.88504758E-02
  -9.65559259E-02
 -0.104694426    
 -0.113277853    
 -0.122317985    
 -0.131826639    
 -0.141815707    
 -0.152297035    
 -0.163282469    
 -0.174783871    
 -0.186812982    
 -0.199381828    
 -0.212501913    
 -0.226185411    
 -0.240443960    
 -0.255289584    
 -0.270734042    
 -0.286789387    
 -0.303467125    
 -0.320779443    
  -4.86445468E-04
  -5.56993880E-04
  -7.25405873E-04
  -9.79754259E-04
  -1.31946080E-03
  -1.74864044E-03
  -2.27355212E-03
  -2.90151360E-03
  -3.64040490E-03
  -4.49841097E-03
  -5.48390765E-03
  -6.60536950E-03
  -7.87134562E-03
  -9.29043349E-03
  -1.08712548E-02
  -1.26224495E-02
  -1.45526808E-02
  -1.66706163E-02
  -1.89849027E-02
  -2.15042308E-02
  -2.42372658E-02
  -2.71927230E-02
  -3.03792618E-02
  -3.38055715E-02
  -3.74803282E-02
  -4.14121971E-02
  -4.56098765E-02
  -5.00820614E-02
  -5.48374504E-02
  -5.98847158E-02
  -6.52325451E-02
  -7.08896443E-02
  -7.68646374E-02
  -8.31662565E-02
  -8.98031518E-02
  -9.67839956E-02
 -0.104117535    
 -0.111812502    
 -0.119877577    
 -0.128321439    
 -0.137152776    
 -0.146380231    
 -0.156012520    
 -0.166058362    
 -0.176526353    
 -0.187425330    
 -0.198763967    
 -0.210551172    
 -0.222795427    
 -0.235505432    
  -3.06873961E-04
  -3.51265189E-04
  -4.57232236E-04
  -6.17266516E-04
  -8.31000565E-04
  -1.10102107E-03
  -1.43126317E-03
  -1.82632892E-03
  -2.29117461E-03
  -2.83094821E-03
  -3.45091731E-03
  -4.15641395E-03
  -4.95281490E-03
  -5.84552856E-03
  -6.83997758E-03
  -7.94159714E-03
  -9.15583596E-03
  -1.04881451E-02
  -1.19439708E-02
  -1.35287708E-02
  -1.52479950E-02
  -1.71071384E-02
  -1.91116370E-02
  -2.12669503E-02
  -2.35785358E-02
  -2.60518584E-02
  -2.86923777E-02
  -3.15055586E-02
  -3.44968736E-02
  -3.76717970E-02
  -4.10357676E-02
  -4.45942543E-02
  -4.83527109E-02
  -5.23165949E-02
  -5.64913750E-02
  -6.08824827E-02
  -6.54954687E-02
  -7.03357458E-02
  -7.54088685E-02
  -8.07202160E-02
  -8.62752497E-02
  -9.20794383E-02
  -9.81383473E-02
 -0.104457371    
 -0.111041971    
 -0.117897689    
 -0.125029951    
 -0.132444352    
 -0.140146211    
 -0.148141086    
  -1.24598082E-04
  -1.42438294E-04
  -1.85020559E-04
  -2.49321398E-04
  -3.35187331E-04
  -4.43652854E-04
  -5.76295715E-04
  -7.34960311E-04
  -9.21635539E-04
  -1.13838702E-03
  -1.38732814E-03
  -1.67059910E-03
  -1.99035881E-03
  -2.34877551E-03
  -2.74802628E-03
  -3.19029368E-03
  -3.67776211E-03
  -4.21262300E-03
  -4.79706330E-03
  -5.43326838E-03
  -6.12343056E-03
  -6.86975475E-03
  -7.67441466E-03
  -8.53960961E-03
  -9.46752355E-03
  -1.04603432E-02
  -1.15202712E-02
  -1.26494877E-02
  -1.38501981E-02
  -1.51245939E-02
  -1.64748561E-02
  -1.79031659E-02
  -1.94117185E-02
  -2.10026987E-02
  -2.26783007E-02
  -2.44407207E-02
  -2.62921583E-02
  -2.82348134E-02
  -3.02709080E-02
  -3.24026123E-02
  -3.46321054E-02
  -3.69616114E-02
  -3.93933207E-02
  -4.19294462E-02
  -4.45721261E-02
  -4.73236330E-02
  -5.01861572E-02
  -5.31618968E-02
  -5.62530644E-02
  -5.94618283E-02
   5.87647119E-05
   6.76334166E-05
   8.88132927E-05
   1.20815632E-04
   1.63578909E-04
   2.17629597E-04
   2.83762318E-04
   3.62905645E-04
   4.56056354E-04
   5.64249873E-04
   6.88544533E-04
   8.30011675E-04
   9.89732100E-04
   1.16879353E-03
   1.36828155E-03
   1.58929196E-03
   1.83291559E-03
   2.10024789E-03
   2.39238166E-03
   2.71041621E-03
   3.05544632E-03
   3.42856534E-03
   3.83087480E-03
   4.26347600E-03
   4.72746743E-03
   5.22395177E-03
   5.75402472E-03
   6.31878385E-03
   6.91933371E-03
   7.55677279E-03
   8.23220517E-03
   8.94673821E-03
   9.70146991E-03
   1.04975021E-02
   1.13359326E-02
   1.22178663E-02
   1.31443935E-02
   1.41166048E-02
   1.51355881E-02
   1.62024498E-02
   1.73182804E-02
   1.84841733E-02
   1.97012443E-02
   2.09705681E-02
   2.22932510E-02
   2.36703828E-02
   2.51030419E-02
   2.65923198E-02
   2.81393323E-02
   2.97451727E-02
   2.41587171E-04
   2.77085754E-04
   3.61839164E-04
   4.89859667E-04
   6.60871563E-04
   8.76957434E-04
   1.14127737E-03
   1.45752472E-03
   1.82967307E-03
   2.26185075E-03
   2.75827595E-03
   3.32322437E-03
   3.96100571E-03
   4.67595458E-03
   5.47241094E-03
   6.35473337E-03
   7.32728653E-03
   8.39443877E-03
   9.56055056E-03
   1.08300010E-02
   1.22071607E-02
   1.36964098E-02
   1.53021123E-02
   1.70286652E-02
   1.88804399E-02
   2.08618175E-02
   2.29771789E-02
   2.52309032E-02
   2.76273787E-02
   3.01709734E-02
   3.28661017E-02
   3.57171260E-02
   3.87284271E-02
   4.19044010E-02
   4.52494137E-02
   4.87678908E-02
   5.24641611E-02
   5.63426204E-02
   6.04076423E-02
   6.46635816E-02
   6.91148564E-02
   7.37658069E-02
   7.86208734E-02
   8.36843550E-02
   8.89606774E-02
   9.44542289E-02
  0.100169390    
  0.106110528    
  0.112281941    
  0.118688062    
   4.22246900E-04
   4.84059856E-04
   6.31633913E-04
   8.54535610E-04
   1.15227688E-03
   1.52847881E-03
   1.98863843E-03
   2.53918138E-03
   3.18702334E-03
   3.93934734E-03
   4.80349688E-03
   5.78690926E-03
   6.89709187E-03
   8.14157911E-03
   9.52793472E-03
   1.10637359E-02
   1.27565861E-02
   1.46140857E-02
   1.66438203E-02
   1.88534111E-02
   2.12504845E-02
   2.38426384E-02
   2.66374797E-02
   2.96426639E-02
   3.28657776E-02
   3.63144614E-02
   3.99963371E-02
   4.39190120E-02
   4.80901375E-02
   5.25173061E-02
   5.72081879E-02
   6.21703640E-02
   6.74114972E-02
   7.29392171E-02
   7.87611306E-02
   8.48849043E-02
   9.13180932E-02
   9.80684012E-02
  0.105143353    
  0.112550572    
  0.120297790    
  0.128392592    
  0.136842594    
  0.145655274    
  0.154838413    
  0.164399698    
  0.174346730    
  0.184687018    
  0.195428059    
  0.206577569    
   5.99141000E-04
   6.86719315E-04
   8.95803212E-04
   1.21160690E-03
   1.63343351E-03
   2.16641184E-03
   2.81832484E-03
   3.59827443E-03
   4.51605953E-03
   5.58185065E-03
   6.80605229E-03
   8.19920003E-03
   9.77193005E-03
   1.15349060E-02
   1.34988511E-02
   1.56744979E-02
   1.80726182E-02
   2.07039714E-02
   2.35793199E-02
   2.67094355E-02
   3.01051363E-02
   3.37771848E-02
   3.77363600E-02
   4.19935025E-02
   4.65593524E-02
   5.14447205E-02
   5.66604212E-02
   6.22172132E-02
   6.81259707E-02
   7.43974298E-02
   8.10423791E-02
   8.80716816E-02
   9.54961330E-02
  0.103326499    
  0.111573689    
  0.120248340    
  0.129361421    
  0.138923600    
  0.148945719    
  0.159438491    
  0.170412987    
  0.181879655    
  0.193849489    
  0.206333295    
  0.219341800    
  0.232885912    
  0.246976420    
  0.261624008    
  0.276839405    
  0.292633533    
   7.70699349E-04
   8.83265573E-04
   1.15200307E-03
   1.55790430E-03
   2.10007140E-03
   2.78509338E-03
   3.62297217E-03
   4.62540565E-03
   5.80498483E-03
   7.17478106E-03
   8.74816999E-03
   1.05386861E-02
   1.25600034E-02
   1.48258219E-02
   1.73499193E-02
   2.01460980E-02
   2.32282020E-02
   2.66100485E-02
   3.03054806E-02
   3.43283489E-02
   3.86925302E-02
   4.34118770E-02
   4.85002473E-02
   5.39715588E-02
   5.98396137E-02
   6.61182851E-02
   7.28215128E-02
   7.99631029E-02
   8.75570029E-02
   9.56170559E-02
  0.104157142    
  0.113191158    
  0.122733004    
  0.132796571    
  0.143395796    
  0.154544368    
  0.166256353    
  0.178545520    
  0.191425845    
  0.204911098    
  0.219015300    
  0.233752191    
  0.249135643    
  0.265179753    
  0.281898201    
  0.299304932    
  0.317413837    
  0.336238801    
  0.355793566    
  0.376092017    
   9.35399847E-04
   1.07195461E-03
   1.39795966E-03
   1.89035456E-03
   2.54804897E-03
   3.37903365E-03
   4.39544022E-03
   5.61145786E-03
   7.04235816E-03
   8.70400108E-03
   1.06126033E-02
   1.27846003E-02
   1.52365565E-02
   1.79850999E-02
   2.10469607E-02
   2.44388562E-02
   2.81775799E-02
   3.22798975E-02
   3.67626101E-02
   4.16425280E-02
   4.69364524E-02
   5.26611954E-02
   5.88336103E-02
   6.54704794E-02
   7.25886524E-02
   8.02049115E-02
   8.83361548E-02
   9.69991386E-02
  0.106210761    
  0.115987882    
  0.126347303    
  0.137305900    
  0.148880467    
  0.161087796    
  0.173945010    
  0.187468633    
  0.201675609    
  0.216582581    
  0.232206777    
  0.248564869    
  0.265673786    
  0.283550054    
  0.302210659    
  0.321672440    
  0.341952384    
  0.363067299    
  0.385033846    
  0.407868981    
  0.431589544    
  0.456212252    
   1.09178084E-03
   1.25111220E-03
   1.63149019E-03
   2.20600772E-03
   2.97339051E-03
   3.94295948E-03
   5.12887305E-03
   6.54768012E-03
   8.21719971E-03
   1.01559386E-02
   1.23828137E-02
   1.49170086E-02
   1.77778397E-02
   2.09847037E-02
   2.45571453E-02
   2.85146665E-02
   3.28768231E-02
   3.76631953E-02
   4.28934023E-02
   4.85870391E-02
   5.47637157E-02
   6.14430569E-02
   6.86446950E-02
   7.63882473E-02
   8.46933722E-02
   9.35795754E-02
  0.103066631    
  0.113174148    
  0.123921752    
  0.135329127    
  0.147415891    
  0.160201773    
  0.173706293    
  0.187949151    
  0.202950150    
  0.218728706    
  0.235304579    
  0.252697229    
  0.270926625    
  0.290012449    
  0.309974134    
  0.330831110    
  0.352603257    
  0.375310063    
  0.398971468    
  0.423606902    
  0.449236006    
  0.475878805    
  0.503554583    
  0.532282889    
   1.23845483E-03
   1.41914852E-03
   1.85052236E-03
   2.50206189E-03
   3.37232207E-03
   4.47186781E-03
   5.81676094E-03
   7.42576225E-03
   9.31908470E-03
   1.15177073E-02
   1.40430871E-02
   1.69169866E-02
   2.01612934E-02
   2.37980280E-02
   2.78493371E-02
   3.23373377E-02
   3.72842140E-02
   4.27121483E-02
   4.86434177E-02
   5.51002286E-02
   6.21048436E-02
   6.96795136E-02
   7.78464153E-02
   8.66279304E-02
   9.60462466E-02
  0.106123567    
  0.116882265    
  0.128344566    
  0.140532747    
  0.153469130    
  0.167176023    
  0.181675687    
  0.196990326    
  0.213142201    
  0.230153784    
  0.248047307    
  0.266844869    
  0.286568880    
  0.307241678    
  0.328885734    
  0.351522893    
  0.375175595    
  0.399865925    
  0.425616473    
  0.452449322    
  0.480386764    
  0.509451032    
  0.539664805    
  0.571049929    
  0.603629172    
   1.37412047E-03
   1.57457206E-03
   2.05311296E-03
   2.77589029E-03
   3.74130206E-03
   4.96106455E-03
   6.45299722E-03
   8.23791418E-03
   1.03382301E-02
   1.27772223E-02
   1.55786984E-02
   1.87667776E-02
   2.23657675E-02
   2.64000818E-02
   3.08942907E-02
   3.58729325E-02
   4.13605981E-02
   4.73819561E-02
   5.39616309E-02
   6.11243173E-02
   6.88946769E-02
   7.72974268E-02
   8.63571316E-02
   9.60986391E-02
  0.106546566    
  0.117725559    
  0.129660368    
  0.142375723    
  0.155896306    
  0.170246854    
  0.185452178    
  0.201536924    
  0.218525767    
  0.236443266    
  0.255314499    
  0.275164038    
  0.296016484    
  0.317896754    
  0.340829343    
  0.364839435    
  0.389951169    
  0.416189611    
  0.443579167    
  0.472144723    
  0.501911163    
  0.532902658    
  0.565144002    
  0.598660767    
  0.633476794    
  0.669617474    
   1.49757403E-03
   1.71600434E-03
   2.23746384E-03
   3.02506401E-03
   4.07705735E-03
   5.40620834E-03
   7.03193620E-03
   8.97692516E-03
   1.12655917E-02
   1.39232986E-02
   1.69759989E-02
   2.04499736E-02
   2.43716948E-02
   2.87677906E-02
   3.36649977E-02
   3.90900932E-02
   4.50698622E-02
   5.16311601E-02
   5.88008650E-02
   6.66058287E-02
   7.50729591E-02
   8.42291638E-02
   9.41013023E-02
  0.104716323    
  0.116101146    
  0.128282562    
  0.141287535    
  0.155143097    
  0.169876039    
  0.185513452    
  0.202082202    
  0.219609320    
  0.238121450    
  0.257645667    
  0.278209001    
  0.299838424    
  0.322560519    
  0.346402675    
  0.371391714    
  0.397554398    
  0.424917907    
  0.453509122    
  0.483354807    
  0.514482081    
  0.546917617    
  0.580688059    
  0.615820765    
  0.652342796    
  0.690280795    
  0.729662240    
   1.60772027E-03
   1.84218993E-03
   2.40194029E-03
   3.24737187E-03
   4.37660795E-03
   5.80334989E-03
   7.54843885E-03
   9.63623542E-03
   1.20929386E-02
   1.49457715E-02
   1.82225965E-02
   2.19516251E-02
   2.61612646E-02
   3.08801178E-02
   3.61368582E-02
   4.19602394E-02
   4.83790338E-02
   5.54220639E-02
   6.31181523E-02
   7.14960992E-02
   8.05848911E-02
   9.04132873E-02
  0.101010233    
  0.112404533    
  0.124625139    
  0.137700841    
  0.151660591    
  0.166533351    
  0.182347894    
  0.199133426    
  0.216918603    
  0.235732362    
  0.255603462    
  0.276561052    
  0.298633933    
  0.321851194    
  0.346241474    
  0.371834010    
  0.398657620    
  0.426741034    
  0.456113279    
  0.486803472    
  0.518840313    
  0.552252650    
  0.587069452    
  0.623319447    
  0.661031127    
  0.700234592    
  0.740957916    
  0.783230484    
   1.70358224E-03
   1.95200951E-03
   2.54508224E-03
   3.44083994E-03
   4.63729491E-03
   6.14896370E-03
   7.99792726E-03
   1.02099944E-02
   1.28129255E-02
   1.58355646E-02
   1.93074346E-02
   2.32584085E-02
   2.77186111E-02
   3.27183269E-02
   3.82879451E-02
   4.44579273E-02
   5.12587875E-02
   5.87210096E-02
   6.68751374E-02
   7.57517219E-02
   8.53814781E-02
   9.57948565E-02
  0.107022502    
  0.119094975    
  0.132042900    
  0.145896763    
  0.160687432    
  0.176445439    
  0.193201274    
  0.210985795    
  0.229829445    
  0.249762848    
  0.270816594    
  0.293021411    
  0.316408128    
  0.341007203    
  0.366849214    
  0.393964976    
  0.422385037    
  0.452139974    
  0.483260155    
  0.515776694    
  0.549720466    
  0.585121393    
  0.622010469    
  0.660417795    
  0.700374305    
  0.741911113    
  0.785058379    
  0.829846859    
   1.78430870E-03
   2.04448961E-03
   2.66561867E-03
   3.60375177E-03
   4.85680439E-03
   6.43998198E-03
   8.37640744E-03
   1.06931096E-02
   1.34191634E-02
   1.65847819E-02
   2.02208720E-02
   2.43587289E-02
   2.90298983E-02
   3.42661142E-02
   4.00991552E-02
   4.65609692E-02
   5.36835343E-02
   6.14987053E-02
   7.00385123E-02
   7.93349743E-02
   8.94201770E-02
  0.100326084    
  0.112084739    
  0.124728225    
  0.138288587    
  0.152797773    
  0.168287978    
  0.184791297    
  0.202339709    
  0.220965371    
  0.240700275    
  0.261576504    
  0.283625931    
  0.306881040    
  0.331373811    
  0.357136428    
  0.384200662    
  0.412598997    
  0.442363292    
  0.473525584    
  0.506117880    
  0.540172517    
  0.575721622    
  0.612796903    
  0.651430547    
  0.691654325    
  0.733501017    
  0.777002692    
  0.822190762    
  0.869097412    
   1.84918451E-03
   2.11880915E-03
   2.76248134E-03
   3.73466103E-03
   5.03318990E-03
   6.67382311E-03
   8.68052058E-03
   1.10812951E-02
   1.39062721E-02
   1.71867665E-02
   2.09548082E-02
   2.52428148E-02
   3.00834961E-02
   3.55097167E-02
   4.15544249E-02
   4.82507348E-02
   5.56317419E-02
   6.37305006E-02
   7.25801885E-02
   8.22139978E-02
   9.26651657E-02
  0.103966802    
  0.116152100    
  0.129254341    
  0.143306792    
  0.158342466    
  0.174394742    
  0.191496909    
  0.209682137    
  0.228983656    
  0.249434695    
  0.271068335    
  0.293917924    
  0.318016857    
  0.343398571    
  0.370095879    
  0.398142159    
  0.427570790    
  0.458415121    
  0.490708232    
  0.524483323    
  0.559773624    
  0.596612394    
  0.635032833    
  0.675068736    
  0.716752112    
  0.760117233    
  0.805197418    
  0.852025092    
  0.900633812    
   1.89763342E-03
   2.17430852E-03
   2.83480994E-03
   3.83240776E-03
   5.16488636E-03
   6.84841070E-03
   8.90756771E-03
   1.13711013E-02
   1.42699284E-02
   1.76361892E-02
   2.15027258E-02
   2.59028226E-02
   3.08700465E-02
   3.64381224E-02
   4.26408350E-02
   4.95122038E-02
   5.70861287E-02
   6.53965920E-02
   7.44776130E-02
   8.43632370E-02
   9.50875878E-02
  0.106684655    
  0.119188450    
  0.132633194    
  0.147052974    
  0.162481725    
  0.178953618    
  0.196502820    
  0.215163305    
  0.234969243    
  0.255954921    
  0.278154135    
  0.301601112    
  0.326329917    
  0.352375060    
  0.379770309    
  0.408549815    
  0.438747853    
  0.470398515    
  0.503535628    
  0.538193822    
  0.574406564    
  0.612208247    
  0.651632905    
  0.692714870    
  0.735487759    
  0.779986501    
  0.826245129    
  0.874296963    
  0.924176097    
   1.92922680E-03
   2.21049576E-03
   2.88196281E-03
   3.89612443E-03
   5.25072450E-03
   6.96219504E-03
   9.05553345E-03
   1.15599586E-02
   1.45069091E-02
   1.79290548E-02
   2.18597781E-02
   2.63329018E-02
   3.13825756E-02
   3.70430611E-02
   4.33487333E-02
   5.03341295E-02
   5.80337718E-02
   6.64821640E-02
   7.57139251E-02
   8.57636333E-02
   9.66659933E-02
  0.108455516    
  0.121166863    
  0.134834781    
  0.149493888    
  0.165178746    
  0.181924015    
  0.199764505    
  0.218734682    
  0.238869384    
  0.260203332    
  0.282771081    
  0.306607306    
  0.331746459    
  0.358223885    
  0.386073768    
  0.415331095    
  0.446030289    
  0.478206545    
  0.511893809    
  0.547127128    
  0.583941102    
  0.622370303    
  0.662449181    
  0.704212904    
  0.747695506    
  0.792932630    
  0.839958906    
  0.888808310    
  0.939515412    
   1.94368488E-03
   2.22705072E-03
   2.90352316E-03
   3.92524572E-03
   5.28994249E-03
   7.01417122E-03
   9.12310742E-03
   1.16462009E-02
   1.46151120E-02
   1.80627555E-02
   2.20227800E-02
   2.65292358E-02
   3.16165239E-02
   3.73191759E-02
   4.36718352E-02
   5.07092923E-02
   5.84662855E-02
   6.69776201E-02
   7.62781724E-02
   8.64027888E-02
   9.73863676E-02
  0.109263703    
  0.122069716    
  0.135839522    
  0.150607854    
  0.166409582    
  0.183279604    
  0.201253057    
  0.220364600    
  0.240649328    
  0.262142241    
  0.284878105    
  0.308891922    
  0.334218383    
  0.360892922    
  0.388950527    
  0.418425947    
  0.449353963    
  0.481769949    
  0.515708148    
  0.551203787    
  0.588292003    
  0.627007782    
  0.667385459    
  0.709460199    
  0.753266752    
  0.798840761    
  0.846217394    
  0.895430565    
  0.946515262    
   1.94087985E-03
   2.22382764E-03
   2.89929984E-03
   3.91951343E-03
   5.28219528E-03
   7.00387498E-03
   9.10969451E-03
   1.16290580E-02
   1.45935751E-02
   1.80361215E-02
   2.19902825E-02
   2.64900811E-02
   3.15698385E-02
   3.72640379E-02
   4.36072946E-02
   5.06343357E-02
   5.83798178E-02
   6.68785796E-02
   7.61653706E-02
   8.62749666E-02
   9.72422734E-02
  0.109102078    
  0.121889137    
  0.135638535    
  0.150384992    
  0.166163400    
  0.183008462    
  0.200955257    
  0.220038489    
  0.240293264    
  0.261754304    
  0.284456491    
  0.308434725    
  0.333723694    
  0.360358834    
  0.388374895    
  0.417806685    
  0.448688984    
  0.481057018    
  0.514945149    
  0.550388336    
  0.587421358    
  0.626079798    
  0.666397572    
  0.708410144    
  0.752151847    
  0.797658443    
  0.844964743    
  0.894104958    
  0.945113957    
   1.92083686E-03
   2.20085494E-03
   2.86933198E-03
   3.87897994E-03
   5.22754900E-03
   6.93139760E-03
   9.01541021E-03
   1.15086762E-02
   1.44424895E-02
   1.78493820E-02
   2.17625797E-02
   2.62157712E-02
   3.12429182E-02
   3.68781388E-02
   4.31556925E-02
   5.01099341E-02
   5.77751957E-02
   6.61858842E-02
   7.53764883E-02
   8.53813812E-02
   9.62350592E-02
  0.107972041    
  0.120626666    
  0.134233624    
  0.148827374    
  0.164442316    
  0.181112856    
  0.198873699    
  0.217759311    
  0.237804294    
  0.259043008    
  0.281510025    
  0.305239975    
  0.330267072    
  0.356626302    
  0.384352118    
  0.413479000    
  0.444041520    
  0.476074070    
  0.509611130    
  0.544687212    
  0.581336737    
  0.619594693    
  0.659494996    
  0.701072395    
  0.744360864    
  0.789395869    
  0.836212039    
  0.884843290    
  0.935323834    
   1.88373402E-03
   2.15833704E-03
   2.81388569E-03
   3.80400638E-03
   5.12649259E-03
   6.79738587E-03
   8.84109084E-03
   1.12861292E-02
   1.41632007E-02
   1.75041929E-02
   2.13417001E-02
   2.57087499E-02
   3.06386612E-02
   3.61648723E-02
   4.23210263E-02
   4.91407476E-02
   5.66577129E-02
   6.49057403E-02
   7.39185438E-02
   8.37299079E-02
   9.43736583E-02
  0.105883583    
  0.118293434    
  0.131637186    
  0.145948648    
  0.161261618    
  0.177609712    
  0.195027009    
  0.213547289    
  0.233204409    
  0.254032314    
  0.276064783    
  0.299335748    
  0.323878765    
  0.349728078    
  0.376917481    
  0.405481040    
  0.435452580    
  0.466865599    
  0.499753892    
  0.534151316    
  0.570091784    
  0.607609570    
  0.646738172    
  0.687511325    
  0.729962766    
  0.774126768    
  0.820037305    
  0.867727518    
  0.917231679    
   1.82990253E-03
   2.09665205E-03
   2.73345341E-03
   3.69525841E-03
   4.97992150E-03
   6.60302769E-03
   8.58828519E-03
   1.09633980E-02
   1.37581863E-02
   1.70036238E-02
   2.07313746E-02
   2.49735303E-02
   2.97624376E-02
   3.51305939E-02
   4.11106944E-02
   4.77353595E-02
   5.50373346E-02
   6.30494505E-02
   7.18044862E-02
   8.13352317E-02
   9.16745514E-02
  0.102855302    
  0.114910282    
  0.127872378    
  0.141774490    
  0.156649455    
  0.172530040    
  0.189449146    
  0.207439721    
  0.226534575    
  0.246766806    
  0.268169224    
  0.290774554    
  0.314615577    
  0.339725643    
  0.366137475    
  0.393884152    
  0.422998339    
  0.453512788    
  0.485460281    
  0.518874228    
  0.553786755    
  0.590231597    
  0.628241003    
  0.667847872    
  0.709085345    
  0.751986206    
  0.796583593    
  0.842909992    
  0.890998006    
   1.75982027E-03
   2.01634853E-03
   2.62874924E-03
   3.55370063E-03
   4.78913728E-03
   6.35004975E-03
   8.25923774E-03
   1.05433390E-02
   1.32310390E-02
   1.63521152E-02
   1.99370198E-02
   2.40166280E-02
   2.86220256E-02
   3.37844789E-02
   3.95354256E-02
   4.59062383E-02
   5.29284105E-02
   6.06335290E-02
   6.90530762E-02
   7.82186091E-02
   8.81617293E-02
   9.89140049E-02
  0.110507093    
  0.122972533    
  0.136341929    
  0.150646880    
  0.165918961    
  0.182189748    
  0.199490815    
  0.217854023    
  0.237310961    
  0.257893175    
  0.279632390    
  0.302559972    
  0.326707810    
  0.352107614    
  0.378790945    
  0.406789422    
  0.436134547    
  0.466857940    
  0.498991370    
  0.532566190    
  0.567614734    
  0.604167402    
  0.642256498    
  0.681913495    
  0.723170459    
  0.766059160    
  0.810610235    
  0.856855690    
   1.67410949E-03
   1.91813929E-03
   2.50070356E-03
   3.38059035E-03
   4.55583492E-03
   6.04070025E-03
   7.85687193E-03
   1.00296903E-02
   1.25864390E-02
   1.55554498E-02
   1.89656895E-02
   2.28465311E-02
   2.72275507E-02
   3.21384892E-02
   3.76092196E-02
   4.36696261E-02
   5.03496900E-02
   5.76793887E-02
   6.56887218E-02
   7.44076818E-02
   8.38663653E-02
   9.40947533E-02
  0.105123013    
  0.116981097    
  0.129699171    
  0.143307135    
  0.157835156    
  0.173313215    
  0.189771265    
  0.207239717    
  0.225748643    
  0.245328143    
  0.266008168    
  0.287818700    
  0.310790002    
  0.334952265    
  0.360335529    
  0.386969864    
  0.414885283    
  0.444111586    
  0.474679410    
  0.506618321    
  0.539959311    
  0.574731231    
  0.610964537    
  0.648689270    
  0.687936008    
  0.728734970    
  0.771115661    
  0.815107942    
   1.57353224E-03
   1.80289696E-03
   2.35045515E-03
   3.17746657E-03
   4.28208662E-03
   5.67772333E-03
   7.38475565E-03
   9.42700729E-03
   1.18301129E-02
   1.46207046E-02
   1.78260170E-02
   2.14736424E-02
   2.55913902E-02
   3.02072093E-02
   3.53491679E-02
   4.10453863E-02
   4.73240428E-02
   5.42132743E-02
   6.17412888E-02
   6.99363053E-02
   7.88265839E-02
   8.84403288E-02
   9.88058448E-02
  0.109951377    
  0.121905155    
  0.134695366    
  0.148350358    
  0.162898287    
  0.178367302    
  0.194786012    
  0.212182686    
  0.230585530    
  0.250022799    
  0.270522684    
  0.292113602    
  0.314823866    
  0.338681847    
  0.363715559    
  0.389953345    
  0.417423278    
  0.446154147    
  0.476173937    
  0.507511079    
  0.540193439    
  0.574249566    
  0.609707355    
  0.646595657    
  0.684942782    
  0.724776506    
  0.766125262    
   1.45898107E-03
   1.67164556E-03
   2.17933720E-03
   2.94613186E-03
   3.97032266E-03
   5.26434137E-03
   6.84708497E-03
   8.74063466E-03
   1.09687680E-02
   1.35561777E-02
   1.65281054E-02
   1.99101437E-02
   2.37280671E-02
   2.80077942E-02
   3.27753611E-02
   3.80568244E-02
   4.38783355E-02
   5.02659678E-02
   5.72458506E-02
   6.48441687E-02
   7.30871186E-02
   8.20008814E-02
   9.16116685E-02
  0.101945698    
  0.113029063    
  0.124888033    
  0.137548804    
  0.151037440    
  0.165380150    
  0.180603415    
  0.196733400    
  0.213796228    
  0.231818229    
  0.250825435    
  0.270844221    
  0.291901112    
  0.314021826    
  0.337232947    
  0.361560225    
  0.387030095    
  0.413669050    
  0.441502988    
  0.470558435    
  0.500861168    
  0.532437623    
  0.565313578    
  0.599516034    
  0.635071039    
  0.672004461    
  0.710342288    
   1.33147417E-03
   1.52555085E-03
   1.98886823E-03
   2.68864003E-03
   3.62331094E-03
   4.80422657E-03
   6.24863105E-03
   7.97667261E-03
   1.00100581E-02
   1.23713156E-02
   1.50834816E-02
   1.81699134E-02
   2.16541253E-02
   2.55597848E-02
   2.99106408E-02
   3.47304754E-02
   4.00431491E-02
   4.58724685E-02
   5.22422791E-02
   5.91764599E-02
   6.66989461E-02
   7.48335794E-02
   8.36043283E-02
   9.30350795E-02
  0.103149705    
  0.113972165    
  0.125526294    
  0.137835965    
  0.150925040    
  0.164817721    
  0.179537833    
  0.195109293    
  0.211556077    
  0.228901953    
  0.247170940    
  0.266387314    
  0.286574602    
  0.307756960    
  0.329957813    
  0.353201598    
  0.377512097    
  0.402913123    
  0.429429024    
  0.457083195    
  0.485899657    
  0.515902162    
  0.547115147    
  0.579562306    
  0.613267541    
  0.648254335    
   1.19214330E-03
   1.36590959E-03
   1.78074010E-03
   2.40727863E-03
   3.24413367E-03
   4.30146279E-03
   5.59470477E-03
   7.14190351E-03
   8.96249153E-03
   1.10766357E-02
   1.35049652E-02
   1.62683968E-02
   1.93879716E-02
   2.28849035E-02
   2.67804340E-02
   3.10958494E-02
   3.58525477E-02
   4.10717949E-02
   4.67749946E-02
   5.29834926E-02
   5.97187132E-02
   6.70020580E-02
   7.48548955E-02
   8.32986757E-02
   9.23548192E-02
  0.102044657    
  0.112389587    
  0.123411059    
  0.135130346    
  0.147569105    
  0.160748675    
  0.174690589    
  0.189416155    
  0.204946667    
  0.221303821    
  0.238509029    
  0.256583601    
  0.275549173    
  0.295426786    
  0.316237956    
  0.338004082    
  0.360746920    
  0.384487897    
  0.409248024    
  0.435048878    
  0.461911559    
  0.489857912    
  0.518909335    
  0.549087107    
  0.580412447    
   1.04222645E-03
   1.19413959E-03
   1.55680091E-03
   2.10454548E-03
   2.83615571E-03
   3.76051338E-03
   4.89111384E-03
   6.24373602E-03
   7.83536490E-03
   9.68362764E-03
   1.18065691E-02
   1.42224655E-02
   1.69497188E-02
   2.00068746E-02
   2.34124996E-02
   2.71852091E-02
   3.13436873E-02
   3.59065458E-02
   4.08925042E-02
   4.63202074E-02
   5.22084087E-02
   5.85757904E-02
   6.54410645E-02
   7.28229284E-02
   8.07401463E-02
   8.92114043E-02
   9.82553139E-02
  0.107890651    
  0.118136138    
  0.129010648    
  0.140532747    
  0.152721271    
  0.165594861    
  0.179172233    
  0.193472207    
  0.208513707    
  0.224315211    
  0.240895718    
  0.258273393    
  0.276467264    
  0.295496106    
  0.315378726    
  0.336134046    
  0.357780308    
  0.380336374    
  0.403820693    
  0.428252459    
  0.453650415    
  0.480032891    
  0.507418752    
   8.83054570E-04
   1.01176626E-03
   1.31903891E-03
   1.78312697E-03
   2.40299990E-03
   3.18618165E-03
   4.14410699E-03
   5.29014505E-03
   6.63868524E-03
   8.20466410E-03
   1.00033712E-02
   1.20502887E-02
   1.43610099E-02
   1.69512536E-02
   1.98367424E-02
   2.30332557E-02
   2.65566092E-02
   3.04225907E-02
   3.46470512E-02
   3.92457917E-02
   4.42346744E-02
   4.96295914E-02
   5.54463305E-02
   6.17007762E-02
   6.84088245E-02
   7.55862743E-02
   8.32489133E-02
   9.14126337E-02
  0.100093305    
  0.109306946    
  0.119069330    
  0.129396319    
  0.140303701    
  0.151807413    
  0.163923368    
  0.176667556    
  0.190055758    
  0.204103917    
  0.218827486    
  0.234242618    
  0.250365287    
  0.267211318    
  0.284796625    
  0.303136885    
  0.322247893    
  0.342145503    
  0.362845898    
  0.384364873    
  0.406717986    
  0.429921180    
   7.16041366E-04
   8.20408808E-04
   1.06956507E-03
   1.44587818E-03
   1.94851065E-03
   2.58356403E-03
   3.36031243E-03
   4.28959448E-03
   5.38307568E-03
   6.65287022E-03
   8.11137818E-03
   9.77115054E-03
   1.16448300E-02
   1.37451664E-02
   1.60849039E-02
   1.86768398E-02
   2.15338040E-02
   2.46685930E-02
   2.80940570E-02
   3.18230093E-02
   3.58683057E-02
   4.02428545E-02
   4.49594371E-02
   5.00309579E-02
   5.54702803E-02
   6.12901933E-02
   6.75035492E-02
   7.41232038E-02
   8.11620355E-02
   8.86330381E-02
   9.65489894E-02
  0.104922764    
  0.113767199    
  0.123095125    
  0.132919535    
  0.143253386    
  0.154109359    
  0.165500507    
  0.177439302    
  0.189938903    
  0.203012198    
  0.216672048    
  0.230931327    
  0.245802730    
  0.261299223    
  0.277433515    
  0.294218719    
  0.311667681    
  0.329793006    
  0.348607749    
   5.42669673E-04
   6.21766842E-04
   8.10594996E-04
   1.09579240E-03
   1.47672289E-03
   1.95801165E-03
   2.54668784E-03
   3.25096468E-03
   4.07968182E-03
   5.04202349E-03
   6.14738418E-03
   7.40528014E-03
   8.82529188E-03
   1.04170749E-02
   1.21902945E-02
   1.41546540E-02
   1.63198672E-02
   1.86956264E-02
   2.12916862E-02
   2.41177548E-02
   2.71835756E-02
   3.04989107E-02
   3.40734832E-02
   3.79170366E-02
   4.20393534E-02
   4.64500785E-02
   5.11589982E-02
   5.61758280E-02
   6.15103692E-02
   6.71724528E-02
   7.31717274E-02
   7.95179531E-02
   8.62208903E-02
   9.32902545E-02
  0.100735947    
  0.108567663    
  0.116795093    
  0.125428066    
  0.134476200    
  0.143949285    
  0.153857112    
  0.164209530    
  0.175016254    
  0.186286837    
  0.198031217    
  0.210258961    
  0.222979948    
  0.236203998    
  0.249940693    
  0.264199674    
   3.64479260E-04
   4.17604082E-04
   5.44428302E-04
   7.35978130E-04
   9.91825946E-04
   1.31507835E-03
   1.71045610E-03
   2.18347530E-03
   2.74007488E-03
   3.38642113E-03
   4.12882445E-03
   4.97367559E-03
   5.92741091E-03
   6.99651288E-03
   8.18747841E-03
   9.50682070E-03
   1.09610595E-02
   1.25567149E-02
   1.43003277E-02
   1.61984321E-02
   1.82575546E-02
   2.04842575E-02
   2.28850804E-02
   2.54665650E-02
   2.82352772E-02
   3.11976951E-02
   3.43603715E-02
   3.77298743E-02
   4.13127579E-02
   4.51156422E-02
   4.91449870E-02
   5.34073673E-02
   5.79093099E-02
   6.26573637E-02
   6.76581860E-02
   7.29182735E-02
   7.84441456E-02
   8.42423514E-02
   9.03194100E-02
   9.66819152E-02
  0.103336401    
  0.110289469    
  0.117547698    
  0.125117525    
  0.133005515    
  0.141218126    
  0.149762034    
  0.158643812    
  0.167869896    
  0.177446872    
   1.83052369E-04
   2.09733189E-04
   2.73427926E-04
   3.69629794E-04
   4.98123991E-04
   6.60470861E-04
   8.59040883E-04
   1.09660486E-03
   1.37614552E-03
   1.70075905E-03
   2.07361579E-03
   2.49792426E-03
   2.97691743E-03
   3.51385074E-03
   4.11198847E-03
   4.77460073E-03
   5.50496113E-03
   6.30634557E-03
   7.18203839E-03
   8.13532155E-03
   9.16947518E-03
   1.02877887E-02
   1.14935488E-02
   1.27900448E-02
   1.41805699E-02
   1.56683829E-02
   1.72567703E-02
   1.89490356E-02
   2.07484607E-02
   2.26583779E-02
   2.46820301E-02
   2.68227234E-02
   2.90837288E-02
   3.14683393E-02
   3.39798890E-02
   3.66216637E-02
   3.93969230E-02
   4.23089452E-02
   4.53610197E-02
   4.85564359E-02
   5.18985242E-02
   5.53905517E-02
   5.90358339E-02
   6.28376156E-02
   6.67991936E-02
   7.09238127E-02
   7.52148107E-02
   7.96754807E-02
   8.43090490E-02
   8.91187787E-02
