  -1.95905240E-03
  -2.19448050E-03
  -2.76298728E-03
  -3.62073886E-03
  -4.76069842E-03
  -6.19195029E-03
  -7.93130416E-03
  -9.99952573E-03
  -1.24195358E-02
  -1.52154909E-02
  -1.84122808E-02
  -2.20352318E-02
  -2.61100028E-02
  -3.06624044E-02
  -3.57183851E-02
  -4.13039774E-02
  -4.74452861E-02
  -5.41684367E-02
  -6.14996366E-02
  -6.94650710E-02
  -7.80909061E-02
  -8.74033719E-02
  -9.74286795E-02
 -0.108193070    
 -0.119722776    
 -0.132044122    
 -0.145183325    
 -0.159166560    
 -0.174020156    
 -0.189770371    
 -0.206443384    
 -0.224065542    
 -0.242663100    
 -0.262262225    
 -0.282889247    
 -0.304570526    
 -0.327332139    
 -0.351200461    
 -0.376201689    
 -0.402362108    
 -0.429708004    
 -0.458265603    
 -0.488061309    
 -0.519121170    
 -0.551471412    
 -0.585138440    
 -0.620148182    
 -0.656527221    
 -0.694301546    
 -0.733497560    
 -0.774141610    
 -0.816259980    
 -0.859878600    
 -0.905023992    
 -0.951722503    
  -1.95188087E-03
  -2.18644552E-03
  -2.75286729E-03
  -3.60747287E-03
  -4.74325148E-03
  -6.16925396E-03
  -7.90222734E-03
  -9.96286236E-03
  -1.23739978E-02
  -1.51596973E-02
  -1.83447599E-02
  -2.19544228E-02
  -2.60142479E-02
  -3.05499509E-02
  -3.55873816E-02
  -4.11524884E-02
  -4.72712666E-02
  -5.39697520E-02
  -6.12740628E-02
  -6.92102835E-02
  -7.78044760E-02
  -8.70827809E-02
  -9.70713049E-02
 -0.107796200    
 -0.119283609    
 -0.131559759    
 -0.144650772    
 -0.158582717    
 -0.173381835    
 -0.189074218    
 -0.205686077    
 -0.223243609    
 -0.241772935    
 -0.261300176    
 -0.281851500    
 -0.303453267    
 -0.326131344    
 -0.349912137    
 -0.374821633    
 -0.400886059    
 -0.428131610    
 -0.456584513    
 -0.486270845    
 -0.517216861    
 -0.549448371    
 -0.582991958    
 -0.617873311    
 -0.654118717    
 -0.691754401    
 -0.730806828    
 -0.771301568    
 -0.813265681    
 -0.856724262    
 -0.901704073    
 -0.948231161    
  -1.93041854E-03
  -2.16239924E-03
  -2.72258138E-03
  -3.56777245E-03
  -4.69103875E-03
  -6.10133121E-03
  -7.81521108E-03
  -9.85314324E-03
  -1.22377155E-02
  -1.49927232E-02
  -1.81426927E-02
  -2.17125919E-02
  -2.57276781E-02
  -3.02134082E-02
  -3.51953395E-02
  -4.06991355E-02
  -4.67504933E-02
  -5.33751659E-02
  -6.05990067E-02
  -6.84477761E-02
  -7.69472644E-02
  -8.61233473E-02
  -9.60017964E-02
 -0.106608547    
 -0.117969371    
 -0.130110279    
 -0.143057019    
 -0.156835467    
 -0.171471521    
 -0.186990976    
 -0.203419745    
 -0.220783815    
 -0.239109069    
 -0.258421183    
 -0.278745919    
 -0.300109565    
 -0.322537750    
 -0.346056521    
 -0.370691657    
 -0.396468908    
 -0.423414379    
 -0.451553822    
 -0.480912954    
 -0.511517644    
 -0.543394089    
 -0.576567948    
 -0.611064970    
 -0.646911144    
 -0.684132159    
 -0.722754180    
 -0.762803018    
 -0.804304421    
 -0.847284436    
 -0.891768813    
 -0.937783122    
  -1.89482316E-03
  -2.12251814E-03
  -2.67235166E-03
  -3.50192841E-03
  -4.60444205E-03
  -5.98868029E-03
  -7.67089566E-03
  -9.67117306E-03
  -1.20116891E-02
  -1.47157926E-02
  -1.78075619E-02
  -2.13115029E-02
  -2.52524056E-02
  -2.96552535E-02
  -3.45451273E-02
  -3.99472229E-02
  -4.58867773E-02
  -5.23890592E-02
  -5.94794229E-02
  -6.71831518E-02
  -7.55255967E-02
  -8.45321193E-02
  -9.42280516E-02
 -0.104638793    
 -0.115789711    
 -0.127706274    
 -0.140413791    
 -0.153937653    
 -0.168303236    
 -0.183535919    
 -0.199661210    
 -0.216704488    
 -0.234691143    
 -0.253646344    
 -0.273595542    
 -0.294564396    
 -0.316578180    
 -0.339662284    
 -0.363842100    
 -0.389143139    
 -0.415590554    
 -0.443209827    
 -0.472026587    
 -0.502065897    
 -0.533353329    
 -0.565914035    
 -0.599773407    
 -0.634957135    
 -0.671490252    
 -0.709398985    
 -0.748707652    
 -0.789442122    
 -0.831627905    
 -0.875290275    
 -0.920454919    
  -1.84535584E-03
  -2.06709513E-03
  -2.60254671E-03
  -3.41042457E-03
  -4.48409794E-03
  -5.83212683E-03
  -7.47033721E-03
  -9.41829011E-03
  -1.16975782E-02
  -1.43309403E-02
  -1.73418298E-02
  -2.07541082E-02
  -2.45919097E-02
  -2.88795773E-02
  -3.36415209E-02
  -3.89022902E-02
  -4.46864590E-02
  -5.10186329E-02
  -5.79234958E-02
  -6.54256940E-02
  -7.35498816E-02
  -8.23207796E-02
  -9.17630792E-02
 -0.101901442    
 -0.112760603    
 -0.124365389    
 -0.136740476    
 -0.149910539    
 -0.163900286    
 -0.178734511    
 -0.194437966    
 -0.211035386    
 -0.228551507    
 -0.247010753    
 -0.266437978    
 -0.286858231    
 -0.308296055    
 -0.330776274    
 -0.354323447    
 -0.378962457    
 -0.404717892    
 -0.431614518    
 -0.459677368    
 -0.488930762    
 -0.519399524    
 -0.551108181    
 -0.584081888    
 -0.618344843    
 -0.653922319    
 -0.690839052    
 -0.729119360    
 -0.768788159    
 -0.809870064    
 -0.852390349    
 -0.896373510    
  -1.78237923E-03
  -1.99653651E-03
  -2.51367898E-03
  -3.29393218E-03
  -4.33088979E-03
  -5.63282147E-03
  -7.21500861E-03
  -9.09634773E-03
  -1.12976842E-02
  -1.38409873E-02
  -1.67489052E-02
  -2.00444888E-02
  -2.37510391E-02
  -2.78920699E-02
  -3.24911587E-02
  -3.75720002E-02
  -4.31583412E-02
  -4.92739640E-02
  -5.59426844E-02
  -6.31882995E-02
  -7.10346326E-02
  -7.95055628E-02
  -8.86249170E-02
  -9.84165296E-02
 -0.108904324    
 -0.120112211    
 -0.132064059    
 -0.144783601    
 -0.158294946    
 -0.172621921    
 -0.187788337    
 -0.203818068    
 -0.220734969    
 -0.238562837    
 -0.257325619    
 -0.277047604    
 -0.297752231    
 -0.319463462    
 -0.342205226    
 -0.366001546    
 -0.390875876    
 -0.416852623    
 -0.443955630    
 -0.472208470    
 -0.501635134    
 -0.532259285    
 -0.564104915    
 -0.597196043    
 -0.631556511    
 -0.667210460    
 -0.704181671    
 -0.742493749    
 -0.782170773    
 -0.823237062    
 -0.865716338    
  -1.70635537E-03
  -1.91135984E-03
  -2.40639970E-03
  -3.15330410E-03
  -4.14594123E-03
  -5.39222406E-03
  -6.90678274E-03
  -8.70770216E-03
  -1.08149452E-02
  -1.32495360E-02
  -1.60331521E-02
  -1.91878546E-02
  -2.27359701E-02
  -2.66999770E-02
  -3.11024766E-02
  -3.59661169E-02
  -4.13136631E-02
  -4.71678749E-02
  -5.35515100E-02
  -6.04874082E-02
  -6.79983199E-02
  -7.61071220E-02
  -8.48366469E-02
  -9.42096859E-02
 -0.104249097    
 -0.114977859    
 -0.126418814    
 -0.138594672    
 -0.151528418    
 -0.165242940    
 -0.179761037    
 -0.195105448    
 -0.211299136    
 -0.228364930    
 -0.246325612    
 -0.265204370    
 -0.285023779    
 -0.305806786    
 -0.327576250    
 -0.350355297    
 -0.374166310    
 -0.399032593    
 -0.424976945    
 -0.452021986    
 -0.480190545    
 -0.509505570    
 -0.539989591    
 -0.571666062    
 -0.604557812    
 -0.638687372    
 -0.674078226    
 -0.710752308    
 -0.748733401    
 -0.788044155    
 -0.828707576    
  -1.61784212E-03
  -1.81219017E-03
  -2.28149630E-03
  -2.98957387E-03
  -3.93060828E-03
  -5.11210179E-03
  -6.54792227E-03
  -8.25521350E-03
  -1.02529032E-02
  -1.25609199E-02
  -1.51998131E-02
  -1.81904957E-02
  -2.15541422E-02
  -2.53120493E-02
  -2.94856485E-02
  -3.40964273E-02
  -3.91659513E-02
  -4.47157845E-02
  -5.07675223E-02
  -5.73427938E-02
  -6.44631907E-02
  -7.21503720E-02
  -8.04260299E-02
  -8.93117413E-02
  -9.88291800E-02
 -0.109000124    
 -0.119846173    
 -0.131388962    
 -0.143650278    
 -0.156651735    
 -0.170414895    
 -0.184961423    
 -0.200313196    
 -0.216491625    
 -0.233518451    
 -0.251415551    
 -0.270204425    
 -0.289906740    
 -0.310544282    
 -0.332138926    
 -0.354711980    
 -0.378285229    
 -0.402880520    
 -0.428519398    
 -0.455223322    
 -0.483013988    
 -0.511912882    
 -0.541942418    
 -0.573123634    
 -0.605478644    
 -0.639029324    
 -0.673796833    
 -0.709803164    
 -0.747070193    
 -0.785619259    
  -1.51748839E-03
  -1.69975415E-03
  -2.13988405E-03
  -2.80394102E-03
  -3.68647138E-03
  -4.79450775E-03
  -6.14105817E-03
  -7.74219865E-03
  -9.61567927E-03
  -1.17801921E-02
  -1.42550040E-02
  -1.70597266E-02
  -2.02142242E-02
  -2.37384662E-02
  -2.76525524E-02
  -3.19766365E-02
  -3.67309302E-02
  -4.19356786E-02
  -4.76111360E-02
  -5.37775420E-02
  -6.04551621E-02
  -6.76643699E-02
  -7.54254237E-02
  -8.37586075E-02
  -9.26842839E-02
 -0.102222733    
 -0.112394333    
 -0.123219341    
 -0.134718224    
 -0.146911249    
 -0.159818485    
 -0.173460484    
 -0.187857583    
 -0.203029990    
 -0.218998060    
 -0.235782251    
 -0.253402799    
 -0.271879971    
 -0.291234255    
 -0.311485887    
 -0.332655162    
 -0.354762495    
 -0.377828330    
 -0.401872754    
 -0.426916033    
 -0.452978492    
 -0.480080485    
 -0.508242488    
 -0.537484765    
 -0.567828059    
 -0.599292517    
 -0.631898284    
 -0.665665805    
 -0.700615346    
 -0.736767113    
  -1.40603073E-03
  -1.57487730E-03
  -1.98260345E-03
  -2.59776879E-03
  -3.41532030E-03
  -4.44177259E-03
  -5.68917673E-03
  -7.17241969E-03
  -8.90794769E-03
  -1.09130787E-02
  -1.32056531E-02
  -1.58038493E-02
  -1.87260583E-02
  -2.19907798E-02
  -2.56166421E-02
  -2.96223033E-02
  -3.40265036E-02
  -3.88479680E-02
  -4.41054739E-02
  -4.98177968E-02
  -5.60036898E-02
  -6.26820102E-02
  -6.98715150E-02
  -7.75910541E-02
  -8.58593956E-02
  -9.46954265E-02
 -0.104118004    
 -0.114145890    
 -0.124797955    
 -0.136092946    
 -0.148049742    
 -0.160687059    
 -0.174023971    
 -0.188079044    
 -0.202871159    
 -0.218419194    
 -0.234741986    
 -0.251858503    
 -0.269787431    
 -0.288547605    
 -0.308158010    
 -0.328637421    
 -0.350004524    
 -0.372278005    
 -0.395476788    
 -0.419620007    
 -0.444726110    
 -0.470814198    
 -0.497903198    
 -0.526011825    
 -0.555159032    
 -0.585363567    
 -0.616644442    
 -0.649020314    
 -0.682509780    
  -1.28428626E-03
  -1.43847556E-03
  -1.81080727E-03
  -2.37256940E-03
  -3.11914575E-03
  -4.05648490E-03
  -5.19559206E-03
  -6.55006012E-03
  -8.13490432E-03
  -9.96594038E-03
  -1.20594660E-02
  -1.44320717E-02
  -1.71005558E-02
  -2.00818125E-02
  -2.33928375E-02
  -2.70506963E-02
  -3.10724974E-02
  -3.54753099E-02
  -4.02763076E-02
  -4.54926379E-02
  -5.11414148E-02
  -5.72398528E-02
  -6.38051033E-02
  -7.08543286E-02
  -7.84047246E-02
  -8.64735171E-02
  -9.50778797E-02
 -0.104235046    
 -0.113962129    
 -0.124276325    
 -0.135194868    
 -0.146734893    
 -0.158913627    
 -0.171748281    
 -0.185255989    
 -0.199453935    
 -0.214359298    
 -0.229989529    
 -0.246361688    
 -0.263492823    
 -0.281400293    
 -0.300101191    
 -0.319612771    
 -0.339952260    
 -0.361136615    
 -0.383183330    
 -0.406109333    
 -0.429932147    
 -0.454668939    
 -0.480336726    
 -0.506952882    
 -0.534534574    
 -0.563099086    
 -0.592663348    
 -0.623244882    
  -1.15314813E-03
  -1.29154953E-03
  -1.62575603E-03
  -2.12999387E-03
  -2.80012004E-03
  -3.64147103E-03
  -4.66392376E-03
  -5.87968202E-03
  -7.30221905E-03
  -8.94573145E-03
  -1.08248480E-02
  -1.29544605E-02
  -1.53496396E-02
  -1.80255659E-02
  -2.09974851E-02
  -2.42806952E-02
  -2.78905760E-02
  -3.18424590E-02
  -3.61517258E-02
  -4.08337712E-02
  -4.59039845E-02
  -5.13777994E-02
  -5.72706312E-02
  -6.35978505E-02
  -7.03748837E-02
  -7.76172131E-02
  -8.53402987E-02
  -9.35595408E-02
 -0.102290332    
 -0.111548021    
 -0.121348225    
 -0.131706208    
 -0.142637551    
 -0.154157579    
 -0.166281790    
 -0.179025516    
 -0.192404106    
 -0.206433281    
 -0.221128434    
 -0.236504912    
 -0.252578139    
 -0.269363493    
 -0.286876559    
 -0.305132627    
 -0.324147046    
 -0.343935430    
 -0.364513248    
 -0.385895908    
 -0.408098847    
 -0.431137651    
 -0.455027610    
 -0.479784071    
 -0.505422533    
 -0.531958520    
 -0.559407771    
  -1.01357815E-03
  -1.13517663E-03
  -1.42880692E-03
  -1.87182287E-03
  -2.46058288E-03
  -3.19977524E-03
  -4.09807405E-03
  -5.16620558E-03
  -6.41599856E-03
  -7.85992946E-03
  -9.51085705E-03
  -1.13818506E-02
  -1.34861600E-02
  -1.58371180E-02
  -1.84481256E-02
  -2.13326123E-02
  -2.45040953E-02
  -2.79760305E-02
  -3.17619741E-02
  -3.58754098E-02
  -4.03298549E-02
  -4.51388843E-02
  -5.03160469E-02
  -5.58748543E-02
  -6.18288144E-02
  -6.81915507E-02
  -7.49766678E-02
  -8.21976811E-02
  -8.98680836E-02
  -9.80014279E-02
 -0.106611378    
 -0.115711406    
 -0.125315085    
 -0.135435939    
 -0.146087557    
 -0.157283500    
 -0.169037253    
 -0.181362540    
 -0.194272935    
 -0.207781747    
 -0.221902788    
 -0.236649543    
 -0.252035469    
 -0.268074036    
 -0.284779102    
 -0.302164167    
 -0.320242673    
 -0.339028299    
 -0.358534485    
 -0.378774971    
 -0.399763376    
 -0.421513110    
 -0.444037765    
 -0.467351049    
 -0.491466433    
  -8.66600079E-04
  -9.70503956E-04
  -1.22140429E-03
  -1.59994955E-03
  -2.10302579E-03
  -2.73463735E-03
  -3.50219547E-03
  -4.41486295E-03
  -5.48274675E-03
  -6.71650609E-03
  -8.12712964E-03
  -9.72578488E-03
  -1.15237888E-02
  -1.35325370E-02
  -1.57634728E-02
  -1.82280764E-02
  -2.09378880E-02
  -2.39044186E-02
  -2.71392427E-02
  -3.06538902E-02
  -3.44598964E-02
  -3.85688767E-02
  -4.29923721E-02
  -4.77419570E-02
  -5.28291725E-02
  -5.82656823E-02
  -6.40630499E-02
  -7.02328533E-02
  -7.67866001E-02
  -8.37359428E-02
  -9.10924375E-02
  -9.88676921E-02
 -0.107073300    
 -0.115720712    
 -0.124821700    
 -0.134387732    
 -0.144430399    
 -0.154961288    
 -0.165992141    
 -0.177534312    
 -0.189599574    
 -0.202199370    
 -0.215345293    
 -0.229049012    
 -0.243321985    
 -0.258176148    
 -0.273622781    
 -0.289673448    
 -0.306339830    
 -0.323633581    
 -0.341566443    
 -0.360149682    
 -0.379395157    
 -0.399314672    
 -0.419919342    
  -7.13292102E-04
  -7.98739202E-04
  -1.00506993E-03
  -1.31636811E-03
  -1.73007080E-03
  -2.24946951E-03
  -2.88065732E-03
  -3.63116595E-03
  -4.50930791E-03
  -5.52384742E-03
  -6.68381667E-03
  -7.99840223E-03
  -9.47691221E-03
  -1.11287134E-02
  -1.29632177E-02
  -1.49898576E-02
  -1.72181278E-02
  -1.96574945E-02
  -2.23174747E-02
  -2.52075493E-02
  -2.83371918E-02
  -3.17159593E-02
  -3.53533588E-02
  -3.92588899E-02
  -4.34420556E-02
  -4.79124337E-02
  -5.26795126E-02
  -5.77528365E-02
  -6.31418899E-02
  -6.88562170E-02
  -7.49053285E-02
  -8.12987536E-02
  -8.80460441E-02
  -9.51566473E-02
 -0.102640174    
 -0.110506140    
 -0.118763961    
 -0.127423286    
 -0.136493668    
 -0.145984575    
 -0.155905560    
 -0.166266069    
 -0.177075595    
 -0.188343763    
 -0.200080141    
 -0.212294281    
 -0.224995658    
 -0.238193676    
 -0.251898050    
 -0.266118228    
 -0.280863792    
 -0.296144366    
 -0.311969578    
 -0.328348726    
 -0.345291704    
  -5.54778322E-04
  -6.21142157E-04
  -7.81390525E-04
  -1.02315890E-03
  -1.34445413E-03
  -1.74783065E-03
  -2.23801797E-03
  -2.82086409E-03
  -3.50282434E-03
  -4.29070182E-03
  -5.19151241E-03
  -6.21238910E-03
  -7.36055849E-03
  -8.64329189E-03
  -1.00679025E-02
  -1.16417166E-02
  -1.33721000E-02
  -1.52664129E-02
  -1.73320305E-02
  -1.95763167E-02
  -2.20066495E-02
  -2.46304274E-02
  -2.74550356E-02
  -3.04878689E-02
  -3.37362923E-02
  -3.72077301E-02
  -4.09095734E-02
  -4.48491909E-02
  -4.90340069E-02
  -5.34714013E-02
  -5.81687540E-02
  -6.31334633E-02
  -6.83729574E-02
  -7.38946125E-02
  -7.97058046E-02
  -8.58139247E-02
  -9.22263935E-02
  -9.89506394E-02
 -0.105994038    
 -0.113363966    
 -0.121067844    
 -0.129112989    
 -0.137506902    
 -0.146256939    
 -0.155370489    
 -0.164855048    
 -0.174717903    
 -0.184966534    
 -0.195608243    
 -0.206650570    
 -0.218100980    
 -0.229966670    
 -0.242255330    
 -0.254974246    
 -0.268130869    
  -3.92221380E-04
  -4.39015537E-04
  -5.52006590E-04
  -7.22472847E-04
  -9.49005014E-04
  -1.23340148E-03
  -1.57899375E-03
  -1.98990316E-03
  -2.47068005E-03
  -3.02611827E-03
  -3.66116292E-03
  -4.38084314E-03
  -5.19025093E-03
  -6.09450974E-03
  -7.09877629E-03
  -8.20821617E-03
  -9.42801870E-03
  -1.07633742E-02
  -1.22194793E-02
  -1.38015263E-02
  -1.55147081E-02
  -1.73642524E-02
  -1.93553604E-02
  -2.14932356E-02
  -2.37830821E-02
  -2.62301192E-02
  -2.88395677E-02
  -3.16166133E-02
  -3.45664844E-02
  -3.76943797E-02
  -4.10055295E-02
  -4.45051417E-02
  -4.81983982E-02
  -5.20905405E-02
  -5.61867543E-02
  -6.04923069E-02
  -6.50123358E-02
  -6.97521567E-02
  -7.47169182E-02
  -7.99117982E-02
  -8.53420347E-02
  -9.10128430E-02
  -9.69294906E-02
 -0.103097178    
 -0.109521143    
 -0.116206534    
 -0.123158589    
 -0.130382568    
 -0.137883633    
 -0.145667061    
 -0.153738096    
 -0.162101969    
 -0.170763865    
 -0.179729149    
 -0.189002991    
  -2.26813601E-04
  -2.53695122E-04
  -3.18600825E-04
  -4.16515482E-04
  -5.46623836E-04
  -7.09954882E-04
  -9.08418559E-04
  -1.14437868E-03
  -1.42044621E-03
  -1.73937192E-03
  -2.10399413E-03
  -2.51719845E-03
  -2.98190676E-03
  -3.50106065E-03
  -4.07761615E-03
  -4.71454393E-03
  -5.41482214E-03
  -6.18142262E-03
  -7.01733446E-03
  -7.92553648E-03
  -8.90900847E-03
  -9.97075066E-03
  -1.11137461E-02
  -1.23409871E-02
  -1.36554604E-02
  -1.50601557E-02
  -1.65580567E-02
  -1.81521550E-02
  -1.98454522E-02
  -2.16409303E-02
  -2.35415734E-02
  -2.55503822E-02
  -2.76703332E-02
  -2.99044289E-02
  -3.22556458E-02
  -3.47270109E-02
  -3.73214893E-02
  -4.00420651E-02
  -4.28917520E-02
  -4.58735041E-02
  -4.89903353E-02
  -5.22452295E-02
  -5.56412488E-02
  -5.91812953E-02
  -6.28684536E-02
  -6.67056590E-02
  -7.06959069E-02
  -7.48422071E-02
  -7.91475773E-02
  -8.36149752E-02
  -8.82474929E-02
  -9.30480808E-02
  -9.80197564E-02
 -0.103165559    
 -0.108488441    
  -5.97681246E-05
  -6.65401967E-05
  -8.28851553E-05
  -1.07530912E-04
  -1.40262287E-04
  -1.81331270E-04
  -2.31211961E-04
  -2.90492899E-04
  -3.59826896E-04
  -4.39902127E-04
  -5.31428785E-04
  -6.35127828E-04
  -7.51728890E-04
  -8.81970278E-04
  -1.02659001E-03
  -1.18633441E-03
  -1.36194809E-03
  -1.55417668E-03
  -1.76376686E-03
  -1.99146173E-03
  -2.23800796E-03
  -2.50415970E-03
  -2.79066525E-03
  -3.09826666E-03
  -3.42771434E-03
  -3.77975591E-03
  -4.15513525E-03
  -4.55460045E-03
  -4.97890636E-03
  -5.42878732E-03
  -5.90499304E-03
  -6.40827417E-03
  -6.93937764E-03
  -7.49904476E-03
  -8.08802713E-03
  -8.70707538E-03
  -9.35693458E-03
  -1.00383535E-02
  -1.07520726E-02
  -1.14988340E-02
  -1.22793885E-02
  -1.30944951E-02
  -1.39449136E-02
  -1.48313968E-02
  -1.57546848E-02
  -1.67155322E-02
  -1.77146755E-02
  -1.87528990E-02
  -1.98309403E-02
  -2.09495667E-02
  -2.21095290E-02
  -2.33115982E-02
  -2.45565344E-02
  -2.58451067E-02
  -2.71780547E-02
   1.07689906E-04
   1.21076613E-04
   1.53411544E-04
   2.02214418E-04
   2.67098803E-04
   3.48591624E-04
   4.47658502E-04
   5.65489696E-04
   7.03396334E-04
   8.62757384E-04
   1.04499643E-03
   1.25156145E-03
   1.48392143E-03
   1.74354645E-03
   2.03192187E-03
   2.35053198E-03
   2.70086806E-03
   3.08442116E-03
   3.50268674E-03
   3.95716727E-03
   4.44935309E-03
   4.98074200E-03
   5.55282971E-03
   6.16711751E-03
   6.82510389E-03
   7.52829202E-03
   8.27818364E-03
   9.07627866E-03
   9.92407836E-03
   1.08230868E-02
   1.17748016E-02
   1.27807353E-02
   1.38423750E-02
   1.49612306E-02
   1.61388051E-02
   1.73766017E-02
   1.86761152E-02
   2.00388469E-02
   2.14663036E-02
   2.29600072E-02
   2.45214608E-02
   2.61521395E-02
   2.78535336E-02
   2.96271611E-02
   3.14745046E-02
   3.33970599E-02
   3.53963338E-02
   3.74738276E-02
   3.96310240E-02
   4.18694392E-02
   4.41905297E-02
   4.65958342E-02
   4.90868054E-02
   5.16649559E-02
   5.43317795E-02
   2.74332386E-04
   3.07779294E-04
   3.88556102E-04
   5.10448357E-04
   6.72471302E-04
   8.75926635E-04
   1.12321286E-03
   1.41729019E-03
   1.76142412E-03
   2.15905090E-03
   2.61371653E-03
   3.12902872E-03
   3.70864314E-03
   4.35622735E-03
   5.07548172E-03
   5.87010710E-03
   6.74381945E-03
   7.70033896E-03
   8.74339044E-03
   9.87671036E-03
   1.11040119E-02
   1.24290427E-02
   1.38555234E-02
   1.53871868E-02
   1.70277767E-02
   1.87810287E-02
   2.06506867E-02
   2.26404872E-02
   2.47541610E-02
   2.69954633E-02
   2.93681175E-02
   3.18758823E-02
   3.45224589E-02
   3.73116173E-02
   4.02471051E-02
   4.33326662E-02
   4.65719923E-02
   4.99688685E-02
   5.35270274E-02
   5.72502315E-02
   6.11422360E-02
   6.52067438E-02
   6.94474950E-02
   7.38682151E-02
   7.84726217E-02
   8.32644701E-02
   8.82475376E-02
   9.34254751E-02
   9.88020971E-02
  0.104381107    
  0.110166304    
  0.116161399    
  0.122370020    
  0.128796011    
  0.135443106    
   4.38937190E-04
   4.92198626E-04
   6.20823936E-04
   8.14910396E-04
   1.07288186E-03
   1.39680540E-03
   1.79049477E-03
   2.25865934E-03
   2.80649448E-03
   3.43946903E-03
   4.16322285E-03
   4.98350058E-03
   5.90611482E-03
   6.93690451E-03
   8.08175746E-03
   9.34657082E-03
   1.07372468E-02
   1.22597143E-02
   1.39198992E-02
   1.57237351E-02
   1.76771507E-02
   1.97860934E-02
   2.20564976E-02
   2.44943053E-02
   2.71054618E-02
   2.98959054E-02
   3.28716040E-02
   3.60384956E-02
   3.94025482E-02
   4.29696962E-02
   4.67458665E-02
   5.07370643E-02
   5.49491718E-02
   5.93881570E-02
   6.40600175E-02
   6.89706802E-02
   7.41260648E-02
   7.95321390E-02
   8.51948559E-02
   9.11202654E-02
   9.73142833E-02
  0.103782803    
  0.110531792    
  0.117567167    
  0.124894910    
  0.132520929    
  0.140451208    
  0.148691624    
  0.157248273    
  0.166127011    
  0.175333828    
  0.184874669    
  0.194755480    
  0.204982162    
  0.215560630    
   6.00297062E-04
   6.72982074E-04
   8.48511467E-04
   1.11336715E-03
   1.46539346E-03
   1.90740731E-03
   2.44461000E-03
   3.08342604E-03
   3.83094163E-03
   4.69461782E-03
   5.68214804E-03
   6.80137007E-03
   8.06021504E-03
   9.46664717E-03
   1.10286977E-02
   1.27544180E-02
   1.46518517E-02
   1.67290941E-02
   1.89942271E-02
   2.14553494E-02
   2.41205487E-02
   2.69979294E-02
   3.00955921E-02
   3.34216505E-02
   3.69842052E-02
   4.07913774E-02
   4.48513031E-02
   4.91720587E-02
   5.37617989E-02
   5.86285889E-02
   6.37805760E-02
   6.92258701E-02
   7.49725923E-02
   8.10288712E-02
   8.74028057E-02
   9.41025317E-02
  0.101136133    
  0.108511783    
  0.116237566    
  0.124321692    
  0.132772326    
  0.141597375    
  0.150805041    
  0.160403371    
  0.170400634    
  0.180804968    
  0.191624314    
  0.202866897    
  0.214540705    
  0.226653978    
  0.239214882    
  0.252231538    
  0.265711993    
  0.279664367    
  0.294096768    
   7.57229049E-04
   8.48803727E-04
   1.06994854E-03
   1.40362990E-03
   1.84712699E-03
   2.40398757E-03
   3.08076059E-03
   3.88553995E-03
   4.82725026E-03
   5.91529161E-03
   7.15934951E-03
   8.56930669E-03
   1.01551432E-02
   1.19268987E-02
   1.38946800E-02
   1.60686392E-02
   1.84589159E-02
   2.10756902E-02
   2.39291564E-02
   2.70295031E-02
   3.03869229E-02
   3.40116322E-02
   3.79138328E-02
   4.21037376E-02
   4.65915538E-02
   5.13875224E-02
   5.65018728E-02
   6.19447902E-02
   6.77265227E-02
   7.38572925E-02
   8.03472847E-02
   8.72067213E-02
   9.44458693E-02
  0.102074929    
  0.110104151    
  0.118543811    
  0.127404079    
  0.136695102    
  0.146427304    
  0.156610876    
  0.167256042    
  0.178372949    
  0.189971805    
  0.202062756    
  0.214656234    
  0.227762461    
  0.241391554    
  0.255553722    
  0.270259172    
  0.285518140    
  0.301340997    
  0.317738026    
  0.334719181    
  0.352294832    
  0.370475113    
   9.08581831E-04
   1.01837423E-03
   1.28351117E-03
   1.68356940E-03
   2.21528229E-03
   2.88290228E-03
   3.69428052E-03
   4.65911673E-03
   5.78811066E-03
   7.09253270E-03
   8.58399086E-03
   1.02743339E-02
   1.21755246E-02
   1.42996060E-02
   1.66586880E-02
   1.92649364E-02
   2.21305173E-02
   2.52676234E-02
   2.86884829E-02
   3.24053019E-02
   3.64303105E-02
   4.07757573E-02
   4.54538688E-02
   5.04768640E-02
   5.58570176E-02
   6.16066232E-02
   6.77378774E-02
   7.42630139E-02
   8.11943412E-02
   8.85440409E-02
   9.63244140E-02
  0.104547679    
  0.113226138    
  0.122372068    
  0.131997660    
  0.142115325    
  0.152737275    
  0.163875580    
  0.175542757    
  0.187751114    
  0.200512767    
  0.213839889    
  0.227744684    
  0.242239639    
  0.257336885    
  0.273048818    
  0.289387554    
  0.306365371    
  0.323994577    
  0.342287719    
  0.361256480    
  0.380913466    
  0.401270807    
  0.422340691    
  0.444135457    
   1.05324585E-03
   1.18045008E-03
   1.48763345E-03
   1.95113185E-03
   2.56715948E-03
   3.34063987E-03
   4.28066822E-03
   5.39848115E-03
   6.70647388E-03
   8.21770541E-03
   9.94562265E-03
   1.19039528E-02
   1.41065475E-02
   1.65673625E-02
   1.93004366E-02
   2.23198403E-02
   2.56397054E-02
   2.92741321E-02
   3.32372859E-02
   3.75433117E-02
   4.22063805E-02
   4.72406745E-02
   5.26603721E-02
   5.84796220E-02
   6.47126734E-02
   7.13736787E-02
   7.84768462E-02
   8.60363469E-02
   9.40663517E-02
  0.102581106    
  0.111594722    
  0.121121429    
  0.131175607    
  0.141771242    
  0.152922660    
  0.164644107    
  0.176949784    
  0.189853758    
  0.203370348    
  0.217513874    
  0.232298300    
  0.247737870    
  0.263846755    
  0.280639321    
  0.298129737    
  0.316332072    
  0.335260600    
  0.354929537    
  0.375353128    
  0.396545857    
  0.418521374    
  0.441294283    
  0.464878350    
  0.489287972    
  0.514537394    
   1.19016005E-03
   1.33384287E-03
   1.68081815E-03
   2.20435532E-03
   2.90017785E-03
   3.77384247E-03
   4.83562192E-03
   6.09820941E-03
   7.57560506E-03
   9.28255636E-03
   1.12342546E-02
   1.34462053E-02
   1.59340408E-02
   1.87135376E-02
   2.18005460E-02
   2.52109617E-02
   2.89607402E-02
   3.30658332E-02
   3.75421941E-02
   4.24058400E-02
   4.76727597E-02
   5.33589683E-02
   5.94804958E-02
   6.60533160E-02
   7.30935112E-02
   8.06170553E-02
   8.86400193E-02
   9.71783996E-02
  0.106248200    
  0.115865462    
  0.126046255    
  0.136806548    
  0.148162618    
  0.160130188    
  0.172725603    
  0.185964942    
  0.199864015    
  0.214438930    
  0.229705781    
  0.245680615    
  0.262379527    
  0.279818296    
  0.298013240    
  0.316980243    
  0.336735457    
  0.357294649    
  0.378674239    
  0.400890142    
  0.423958331    
  0.447895020    
  0.472716272    
  0.498437643    
  0.525075555    
  0.552645802    
  0.581164598    
   1.31832086E-03
   1.47742731E-03
   1.86164887E-03
   2.44138273E-03
   3.21189268E-03
   4.17933101E-03
   5.35507221E-03
   6.75317179E-03
   8.38912465E-03
   1.02792708E-02
   1.24404328E-02
   1.48897711E-02
   1.76445991E-02
   2.07223743E-02
   2.41406728E-02
   2.79170889E-02
   3.20692770E-02
   3.66148986E-02
   4.15716283E-02
   4.69572097E-02
   5.27893230E-02
   5.90857454E-02
   6.58641681E-02
   7.31423348E-02
   8.09380189E-02
   8.92689303E-02
   9.81528237E-02
  0.107607439    
  0.117650516    
  0.128299743    
  0.139572933    
  0.151487961    
  0.164062560    
  0.177314356    
  0.191261366    
  0.205921263    
  0.221311837    
  0.237450778    
  0.254355788    
  0.272044808    
  0.290535659    
  0.309845686    
  0.329993069    
  0.350995302    
  0.372870356    
  0.395635843    
  0.419309825    
  0.443909615    
  0.469453245    
  0.495958507    
  0.523442924    
  0.551924407    
  0.581420541    
  0.611949086    
  0.643528044    
   1.43678859E-03
   1.61015126E-03
   2.02879892E-03
   2.66047590E-03
   3.50002036E-03
   4.55413293E-03
   5.83520764E-03
   7.35855801E-03
   9.14106984E-03
   1.12005416E-02
   1.35553079E-02
   1.62240658E-02
   1.92256738E-02
   2.25791596E-02
   2.63036564E-02
   3.04183625E-02
   3.49424928E-02
   3.98952663E-02
   4.52960320E-02
   5.11640236E-02
   5.75185455E-02
   6.43789694E-02
   7.17645660E-02
   7.96946734E-02
   8.81886706E-02
   9.72657949E-02
  0.106945470    
  0.117246956    
  0.128189549    
  0.139792681    
  0.152075678    
  0.165057957    
  0.178758830    
  0.193197578    
  0.208393857    
  0.224366844    
  0.241136000    
  0.258720577    
  0.277139664    
  0.296413153    
  0.316560119    
  0.337599754    
  0.359551728    
  0.382435203    
  0.406269670    
  0.431074530    
  0.456869185    
  0.483672291    
  0.511503756    
  0.540382862    
  0.570329010    
  0.601361632    
  0.633499682    
  0.666762829    
  0.701170206    
   1.54469418E-03
   1.73104124E-03
   2.18104385E-03
   2.86002876E-03
   3.76244611E-03
   4.89549665E-03
   6.27250876E-03
   7.90993404E-03
   9.82592441E-03
   1.20396102E-02
   1.45707019E-02
   1.74392927E-02
   2.06656568E-02
   2.42702533E-02
   2.82736383E-02
   3.26964371E-02
   3.75593193E-02
   4.28829305E-02
   4.86880690E-02
   5.49954437E-02
   6.18257485E-02
   6.91998154E-02
   7.71384165E-02
   8.56623054E-02
   9.47922319E-02
  0.104549058    
  0.114953421    
  0.126026183    
  0.137788087    
  0.150259987    
  0.163462654    
  0.177416936    
  0.192143634    
  0.207663476    
  0.223997504    
  0.241166458    
  0.259191006    
  0.278091997    
  0.297890335    
  0.318606794    
  0.340261936    
  0.362876832    
  0.386472404    
  0.411069244    
  0.436688215    
  0.463350445    
  0.491076171    
  0.519886196    
  0.549801409    
  0.580842853    
  0.613031089    
  0.646387279    
  0.680931568    
  0.716684937    
  0.753668189    
   1.64124696E-03
   1.83921144E-03
   2.31726631E-03
   3.03857680E-03
   3.99724487E-03
   5.20092202E-03
   6.66376576E-03
   8.40325188E-03
   1.04386620E-02
   1.27903214E-02
   1.54791763E-02
   1.85265485E-02
   2.19539944E-02
   2.57832557E-02
   3.00361477E-02
   3.47345881E-02
   3.99005339E-02
   4.55559306E-02
   5.17228581E-02
   5.84233254E-02
   6.56793118E-02
   7.35129565E-02
   8.19463283E-02
   9.10013914E-02
  0.100700326    
  0.111065187    
  0.122117974    
  0.133880749    
  0.146375671    
  0.159624845    
  0.173650220    
  0.188474089    
  0.204118624    
  0.220605746    
  0.237957776    
  0.256196648    
  0.275344402    
  0.295423239    
  0.316455275    
  0.338462830    
  0.361467570    
  0.385491759    
  0.410557806    
  0.436687529    
  0.463903159    
  0.492226899    
  0.521680593    
  0.552286088    
  0.584065855    
  0.617041528    
  0.651235759    
  0.686670303    
  0.723367333    
  0.761348724    
  0.800636828    
   1.72573933E-03
   1.93386851E-03
   2.43646838E-03
   3.19481129E-03
   4.20269463E-03
   5.46816690E-03
   7.00610876E-03
   8.83489568E-03
   1.09747918E-02
   1.34471692E-02
   1.62740555E-02
   1.94778480E-02
   2.30812356E-02
   2.71070674E-02
   3.15782689E-02
   3.65178809E-02
   4.19489816E-02
   4.78946865E-02
   5.43781482E-02
   6.14225343E-02
   6.90509677E-02
   7.72867203E-02
   8.61529484E-02
   9.56728309E-02
  0.105869554    
  0.116766460    
  0.128386512    
  0.140753031    
  0.153889239    
  0.167818427    
  0.182563737    
  0.198148504    
  0.214596033    
  0.231929392    
  0.250172049    
  0.269347012    
  0.289477527    
  0.310586989    
  0.332698643    
  0.355835676    
  0.380021274    
  0.405278623    
  0.431631178    
  0.459102064    
  0.487714767    
  0.517492175    
  0.548457563    
  0.580633819    
  0.614044607    
  0.648713052    
  0.684662402    
  0.721915662    
  0.760496080    
  0.800426960    
  0.841731489    
   1.79755234E-03
   2.01431871E-03
   2.53777462E-03
   3.32758599E-03
   4.37729014E-03
   5.69527177E-03
   7.29702879E-03
   9.20169428E-03
   1.14303790E-02
   1.40053350E-02
   1.69495065E-02
   2.02862229E-02
   2.40391102E-02
   2.82319728E-02
   3.28886770E-02
   3.80332135E-02
   4.36896496E-02
   4.98820245E-02
   5.66344708E-02
   6.39710948E-02
   7.19160065E-02
   8.04934204E-02
   8.97274464E-02
   9.96422470E-02
  0.110262059    
  0.121610910    
  0.133713052    
  0.146592602    
  0.160273731    
  0.174780786    
  0.190137818    
  0.206369117    
  0.223499060    
  0.241551459    
  0.260550767    
  0.280521184    
  0.301486939    
  0.323472172    
  0.346500993    
  0.370597780    
  0.395786703    
  0.422091842    
  0.449537784    
  0.478148222    
  0.507947743    
  0.538960755    
  0.571210802    
  0.604721785    
  0.639518499    
  0.675624907    
  0.713065505    
  0.751864135    
  0.792045176    
  0.833632588    
  0.876650751    
   1.85615965E-03
   2.07997207E-03
   2.62044347E-03
   3.43592768E-03
   4.51975176E-03
   5.88057237E-03
   7.53439171E-03
   9.50096082E-03
   1.18020820E-02
   1.44607238E-02
   1.75005831E-02
   2.09457353E-02
   2.48205923E-02
   2.91497093E-02
   3.39577571E-02
   3.92694846E-02
   4.51097488E-02
   5.15033752E-02
   5.84752597E-02
   6.60502911E-02
   7.42533877E-02
   8.31095427E-02
   9.26436186E-02
  0.102880634    
  0.113845535    
  0.125563160    
  0.138058558    
  0.151356652    
  0.165482372    
  0.180460781    
  0.196316868    
  0.213075668    
  0.230762318    
  0.249401361    
  0.269018114    
  0.289637566    
  0.311284542    
  0.333984017    
  0.357761383    
  0.382641137    
  0.408648610    
  0.435808480    
  0.464146286    
  0.493686557    
  0.524454474    
  0.556475043    
  0.589772880    
  0.624372602    
  0.660299897    
  0.697579980    
  0.736237168    
  0.776296794    
  0.817783713    
  0.860722661    
  0.905138493    
   1.90113182E-03
   2.13034824E-03
   2.68386980E-03
   3.51904426E-03
   4.62903548E-03
   6.02270942E-03
   7.71645596E-03
   9.73049738E-03
   1.20871710E-02
   1.48099968E-02
   1.79232415E-02
   2.14515533E-02
   2.54199356E-02
   2.98535600E-02
   3.47776785E-02
   4.02176306E-02
   4.61988635E-02
   5.27468361E-02
   5.98869957E-02
   6.76448718E-02
   7.60459751E-02
   8.51159021E-02
   9.48800892E-02
  0.105364218    
  0.116593711    
  0.128594160    
  0.141391128    
  0.155010164    
  0.169476867    
  0.184816822    
  0.201055720    
  0.218219087    
  0.236332625    
  0.255421609    
  0.275511861    
  0.296628863    
  0.318798244    
  0.342045665    
  0.366396874    
  0.391877323    
  0.418512315    
  0.446327746    
  0.475349575    
  0.505602717    
  0.537113249    
  0.569906592    
  0.604008019    
  0.639442921    
  0.676237345    
  0.714417100    
  0.754007161    
  0.795033693    
  0.837522268    
  0.881497622    
  0.926985502    
   1.93213881E-03
   2.16507795E-03
   2.72758771E-03
   3.57632525E-03
   4.70433990E-03
   6.12064125E-03
   7.84188602E-03
   9.88862943E-03
   1.22835618E-02
   1.50505891E-02
   1.82143748E-02
   2.17999667E-02
   2.58327685E-02
   3.03383563E-02
   3.53424102E-02
   4.08706591E-02
   4.69490029E-02
   5.36032543E-02
   6.08593188E-02
   6.87431246E-02
   7.72805884E-02
   8.64977390E-02
   9.64204594E-02
  0.107074708    
  0.118486471    
  0.130681708    
  0.143686414    
  0.157526478    
  0.172227964    
  0.187816992    
  0.204319388    
  0.221761420    
  0.240169019    
  0.259567916    
  0.279984176    
  0.301443785    
  0.323973060    
  0.347597718    
  0.372344166    
  0.398238271    
  0.425305724    
  0.453572482    
  0.483065367    
  0.513809562    
  0.545831442    
  0.579156756    
  0.613811493    
  0.649821758    
  0.687213480    
  0.726012945    
  0.766245604    
  0.807938278    
  0.851116300    
  0.895805359    
  0.942031682    
   1.94895419E-03
   2.18390813E-03
   2.75127869E-03
   3.60735180E-03
   4.74511273E-03
   6.17365167E-03
   7.90976267E-03
   9.97419190E-03
   1.23898117E-02
   1.51807433E-02
   1.83718558E-02
   2.19884142E-02
   2.60560475E-02
   3.06005552E-02
   3.56478207E-02
   4.12238240E-02
   4.73546721E-02
   5.40663712E-02
   6.13851249E-02
   6.93370104E-02
   7.79482126E-02
   8.72449651E-02
   9.72533822E-02
  0.107999675    
  0.119509943    
  0.131810471    
  0.144927457    
  0.158887029    
  0.173715487    
  0.189439163    
  0.206084117    
  0.223676801    
  0.242243290    
  0.261809617    
  0.282402247    
  0.304047197    
  0.326770842    
  0.350599468    
  0.375559658    
  0.401677549    
  0.428978622    
  0.457489401    
  0.487236917    
  0.518246651    
  0.550544977    
  0.584158063    
  0.619112074    
  0.655433178    
  0.693147838    
  0.732282281    
  0.772862613    
  0.814915121    
  0.858466089    
  0.903541028    
  0.950166643    
   1.95145688E-03
   2.18670047E-03
   2.75476859E-03
   3.61189572E-03
   4.75105550E-03
   6.18135044E-03
   7.91959465E-03
   9.98655614E-03
   1.24051413E-02
   1.51995039E-02
   1.83945261E-02
   2.20155194E-02
   2.60881446E-02
   3.06382217E-02
   3.56916673E-02
   4.12745066E-02
   4.74128798E-02
   5.41327931E-02
   6.14605285E-02
   6.94221854E-02
   7.80439302E-02
   8.73521045E-02
   9.73727778E-02
  0.108132228    
  0.119656578    
  0.131972164    
  0.145105213    
  0.159081936    
  0.173928618    
  0.189671546    
  0.206336930    
  0.223951161    
  0.242540300    
  0.262130558    
  0.282748461    
  0.304419845    
  0.327171296    
  0.351029128    
  0.376019895    
  0.402169585    
  0.429504067    
  0.458049834    
  0.487833709    
  0.518881559    
  0.551219404    
  0.584873438    
  0.619870126    
  0.656235933    
  0.693996608    
  0.733179271    
  0.773809433    
  0.815913439    
  0.859517694    
  0.904647946    
  0.951330662    
   1.93962816E-03
   2.17343471E-03
   2.73803389E-03
   3.58992396E-03
   4.72212676E-03
   6.14368450E-03
   7.87130557E-03
   9.92563460E-03
   1.23294406E-02
   1.51067264E-02
   1.82822254E-02
   2.18810886E-02
   2.59288214E-02
   3.04510891E-02
   3.54736373E-02
   4.10223715E-02
   4.71232161E-02
   5.38020507E-02
   6.10849783E-02
   6.89979941E-02
   7.75670707E-02
   8.68183300E-02
   9.67777520E-02
  0.107471399    
  0.118925303    
  0.131165609    
  0.144218400    
  0.158109680    
  0.172865629    
  0.188512340    
  0.205075830    
  0.222582385    
  0.241057843    
  0.260528266    
  0.281019986    
  0.302558929    
  0.325171351    
  0.348883390    
  0.373721361    
  0.399711221    
  0.426878542    
  0.455249727    
  0.484851539    
  0.515709281    
  0.547849298    
  0.581297874    
  0.616080701    
  0.652224243    
  0.689754248    
  0.728697419    
  0.769079208    
  0.810925841    
  0.854263484    
  0.899117947    
  0.945515215    
   1.91355508E-03
   2.14420981E-03
   2.70119729E-03
   3.54160066E-03
   4.65853652E-03
   6.06092624E-03
   7.76525214E-03
   9.79187712E-03
   1.21632675E-02
   1.49031011E-02
   1.80357713E-02
   2.15861052E-02
   2.55792532E-02
   3.00405379E-02
   3.49953473E-02
   4.04692329E-02
   4.64878082E-02
   5.30765504E-02
   6.02612682E-02
   6.80675358E-02
   7.65210763E-02
   8.56475532E-02
   9.54726636E-02
  0.106022097    
  0.117321491    
  0.129396692    
  0.142273486    
  0.155977413    
  0.170534328    
  0.185970068    
  0.202310190    
  0.219580621    
  0.237806886    
  0.257014662    
  0.277229846    
  0.298478365    
  0.320785791    
  0.344178081    
  0.368681043    
  0.394320279    
  0.421121299    
  0.449109703    
  0.478312194    
  0.508753717    
  0.540460229    
  0.573457778    
  0.607771397    
  0.643427551    
  0.680451393    
  0.718869448    
  0.758706748    
  0.799989104    
  0.842742264    
  0.886991501    
  0.932763100    
   1.87342975E-03
   2.09924043E-03
   2.64452933E-03
   3.46727972E-03
   4.56075510E-03
   5.93368802E-03
   7.60221248E-03
   9.58626438E-03
   1.19078420E-02
   1.45901162E-02
   1.76569745E-02
   2.11327281E-02
   2.50419956E-02
   2.94095632E-02
   3.42602730E-02
   3.96191664E-02
   4.55113165E-02
   5.19616306E-02
   5.89954294E-02
   6.66377097E-02
   7.49136582E-02
   8.38483945E-02
   9.34670866E-02
  0.103794903    
  0.114856869    
  0.126678452    
  0.139284700    
  0.152700767    
  0.166951850    
  0.182063282    
  0.198060215    
  0.214967772    
  0.232811153    
  0.251615494    
  0.271405995    
  0.292208165    
  0.314046919    
  0.336947799    
  0.360935956    
  0.386036366    
  0.412274271    
  0.439674914    
  0.468263835    
  0.498065948    
  0.529106557    
  0.561410844    
  0.595003307    
  0.629910409    
  0.666156471    
  0.703767359    
  0.742767870    
  0.783182979    
  0.825037956    
  0.868357658    
  0.913167596    
   1.81954820E-03
   2.03885743E-03
   2.56844680E-03
   3.36750736E-03
   4.42949915E-03
   5.76290209E-03
   7.38338474E-03
   9.31030605E-03
   1.15650361E-02
   1.41700776E-02
   1.71486214E-02
   2.05242988E-02
   2.43209973E-02
   2.85627861E-02
   3.32738273E-02
   3.84784229E-02
   4.42008972E-02
   5.04654832E-02
   5.72967455E-02
   6.47189766E-02
   7.27566183E-02
   8.14340562E-02
   9.07757506E-02
  0.100806177    
  0.111549631    
  0.123030819    
  0.135274038    
  0.148303807    
  0.162144542    
  0.176820800    
  0.192357078    
  0.208777785    
  0.226107389    
  0.244370177    
  0.263590842    
  0.283794016    
  0.305004060    
  0.327245355    
  0.350542724    
  0.374920279    
  0.400402784    
  0.427014470    
  0.454780221    
  0.483724177    
  0.513870955    
  0.545244813    
  0.577870131    
  0.611772001    
  0.646974444    
  0.683502376    
  0.721379697    
  0.760630965    
  0.801280677    
  0.843353152    
  0.886872709    
   1.75230624E-03
   1.96350482E-03
   2.47350894E-03
   3.24301771E-03
   4.26573446E-03
   5.54982293E-03
   7.11037358E-03
   8.96602869E-03
   1.11373672E-02
   1.36460606E-02
   1.65144466E-02
   1.97652765E-02
   2.34215502E-02
   2.75064465E-02
   3.20432447E-02
   3.70553583E-02
   4.25661802E-02
   4.85990755E-02
   5.51776811E-02
   6.23254068E-02
   7.00657591E-02
   7.84222484E-02
   8.74184445E-02
   9.70778540E-02
  0.107423984    
  0.118480541    
  0.130270913    
  0.142818764    
  0.156147584    
  0.170281023    
  0.185242712    
  0.201056048    
  0.217744753    
  0.235332087    
  0.253841907    
  0.273297727    
  0.293723196    
  0.315141946    
  0.337577701    
  0.361053675    
  0.385593683    
  0.411221236    
  0.437960058    
  0.465833634    
  0.494865328    
  0.525078714    
  0.556497455    
  0.589145362    
  0.623045802    
  0.658222854    
  0.694699407    
  0.732498705    
  0.771644890    
  0.812161028    
  0.854071081    
   1.67219737E-03
   1.87373557E-03
   2.36041215E-03
   3.09472275E-03
   4.07065963E-03
   5.29601378E-03
   6.78518508E-03
   8.55595525E-03
   1.06279720E-02
   1.30219199E-02
   1.57590937E-02
   1.88612230E-02
   2.23502517E-02
   2.62482893E-02
   3.05775683E-02
   3.53604145E-02
   4.06191684E-02
   4.63761166E-02
   5.26537746E-02
   5.94745576E-02
   6.68608397E-02
   7.48350769E-02
   8.34197775E-02
   9.26372856E-02
  0.102510199    
  0.113060981    
  0.124312080    
  0.136285931    
  0.149005041    
  0.162491888    
  0.176769182    
  0.191859260    
  0.207784608    
  0.224567428    
  0.242230535    
  0.260796398    
  0.280287623    
  0.300726593    
  0.322136074    
  0.344538271    
  0.367955714    
  0.392410904    
  0.417926639    
  0.444525182    
  0.472229064    
  0.501060486    
  0.531042099    
  0.562196612    
  0.594546318    
  0.628113925    
  0.662921965    
  0.698992312    
  0.736348093    
  0.775010765    
  0.815003574    
   1.57981052E-03
   1.77020940E-03
   2.22998788E-03
   2.92371237E-03
   3.84570938E-03
   5.00333961E-03
   6.41020155E-03
   8.08309764E-03
   1.00405952E-02
   1.23022264E-02
   1.48881115E-02
   1.78187806E-02
   2.11149715E-02
   2.47975551E-02
   2.88875457E-02
   3.34060229E-02
   3.83740999E-02
   4.38128784E-02
   4.97435555E-02
   5.61873391E-02
   6.31653741E-02
   7.06988871E-02
   7.88090974E-02
   8.75171423E-02
   9.68443230E-02
  0.106811933    
  0.117441200    
  0.128753245    
  0.140769318    
  0.153510734    
  0.166998863    
  0.181254879    
  0.196299985    
  0.212155238    
  0.228842050    
  0.246381760    
  0.264795721    
  0.284105062    
  0.304331154    
  0.325495005    
  0.347618192    
  0.370721728    
  0.394827127    
  0.419955611    
  0.446128130    
  0.473365873    
  0.501690328    
  0.531122804    
  0.561684608    
  0.593396962    
  0.626281023    
  0.660357654    
  0.695648670    
  0.732174456    
  0.769956708    
   1.47582393E-03
   1.65368652E-03
   2.08319328E-03
   2.73124361E-03
   3.59253399E-03
   4.67394665E-03
   5.98817831E-03
   7.55092595E-03
   9.37954243E-03
   1.14922626E-02
   1.39078917E-02
   1.66455992E-02
   1.97247621E-02
   2.31648833E-02
   2.69855782E-02
   3.12065501E-02
   3.58475000E-02
   4.09281924E-02
   4.64683846E-02
   5.24878874E-02
   5.90064637E-02
   6.60439655E-02
   7.36201778E-02
   8.17548856E-02
   9.04679596E-02
   9.97792780E-02
  0.109708674    
  0.120275930    
  0.131500885    
  0.143403366    
  0.156003326    
  0.169320673    
  0.183375210    
  0.198186502    
  0.213774636    
  0.230159566    
  0.247361064    
  0.265398979    
  0.284293324    
  0.304063797    
  0.324730158    
  0.346312642    
  0.368831068    
  0.392304897    
  0.416754156    
  0.442198545    
  0.468658090    
  0.496152788    
  0.524702370    
  0.554326713    
  0.585045576    
  0.616878629    
  0.649845839    
  0.683966577    
  0.719261169    
   1.36100163E-03
   1.52502314E-03
   1.92110671E-03
   2.51872768E-03
   3.31299379E-03
   4.31025168E-03
   5.52221341E-03
   6.96334708E-03
   8.64966493E-03
   1.05979759E-02
   1.28256213E-02
   1.53502775E-02
   1.81898233E-02
   2.13622414E-02
   2.48856265E-02
   2.87781227E-02
   3.30578908E-02
   3.77432071E-02
   4.28522900E-02
   4.84033450E-02
   5.44146411E-02
   6.09045066E-02
   6.78911284E-02
   7.53928348E-02
   8.34278539E-02
   9.20145959E-02
  0.101171255    
  0.110916197    
  0.121267647    
  0.132243901    
  0.143863350    
  0.156144321    
  0.169105098    
  0.182763755    
  0.197138846    
  0.212248728    
  0.228111640    
  0.244745895    
  0.262169838    
  0.280401677    
  0.299459815    
  0.319362819    
  0.340128928    
  0.361776143    
  0.384322822    
  0.407786995    
  0.432187408    
  0.457542598    
  0.483870447    
  0.511189461    
  0.539517820    
  0.568873584    
  0.599275231    
  0.630740643    
  0.663288772    
   1.23618671E-03
   1.38516387E-03
   1.74491748E-03
   2.28772452E-03
   3.00914026E-03
   3.91492574E-03
   5.01572341E-03
   6.32467540E-03
   7.85631873E-03
   9.62592568E-03
   1.16492463E-02
   1.39423329E-02
   1.65214259E-02
   1.94028523E-02
   2.26030760E-02
   2.61385459E-02
   3.00257653E-02
   3.42813283E-02
   3.89217846E-02
   4.39636968E-02
   4.94236089E-02
   5.53181842E-02
   6.16639890E-02
   6.84776530E-02
   7.57756829E-02
   8.35747868E-02
   9.18915719E-02
  0.100742690    
  0.110144652    
  0.120114148    
  0.130667895    
  0.141822398    
  0.153594375    
  0.166000247    
  0.179056793    
  0.192780703    
  0.207188621    
  0.222297102    
  0.238122895    
  0.254682541    
  0.271992683    
  0.290070176    
  0.308931440    
  0.328593105    
  0.349071771    
  0.370383888    
  0.392546177    
  0.415575683    
  0.439488679    
  0.464301884    
  0.490031779    
  0.516694903    
  0.544308126    
  0.572887540    
  0.602449954    
   1.10229547E-03
   1.23513537E-03
   1.55591941E-03
   2.03992985E-03
   2.68320111E-03
   3.49086989E-03
   4.47242707E-03
   5.63959265E-03
   7.00532505E-03
   8.58324207E-03
   1.03873955E-02
   1.24320891E-02
   1.47318132E-02
   1.73011124E-02
   2.01546960E-02
   2.33071875E-02
   2.67733485E-02
   3.05679422E-02
   3.47057283E-02
   3.92014794E-02
   4.40699644E-02
   4.93260249E-02
   5.49844541E-02
   6.10600375E-02
   6.75675347E-02
   7.45218247E-02
   8.19377080E-02
   8.98300186E-02
   9.82135907E-02
  0.107103169    
  0.116513737    
  0.126459971    
  0.136956826    
  0.148018807    
  0.159660980    
  0.171898350    
  0.184745550    
  0.198217511    
  0.212329030    
  0.227094904    
  0.242529929    
  0.258649141    
  0.275467426    
  0.292999327    
  0.311259836    
  0.330263287    
  0.350024939    
  0.370559901    
  0.391882539    
  0.414007872    
  0.436950684    
  0.460725635    
  0.485347569    
  0.510831177    
  0.537191451    
   9.60311620E-04
   1.07603939E-03
   1.35550089E-03
   1.77716266E-03
   2.33756960E-03
   3.04119592E-03
   3.89631186E-03
   4.91312845E-03
   6.10292889E-03
   7.47758197E-03
   9.04933084E-03
   1.08306333E-02
   1.28341047E-02
   1.50724398E-02
   1.75584313E-02
   2.03048289E-02
   2.33244970E-02
   2.66302899E-02
   3.02350391E-02
   3.41516584E-02
   3.83929946E-02
   4.29719873E-02
   4.79015112E-02
   5.31944558E-02
   5.88636771E-02
   6.49221167E-02
   7.13827088E-02
   7.82583356E-02
   8.55619535E-02
   9.33063850E-02
  0.101504698    
  0.110169686    
  0.119314343    
  0.128951401    
  0.139093861    
  0.149754852    
  0.160947070    
  0.172683597    
  0.184977382    
  0.197841167    
  0.211287886    
  0.225330651    
  0.239982381    
  0.255255938    
  0.271164089    
  0.287719548    
  0.304935604    
  0.322825283    
  0.341401219    
  0.360676438    
  0.380663782    
  0.401376069    
  0.422826320    
  0.445027143    
  0.467991620    
   8.11277248E-04
   9.09044116E-04
   1.14513282E-03
   1.50135183E-03
   1.97478314E-03
   2.56920443E-03
   3.29160597E-03
   4.15061181E-03
   5.15575241E-03
   6.31705532E-03
   7.64486706E-03
   9.14970692E-03
   1.08422367E-02
   1.27331801E-02
   1.48333358E-02
   1.71534996E-02
   1.97045133E-02
   2.24972330E-02
   2.55425181E-02
   2.88512688E-02
   3.24343480E-02
   3.63026746E-02
   4.04671356E-02
   4.49385718E-02
   4.97279242E-02
   5.48460856E-02
   6.03039935E-02
   6.61125034E-02
   7.22825900E-02
   7.88250640E-02
   8.57509673E-02
   9.30711553E-02
  0.100796528    
  0.108937897    
  0.117506281    
  0.126512691    
  0.135967880    
  0.145882905    
  0.156268641    
  0.167135954    
  0.178495720    
  0.190358996    
  0.202736720    
  0.215639710    
  0.229078889    
  0.243065000    
  0.257609069    
  0.272722155    
  0.288415074    
  0.304698706    
  0.321584016    
  0.339081734    
  0.357202858    
  0.375958115    
  0.395358473    
   6.56286662E-04
   7.35375274E-04
   9.26359091E-04
   1.21452182E-03
   1.59750402E-03
   2.07836018E-03
   2.66274600E-03
   3.35763907E-03
   4.17074561E-03
   5.11017954E-03
   6.18431158E-03
   7.40164891E-03
   8.77081975E-03
   1.03004975E-02
   1.19994115E-02
   1.38763031E-02
   1.59399491E-02
   1.81991141E-02
   2.06625946E-02
   2.33392045E-02
   2.62377355E-02
   2.93670110E-02
   3.27358395E-02
   3.63529995E-02
   4.02273387E-02
   4.43676822E-02
   4.87828478E-02
   5.34816422E-02
   5.84729053E-02
   6.37654290E-02
   6.93681389E-02
   7.52897933E-02
   8.15392137E-02
   8.81251618E-02
   9.50565562E-02
  0.102342293    
  0.109991074    
  0.118011795    
  0.126413330    
  0.135204449    
  0.144393921    
  0.153990686    
  0.164003640    
  0.174441457    
  0.185313120    
  0.196627200    
  0.208392605    
  0.220618322    
  0.233313054    
  0.246485695    
  0.260144949    
  0.274299711    
  0.288958699    
  0.304130703    
  0.319824636    
   4.96478053E-04
   5.56307845E-04
   7.00785429E-04
   9.18778009E-04
   1.20850070E-03
   1.57226401E-03
   2.01434689E-03
   2.54002749E-03
   3.15513578E-03
   3.86580918E-03
   4.67838021E-03
   5.59928408E-03
   6.63505029E-03
   7.79223721E-03
   9.07745026E-03
   1.04972990E-02
   1.20584331E-02
   1.37674715E-02
   1.56310759E-02
   1.76559016E-02
   1.98486224E-02
   2.22158879E-02
   2.47643758E-02
   2.75007170E-02
   3.04316189E-02
   3.35637592E-02
   3.69037949E-02
   4.04583961E-02
   4.42342348E-02
   4.82379794E-02
   5.24763502E-02
   5.69560379E-02
   6.16836883E-02
   6.66658878E-02
   7.19094351E-02
   7.74210170E-02
   8.32072496E-02
   8.92748311E-02
   9.56305638E-02
  0.102280959    
  0.109232701    
  0.116492592    
  0.124067284    
  0.131963402    
  0.140187696    
  0.148746699    
  0.157647163    
  0.166895807    
  0.176499262    
  0.186464235    
  0.196797341    
  0.207505286    
  0.218594670    
  0.230072156    
  0.241944358    
   3.33024363E-04
   3.73156246E-04
   4.70067665E-04
   6.16290723E-04
   8.10628233E-04
   1.05463003E-03
   1.35116640E-03
   1.70377712E-03
   2.11637467E-03
   2.59307353E-03
   3.13812192E-03
   3.75583791E-03
   4.45059873E-03
   5.22680534E-03
   6.08888967E-03
   7.04128016E-03
   8.08844529E-03
   9.23481956E-03
   1.04848715E-02
   1.18430667E-02
   1.33138746E-02
   1.49017684E-02
   1.66112185E-02
   1.84466802E-02
   2.04126444E-02
   2.25135945E-02
   2.47539952E-02
   2.71383114E-02
   2.96710450E-02
   3.23566273E-02
   3.51996049E-02
   3.82044390E-02
   4.13755924E-02
   4.47175018E-02
   4.82347310E-02
   5.19317389E-02
   5.58129884E-02
   5.98829538E-02
   6.41461983E-02
   6.86070919E-02
   7.32701123E-02
   7.81398341E-02
   8.32207128E-02
   8.85172039E-02
   9.40338299E-02
   9.97749418E-02
  0.105745077    
  0.111948811    
  0.118390523    
  0.125074729    
  0.132005885    
  0.139188468    
  0.146626905    
  0.154325724    
  0.162289411    
   1.67125661E-04
   1.87265454E-04
   2.35899613E-04
   3.09280294E-04
   4.06806794E-04
   5.29256999E-04
   6.78071170E-04
   8.55025719E-04
   1.06208376E-03
   1.30131096E-03
   1.57483853E-03
   1.88483356E-03
   2.23349314E-03
   2.62302486E-03
   3.05565330E-03
   3.53360223E-03
   4.05911217E-03
   4.63441061E-03
   5.26173739E-03
   5.94333513E-03
   6.68144878E-03
   7.47831818E-03
   8.33618827E-03
   9.25730076E-03
   1.02439001E-02
   1.12982402E-02
   1.24225644E-02
   1.36191193E-02
   1.48901446E-02
   1.62378810E-02
   1.76646020E-02
   1.91725511E-02
   2.07639653E-02
   2.24410724E-02
   2.42061671E-02
   2.60614771E-02
   2.80092470E-02
   3.00517231E-02
   3.21911722E-02
   3.44298296E-02
   3.67699377E-02
   3.92137729E-02
   4.17635590E-02
   4.44215611E-02
   4.71900180E-02
   5.00711389E-02
   5.30671999E-02
   5.61804883E-02
   5.94132058E-02
   6.27676249E-02
   6.62459508E-02
   6.98504522E-02
   7.35833645E-02
   7.74469003E-02
   8.14433023E-02
