  -1.96721894E-03
  -2.16575270E-03
  -2.65035010E-03
  -3.38154635E-03
  -4.34980914E-03
  -5.55941509E-03
  -7.02152122E-03
  -8.75096023E-03
  -1.07645886E-02
  -1.30804861E-02
  -1.57174561E-02
  -1.86947435E-02
  -2.20318995E-02
  -2.57486813E-02
  -2.98649725E-02
  -3.44007760E-02
  -3.93761136E-02
  -4.48110960E-02
  -5.07258326E-02
  -5.71404546E-02
  -6.40751794E-02
  -7.15501308E-02
  -7.95855150E-02
  -8.82015303E-02
  -9.74183977E-02
 -0.107256316    
 -0.117735505    
 -0.128876179    
 -0.140698597    
 -0.153222963    
 -0.166469485    
 -0.180458426    
 -0.195210040    
 -0.210744441    
 -0.227081895    
 -0.244242609    
 -0.262246966    
 -0.281115055    
 -0.300867110    
 -0.321523428    
 -0.343104213    
 -0.365629703    
 -0.389120132    
 -0.413595647    
 -0.439076394    
 -0.465582669    
 -0.493134826    
 -0.521753073    
 -0.551457584    
 -0.582268596    
 -0.614206433    
 -0.647290885    
 -0.681542575    
 -0.716981590    
 -0.753628314    
 -0.791502714    
 -0.830625296    
 -0.871016085    
 -0.912695467    
 -0.955683351    
  -1.96117116E-03
  -2.15909304E-03
  -2.64219707E-03
  -3.37113976E-03
  -4.33641858E-03
  -5.54229598E-03
  -6.99989591E-03
  -8.72400403E-03
  -1.07314261E-02
  -1.30401859E-02
  -1.56690255E-02
  -1.86371356E-02
  -2.19640061E-02
  -2.56693307E-02
  -2.97729298E-02
  -3.42947505E-02
  -3.92547511E-02
  -4.46729809E-02
  -5.05694784E-02
  -5.69643304E-02
  -6.38776720E-02
  -7.13295862E-02
  -7.93402120E-02
  -8.79296586E-02
  -9.71181244E-02
 -0.106925711    
 -0.117372595    
 -0.128478914    
 -0.140264869    
 -0.152750641    
 -0.165956318    
 -0.179902136    
 -0.194608286    
 -0.210094810    
 -0.226381883    
 -0.243489683    
 -0.261438489    
 -0.280248433    
 -0.299939603    
 -0.320532203    
 -0.342046410    
 -0.364502549    
 -0.387920529    
 -0.412320614    
 -0.437722862    
 -0.464147300    
 -0.491614580    
 -0.520144582    
 -0.549757540    
 -0.580473483    
 -0.612312973    
 -0.645295322    
 -0.679441512    
 -0.714771330    
 -0.751304746    
 -0.789062619    
 -0.828064740    
 -0.868331075    
 -0.909882009    
 -0.952737272    
  -1.94306544E-03
  -2.13915552E-03
  -2.61778804E-03
  -3.33998422E-03
  -4.29632887E-03
  -5.49104437E-03
  -6.93515269E-03
  -8.64330120E-03
  -1.06321424E-02
  -1.29195312E-02
  -1.55240363E-02
  -1.84646677E-02
  -2.17607412E-02
  -2.54317652E-02
  -2.94973757E-02
  -3.39773335E-02
  -3.88914160E-02
  -4.42594923E-02
  -5.01014069E-02
  -5.64370491E-02
  -6.32863939E-02
  -7.06693232E-02
  -7.86057860E-02
  -8.71157274E-02
  -9.62191150E-02
 -0.105935916    
 -0.116286069    
 -0.127289593    
 -0.138966426    
 -0.151336566    
 -0.164420038    
 -0.178236738    
 -0.192806646    
 -0.208149806    
 -0.224286124    
 -0.241235614    
 -0.259018272    
 -0.277654022    
 -0.297162861    
 -0.317564845    
 -0.338879943    
 -0.361128122    
 -0.384329259    
 -0.408503264    
 -0.433670282    
 -0.459850222    
 -0.487063318    
 -0.515329182    
 -0.544667780    
 -0.575099528    
 -0.606644094    
 -0.639321208    
 -0.673151374    
 -0.708154202    
 -0.744349718    
 -0.781757951    
 -0.820398688    
 -0.860292137    
 -0.901458502    
 -0.943917036    
  -1.91301305E-03
  -2.10606260E-03
  -2.57727387E-03
  -3.28827207E-03
  -4.22978727E-03
  -5.40597644E-03
  -6.82769204E-03
  -8.50935001E-03
  -1.04673496E-02
  -1.27192652E-02
  -1.52833778E-02
  -1.81784071E-02
  -2.14233603E-02
  -2.50374489E-02
  -2.90400162E-02
  -3.34504880E-02
  -3.82883586E-02
  -4.35731746E-02
  -4.93244827E-02
  -5.55618778E-02
  -6.23049811E-02
  -6.95734248E-02
  -7.73867965E-02
  -8.57647359E-02
  -9.47269574E-02
 -0.104293041    
 -0.114482634    
 -0.125315532    
 -0.136811271    
 -0.148989573    
 -0.161870033    
 -0.175472438    
 -0.189816445    
 -0.204921618    
 -0.220807642    
 -0.237494230    
 -0.255001187    
 -0.273347795    
 -0.292553812    
 -0.312639445    
 -0.333624005    
 -0.355526954    
 -0.378368169    
 -0.402167261    
 -0.426943868    
 -0.452717841    
 -0.479508996    
 -0.507336497    
 -0.536220014    
 -0.566179395    
 -0.597234607    
 -0.629404902    
 -0.662710428    
 -0.697170794    
 -0.732804894    
 -0.769632936    
 -0.807674587    
 -0.846949160    
 -0.887476742    
 -0.929277301    
  -1.87119935E-03
  -2.06001871E-03
  -2.52090394E-03
  -3.21632181E-03
  -4.13720449E-03
  -5.28761698E-03
  -6.67817518E-03
  -8.32297746E-03
  -1.02380663E-02
  -1.24406274E-02
  -1.49485376E-02
  -1.77801158E-02
  -2.09539458E-02
  -2.44888179E-02
  -2.84036640E-02
  -3.27174589E-02
  -3.74492742E-02
  -4.26182598E-02
  -4.82435040E-02
  -5.43441959E-02
  -6.09395131E-02
  -6.80486411E-02
  -7.56907538E-02
  -8.38850588E-02
  -9.26508307E-02
 -0.102007240    
 -0.111973494    
 -0.122568905    
 -0.133812681    
 -0.145724028    
 -0.158322155    
 -0.171626389    
 -0.185655907    
 -0.200429976    
 -0.215967849    
 -0.232288718    
 -0.249411777    
 -0.267356247    
 -0.286141485    
 -0.305786669    
 -0.326311022    
 -0.347733855    
 -0.370074421    
 -0.393351823    
 -0.417585313    
 -0.442794263    
 -0.468997866    
 -0.496215045    
 -0.524465561    
 -0.553768337    
 -0.584142745    
 -0.615608215    
 -0.648183584    
 -0.681888521    
 -0.716741741    
 -0.752762556    
 -0.789970219    
 -0.828384221    
 -0.868023694    
 -0.908908129    
  -1.81788218E-03
  -2.00130721E-03
  -2.44902633E-03
  -3.12457676E-03
  -4.01915098E-03
  -5.13669616E-03
  -6.48752414E-03
  -8.08533095E-03
  -9.94570367E-03
  -1.20853316E-02
  -1.45215830E-02
  -1.72722507E-02
  -2.03553922E-02
  -2.37892549E-02
  -2.75922380E-02
  -3.17827724E-02
  -3.63793783E-02
  -4.14006636E-02
  -4.68651615E-02
  -5.27915210E-02
  -5.91983870E-02
  -6.61043823E-02
  -7.35281184E-02
  -8.14882591E-02
  -9.00035203E-02
  -9.90925729E-02
 -0.108774066    
 -0.119066678    
 -0.129989147    
 -0.141560137    
 -0.153798237    
 -0.166722298    
 -0.180350915    
 -0.194702774    
 -0.209796578    
 -0.225651056    
 -0.242284909    
 -0.259716630    
 -0.277965099    
 -0.297048748    
 -0.316986442    
 -0.337796956    
 -0.359499097    
 -0.382111311    
 -0.405652523    
 -0.430141121    
 -0.455595821    
 -0.482035190    
 -0.509478211    
 -0.537943542    
 -0.567449808    
 -0.598015726    
 -0.629660308    
 -0.662402213    
 -0.696259201    
 -0.731250525    
 -0.767395079    
 -0.804711759    
 -0.843218982    
 -0.882935464    
  -1.75339007E-03
  -1.93029048E-03
  -2.36208388E-03
  -3.01360199E-03
  -3.87635455E-03
  -4.95414482E-03
  -6.25691563E-03
  -7.79787917E-03
  -9.59206559E-03
  -1.16555663E-02
  -1.40051385E-02
  -1.66579429E-02
  -1.96313895E-02
  -2.29430851E-02
  -2.66107507E-02
  -3.06521822E-02
  -3.50852385E-02
  -3.99278700E-02
  -4.51979339E-02
  -5.09134419E-02
  -5.70923574E-02
  -6.37526214E-02
  -7.09122345E-02
  -7.85891563E-02
  -8.68014023E-02
  -9.55670625E-02
 -0.104904100    
 -0.114830434    
 -0.125364244    
 -0.136523500    
 -0.148326233    
 -0.160790443    
 -0.173934057    
 -0.187775239    
 -0.202332079    
 -0.217622370    
 -0.233664304    
 -0.250475824    
 -0.268074840    
 -0.286479414    
 -0.305707693    
 -0.325777709    
 -0.346707553    
 -0.368515193    
 -0.391218722    
 -0.414835960    
 -0.439384788    
 -0.464883476    
 -0.491349965    
 -0.518802166    
 -0.547258914    
 -0.576737404    
 -0.607255876    
 -0.638832271    
 -0.671484649    
 -0.705230951    
 -0.740089178    
 -0.776078224    
 -0.813215673    
 -0.851519048    
  -1.67812023E-03
  -1.84740580E-03
  -2.26061163E-03
  -2.88408250E-03
  -3.70969530E-03
  -4.74108616E-03
  -5.98777225E-03
  -7.46239303E-03
  -9.17932857E-03
  -1.11539876E-02
  -1.34023977E-02
  -1.59409810E-02
  -1.87864024E-02
  -2.19555032E-02
  -2.54652593E-02
  -2.93326769E-02
  -3.35748643E-02
  -3.82089615E-02
  -4.32521254E-02
  -4.87215370E-02
  -5.46343923E-02
  -6.10078871E-02
  -6.78592175E-02
  -7.52056018E-02
  -8.30642432E-02
  -9.14524272E-02
 -0.100387461    
 -0.109886356    
 -0.119966559    
 -0.130645305    
 -0.141939819    
 -0.153867275    
 -0.166444972    
 -0.179690152    
 -0.193620116    
 -0.208252013    
 -0.223603129    
 -0.239690661    
 -0.256531864    
 -0.274143904    
 -0.292544097    
 -0.311749995    
 -0.331778705    
 -0.352647245    
 -0.374372929    
 -0.396973044    
 -0.420464963    
 -0.444865793    
 -0.470192641    
 -0.496463060    
 -0.523694217    
 -0.551903248    
 -0.581107557    
 -0.611323953    
 -0.642570257    
 -0.674863160    
 -0.708220959    
 -0.742660224    
 -0.778198659    
 -0.814852953    
  -1.59253704E-03
  -1.75316422E-03
  -2.14523566E-03
  -2.73681781E-03
  -3.52020026E-03
  -4.49883472E-03
  -5.68174897E-03
  -7.08093727E-03
  -8.71003885E-03
  -1.05836866E-02
  -1.27170747E-02
  -1.51257878E-02
  -1.78256407E-02
  -2.08326206E-02
  -2.41628177E-02
  -2.78323852E-02
  -3.18575464E-02
  -3.62545624E-02
  -4.10397053E-02
  -4.62292880E-02
  -5.18396571E-02
  -5.78870922E-02
  -6.43879026E-02
  -7.13584274E-02
  -7.88150430E-02
  -8.67740512E-02
  -9.52519402E-02
 -0.104264915    
 -0.113829412    
 -0.123961776    
 -0.134678394    
 -0.145995528    
 -0.157929674    
 -0.170497239    
 -0.183714464    
 -0.197597712    
 -0.212163344    
 -0.227427766    
 -0.243407324    
 -0.260118365    
 -0.277577102    
 -0.295800328    
 -0.314804256    
 -0.334605157    
 -0.355219334    
 -0.376663178    
 -0.398953110    
 -0.422105402    
 -0.446136445    
 -0.471062928    
 -0.496900946    
 -0.523666441    
 -0.551376283    
 -0.580046773    
 -0.609694302    
 -0.640335143    
 -0.671986341    
 -0.704663813    
 -0.738383770    
 -0.773162842    
  -1.49716774E-03
  -1.64814678E-03
  -2.01666774E-03
  -2.57271435E-03
  -3.30903847E-03
  -4.22888435E-03
  -5.34073543E-03
  -6.65586628E-03
  -8.18709750E-03
  -9.94818006E-03
  -1.19533939E-02
  -1.42173935E-02
  -1.67550351E-02
  -1.95813496E-02
  -2.27114595E-02
  -2.61605475E-02
  -2.99438685E-02
  -3.40766944E-02
  -3.85743268E-02
  -4.34521064E-02
  -4.87253927E-02
  -5.44094667E-02
  -6.05196841E-02
  -6.70713857E-02
  -7.40799755E-02
  -8.15607905E-02
  -8.95292684E-02
  -9.80007425E-02
 -0.106990486    
 -0.116514012    
 -0.126586661    
 -0.137223840    
 -0.148440838    
 -0.160253212    
 -0.172676325    
 -0.185725346    
 -0.199415714    
 -0.213762894    
 -0.228782266    
 -0.244489059    
 -0.260898829    
 -0.278027087    
 -0.295889169    
 -0.314500272    
 -0.333875626    
 -0.354030997    
 -0.374981582    
 -0.396742672    
 -0.419329882    
 -0.442758679    
 -0.467043936    
 -0.492201179    
 -0.518245995    
 -0.545193672    
 -0.573059916    
 -0.601859570    
 -0.631608725    
 -0.662322640    
 -0.694016695    
 -0.726706147    
  -1.39260048E-03
  -1.53300085E-03
  -1.87569973E-03
  -2.39278376E-03
  -3.07751144E-03
  -3.93289793E-03
  -4.96683456E-03
  -6.18980033E-03
  -7.61372223E-03
  -9.25138127E-03
  -1.11160660E-02
  -1.32213887E-02
  -1.55811729E-02
  -1.82094052E-02
  -2.11201292E-02
  -2.43274774E-02
  -2.78456323E-02
  -3.16887908E-02
  -3.58711928E-02
  -4.04071026E-02
  -4.53107841E-02
  -5.05964644E-02
  -5.62784187E-02
  -6.23709001E-02
  -6.88882470E-02
  -7.58447647E-02
  -8.32547098E-02
  -9.11323652E-02
  -9.94920060E-02
 -0.108348005    
 -0.117714636    
 -0.127606153    
 -0.138036966    
 -0.149021253    
 -0.160573483    
 -0.172707856    
 -0.185438648    
 -0.198780149    
 -0.212746799    
 -0.227352723    
 -0.242612317    
 -0.258539766    
 -0.275149703    
 -0.292456329    
 -0.310473591    
 -0.329216033    
 -0.348697960    
 -0.368933856    
 -0.389937937    
 -0.411724418    
 -0.434307516    
 -0.457701474    
 -0.481920630    
 -0.506979585    
 -0.532892466    
 -0.559673786    
 -0.587337554    
 -0.615898609    
 -0.645370960    
 -0.675769031    
  -1.27947959E-03
  -1.40843599E-03
  -1.72320078E-03
  -2.19813548E-03
  -2.82704597E-03
  -3.61270132E-03
  -4.56234859E-03
  -5.68561209E-03
  -6.99344603E-03
  -8.49758927E-03
  -1.02102486E-02
  -1.21439220E-02
  -1.43113062E-02
  -1.67252496E-02
  -1.93986464E-02
  -2.23444812E-02
  -2.55757831E-02
  -2.91055758E-02
  -3.29469591E-02
  -3.71130295E-02
  -4.16168869E-02
  -4.64715771E-02
  -5.16902283E-02
  -5.72859421E-02
  -6.32718951E-02
  -6.96611628E-02
  -7.64669031E-02
  -8.37021768E-02
  -9.13801789E-02
  -9.95140225E-02
 -0.108116850    
 -0.117201820    
 -0.126782015    
 -0.136870638    
 -0.147480786    
 -0.158625692    
 -0.170318395    
 -0.182572007    
 -0.195399702    
 -0.208814666    
 -0.222829878    
 -0.237458602    
 -0.252713978    
 -0.268609256    
 -0.285157531    
 -0.302371591    
 -0.320264846    
 -0.338850677    
 -0.358142048    
 -0.378151894    
 -0.398893356    
 -0.420379698    
 -0.442624003    
 -0.465639561    
 -0.489439636    
 -0.514037013    
 -0.539445400    
 -0.565677464    
 -0.592746556    
 -0.620665789    
  -1.15850265E-03
  -1.27522030E-03
  -1.56011083E-03
  -1.98996998E-03
  -2.55918666E-03
  -3.27026821E-03
  -4.12977301E-03
  -5.14641218E-03
  -6.33009616E-03
  -7.69145275E-03
  -9.24152508E-03
  -1.09916301E-02
  -1.29532563E-02
  -1.51380226E-02
  -1.75576136E-02
  -2.02237833E-02
  -2.31483039E-02
  -2.63429880E-02
  -2.98196822E-02
  -3.35902050E-02
  -3.76664586E-02
  -4.20602523E-02
  -4.67834249E-02
  -5.18478863E-02
  -5.72655201E-02
  -6.30481839E-02
  -6.92077354E-02
  -7.57560730E-02
  -8.27050507E-02
  -9.00666043E-02
  -9.78526324E-02
 -0.106074989    
 -0.114745572    
 -0.123876281    
 -0.133478999    
 -0.143565625    
 -0.154148057    
 -0.165238246    
 -0.176847965    
 -0.188989133    
 -0.201673642    
 -0.214913353    
 -0.228720382    
 -0.243106350    
 -0.258083224    
 -0.273662835    
 -0.289857298    
 -0.306678474    
 -0.324138075    
 -0.342247874    
 -0.361019850    
 -0.380466193    
 -0.400598586    
 -0.421428710    
 -0.442968935    
 -0.465230942    
 -0.488226682    
 -0.511968195    
 -0.536467314    
 -0.561735690    
  -1.03041483E-03
  -1.13417453E-03
  -1.38743548E-03
  -1.76956924E-03
  -2.27558450E-03
  -2.90771062E-03
  -3.67177418E-03
  -4.57552308E-03
  -5.62776206E-03
  -6.83794031E-03
  -8.21587630E-03
  -9.77161992E-03
  -1.15153957E-02
  -1.34575218E-02
  -1.56083964E-02
  -1.79784596E-02
  -2.05781776E-02
  -2.34180558E-02
  -2.65085939E-02
  -2.98603419E-02
  -3.34838703E-02
  -3.73896584E-02
  -4.15882543E-02
  -4.60902080E-02
  -5.09061180E-02
  -5.60465083E-02
  -6.15219399E-02
  -6.73429370E-02
  -7.35200942E-02
  -8.00639838E-02
  -8.69851932E-02
  -9.42942947E-02
 -0.102001801    
 -0.110118277    
 -0.118654363    
 -0.127620593    
 -0.137027606    
 -0.146885887    
 -0.157206014    
 -0.167998552    
 -0.179274186    
 -0.191043377    
 -0.203316748    
 -0.216104850    
 -0.229418129    
 -0.243267298    
 -0.257663101    
 -0.272615790    
 -0.288135886    
 -0.304234058    
 -0.320921063    
 -0.338207275    
 -0.356103301    
 -0.374619782    
 -0.393767446    
 -0.413556516    
 -0.433997959    
 -0.455102473    
 -0.476880431    
 -0.499342203    
  -8.96005717E-04
  -9.86167928E-04
  -1.20623864E-03
  -1.53829169E-03
  -1.97798782E-03
  -2.52726302E-03
  -3.19117703E-03
  -3.97646427E-03
  -4.89077345E-03
  -5.94231300E-03
  -7.13961758E-03
  -8.49141367E-03
  -1.00065889E-02
  -1.16941091E-02
  -1.35630043E-02
  -1.56223495E-02
  -1.78812444E-02
  -2.03488022E-02
  -2.30341516E-02
  -2.59464644E-02
  -2.90949196E-02
  -3.24886292E-02
  -3.61367576E-02
  -4.00484577E-02
  -4.42329533E-02
  -4.86993641E-02
  -5.34568951E-02
  -5.85146882E-02
  -6.38819411E-02
  -6.95678145E-02
  -7.55815282E-02
  -8.19322765E-02
  -8.86292160E-02
  -9.56814587E-02
 -0.103098311    
 -0.110888906    
 -0.119062461    
 -0.127628148    
 -0.136595100    
 -0.145972520    
 -0.155769691    
 -0.165995657    
 -0.176659673    
 -0.187771022    
 -0.199338794    
 -0.211372167    
 -0.223880261    
 -0.236872181    
 -0.250357240    
 -0.264344662    
 -0.278843701    
 -0.293863356    
 -0.309412748    
 -0.325501293    
 -0.342138201    
 -0.359332681    
 -0.377093881    
 -0.395431250    
 -0.414353698    
 -0.433870435    
  -7.56103429E-04
  -8.32112739E-04
  -1.01763755E-03
  -1.29756355E-03
  -1.66823110E-03
  -2.13127001E-03
  -2.69094342E-03
  -3.35292984E-03
  -4.12367424E-03
  -5.01009403E-03
  -6.01938507E-03
  -7.15890387E-03
  -8.43613688E-03
  -9.85865109E-03
  -1.14340456E-02
  -1.31699853E-02
  -1.50741227E-02
  -1.71541441E-02
  -1.94177572E-02
  -2.18726825E-02
  -2.45266613E-02
  -2.73873750E-02
  -3.04625295E-02
  -3.37598696E-02
  -3.72871459E-02
  -4.10520695E-02
  -4.50623669E-02
  -4.93257679E-02
  -5.38500361E-02
  -5.86428307E-02
  -6.37120083E-02
  -6.90652579E-02
  -7.47103170E-02
  -8.06548819E-02
  -8.69067460E-02
  -9.34736729E-02
 -0.100363411    
 -0.107583635    
 -0.115142144    
 -0.123046726    
 -0.131305009    
 -0.139924765    
 -0.148913816    
 -0.158279896    
 -0.168030635    
 -0.178173885    
 -0.188717231    
 -0.199668393    
 -0.211035356    
 -0.222825781    
 -0.235047311    
 -0.247707710    
 -0.260814786    
 -0.274376243    
 -0.288399994    
 -0.302893668    
 -0.317865044    
 -0.333322167    
 -0.349272490    
 -0.365723640    
  -6.11570547E-04
  -6.72958733E-04
  -8.22794624E-04
  -1.04886887E-03
  -1.34822400E-03
  -1.72217283E-03
  -2.17415765E-03
  -2.70876219E-03
  -3.33119044E-03
  -4.04703105E-03
  -4.86208592E-03
  -5.78230340E-03
  -6.81372639E-03
  -7.96246063E-03
  -9.23464820E-03
  -1.06364759E-02
  -1.21741211E-02
  -1.38537884E-02
  -1.56817120E-02
  -1.76641252E-02
  -1.98072623E-02
  -2.21173316E-02
  -2.46005729E-02
  -2.72632260E-02
  -3.01115382E-02
  -3.31517495E-02
  -3.63900922E-02
  -3.98328267E-02
  -4.34861928E-02
  -4.73564081E-02
  -5.14497757E-02
  -5.57725318E-02
  -6.03309199E-02
  -6.51311800E-02
  -7.01795518E-02
  -7.54823163E-02
  -8.10457468E-02
  -8.68760720E-02
  -9.29795131E-02
  -9.93623808E-02
 -0.106030911    
 -0.112991326    
 -0.120249897    
 -0.127812967    
 -0.135686606    
 -0.143877178    
 -0.152390778    
 -0.161233887    
 -0.170412645    
 -0.179933295    
 -0.189802065    
 -0.200025126    
 -0.210609034    
 -0.221559912    
 -0.232883930    
 -0.244587511    
 -0.256676733    
 -0.269158155    
 -0.282037824    
 -0.295322031    
  -4.63297678E-04
  -5.09686826E-04
  -6.22910680E-04
  -7.93740619E-04
  -1.01993873E-03
  -1.30249374E-03
  -1.64400530E-03
  -2.04793387E-03
  -2.51821196E-03
  -3.05905752E-03
  -3.67485615E-03
  -4.37010033E-03
  -5.14935283E-03
  -6.01722812E-03
  -6.97837025E-03
  -8.03744234E-03
  -9.19911638E-03
  -1.04680853E-02
  -1.18490541E-02
  -1.33467251E-02
  -1.49658099E-02
  -1.67110059E-02
  -1.85870156E-02
  -2.05985699E-02
  -2.27503665E-02
  -2.50471290E-02
  -2.74935681E-02
  -3.00944019E-02
  -3.28543521E-02
  -3.57781276E-02
  -3.88704725E-02
  -4.21360806E-02
  -4.55796868E-02
  -4.92060222E-02
  -5.30197807E-02
  -5.70257306E-02
  -6.12285733E-02
  -6.56330436E-02
  -7.02438205E-02
  -7.50656500E-02
  -8.01033527E-02
  -8.53615105E-02
  -9.08448920E-02
  -9.65582430E-02
 -0.102506250    
 -0.108693570    
 -0.115125075    
 -0.121805377    
 -0.128739327    
 -0.135931566    
 -0.143386722    
 -0.151109591    
 -0.159105033    
 -0.167377621    
 -0.175932169    
 -0.184773266    
 -0.193905860    
 -0.203334689    
 -0.213064477    
 -0.223099723    
  -3.12198594E-04
  -3.43302876E-04
  -4.19217627E-04
  -5.33751096E-04
  -6.85399049E-04
  -8.74819641E-04
  -1.10375369E-03
  -1.37451850E-03
  -1.68974744E-03
  -2.05226545E-03
  -2.46501365E-03
  -2.93099880E-03
  -3.45328031E-03
  -4.03494714E-03
  -4.67911409E-03
  -5.38890809E-03
  -6.16745511E-03
  -7.01789884E-03
  -7.94339366E-03
  -8.94709677E-03
  -1.00321528E-02
  -1.12017151E-02
  -1.24589372E-02
  -1.38069866E-02
  -1.52490111E-02
  -1.67881735E-02
  -1.84276309E-02
  -2.01705396E-02
  -2.20200699E-02
  -2.39793658E-02
  -2.60516088E-02
  -2.82399636E-02
  -3.05475798E-02
  -3.29776406E-02
  -3.55332792E-02
  -3.82176936E-02
  -4.10340354E-02
  -4.39854637E-02
  -4.70751747E-02
  -5.03063016E-02
  -5.36820330E-02
  -5.72055206E-02
  -6.08799122E-02
  -6.47084340E-02
  -6.86941072E-02
  -7.28401616E-02
  -7.71498084E-02
  -8.16262066E-02
  -8.62725675E-02
  -9.10919756E-02
  -9.60875452E-02
 -0.101262532    
 -0.106620111    
 -0.112163417    
 -0.117895700    
 -0.123820029    
 -0.129939616    
 -0.136257708    
 -0.142777503    
 -0.149501964    
  -1.59204705E-04
  -1.74832632E-04
  -2.12970961E-04
  -2.70502962E-04
  -3.46666755E-04
  -4.41787037E-04
  -5.56733576E-04
  -6.92666043E-04
  -8.50904093E-04
  -1.03286270E-03
  -1.24001631E-03
  -1.47387164E-03
  -1.73596293E-03
  -2.02783849E-03
  -2.35106074E-03
  -2.70719850E-03
  -3.09781916E-03
  -3.52449762E-03
  -3.98881594E-03
  -4.49235877E-03
  -5.03670517E-03
  -5.62342955E-03
  -6.25411794E-03
  -6.93035405E-03
  -7.65372161E-03
  -8.42579454E-03
  -9.24816262E-03
  -1.01224054E-02
  -1.10501125E-02
  -1.20328590E-02
  -1.30722346E-02
  -1.41698364E-02
  -1.53272459E-02
  -1.65460426E-02
  -1.78278089E-02
  -1.91741325E-02
  -2.05866303E-02
  -2.20668670E-02
  -2.36164313E-02
  -2.52369121E-02
  -2.69299019E-02
  -2.86969934E-02
  -3.05397380E-02
  -3.24597433E-02
  -3.44585665E-02
  -3.65378037E-02
  -3.86990644E-02
  -4.09439467E-02
  -4.32740450E-02
  -4.56909053E-02
  -4.81960885E-02
  -5.07912673E-02
  -5.34779951E-02
  -5.62578477E-02
  -5.91324754E-02
  -6.21034093E-02
  -6.51722923E-02
  -6.83407038E-02
  -7.16102868E-02
  -7.49825314E-02
  -5.25873338E-06
  -5.31430123E-06
  -5.44172826E-06
  -5.61872366E-06
  -5.83011297E-06
  -6.06505910E-06
  -6.31667081E-06
  -6.58076442E-06
  -6.85408395E-06
  -7.13259260E-06
  -7.41647318E-06
  -7.70192310E-06
  -7.98922974E-06
  -8.27599069E-06
  -8.56370661E-06
  -8.85140253E-06
  -9.13840631E-06
  -9.42146380E-06
  -9.70333986E-06
  -9.98518499E-06
  -1.02643189E-05
  -1.05377576E-05
  -1.08059985E-05
  -1.10661176E-05
  -1.13138540E-05
  -1.15444336E-05
  -1.17575073E-05
  -1.19503266E-05
  -1.21191333E-05
  -1.22593729E-05
  -1.23733416E-05
  -1.24599810E-05
  -1.25189326E-05
  -1.25420092E-05
  -1.25315964E-05
  -1.24895951E-05
  -1.24224207E-05
  -1.23275786E-05
  -1.22067886E-05
  -1.20547447E-05
  -1.18748922E-05
  -1.16634928E-05
  -1.14118302E-05
  -1.11125401E-05
  -1.07637097E-05
  -1.03584489E-05
  -9.91080105E-06
  -9.42444785E-06
  -8.90125466E-06
  -8.33158174E-06
  -7.70206316E-06
  -7.02908801E-06
  -6.32556748E-06
  -5.58724605E-06
  -4.82316818E-06
  -4.03137483E-06
  -3.22588448E-06
  -2.40732561E-06
  -1.57897136E-06
  -7.56262921E-07
   1.48690640E-04
   1.64207435E-04
   2.02090931E-04
   2.59268942E-04
   3.35010001E-04
   4.29660373E-04
   5.44103852E-04
   6.79508201E-04
   8.37199274E-04
   1.01860135E-03
   1.22518733E-03
   1.45847199E-03
   1.71998842E-03
   2.01129122E-03
   2.33393791E-03
   2.68949871E-03
   3.07954615E-03
   3.50565859E-03
   3.96941323E-03
   4.47239168E-03
   5.01617882E-03
   5.60235558E-03
   6.23250613E-03
   6.90822024E-03
   7.63108861E-03
   8.40269867E-03
   9.22463648E-03
   1.00984927E-02
   1.10258544E-02
   1.20083177E-02
   1.30474642E-02
   1.41448891E-02
   1.53021738E-02
   1.65209230E-02
   1.78027060E-02
   1.91491265E-02
   2.05617454E-02
   2.20421702E-02
   2.35919729E-02
   2.52127536E-02
   2.69061048E-02
   2.86735985E-02
   3.05168275E-02
   3.24374251E-02
   3.44369374E-02
   3.65170054E-02
   3.86791602E-02
   4.09250297E-02
   4.32561412E-02
   4.56741117E-02
   4.81805913E-02
   5.07770963E-02
   5.34652434E-02
   5.62465787E-02
   5.91227151E-02
   6.20952621E-02
   6.51657879E-02
   6.83358312E-02
   7.16070756E-02
   7.49810413E-02
   3.01694672E-04
   3.32687894E-04
   4.08347958E-04
   5.22527378E-04
   6.73752686E-04
   8.62703659E-04
   1.09113520E-03
   1.36137172E-03
   1.67605351E-03
   2.03801598E-03
   2.45019607E-03
   2.91561033E-03
   3.43731674E-03
   4.01841104E-03
   4.66200290E-03
   5.37121715E-03
   6.14919234E-03
   6.99907308E-03
   7.92400446E-03
   8.92714038E-03
   1.00116376E-02
   1.11806467E-02
   1.24373287E-02
   1.37848472E-02
   1.52263688E-02
   1.67650562E-02
   1.84040759E-02
   2.01465897E-02
   2.19957586E-02
   2.39547659E-02
   2.60267667E-02
   2.82149222E-02
   3.05224117E-02
   3.29524316E-02
   3.55080925E-02
   3.81925665E-02
   4.10090238E-02
   4.39606644E-02
   4.70506139E-02
   5.02820052E-02
   5.36580533E-02
   5.71819283E-02
   6.08568080E-02
   6.46858215E-02
   6.86722025E-02
   7.28190914E-02
   7.71296471E-02
   8.16070363E-02
   8.62543583E-02
   9.10748318E-02
   9.60716978E-02
  0.101248048    
  0.106607020    
  0.112151831    
  0.117885619    
  0.123811580    
  0.129932880    
  0.136252671    
  0.142774194    
  0.149500400    
   4.52810549E-04
   4.99088725E-04
   6.12058211E-04
   7.82533898E-04
   1.00830989E-03
   1.29039539E-03
   1.63140555E-03
   2.03480548E-03
   2.50453665E-03
   3.04482761E-03
   3.66005884E-03
   4.35473211E-03
   5.13340998E-03
   6.00071065E-03
   6.96127629E-03
   8.01977236E-03
   9.18087643E-03
   1.04492847E-02
   1.18296873E-02
   1.33267930E-02
   1.49453096E-02
   1.66899431E-02
   1.85654014E-02
   2.05764119E-02
   2.27276981E-02
   2.50239782E-02
   2.74699628E-02
   3.00703887E-02
   3.28299515E-02
   3.57534327E-02
   3.88455056E-02
   4.21109013E-02
   4.55543958E-02
   4.91806790E-02
   5.29944673E-02
   5.70004359E-02
   6.12033829E-02
   6.56080320E-02
   7.02190250E-02
   7.50411227E-02
   8.00790489E-02
   8.53375793E-02
   9.08214152E-02
   9.65352654E-02
  0.102483943    
  0.108672060    
  0.115104407    
  0.121785678    
  0.128720522    
  0.135913774    
  0.143370360    
  0.151094660    
  0.159091458    
  0.167365506    
  0.175921589    
  0.184764430    
  0.193898857    
  0.203329489    
  0.213061050    
  0.223098084    
   6.01107022E-04
   6.62384788E-04
   8.11966253E-04
   1.03768625E-03
   1.33661996E-03
   1.71009928E-03
   2.16158410E-03
   2.69565941E-03
   3.31754168E-03
   4.03282885E-03
   4.84731561E-03
   5.76696452E-03
   6.79781334E-03
   7.94597156E-03
   9.21758544E-03
   1.06188329E-02
   1.21559054E-02
   1.38350241E-02
   1.56623833E-02
   1.76442228E-02
   1.97867807E-02
   2.20962763E-02
   2.45789494E-02
   2.72410475E-02
   3.00888438E-02
   3.31285484E-02
   3.63664106E-02
   3.98087054E-02
   4.34616767E-02
   4.73315828E-02
   5.14246784E-02
   5.57471886E-02
   6.03054278E-02
   6.51056096E-02
   7.01539963E-02
   7.54567906E-02
   8.10203031E-02
   8.68508071E-02
   9.29543972E-02
   9.93374288E-02
  0.106006160    
  0.112966917    
  0.120225891    
  0.127789393    
  0.135663658    
  0.143854901    
  0.152369425    
  0.161213353    
  0.170393035    
  0.179914728    
  0.189784914    
  0.200009584    
  0.210594952    
  0.221547320    
  0.232872933    
  0.244578093    
  0.256669313    
  0.269152552    
  0.282034218    
  0.295320302    
   7.45670346E-04
   8.21569527E-04
   1.00684003E-03
   1.28641177E-03
   1.65665918E-03
   2.11922871E-03
   2.67840317E-03
   3.33985989E-03
   4.11005784E-03
   4.99592861E-03
   6.00464875E-03
   7.14359991E-03
   8.42026155E-03
   9.84220020E-03
   1.14170210E-02
   1.31523767E-02
   1.50559414E-02
   1.71354152E-02
   1.93984713E-02
   2.18528267E-02
   2.45062057E-02
   2.73663197E-02
   3.04408856E-02
   3.37376632E-02
   3.72644067E-02
   4.10287902E-02
   4.50385772E-02
   4.93015163E-02
   5.38253523E-02
   5.86178564E-02
   6.36867285E-02
   6.90397248E-02
   7.46846274E-02
   8.06290805E-02
   8.68809521E-02
   9.34478939E-02
  0.100337647    
  0.107557982    
  0.115116559    
  0.123021178    
  0.131279603    
  0.139899641    
  0.148889020    
  0.158255607    
  0.168006897    
  0.178150743    
  0.188694909    
  0.199647024    
  0.211014897    
  0.222806364    
  0.235029280    
  0.247691274    
  0.260799944    
  0.274363130    
  0.288388580    
  0.302884042    
  0.317857504    
  0.333316356    
  0.349268734    
  0.365721762    
   8.85609887E-04
   9.75662086E-04
   1.19547907E-03
   1.52717787E-03
   1.96645479E-03
   2.51526153E-03
   3.17867589E-03
   3.96343507E-03
   4.87719895E-03
   5.92818903E-03
   7.12492364E-03
   8.47615022E-03
   9.99075454E-03
   1.16777057E-02
   1.35460179E-02
   1.56047922E-02
   1.78631023E-02
   2.03301031E-02
   2.30148956E-02
   2.59266254E-02
   2.90744826E-02
   3.24675851E-02
   3.61150876E-02
   4.00262177E-02
   4.42101546E-02
   4.86760102E-02
   5.34329973E-02
   5.84903099E-02
   6.38571307E-02
   6.95426688E-02
   7.55560845E-02
   8.19064975E-02
   8.86032134E-02
   9.56553519E-02
  0.103072174    
  0.110862724    
  0.119036235    
  0.127601936    
  0.136568889    
  0.145946383    
  0.155743629    
  0.165969789    
  0.176634237    
  0.187746018    
  0.199314326    
  0.211348251    
  0.223857000    
  0.236849830    
  0.250335723    
  0.264324248    
  0.278824627    
  0.293845654    
  0.309396744    
  0.325487167    
  0.342125952    
  0.359322369    
  0.377085775    
  0.395425141    
  0.414349705    
  0.433868468    
   1.02006330E-03
   1.12371286E-03
   1.37672026E-03
   1.75850000E-03
   2.26409757E-03
   2.89575639E-03
   3.65931890E-03
   4.56254045E-03
   5.61423600E-03
   6.82386523E-03
   8.20123311E-03
   9.75640398E-03
   1.14996107E-02
   1.34411678E-02
   1.55914593E-02
   1.79609433E-02
   2.05600858E-02
   2.33993903E-02
   2.64893658E-02
   2.98405159E-02
   3.34634259E-02
   3.73686031E-02
   4.15665582E-02
   4.60679159E-02
   5.08832559E-02
   5.60230464E-02
   6.14979193E-02
   6.73184320E-02
   7.34951422E-02
   8.00386593E-02
   8.69595185E-02
   9.42682326E-02
  0.101975508    
  0.110091843    
  0.118627816    
  0.127593949    
  0.137000784    
  0.146858960    
  0.157178983    
  0.167971551    
  0.179247215    
  0.191016629    
  0.203290313    
  0.216078848    
  0.229392901    
  0.243242696    
  0.257638961    
  0.272592366    
  0.288113177    
  0.304212511    
  0.320900798    
  0.338188440    
  0.356086105    
  0.374604553    
  0.393754065    
  0.413545310    
  0.433989137    
  0.455095857    
  0.476876050    
  0.499340177    
   1.14820246E-03
   1.26480998E-03
   1.54944661E-03
   1.97895337E-03
   2.54775328E-03
   3.25836800E-03
   4.11737012E-03
   5.13348542E-03
   6.31662551E-03
   7.67743215E-03
   9.22694150E-03
   1.09764710E-02
   1.29375271E-02
   1.51217179E-02
   1.75407287E-02
   2.02063117E-02
   2.31302585E-02
   2.63243690E-02
   2.98004746E-02
   3.35703976E-02
   3.76460180E-02
   4.20391820E-02
   4.67617214E-02
   5.18255457E-02
   5.72425649E-02
   6.30246550E-02
   6.91836402E-02
   7.57314339E-02
   8.26799721E-02
   9.00411159E-02
   9.78267118E-02
  0.106048703    
  0.114719011    
  0.123849474    
  0.133451998    
  0.143538401    
  0.154120594    
  0.165210515    
  0.176819935    
  0.188961118    
  0.201645702    
  0.214885741    
  0.228692934    
  0.243079424    
  0.258057028    
  0.273637414    
  0.289832443    
  0.306654155    
  0.324114352    
  0.342225164    
  0.360998780    
  0.380446404    
  0.400580376    
  0.421412706    
  0.442954779    
  0.465218812    
  0.488216907    
  0.511960685    
  0.536462307    
  0.561733186    
   1.26923772E-03
   1.39808375E-03
   1.71259476E-03
   2.18717870E-03
   2.81567406E-03
   3.60086095E-03
   4.55000671E-03
   5.67274867E-03
   6.98003685E-03
   8.48363247E-03
   1.01957256E-02
   1.21288262E-02
   1.42956395E-02
   1.67090036E-02
   1.93818137E-02
   2.23270655E-02
   2.55577844E-02
   2.90870015E-02
   3.29278074E-02
   3.70932482E-02
   4.15964685E-02
   4.64505330E-02
   5.16685434E-02
   5.72636090E-02
   6.32489398E-02
   6.96376190E-02
   7.64427483E-02
   8.36774856E-02
   9.13549811E-02
   9.94883627E-02
  0.108090736    
  0.117175303    
  0.126755223    
  0.136843458    
  0.147453293    
  0.158597738    
  0.170290068    
  0.182543308    
  0.195370659    
  0.208785489    
  0.222800836    
  0.237429872    
  0.252685577    
  0.268581271    
  0.285129964    
  0.302344769    
  0.320238709    
  0.338825136    
  0.358117163    
  0.378128022    
  0.398871005    
  0.420358837    
  0.442604929    
  0.465622544    
  0.489424556    
  0.514024258    
  0.539434850    
  0.565669298    
  0.592741132    
  0.620663047    
   1.38242333E-03
   1.52271322E-03
   1.86515925E-03
   2.38189357E-03
   3.06620868E-03
   3.92112602E-03
   4.95456113E-03
   6.17700862E-03
   7.60038290E-03
   9.23749246E-03
   1.11016165E-02
   1.32063655E-02
   1.55655760E-02
   1.81932189E-02
   2.11033542E-02
   2.43101213E-02
   2.78276969E-02
   3.16702724E-02
   3.58520895E-02
   4.03873660E-02
   4.52904105E-02
   5.05754538E-02
   5.62567599E-02
   6.23485968E-02
   6.88653216E-02
   7.58211985E-02
   8.32305253E-02
   9.11075696E-02
   9.94666740E-02
  0.108322158    
  0.117688261    
  0.127579331    
  0.138009742    
  0.148993626    
  0.160545409    
  0.172679216    
  0.185409546    
  0.198750630    
  0.212716743    
  0.227322519    
  0.242582142    
  0.258509994    
  0.275120258    
  0.292427123    
  0.310444891    
  0.329188108    
  0.348670691    
  0.368907183    
  0.389911830    
  0.411699325    
  0.434283972    
  0.457679570    
  0.481900573    
  0.506961703    
  0.532876909    
  0.559660494    
  0.587326944    
  0.615890503    
  0.645365596    
  0.675766289    
   1.48706208E-03
   1.63793133E-03
   2.00619968E-03
   2.56189844E-03
   3.29781207E-03
   4.21718787E-03
   5.32854209E-03
   6.64315466E-03
   8.17383919E-03
   9.93437320E-03
   1.19390292E-02
   1.42024513E-02
   1.67395100E-02
   1.95652340E-02
   2.26947498E-02
   2.61432622E-02
   2.99260039E-02
   3.40582430E-02
   3.85552831E-02
   4.34324443E-02
   4.87050936E-02
   5.43885194E-02
   6.04980774E-02
   6.70491308E-02
   7.40570948E-02
   8.15372989E-02
   8.95051211E-02
   9.79759172E-02
  0.106965102    
  0.116488077    
  0.126560181    
  0.137196794    
  0.148413286    
  0.160225034    
  0.172647506    
  0.185695991    
  0.199385852    
  0.213732541    
  0.228751376    
  0.244458005    
  0.260867894    
  0.277996361    
  0.295858473    
  0.314469814    
  0.333845735    
  0.354001492    
  0.374952495    
  0.396714479    
  0.419302493    
  0.442732334    
  0.467019081    
  0.492178172    
  0.518225014    
  0.545175135    
  0.573043823    
  0.601846159    
  0.631598055    
  0.662314534    
  0.694011211    
  0.726703286    
   1.58250984E-03
   1.74302782E-03
   2.13484815E-03
   2.72608316E-03
   3.50905699E-03
   4.48722253E-03
   5.66964271E-03
   7.06831645E-03
   8.69687460E-03
   1.05699720E-02
   1.27028041E-02
   1.51109416E-02
   1.78102013E-02
   2.08165888E-02
   2.41461862E-02
   2.78151743E-02
   3.18397582E-02
   3.62361893E-02
   4.10207100E-02
   4.62096967E-02
   5.18194176E-02
   5.78661896E-02
   6.43663406E-02
   7.13362172E-02
   7.87922218E-02
   8.67506266E-02
   9.52278078E-02
  0.104240142    
  0.113803998    
  0.123935677    
  0.134651676    
  0.145968229    
  0.157901779    
  0.170468643    
  0.183685154    
  0.197567716    
  0.212132692    
  0.227396592    
  0.243375614    
  0.260086298    
  0.277545214    
  0.295768440    
  0.314772427    
  0.334573567    
  0.355188221    
  0.376632571    
  0.398922950    
  0.422076136    
  0.446108162    
  0.471035630    
  0.496875077    
  0.523642600    
  0.551354527    
  0.580027282    
  0.609677613    
  0.640321374    
  0.671974897    
  0.704654932    
  0.738377929    
  0.773159921    
   1.66817813E-03
   1.83735508E-03
   2.25031213E-03
   2.87343748E-03
   3.69864330E-03
   4.72956803E-03
   5.97576052E-03
   7.44986720E-03
   9.16626211E-03
   1.11403735E-02
   1.33882286E-02
   1.59262363E-02
   1.87710561E-02
   2.19395608E-02
   2.54487116E-02
   2.93155592E-02
   3.35571691E-02
   3.81906852E-02
   4.32332009E-02
   4.87019941E-02
   5.46142235E-02
   6.09870590E-02
   6.78377301E-02
   7.51834586E-02
   8.30415189E-02
   9.14290547E-02
  0.100363337    
  0.109861635    
  0.119941212    
  0.130619183    
  0.141912863    
  0.153839633    
  0.166416645    
  0.179661065    
  0.193590149    
  0.208221301    
  0.223571628    
  0.239658698    
  0.256499380    
  0.274111122    
  0.292511284    
  0.311717004    
  0.331745625    
  0.352614552    
  0.374340773    
  0.396941632    
  0.420433968    
  0.444835514    
  0.470163405    
  0.496435165    
  0.523667991    
  0.551879048    
  0.581085205    
  0.611304104    
  0.642552853    
  0.674848735    
  0.708209217    
  0.742651105    
  0.778192341    
  0.814849794    
   1.74354040E-03
   1.92033348E-03
   2.35187914E-03
   3.00305267E-03
   3.86540242E-03
   4.94272914E-03
   6.24501007E-03
   7.78545951E-03
   9.57910437E-03
   1.16420621E-02
   1.39910793E-02
   1.66433062E-02
   1.96161475E-02
   2.29272339E-02
   2.65943035E-02
   3.06351595E-02
   3.50676440E-02
   3.99096645E-02
   4.51791063E-02
   5.08939736E-02
   5.70722669E-02
   6.37318864E-02
   7.08908290E-02
   7.85671026E-02
   8.67787451E-02
   9.55437273E-02
  0.104880027    
  0.114805728    
  0.125338882    
  0.136497259    
  0.148299128    
  0.160762489    
  0.173905402    
  0.187745735    
  0.202301636    
  0.217591196    
  0.233632356    
  0.250443131    
  0.268041611    
  0.286445826    
  0.305673897    
  0.325743765    
  0.346673667    
  0.368481636    
  0.391185522    
  0.414803177    
  0.439352810    
  0.464852244    
  0.491319925    
  0.518774033    
  0.547232330    
  0.576712906    
  0.607233465    
  0.638811886    
  0.671466708    
  0.705215812    
  0.740077257    
  0.776068807    
  0.813209176    
  0.851515830    
   1.80813216E-03
   1.99145079E-03
   2.43892474E-03
   3.11413081E-03
   4.00830666E-03
   5.12539223E-03
   6.47573080E-03
   8.07302725E-03
   9.93285980E-03
   1.20719410E-02
   1.45076364E-02
   1.72577314E-02
   2.03402657E-02
   2.37735249E-02
   2.75759008E-02
   3.17658409E-02
   3.63618694E-02
   4.13825363E-02
   4.68464456E-02
   5.27721569E-02
   5.91784045E-02
   6.60837293E-02
   7.35068023E-02
   8.14662874E-02
   8.99809003E-02
   9.90692601E-02
  0.108750060    
  0.119041994    
  0.129963711    
  0.141533732    
  0.153770953    
  0.166694134    
  0.180321887    
  0.194672853    
  0.209765762    
  0.225619391    
  0.242252529    
  0.259683609    
  0.277931333    
  0.297014445    
  0.316951841    
  0.337762207    
  0.359464318    
  0.382076889    
  0.405618519    
  0.430107772    
  0.455562979    
  0.482003123    
  0.509447575    
  0.537914574    
  0.567422986    
  0.597991109    
  0.629637659    
  0.662381232    
  0.696240842    
  0.731234729    
  0.767382324    
  0.804701805    
  0.843212247    
  0.882931828    
   1.86155597E-03
   2.05026893E-03
   2.51091132E-03
   3.20598809E-03
   4.12647612E-03
   5.27643226E-03
   6.66650292E-03
   8.31079762E-03
   1.02253472E-02
   1.24273663E-02
   1.49347167E-02
   1.77657213E-02
   2.09389478E-02
   2.44732145E-02
   2.83874441E-02
   3.27006504E-02
   3.74318920E-02
   4.26002592E-02
   4.82249111E-02
   5.43249510E-02
   6.09196611E-02
   6.80280924E-02
   7.56695569E-02
   8.38631615E-02
   9.26282257E-02
  0.101983964    
  0.111949593    
  0.122544251    
  0.133787170    
  0.145697519    
  0.158294767    
  0.171598017    
  0.185626641    
  0.200399861    
  0.215936705    
  0.232256696    
  0.249378994    
  0.267322898    
  0.286107332    
  0.305751950    
  0.326275855    
  0.347698420    
  0.370038956    
  0.393316746    
  0.417550832    
  0.442760408    
  0.468964607    
  0.496182621    
  0.524434268    
  0.553738654    
  0.584114790    
  0.615582228    
  0.648160040    
  0.681866944    
  0.716722369    
  0.752745748    
  0.789956331    
  0.828373194    
  0.868016422    
  0.908904433    
   1.90348271E-03
   2.09642737E-03
   2.56739650E-03
   3.27805919E-03
   4.21918277E-03
   5.39491884E-03
   6.81615155E-03
   8.49730149E-03
   1.04547665E-02
   1.27061466E-02
   1.52696958E-02
   1.81641504E-02
   2.14085020E-02
   2.50219870E-02
   2.90239491E-02
   3.34338136E-02
   3.82710882E-02
   4.35552783E-02
   4.93059903E-02
   5.55427596E-02
   6.22852743E-02
   6.95530176E-02
   7.73657262E-02
   8.57429579E-02
   9.47044715E-02
  0.104269847    
  0.114458814    
  0.125290915    
  0.136785716    
  0.148963019    
  0.161842480    
  0.175443858    
  0.189786956    
  0.204891235    
  0.220776334    
  0.237462059    
  0.254968107    
  0.273314089    
  0.292519599    
  0.312604457    
  0.333588302    
  0.355491072    
  0.378332227    
  0.402131617    
  0.426908731    
  0.452683091    
  0.479474366    
  0.507302523    
  0.536187470    
  0.566148579    
  0.597205281    
  0.629378200    
  0.662686050    
  0.697148323    
  0.732784808    
  0.769615531    
  0.807659984    
  0.846937656    
  0.887468994    
  0.929273427    
   1.93365489E-03
   2.12964066E-03
   2.60803383E-03
   3.32989986E-03
   4.28585615E-03
   5.48012322E-03
   6.92375330E-03
   8.63139424E-03
   1.06197055E-02
   1.29065635E-02
   1.55105107E-02
   1.84505675E-02
   2.17460375E-02
   2.54164580E-02
   2.94814799E-02
   3.39608155E-02
   3.88742946E-02
   4.42417338E-02
   5.00830226E-02
   5.64180687E-02
   6.32668212E-02
   7.06490949E-02
   7.85848796E-02
   8.70940909E-02
   9.61967707E-02
  0.105912842    
  0.116262272    
  0.127265036    
  0.138940901    
  0.151310071    
  0.164392456    
  0.178208187    
  0.192777187    
  0.208119392    
  0.224254683    
  0.241203353    
  0.258985281    
  0.277620316    
  0.297128260    
  0.317529619    
  0.338844061    
  0.361091703    
  0.384292692    
  0.408467174    
  0.433634609    
  0.459814847    
  0.487028122    
  0.515294731    
  0.544634521    
  0.575067580    
  0.606613874    
  0.639293611    
  0.673125803    
  0.708131194    
  0.744329333    
  0.781740367    
  0.820384085    
  0.860280395    
  0.901450217    
  0.943913043    
   1.95188669E-03
   2.14970554E-03
   2.63257325E-03
   3.36119137E-03
   4.32608649E-03
   5.53151965E-03
   6.98864413E-03
   8.71225074E-03
   1.07191494E-02
   1.30273812E-02
   1.56556740E-02
   1.86232012E-02
   2.19494719E-02
   2.56542005E-02
   2.97572110E-02
   3.42784040E-02
   3.92377935E-02
   4.46554050E-02
   5.05512618E-02
   5.69455177E-02
   6.38582706E-02
   7.13095516E-02
   7.93194771E-02
   8.79082158E-02
   9.70959887E-02
  0.106902838    
  0.117348954    
  0.128454491    
  0.140239507    
  0.152724206    
  0.165928811    
  0.179873645    
  0.194578797    
  0.210064381    
  0.226350427    
  0.243457556    
  0.261405528    
  0.280214727    
  0.299904943    
  0.320497006    
  0.342010558    
  0.364466190    
  0.387883782    
  0.412283987    
  0.437686563    
  0.464111447    
  0.491579205    
  0.520109653    
  0.549723625    
  0.580441058    
  0.612282038    
  0.645267189    
  0.679415703    
  0.714748204    
  0.751284838    
  0.789045215    
  0.828050137    
  0.868319094    
  0.909873545    
  0.952732921    
   1.95806799E-03
   2.15649977E-03
   2.64086388E-03
   3.37174092E-03
   4.33962466E-03
   5.54879336E-03
   7.01042917E-03
   8.73937458E-03
   1.07524861E-02
   1.30678592E-02
   1.57042891E-02
   1.86809935E-02
   2.20175534E-02
   2.57337522E-02
   2.98494473E-02
   3.43846381E-02
   3.93593647E-02
   4.47937287E-02
   5.07078208E-02
   5.71218617E-02
   6.40560016E-02
   7.15303123E-02
   7.95649886E-02
   8.81803036E-02
   9.73964930E-02
  0.107233658    
  0.117712066    
  0.128851891    
  0.140673339    
  0.153196692    
  0.166442096    
  0.180430070    
  0.195180714    
  0.210714206    
  0.227050647    
  0.244210646    
  0.262214214    
  0.281081527    
  0.300832659    
  0.321488440    
  0.343068570    
  0.365593582    
  0.389083654    
  0.413559258    
  0.439040273    
  0.465546846    
  0.493099421    
  0.521718383    
  0.551423728    
  0.582236052    
  0.614175558    
  0.647262335    
  0.681516528    
  0.716958463    
  0.753607869    
  0.791485131    
  0.830610573    
  0.871004164    
  0.912687123    
  0.955679119    
   1.95216027E-03
   2.14998238E-03
   2.63285614E-03
   3.36148427E-03
   4.32638917E-03
   5.53183630E-03
   6.98897289E-03
   8.71259533E-03
   1.07195051E-02
   1.30277434E-02
   1.56560559E-02
   1.86235867E-02
   2.19498612E-02
   2.56546196E-02
   2.97576319E-02
   3.42788547E-02
   3.92382555E-02
   4.46558520E-02
   5.05517423E-02
   5.69460280E-02
   6.38587773E-02
   7.13100508E-02
   7.93199614E-02
   8.79087448E-02
   9.70965177E-02
  0.106903322    
  0.117349438    
  0.128454879    
  0.140239879    
  0.152724594    
  0.165929139    
  0.179874033    
  0.194579229    
  0.210064799    
  0.226351112    
  0.243458137    
  0.261406243    
  0.280215353    
  0.299905628    
  0.320497572    
  0.342011243    
  0.364466935    
  0.387884706    
  0.412284881    
  0.437687486    
  0.464112222    
  0.491579741    
  0.520110309    
  0.549724340    
  0.580441475    
  0.612282217    
  0.645266950    
  0.679415703    
  0.714748144    
  0.751284719    
  0.789045274    
  0.828050077    
  0.868319273    
  0.909873724    
  0.952733159    
   1.93420099E-03
   2.13019410E-03
   2.60859961E-03
   3.33048613E-03
   4.28646244E-03
   5.48075559E-03
   6.92440709E-03
   8.63207504E-03
   1.06204143E-02
   1.29072880E-02
   1.55112743E-02
   1.84513405E-02
   2.17468273E-02
   2.54172888E-02
   2.94823293E-02
   3.39616947E-02
   3.88751924E-02
   4.42426391E-02
   5.00839539E-02
   5.64190671E-02
   6.32678270E-02
   7.06501305E-02
   7.85858780E-02
   8.70951563E-02
   9.61978510E-02
  0.105913863    
  0.116263196    
  0.127265871    
  0.138941705    
  0.151310846    
  0.164393172    
  0.178208932    
  0.192778036    
  0.208120227    
  0.224255756    
  0.241204485    
  0.258986413    
  0.277621508    
  0.297129631    
  0.317530900    
  0.338845313    
  0.361093193    
  0.384294271    
  0.408468574    
  0.433636039    
  0.459816188    
  0.487029314    
  0.515295625    
  0.544635355    
  0.575068176    
  0.606613934    
  0.639293373    
  0.673125505    
  0.708131194    
  0.744329691    
  0.781740546    
  0.820384264    
  0.860280812    
  0.901450515    
  0.943913043    
   1.90430135E-03
   2.09725648E-03
   2.56824447E-03
   3.27893696E-03
   4.22009081E-03
   5.39586786E-03
   6.81713223E-03
   8.49831756E-03
   1.04558216E-02
   1.27072325E-02
   1.52708404E-02
   1.81653090E-02
   2.14097016E-02
   2.50232369E-02
   2.90252436E-02
   3.34351398E-02
   3.82724367E-02
   4.35566492E-02
   4.93073799E-02
   5.55442348E-02
   6.22867756E-02
   6.95545673E-02
   7.73672611E-02
   8.57445523E-02
   9.47060511E-02
  0.104271367    
  0.114460170    
  0.125292197    
  0.136786953    
  0.148964196    
  0.161843598    
  0.175445125    
  0.189788222    
  0.204892516    
  0.220777720    
  0.237463653    
  0.254969776    
  0.273315877    
  0.292521477    
  0.312606364    
  0.333590239    
  0.355492860    
  0.378334254    
  0.402133614    
  0.426910788    
  0.452685088    
  0.479476064    
  0.507303894    
  0.536188424    
  0.566149473    
  0.597206116    
  0.629378498    
  0.662685573    
  0.697148144    
  0.732784986    
  0.769615889    
  0.807660401    
  0.846938133    
  0.887469411    
  0.929273486    
   1.86264724E-03
   2.05137441E-03
   2.51204008E-03
   3.20715667E-03
   4.12768498E-03
   5.27769607E-03
   6.66781096E-03
   8.31214897E-03
   1.02267489E-02
   1.24288164E-02
   1.49362357E-02
   1.77672692E-02
   2.09405553E-02
   2.44748890E-02
   2.83891875E-02
   3.27024274E-02
   3.74336801E-02
   4.26020846E-02
   4.82267588E-02
   5.43269292E-02
   6.09216802E-02
   6.80301562E-02
   7.56716058E-02
   8.38652700E-02
   9.26303491E-02
  0.101985939    
  0.111951418    
  0.122546025    
  0.133788824    
  0.145699099    
  0.158296198    
  0.171599582    
  0.185628355    
  0.200401559    
  0.215938583    
  0.232258692    
  0.249381199    
  0.267325163    
  0.286109626    
  0.305754364    
  0.326278359    
  0.347700953    
  0.370041609    
  0.393319219    
  0.417553276    
  0.442762613    
  0.468966454    
  0.496184647    
  0.524435937    
  0.553740263    
  0.584116042    
  0.615583122    
  0.648160219    
  0.681867123    
  0.716722965    
  0.752746582    
  0.789957166    
  0.828374088    
  0.868017077    
  0.908904850    
   1.80949608E-03
   1.99283171E-03
   2.44033406E-03
   3.11558787E-03
   4.00981540E-03
   5.12696803E-03
   6.47736387E-03
   8.07471760E-03
   9.93460789E-03
   1.20737571E-02
   1.45095270E-02
   1.72596686E-02
   2.03422867E-02
   2.37756297E-02
   2.75780726E-02
   3.17680538E-02
   3.63641158E-02
   4.13848460E-02
   4.68488000E-02
   5.27746566E-02
   5.91809452E-02
   6.60862699E-02
   7.35093802E-02
   8.14688802E-02
   8.99834856E-02
   9.90717486E-02
  0.108752459    
  0.119044244    
  0.129965752    
  0.141535684    
  0.153772935    
  0.166696191    
  0.180324063    
  0.194675133    
  0.209768206    
  0.225621924    
  0.242255017    
  0.259686172    
  0.277933896    
  0.297017246    
  0.316954851    
  0.337765306    
  0.359467536    
  0.382079959    
  0.405621469    
  0.430110365    
  0.455565423    
  0.482005894    
  0.509449959    
  0.537916899    
  0.567424715    
  0.597992539    
  0.629638731    
  0.662382364    
  0.696242154    
  0.731236279    
  0.767383575    
  0.804702580    
  0.843212724    
  0.882932305    
   1.74517650E-03
   1.92198844E-03
   2.35356996E-03
   3.00479727E-03
   3.86721152E-03
   4.94461739E-03
   6.24696538E-03
   7.78748421E-03
   9.58120357E-03
   1.16442414E-02
   1.39933415E-02
   1.66456401E-02
   1.96185764E-02
   2.29297560E-02
   2.65969038E-02
   3.06378100E-02
   3.50703448E-02
   3.99124250E-02
   4.51819822E-02
   5.08969873E-02
   5.70753179E-02
   6.37349486E-02
   7.08939359E-02
   7.85702020E-02
   8.67817998E-02
   9.55467001E-02
  0.104882970    
  0.114808559    
  0.125341415    
  0.136499673    
  0.148301512    
  0.160764933    
  0.173907965    
  0.187748477    
  0.202304512    
  0.217594072    
  0.233635366    
  0.250446111    
  0.268044621    
  0.286448985    
  0.305677116    
  0.325747073    
  0.346677125    
  0.368485004    
  0.391188800    
  0.414806366    
  0.439355761    
  0.464855373    
  0.491322875    
  0.518776834    
  0.547235072    
  0.576715171    
  0.607235491    
  0.638814151    
  0.671469092    
  0.705217838    
  0.740078986    
  0.776070118    
  0.813209891    
  0.851516247    
   1.67008571E-03
   1.83928385E-03
   2.25228281E-03
   2.87546962E-03
   3.70075158E-03
   4.73176828E-03
   5.97803853E-03
   7.45222345E-03
   9.16871149E-03
   1.11429207E-02
   1.33908689E-02
   1.59289669E-02
   1.87738966E-02
   2.19424982E-02
   2.54517402E-02
   2.93186493E-02
   3.35603170E-02
   3.81939001E-02
   4.32365723E-02
   4.87055033E-02
   5.46177849E-02
   6.09906614E-02
   6.78413957E-02
   7.51871094E-02
   8.30451027E-02
   9.14325714E-02
  0.100366846    
  0.109865032    
  0.119944327    
  0.130622119    
  0.141915798    
  0.153842568    
  0.166419655    
  0.179664195    
  0.193593487    
  0.208224684    
  0.223575234    
  0.239662066    
  0.256502807    
  0.274114728    
  0.292514890    
  0.311720580    
  0.331749380    
  0.352618217    
  0.374344438    
  0.396944970    
  0.420437336    
  0.444838941    
  0.470166922    
  0.496438891    
  0.523671448    
  0.551882327    
  0.581088245    
  0.611307263    
  0.642555952    
  0.674851537    
  0.708211482    
  0.742652893    
  0.778193355    
  0.814850271    
   1.58468634E-03
   1.74522854E-03
   2.13709846E-03
   2.72840261E-03
   3.51146329E-03
   4.48973197E-03
   5.67224296E-03
   7.07100518E-03
   8.69967882E-03
   1.05728842E-02
   1.27058206E-02
   1.51140662E-02
   1.78134460E-02
   2.08199359E-02
   2.41496414E-02
   2.78187152E-02
   3.18433680E-02
   3.62399034E-02
   4.10245880E-02
   4.62137051E-02
   5.18234931E-02
   5.78703247E-02
   6.43705353E-02
   7.13404268E-02
   7.87963793E-02
   8.67547393E-02
   9.52318981E-02
  0.104244113    
  0.113807760    
  0.123939246    
  0.134655088    
  0.145971701    
  0.157905281    
  0.170472234    
  0.183688864    
  0.197571516    
  0.212136641    
  0.227400437    
  0.243379533    
  0.260090411    
  0.277549118    
  0.295772225    
  0.314776212    
  0.334577292    
  0.355192095    
  0.376636267    
  0.398926824    
  0.422079921    
  0.446112216    
  0.471039981    
  0.496879280    
  0.523646712    
  0.551358461    
  0.580031395    
  0.609681427    
  0.640324712    
  0.671977818    
  0.704657018    
  0.738379121    
  0.773160517    
   1.48950645E-03
   1.64040306E-03
   2.00872752E-03
   2.56450404E-03
   3.30051384E-03
   4.22000373E-03
   5.33146458E-03
   6.64617959E-03
   8.17699358E-03
   9.93764773E-03
   1.19424257E-02
   1.42059680E-02
   1.67431571E-02
   1.95689965E-02
   2.26986278E-02
   2.61472482E-02
   2.99300812E-02
   3.40624563E-02
   3.85596603E-02
   4.34369706E-02
   4.87096868E-02
   5.43931648E-02
   6.05027936E-02
   6.70538843E-02
   7.40618408E-02
   8.15420076E-02
   8.95098299E-02
   9.79805142E-02
  0.106969498    
  0.116492249    
  0.126564220    
  0.137200877    
  0.148417369    
  0.160229236    
  0.172651693    
  0.185700193    
  0.199390069    
  0.213736802    
  0.228755698    
  0.244462430    
  0.260872096    
  0.278000087    
  0.295862228    
  0.314473659    
  0.333849818    
  0.354005635    
  0.374956876    
  0.396718860    
  0.419307053    
  0.442737073    
  0.467023671    
  0.492182821    
  0.518229425    
  0.545179427    
  0.573047876    
  0.601849794    
  0.631601095    
  0.662316680    
  0.694012523    
  0.726703823    
   1.38513418E-03
   1.52545422E-03
   1.86796288E-03
   2.38478486E-03
   3.06920568E-03
   3.92424641E-03
   4.95780446E-03
   6.18036883E-03
   7.60388421E-03
   9.24113113E-03
   1.11053893E-02
   1.32102724E-02
   1.55696198E-02
   1.81973912E-02
   2.11076587E-02
   2.43145637E-02
   2.78322529E-02
   3.16749811E-02
   3.58569659E-02
   4.03924026E-02
   4.52955179E-02
   5.05806431E-02
   5.62620126E-02
   6.23539016E-02
   6.88706562E-02
   7.58265257E-02
   8.32358599E-02
   9.11127999E-02
   9.94717255E-02
  0.108327016    
  0.117693022    
  0.127584130    
  0.138014376    
  0.148998305    
  0.160550073    
  0.172683910    
  0.185414165    
  0.198755234    
  0.212721452    
  0.227327213    
  0.242586777    
  0.258514166    
  0.275124252    
  0.292431235    
  0.310449243    
  0.329192340    
  0.348675162    
  0.368911833    
  0.389916688    
  0.411704332    
  0.434288651    
  0.457684308    
  0.481905222    
  0.506966174    
  0.532881141    
  0.559664190    
  0.587330103    
  0.615892708    
  0.645367026    
  0.675767064    
   1.27221353E-03
   1.40109204E-03
   1.71567220E-03
   2.19035265E-03
   2.81896582E-03
   3.60428519E-03
   4.55356715E-03
   5.67644183E-03
   6.98388461E-03
   8.48762877E-03
   1.01998774E-02
   1.21331243E-02
   1.43000856E-02
   1.67135838E-02
   1.93865467E-02
   2.23319493E-02
   2.55628135E-02
   2.90921945E-02
   3.29331793E-02
   3.70987803E-02
   4.16021049E-02
   4.64562662E-02
   5.16743548E-02
   5.72694913E-02
   6.32548556E-02
   6.96435347E-02
   7.64486790E-02
   8.36833715E-02
   9.13606957E-02
   9.94938836E-02
  0.108096205    
  0.117180735    
  0.126760542    
  0.136848822    
  0.147458553    
  0.158602953    
  0.170295179    
  0.182548359    
  0.195375726    
  0.208790511    
  0.222805724    
  0.237434432    
  0.252690256    
  0.268585980    
  0.285134703    
  0.302349538    
  0.320243657    
  0.338830173    
  0.358122259    
  0.378133267    
  0.398876101    
  0.420364052    
  0.442609787    
  0.465627283    
  0.489429086    
  0.514028251    
  0.539438248    
  0.565671802    
  0.592742682    
  0.620663762    
   1.15144206E-03
   1.26808404E-03
   1.55279622E-03
   1.98240834E-03
   2.55133677E-03
   3.26209376E-03
   4.12124489E-03
   5.13751060E-03
   6.32081646E-03
   7.68178655E-03
   9.23146587E-03
   1.09811574E-02
   1.29423765E-02
   1.51267257E-02
   1.75459031E-02
   2.02116482E-02
   2.31357571E-02
   2.63300333E-02
   2.98063383E-02
   3.35764177E-02
   3.76521572E-02
   4.20454331E-02
   4.67680767E-02
   5.18319793E-02
   5.72490469E-02
   6.30311444E-02
   6.91901818E-02
   7.57379904E-02
   8.26863870E-02
   9.00473744E-02
   9.78329331E-02
  0.106054880    
  0.114725128    
  0.123855561    
  0.133457959    
  0.143544257    
  0.154126331    
  0.165216148    
  0.176825568    
  0.188966632    
  0.201651201    
  0.214890987    
  0.228698179    
  0.243084684    
  0.258062184    
  0.273642510    
  0.289837658    
  0.306659549    
  0.324119925    
  0.342230946    
  0.361004293    
  0.380452007    
  0.400585651    
  0.421417654    
  0.442959577    
  0.465223163    
  0.488220483    
  0.511963367    
  0.536463976    
  0.561733902    
   1.02356414E-03
   1.12725049E-03
   1.38033985E-03
   1.76223461E-03
   2.26797070E-03
   2.89978296E-03
   3.66350729E-03
   4.56689624E-03
   5.61876921E-03
   6.82857586E-03
   8.20612535E-03
   9.76148061E-03
   1.15048625E-02
   1.34465918E-02
   1.55970650E-02
   1.79667193E-02
   2.05660481E-02
   2.34055296E-02
   2.64957082E-02
   2.98470352E-02
   3.34700681E-02
   3.73753756E-02
   4.15734574E-02
   4.60749120E-02
   5.08902781E-02
   5.60301654E-02
   6.15051053E-02
   6.73256293E-02
   7.35022873E-02
   8.00456703E-02
   8.69664848E-02
   9.42752138E-02
  0.101982430    
  0.110098720    
  0.118634544    
  0.127600491    
  0.137007222    
  0.146865234    
  0.157185152    
  0.167977720    
  0.179253384    
  0.191022605    
  0.203296214    
  0.216084704    
  0.229398578    
  0.243248343    
  0.257644653    
  0.272598118    
  0.288119256    
  0.304218650    
  0.320906788    
  0.338194311    
  0.356091648    
  0.374609768    
  0.393758982    
  0.413549781    
  0.433992743    
  0.455098420    
  0.476877719    
  0.499340922    
   8.89369694E-04
   9.79461125E-04
   1.19936687E-03
   1.53119012E-03
   1.97061594E-03
   2.51958775E-03
   3.18317604E-03
   3.96811776E-03
   4.88207350E-03
   5.93325589E-03
   7.13018514E-03
   8.48161057E-03
   9.99640580E-03
   1.16835404E-02
   1.35520529E-02
   1.56110069E-02
   1.78695284E-02
   2.03367136E-02
   2.30217110E-02
   2.59336289E-02
   2.90816296E-02
   3.24748755E-02
   3.61225419E-02
   4.00337614E-02
   4.42177504E-02
   4.86837439E-02
   5.34408167E-02
   5.84981851E-02
   6.38649836E-02
   6.95504472E-02
   7.55638033E-02
   8.19142461E-02
   8.86109471E-02
   9.56630781E-02
  0.103079714    
  0.110870048    
  0.119043417    
  0.127608895    
  0.136575714    
  0.145953134    
  0.155750364    
  0.165976465    
  0.176640853    
  0.187752515    
  0.199320689    
  0.211354464    
  0.223863184    
  0.236856028    
  0.250342071    
  0.264330685    
  0.278830737    
  0.293851495    
  0.309402317    
  0.325492471    
  0.342130870    
  0.359326690    
  0.377089292    
  0.395427614    
  0.414351135    
  0.433869064    
   7.49686966E-04
   8.25627940E-04
   1.01099408E-03
   1.29069923E-03
   1.66110555E-03
   2.12385249E-03
   2.68321345E-03
   3.34486668E-03
   4.11527045E-03
   5.00134565E-03
   6.01027580E-03
   7.14943791E-03
   8.42630677E-03
   9.84844845E-03
   1.14234826E-02
   1.31590394E-02
   1.50628258E-02
   1.71424989E-02
   1.94057729E-02
   2.18603238E-02
   2.45138742E-02
   2.73741502E-02
   3.04488968E-02
   3.37457880E-02
   3.72726098E-02
   4.10371423E-02
   4.50470485E-02
   4.93100695E-02
   5.38339354E-02
   5.86263984E-02
   6.36952370E-02
   6.90482259E-02
   7.46930763E-02
   8.06375667E-02
   8.68892670E-02
   9.34559926E-02
  0.100345604    
  0.107565723    
  0.115124173    
  0.123028673    
  0.131287023    
  0.139907017    
  0.148896366    
  0.158262789    
  0.168013915    
  0.178157553    
  0.188701600    
  0.199653700    
  0.211021557    
  0.222813010    
  0.235035568    
  0.247697085    
  0.260805339    
  0.274368316    
  0.288393378    
  0.302888334    
  0.317860961    
  0.333318830    
  0.349270165    
  0.365722388    
   6.05377834E-04
   6.66700071E-04
   8.16383690E-04
   1.04224589E-03
   1.34134933E-03
   1.71501737E-03
   2.16670218E-03
   2.70098797E-03
   3.32309050E-03
   4.03859559E-03
   4.85330680E-03
   5.77318203E-03
   6.80425065E-03
   7.95263331E-03
   9.22447443E-03
   1.06259407E-02
   1.21632470E-02
   1.38425911E-02
   1.56701840E-02
   1.76522303E-02
   1.97949726E-02
   2.21046396E-02
   2.45874990E-02
   2.72497442E-02
   3.00976597E-02
   3.31375189E-02
   3.63755189E-02
   3.98179106E-02
   4.34709266E-02
   4.73408476E-02
   5.14339507E-02
   5.57564981E-02
   6.03147149E-02
   6.51148781E-02
   7.01631308E-02
   7.54657611E-02
   8.10291171E-02
   8.68593752E-02
   9.29628536E-02
   9.93457511E-02
  0.106014356    
  0.112974964    
  0.120233826    
  0.127797216    
  0.135671288    
  0.143862307    
  0.152376592    
  0.161220446    
  0.170399979    
  0.179921612    
  0.189791322    
  0.200015530    
  0.210600451    
  0.221552506    
  0.232877806    
  0.244582474    
  0.256672889    
  0.269155234    
  0.282035857    
  0.295321077    
   4.57332877E-04
   5.03658375E-04
   6.16736244E-04
   7.87362806E-04
   1.01331936E-03
   1.29560474E-03
   1.63682830E-03
   2.04045209E-03
   2.51041655E-03
   3.05094034E-03
   3.66641069E-03
   4.36132587E-03
   5.14024077E-03
   6.00777892E-03
   6.96858903E-03
   8.02732073E-03
   9.18867160E-03
   1.04573276E-02
   1.18379677E-02
   1.33352932E-02
   1.49540203E-02
   1.66988485E-02
   1.85745042E-02
   2.05856860E-02
   2.27371342E-02
   2.50335764E-02
   2.74797156E-02
   3.00802570E-02
   3.28399092E-02
   3.57634388E-02
   3.88555489E-02
   4.21209931E-02
   4.55644839E-02
   4.91907261E-02
   5.30044027E-02
   5.70102520E-02
   6.12130575E-02
   6.56175017E-02
   7.02283457E-02
   7.50502646E-02
   8.00880268E-02
   8.53463784E-02
   9.08300579E-02
   9.65437815E-02
  0.102492228    
  0.108680084    
  0.115112141    
  0.121793173    
  0.128727823    
  0.135920852    
  0.143376917    
  0.151100725    
  0.159097061    
  0.167370752    
  0.175926372    
  0.184768647    
  0.193902284    
  0.203331992    
  0.213062644    
  0.223098904    
   3.06465605E-04
   3.37508856E-04
   4.13283735E-04
   5.27622469E-04
   6.79038814E-04
   8.68201547E-04
   1.09685981E-03
   1.36733288E-03
   1.68226147E-03
   2.04447238E-03
   2.45690672E-03
   2.92257685E-03
   3.44453752E-03
   4.02588490E-03
   4.66973521E-03
   5.37920371E-03
   6.15743874E-03
   7.00758258E-03
   7.93276262E-03
   8.93613603E-03
   1.00208623E-02
   1.11900987E-02
   1.24469968E-02
   1.37947099E-02
   1.52364224E-02
   1.67752989E-02
   1.84144843E-02
   2.01571304E-02
   2.20064037E-02
   2.39655022E-02
   2.60375682E-02
   2.82257870E-02
   3.05333119E-02
   3.29632945E-02
   3.55188698E-02
   3.82032506E-02
   4.10195999E-02
   4.39710729E-02
   4.70608361E-02
   5.02920598E-02
   5.36679216E-02
   5.71916141E-02
   6.08662888E-02
   6.46951050E-02
   6.86812475E-02
   7.28278309E-02
   7.71380141E-02
   8.16150308E-02
   8.62620100E-02
   9.10821408E-02
   9.60785523E-02
  0.101254381    
  0.106612794    
  0.112157077    
  0.117890321    
  0.123815611    
  0.129936174    
  0.136255115    
  0.142775759    
  0.149501175    
   1.53707064E-04
   1.69276667E-04
   2.07281308E-04
   2.64627481E-04
   3.40569706E-04
   4.35443653E-04
   5.50126308E-04
   6.85781124E-04
   8.43732269E-04
   1.02539768E-03
   1.23225281E-03
   1.46580744E-03
   1.72759499E-03
   2.01916741E-03
   2.34208815E-03
   2.69791996E-03
   3.08823958E-03
   3.51462606E-03
   3.97864683E-03
   4.48188419E-03
   5.02592465E-03
   5.61234960E-03
   6.24274230E-03
   6.91868458E-03
   7.64177181E-03
   8.41358863E-03
   9.23571456E-03
   1.01097301E-02
   1.10372277E-02
   1.20198056E-02
   1.30590471E-02
   1.41565371E-02
   1.53138675E-02
   1.65326148E-02
   1.78143550E-02
   1.91606898E-02
   2.05732193E-02
   2.20535174E-02
   2.36031748E-02
   2.52237860E-02
   2.69169416E-02
   2.86842361E-02
   3.05272546E-02
   3.24475877E-02
   3.44468243E-02
   3.65265161E-02
   3.86882760E-02
   4.09337021E-02
   4.32643518E-02
   4.56818789E-02
   4.81878109E-02
   5.07837385E-02
   5.34712262E-02
   5.62519506E-02
   5.91274202E-02
   6.20992370E-02
   6.51689768E-02
   6.83382228E-02
   7.16086179E-02
   7.49817267E-02
