  -1.97476731E-03
  -2.14441493E-03
  -2.56265816E-03
  -3.19423643E-03
  -4.02844371E-03
  -5.06642088E-03
  -6.31544273E-03
  -7.78614823E-03
  -9.49109439E-03
  -1.14440043E-02
  -1.36593189E-02
  -1.61519442E-02
  -1.89370681E-02
  -2.20301002E-02
  -2.54465733E-02
  -2.92021520E-02
  -3.33125293E-02
  -3.77934650E-02
  -4.26607467E-02
  -4.79301810E-02
  -5.36176153E-02
  -5.97389191E-02
  -6.63099736E-02
  -7.33466595E-02
  -8.08648095E-02
  -8.88803676E-02
  -9.74092036E-02
 -0.106467254    
 -0.116070420    
 -0.126234531    
 -0.136975542    
 -0.148309380    
 -0.160251975    
 -0.172819167    
 -0.186026931    
 -0.199891105    
 -0.214427680    
 -0.229652494    
 -0.245581433    
 -0.262230486    
 -0.279615521    
 -0.297752559    
 -0.316657513    
 -0.336346388    
 -0.356834888    
 -0.378138900    
 -0.400274426    
 -0.423257440    
 -0.447103739    
 -0.471829265    
 -0.497449964    
 -0.523981690    
 -0.551440537    
 -0.579842210    
 -0.609202623    
 -0.639537871    
 -0.670863688    
 -0.703196168    
 -0.736551046    
 -0.770944178    
 -0.806391776    
 -0.842909455    
 -0.880513251    
 -0.919219136    
 -0.959042668    
  -1.96959940E-03
  -2.13880162E-03
  -2.55594659E-03
  -3.18586617E-03
  -4.01788298E-03
  -5.05313464E-03
  -6.29887637E-03
  -7.76571874E-03
  -9.46618710E-03
  -1.14139682E-02
  -1.36234639E-02
  -1.61095411E-02
  -1.88873503E-02
  -2.19722576E-02
  -2.53797583E-02
  -2.91254688E-02
  -3.32250521E-02
  -3.76942158E-02
  -4.25487086E-02
  -4.78043035E-02
  -5.34767993E-02
  -5.95820174E-02
  -6.61358163E-02
  -7.31540173E-02
  -8.06524158E-02
  -8.86469111E-02
  -9.71533507E-02
 -0.106187604    
 -0.115765549    
 -0.125902951    
 -0.136615738    
 -0.147919804    
 -0.159831032    
 -0.172365203    
 -0.185538292    
 -0.199366048    
 -0.213864446    
 -0.229049250    
 -0.244936302    
 -0.261541635    
 -0.278880954    
 -0.296970338    
 -0.315825671    
 -0.335462779    
 -0.355897486    
 -0.377145588    
 -0.399222821    
 -0.422145486    
 -0.445929170    
 -0.470589757    
 -0.496143103    
 -0.522605240    
 -0.549991846    
 -0.578318834    
 -0.607602179    
 -0.637857735    
 -0.669101238    
 -0.701348841    
 -0.734616160    
 -0.768918872    
 -0.804273248    
 -0.840695083    
 -0.878200173    
 -0.916804373    
 -0.956523418    
  -1.95412314E-03
  -2.12199125E-03
  -2.53584702E-03
  -3.16079962E-03
  -3.98625620E-03
  -5.01334528E-03
  -6.24926388E-03
  -7.70453876E-03
  -9.39159747E-03
  -1.13240164E-02
  -1.35160871E-02
  -1.59825552E-02
  -1.87384561E-02
  -2.17990316E-02
  -2.51796618E-02
  -2.88958251E-02
  -3.29630747E-02
  -3.73969935E-02
  -4.22131941E-02
  -4.74273302E-02
  -5.30550964E-02
  -5.91121502E-02
  -6.56142607E-02
  -7.25771040E-02
  -8.00163448E-02
  -8.79477859E-02
  -9.63871479E-02
 -0.105350129    
 -0.114852510    
 -0.124909967    
 -0.135538265    
 -0.146753147    
 -0.158570364    
 -0.171005711    
 -0.184074894    
 -0.197793603    
 -0.212177590    
 -0.227242619    
 -0.243004337    
 -0.259478807    
 -0.276681334    
 -0.294628054    
 -0.313334644    
 -0.332816809    
 -0.353090137    
 -0.374170512    
 -0.396073699    
 -0.418815583    
 -0.442411631    
 -0.466877848    
 -0.492229611    
 -0.518482924    
 -0.545653403    
 -0.573757231    
 -0.602809548    
 -0.632826269    
 -0.663823545    
 -0.695816755    
 -0.728821456    
 -0.762853682    
 -0.797929466    
 -0.834064007    
 -0.871272981    
 -0.909572959    
 -0.948978841    
  -1.92841981E-03
  -2.09407182E-03
  -2.50246469E-03
  -3.11916810E-03
  -3.93372960E-03
  -4.94726142E-03
  -6.16686465E-03
  -7.60292914E-03
  -9.26771667E-03
  -1.11746220E-02
  -1.33377546E-02
  -1.57716591E-02
  -1.84911713E-02
  -2.15113349E-02
  -2.48473343E-02
  -2.85144337E-02
  -3.25279832E-02
  -3.69033627E-02
  -4.16559763E-02
  -4.68012653E-02
  -5.23547158E-02
  -5.83317950E-02
  -6.47480562E-02
  -7.16189668E-02
  -7.89599791E-02
  -8.67866948E-02
  -9.51146334E-02
 -0.103959255    
 -0.113336138    
 -0.123260796    
 -0.133748770    
 -0.144815579    
 -0.156476721    
 -0.168747872    
 -0.181644455    
 -0.195182011    
 -0.209376052    
 -0.224242195    
 -0.239795879    
 -0.256052643    
 -0.273028105    
 -0.290737927    
 -0.309197396    
 -0.328422308    
 -0.348428011    
 -0.369230002    
 -0.390843958    
 -0.413285494    
 -0.436569929    
 -0.460712999    
 -0.485730052    
 -0.511636853    
 -0.538448513    
 -0.566180766    
 -0.594849288    
 -0.624469757    
 -0.655057907    
 -0.686628401    
 -0.719197512    
 -0.752780437    
 -0.787392855    
 -0.823050201    
 -0.859768271    
 -0.897562444    
 -0.936448276    
  -1.89262431E-03
  -2.05519050E-03
  -2.45597586E-03
  -3.06119188E-03
  -3.86057911E-03
  -4.85522998E-03
  -6.05211267E-03
  -7.46142445E-03
  -9.09519196E-03
  -1.09665683E-02
  -1.30894007E-02
  -1.54779563E-02
  -1.81467980E-02
  -2.11106893E-02
  -2.43845265E-02
  -2.79832967E-02
  -3.19220610E-02
  -3.62159051E-02
  -4.08799686E-02
  -4.59293798E-02
  -5.13793230E-02
  -5.72450384E-02
  -6.35417551E-02
  -7.02846199E-02
  -7.74888545E-02
  -8.51697251E-02
  -9.33424607E-02
 -0.102022290    
 -0.111224428    
 -0.120964117    
 -0.131256670    
 -0.142117232    
 -0.153561085    
 -0.165603518    
 -0.178259820    
 -0.191545010    
 -0.205474600    
 -0.220063657    
 -0.235327467    
 -0.251281291    
 -0.267940432    
 -0.285320193    
 -0.303435743    
 -0.322302461    
 -0.341935426    
 -0.362349778    
 -0.383561105    
 -0.405584425    
 -0.428434938    
 -0.452128023    
 -0.476678818    
 -0.502102673    
 -0.528414845    
 -0.555630326    
 -0.583764553    
 -0.612832963    
 -0.642850697    
 -0.673832953    
 -0.705795169    
 -0.738752365    
 -0.772719622    
 -0.807712495    
 -0.843746185    
 -0.880836546    
 -0.918997943    
  -1.84692442E-03
  -2.00555148E-03
  -2.39662454E-03
  -2.98717478E-03
  -3.76718910E-03
  -4.73773433E-03
  -5.90561051E-03
  -7.28076696E-03
  -8.87493324E-03
  -1.07009495E-02
  -1.27723310E-02
  -1.51029928E-02
  -1.77071448E-02
  -2.05991920E-02
  -2.37936676E-02
  -2.73052026E-02
  -3.11484840E-02
  -3.53382416E-02
  -3.98892462E-02
  -4.48162481E-02
  -5.01340851E-02
  -5.58576062E-02
  -6.20016679E-02
  -6.85810894E-02
  -7.56106973E-02
  -8.31053853E-02
  -9.10799801E-02
  -9.95493531E-02
 -0.108528458    
 -0.118032046    
 -0.128075063    
 -0.138672307    
 -0.149838746    
 -0.161589250    
 -0.173938751    
 -0.186901838    
 -0.200493693    
 -0.214729056    
 -0.229622766    
 -0.245189831    
 -0.261445165    
 -0.278403610    
 -0.296079993    
 -0.314489424    
 -0.333646506    
 -0.353566021    
 -0.374263078    
 -0.395752579    
 -0.418048918    
 -0.441167623    
 -0.465123177    
 -0.489930511    
 -0.515604973    
 -0.542160571    
 -0.569612622    
 -0.597976625    
 -0.627266586    
 -0.657497644    
 -0.688684940    
 -0.720842898    
 -0.753986955    
 -0.788131416    
 -0.823291779    
 -0.859483182    
 -0.896719694    
  -1.79156021E-03
  -1.94541528E-03
  -2.32472201E-03
  -2.89750518E-03
  -3.65405018E-03
  -4.59539331E-03
  -5.72812930E-03
  -7.06190243E-03
  -8.60809721E-03
  -1.03791673E-02
  -1.23882135E-02
  -1.46487355E-02
  -1.71745177E-02
  -1.99795291E-02
  -2.30778661E-02
  -2.64837258E-02
  -3.02113239E-02
  -3.42749879E-02
  -3.86890173E-02
  -4.34677415E-02
  -4.86255288E-02
  -5.41767962E-02
  -6.01359308E-02
  -6.65173158E-02
  -7.33353794E-02
  -8.06044862E-02
  -8.83390531E-02
  -9.65535194E-02
 -0.105262384    
 -0.114479981    
 -0.124220669    
 -0.134498954    
 -0.145329326    
 -0.156726182    
 -0.168703839    
 -0.181276828    
 -0.194459543    
 -0.208266437    
 -0.222711965    
 -0.237810478    
 -0.253576547    
 -0.270024508    
 -0.287168980    
 -0.305024177    
 -0.323604614    
 -0.342924654    
 -0.362998754    
 -0.383841395    
 -0.405466676    
 -0.427889436    
 -0.451123804    
 -0.475184381    
 -0.500086069    
 -0.525842428    
 -0.552468479    
 -0.579978347    
 -0.608386695    
 -0.637707710    
 -0.667956114    
 -0.699146152    
 -0.731292486    
 -0.764409661    
 -0.798512220    
 -0.833614171    
 -0.869730115    
  -1.72682269E-03
  -1.87509763E-03
  -2.24064663E-03
  -2.79265363E-03
  -3.52175673E-03
  -4.42895293E-03
  -5.52059803E-03
  -6.80598430E-03
  -8.29608738E-03
  -1.00029074E-02
  -1.19390646E-02
  -1.41175715E-02
  -1.65517163E-02
  -1.92549545E-02
  -2.22408790E-02
  -2.55231578E-02
  -2.91155111E-02
  -3.30317430E-02
  -3.72856110E-02
  -4.18909416E-02
  -4.68616001E-02
  -5.22114336E-02
  -5.79543449E-02
  -6.41041845E-02
  -7.06748441E-02
  -7.76802152E-02
  -8.51341411E-02
  -9.30505469E-02
 -0.101443380    
 -0.110326476    
 -0.119713746    
 -0.129619092    
 -0.140056446    
 -0.151039720    
 -0.162582830    
 -0.174699619    
 -0.187403947    
 -0.200709805    
 -0.214631125    
 -0.229181781    
 -0.244375810    
 -0.260226905    
 -0.276749134    
 -0.293956280    
 -0.311862648    
 -0.330481559    
 -0.349827379    
 -0.369913578    
 -0.390754193    
 -0.412363321    
 -0.434754640    
 -0.457942337    
 -0.481940240    
 -0.506761789    
 -0.532421231    
 -0.558932662    
 -0.586310387    
 -0.614567816    
 -0.643718243    
 -0.673776209    
 -0.704756260    
 -0.736672163    
 -0.769537330    
 -0.803365767    
 -0.838171363    
  -1.65305182E-03
  -1.79496757E-03
  -2.14483868E-03
  -2.67317053E-03
  -3.37100378E-03
  -4.23928769E-03
  -5.28410822E-03
  -6.51435787E-03
  -7.94054475E-03
  -9.57414601E-03
  -1.14272451E-02
  -1.35122947E-02
  -1.58420149E-02
  -1.84292812E-02
  -2.12871041E-02
  -2.44285576E-02
  -2.78668087E-02
  -3.16150151E-02
  -3.56863774E-02
  -4.00941260E-02
  -4.48515378E-02
  -4.99718487E-02
  -5.54683581E-02
  -6.13543391E-02
  -6.76431134E-02
  -7.43479282E-02
  -8.14820379E-02
  -8.90587866E-02
  -9.70915332E-02
 -0.105593488    
 -0.114577986    
 -0.124058373    
 -0.134047911    
 -0.144559890    
 -0.155607745    
 -0.167204618    
 -0.179363802    
 -0.192098781    
 -0.205422685    
 -0.219349071    
 -0.233891204    
 -0.249062240    
 -0.264875382    
 -0.281344295    
 -0.298482269    
 -0.316302389    
 -0.334818035    
 -0.354042321    
 -0.373988479    
 -0.394670427    
 -0.416101128    
 -0.438293904    
 -0.461262017    
 -0.485018790    
 -0.509577274    
 -0.534951270    
 -0.561153948    
 -0.588199019    
 -0.616099000    
 -0.644867480    
 -0.674518287    
 -0.705064833    
 -0.736519575    
 -0.768896997    
 -0.802209496    
  -1.57063466E-03
  -1.70544616E-03
  -2.03780271E-03
  -2.53968546E-03
  -3.20258248E-03
  -4.02739458E-03
  -5.01990318E-03
  -6.18855329E-03
  -7.54333287E-03
  -9.09513701E-03
  -1.08554447E-02
  -1.28360828E-02
  -1.50491446E-02
  -1.75068527E-02
  -2.02215575E-02
  -2.32056957E-02
  -2.64717713E-02
  -3.00322678E-02
  -3.38997394E-02
  -3.80867496E-02
  -4.26059030E-02
  -4.74698059E-02
  -5.26910461E-02
  -5.82822748E-02
  -6.42560571E-02
  -7.06251040E-02
  -7.74019510E-02
  -8.45992640E-02
  -9.22296867E-02
 -0.100305833    
 -0.108840354    
 -0.117845975    
 -0.127335235    
 -0.137320742    
 -0.147815257    
 -0.158831313    
 -0.170381591    
 -0.182478696    
 -0.195135236    
 -0.208364099    
 -0.222177804    
 -0.236588940    
 -0.251610100    
 -0.267254293    
 -0.283533782    
 -0.300461322    
 -0.318049490    
 -0.336310863    
 -0.355258226    
 -0.374904305    
 -0.395261586    
 -0.416342735    
 -0.438160658    
 -0.460727572    
 -0.484056443    
 -0.508159578    
 -0.533049703    
 -0.558740139    
 -0.585242867    
 -0.612570524    
 -0.640736341    
 -0.669753134    
 -0.699633002    
 -0.730388641    
 -0.762032747    
  -1.48000452E-03
  -1.60700385E-03
  -1.92010065E-03
  -2.39289855E-03
  -3.01737804E-03
  -3.79438582E-03
  -4.72937059E-03
  -5.83028561E-03
  -7.10653793E-03
  -8.56839400E-03
  -1.02266632E-02
  -1.20924916E-02
  -1.41772656E-02
  -1.64925028E-02
  -1.90498363E-02
  -2.18609832E-02
  -2.49377117E-02
  -2.82918140E-02
  -3.19350734E-02
  -3.58793661E-02
  -4.01365273E-02
  -4.47184294E-02
  -4.96370010E-02
  -5.49040884E-02
  -6.05315156E-02
  -6.65313154E-02
  -7.29152933E-02
  -7.96953365E-02
  -8.68833810E-02
  -9.44913253E-02
 -0.102531075    
 -0.111014582    
 -0.119953603    
 -0.129360169    
 -0.139246270    
 -0.149623647    
 -0.160504207    
 -0.171899900    
 -0.183822736    
 -0.196284577    
 -0.209297359    
 -0.222872958    
 -0.237023175    
 -0.251760215    
 -0.267095804    
 -0.283041865    
 -0.299610317    
 -0.316812932    
 -0.334661871    
 -0.353168756    
 -0.372345716    
 -0.392204762    
 -0.412757546    
 -0.434016138    
 -0.455992281    
 -0.478697956    
 -0.502145350    
 -0.526346445    
 -0.551312447    
 -0.577055991    
 -0.603588879    
 -0.630923390    
 -0.659070671    
 -0.688043356    
 -0.717852771    
  -1.38163706E-03
  -1.50015717E-03
  -1.79235067E-03
  -2.23358115E-03
  -2.81636277E-03
  -3.54148680E-03
  -4.41403594E-03
  -5.44143515E-03
  -6.63245656E-03
  -7.99668767E-03
  -9.54420958E-03
  -1.12854270E-02
  -1.32309627E-02
  -1.53915687E-02
  -1.77780986E-02
  -2.04014853E-02
  -2.32727099E-02
  -2.64027901E-02
  -2.98027117E-02
  -3.34835425E-02
  -3.74563374E-02
  -4.17322144E-02
  -4.63222563E-02
  -5.12375198E-02
  -5.64890765E-02
  -6.20881021E-02
  -6.80456311E-02
  -7.43727684E-02
  -8.10806900E-02
  -8.81804302E-02
  -9.56831723E-02
 -0.103599943    
 -0.111941859    
 -0.120720074    
 -0.129945710    
 -0.139629915    
 -0.149783671    
 -0.160418183    
 -0.171544567    
 -0.183173880    
 -0.195317417    
 -0.207986102    
 -0.221191168    
 -0.234943658    
 -0.249254733    
 -0.264135420    
 -0.279597044    
 -0.295650542    
 -0.312307209    
 -0.329578131    
 -0.347474039    
 -0.366006285    
 -0.385186285    
 -0.405024618    
 -0.425532818    
 -0.446721673    
 -0.468602657    
 -0.491186947    
 -0.514485538    
 -0.538509488    
 -0.563269854    
 -0.588778436    
 -0.615045786    
 -0.642083049    
 -0.669901192    
  -1.27604883E-03
  -1.38546771E-03
  -1.65522296E-03
  -2.06256914E-03
  -2.60059326E-03
  -3.27002560E-03
  -4.07555746E-03
  -5.02404245E-03
  -6.12358050E-03
  -7.38301780E-03
  -8.81166570E-03
  -1.04191257E-02
  -1.22152055E-02
  -1.42098302E-02
  -1.64130237E-02
  -1.88348684E-02
  -2.14855149E-02
  -2.43751239E-02
  -2.75138449E-02
  -3.09118703E-02
  -3.45794447E-02
  -3.85268368E-02
  -4.27642241E-02
  -4.73018624E-02
  -5.21499589E-02
  -5.73187731E-02
  -6.28185943E-02
  -6.86596185E-02
  -7.48521611E-02
  -8.14064220E-02
  -8.83326977E-02
  -9.56411883E-02
 -0.103342168    
 -0.111445889    
 -0.119962655    
 -0.128902748    
 -0.138276353    
 -0.148093760    
 -0.158365175    
 -0.169100955    
 -0.180311412    
 -0.192006692    
 -0.204197109    
 -0.216892824    
 -0.230104268    
 -0.243841499    
 -0.258115023    
 -0.272935182    
 -0.288312018    
 -0.304255843    
 -0.320776790    
 -0.337885261    
 -0.355591506    
 -0.373905569    
 -0.392837584    
 -0.412398368    
 -0.432598054    
 -0.453447431    
 -0.474955738    
 -0.497133791    
 -0.519991815    
 -0.543540359    
 -0.567789197    
 -0.592749298    
 -0.618430197    
  -1.16379454E-03
  -1.26353756E-03
  -1.50943827E-03
  -1.88076100E-03
  -2.37120222E-03
  -2.98142782E-03
  -3.71571234E-03
  -4.58030216E-03
  -5.58257988E-03
  -6.73061004E-03
  -8.03288165E-03
  -9.49813891E-03
  -1.11353295E-02
  -1.29535003E-02
  -1.49617819E-02
  -1.71693675E-02
  -1.95855051E-02
  -2.22194567E-02
  -2.50804964E-02
  -2.81778947E-02
  -3.15209851E-02
  -3.51191126E-02
  -3.89816053E-02
  -4.31177728E-02
  -4.75369245E-02
  -5.22484370E-02
  -5.72616234E-02
  -6.25858381E-02
  -6.82304502E-02
  -7.42048025E-02
  -8.05182308E-02
  -8.71800482E-02
  -9.41996425E-02
 -0.101586305    
 -0.109349474    
 -0.117498517    
 -0.126042679    
 -0.134991363    
 -0.144353956    
 -0.154139802    
 -0.164358258    
 -0.175018668    
 -0.186130390    
 -0.197702780    
 -0.209745198    
 -0.222267032    
 -0.235277548    
 -0.248786166    
 -0.262802303    
 -0.277335167    
 -0.292394310    
 -0.307988912    
 -0.324128360    
 -0.340822071    
 -0.358079076    
 -0.375909060    
 -0.394321412    
 -0.413325548    
 -0.432930827    
 -0.453146666    
 -0.473982155    
 -0.495446742    
 -0.517550230    
 -0.540301740    
 -0.563710213    
  -1.04546384E-03
  -1.13500748E-03
  -1.35576236E-03
  -1.68911158E-03
  -2.12939503E-03
  -2.67720944E-03
  -3.33639071E-03
  -4.11254494E-03
  -5.01229893E-03
  -6.04289491E-03
  -7.21194688E-03
  -8.52731057E-03
  -9.99701116E-03
  -1.16291726E-02
  -1.34319989E-02
  -1.54137360E-02
  -1.75826699E-02
  -1.99471377E-02
  -2.25154553E-02
  -2.52959486E-02
  -2.82969959E-02
  -3.15269642E-02
  -3.49942595E-02
  -3.87072265E-02
  -4.26742174E-02
  -4.69036587E-02
  -5.14038876E-02
  -5.61833344E-02
  -6.12504072E-02
  -6.66134432E-02
  -7.22808391E-02
  -7.82610103E-02
  -8.45623314E-02
  -9.11931619E-02
  -9.81619507E-02
 -0.105477124    
 -0.113146991    
 -0.121179983    
 -0.129584476    
 -0.138368979    
 -0.147541851    
 -0.157111436    
 -0.167086050    
 -0.177474231    
 -0.188284367    
 -0.199524865    
 -0.211204022    
 -0.223330170    
 -0.235911995    
 -0.248957708    
 -0.262475789    
 -0.276474655    
 -0.290962517    
 -0.305947840    
 -0.321439058    
 -0.337444633    
 -0.353973031    
 -0.371032327    
 -0.388631523    
 -0.406778604    
 -0.425482035    
 -0.444750339    
 -0.464591950    
 -0.485015303    
 -0.506028593    
  -9.21677682E-04
  -1.00055221E-03
  -1.19500211E-03
  -1.48862833E-03
  -1.87644199E-03
  -2.35896860E-03
  -2.93958490E-03
  -3.62322805E-03
  -4.41573374E-03
  -5.32348175E-03
  -6.35317387E-03
  -7.51173683E-03
  -8.80623050E-03
  -1.02438098E-02
  -1.18317064E-02
  -1.35771791E-02
  -1.54875256E-02
  -1.75700933E-02
  -1.98321939E-02
  -2.22811811E-02
  -2.49244105E-02
  -2.77692862E-02
  -3.08231600E-02
  -3.40934098E-02
  -3.75873931E-02
  -4.13125344E-02
  -4.52761985E-02
  -4.94857505E-02
  -5.39486483E-02
  -5.86721823E-02
  -6.36637956E-02
  -6.89309016E-02
  -7.44808242E-02
  -8.03209841E-02
  -8.64587873E-02
  -9.29016769E-02
  -9.96569470E-02
 -0.106732093    
 -0.114134446    
 -0.121871457    
 -0.129950494    
 -0.138378903    
 -0.147164121    
 -0.156313553    
 -0.165834635    
 -0.175734669    
 -0.186020970    
 -0.196701065    
 -0.207782581    
 -0.219272614    
 -0.231178656    
 -0.243508145    
 -0.256268322    
 -0.269466698    
 -0.283110648    
 -0.297207743    
 -0.311765105    
 -0.326790184    
 -0.342290521    
 -0.358273417    
 -0.374746561    
 -0.391717285    
 -0.409193069    
 -0.427181065    
 -0.445688605    
  -7.93086481E-04
  -8.60877568E-04
  -1.02800201E-03
  -1.28036342E-03
  -1.61367177E-03
  -2.02837703E-03
  -2.52737966E-03
  -3.11492290E-03
  -3.79601843E-03
  -4.57615172E-03
  -5.46107767E-03
  -6.45675184E-03
  -7.56924227E-03
  -8.80469009E-03
  -1.01693170E-02
  -1.16693545E-02
  -1.33110862E-02
  -1.51008088E-02
  -1.70448106E-02
  -1.91494264E-02
  -2.14209668E-02
  -2.38657854E-02
  -2.64902022E-02
  -2.93005705E-02
  -3.23031954E-02
  -3.55044715E-02
  -3.89107242E-02
  -4.25282866E-02
  -4.63635437E-02
  -5.04227951E-02
  -5.47123961E-02
  -5.92387281E-02
  -6.40081316E-02
  -6.90269172E-02
  -7.43015334E-02
  -7.98382908E-02
  -8.56435075E-02
  -9.17236358E-02
  -9.80849415E-02
 -0.104733750    
 -0.111676522    
 -0.118919581    
 -0.126469165    
 -0.134331748    
 -0.142513648    
 -0.151021212    
 -0.159860879    
 -0.169038922    
 -0.178561807    
 -0.188435748    
 -0.198667124    
 -0.209262460    
 -0.220227987    
 -0.231570005    
 -0.243295088    
 -0.255409300    
 -0.267919153    
 -0.280831069    
 -0.294151425    
 -0.307886451    
 -0.322042763    
 -0.336626679    
 -0.351644486    
 -0.367102593    
 -0.383007109    
  -6.60365331E-04
  -7.16717099E-04
  -8.55638762E-04
  -1.06541067E-03
  -1.34246412E-03
  -1.68717082E-03
  -2.10194010E-03
  -2.59029795E-03
  -3.15641006E-03
  -3.80482897E-03
  -4.54034377E-03
  -5.36789931E-03
  -6.29254105E-03
  -7.31937215E-03
  -8.45355820E-03
  -9.70029086E-03
  -1.10647772E-02
  -1.25522576E-02
  -1.41679626E-02
  -1.59171410E-02
  -1.78050511E-02
  -1.98369641E-02
  -2.20181495E-02
  -2.43538786E-02
  -2.68493891E-02
  -2.95099784E-02
  -3.23409215E-02
  -3.53474915E-02
  -3.85349542E-02
  -4.19085957E-02
  -4.54736650E-02
  -4.92354669E-02
  -5.31992652E-02
  -5.73703535E-02
  -6.17540628E-02
  -6.63556010E-02
  -7.11802766E-02
  -7.62334093E-02
  -8.15201849E-02
  -8.70459750E-02
  -9.28159878E-02
  -9.88355502E-02
 -0.105109870    
 -0.111644298    
 -0.118444100    
 -0.125514612    
 -0.132861033    
 -0.140488803    
 -0.148403063    
 -0.156609014    
 -0.165112153    
 -0.173917711    
 -0.183030918    
 -0.192457005    
 -0.202201441    
 -0.212269321    
 -0.222665921    
 -0.233396769    
 -0.244467035    
 -0.255882084    
 -0.267647207    
 -0.279767543    
 -0.292248577    
 -0.305095404    
 -0.318313450    
  -5.24211035E-04
  -5.68827847E-04
  -6.78817858E-04
  -8.44899274E-04
  -1.06424373E-03
  -1.33714243E-03
  -1.66550127E-03
  -2.05210992E-03
  -2.50026467E-03
  -3.01356567E-03
  -3.59580666E-03
  -4.25089849E-03
  -4.98283654E-03
  -5.79565717E-03
  -6.69345306E-03
  -7.68032763E-03
  -8.76040477E-03
  -9.93783120E-03
  -1.12167429E-02
  -1.26013011E-02
  -1.40956659E-02
  -1.57040134E-02
  -1.74305029E-02
  -1.92793142E-02
  -2.12546010E-02
  -2.33605392E-02
  -2.56013069E-02
  -2.79810783E-02
  -3.05040274E-02
  -3.31743248E-02
  -3.59961428E-02
  -3.89736630E-02
  -4.21110541E-02
  -4.54125516E-02
  -4.88823019E-02
  -5.25244586E-02
  -5.63432351E-02
  -6.03427961E-02
  -6.45273253E-02
  -6.89009801E-02
  -7.34679326E-02
  -7.82324076E-02
  -8.31985101E-02
  -8.83704796E-02
  -9.37524736E-02
  -9.93487239E-02
 -0.105163425    
 -0.111200757    
 -0.117464848    
 -0.123959847    
 -0.130689994    
 -0.137659416    
 -0.144872412    
 -0.152333036    
 -0.160045609    
 -0.168014213    
 -0.176243082    
 -0.184736475    
 -0.193498492    
 -0.202533364    
 -0.211845458    
 -0.221438617    
 -0.231317341    
 -0.241485596    
 -0.251947463    
  -3.85338702E-04
  -4.17986390E-04
  -4.98467882E-04
  -6.19987375E-04
  -7.80471775E-04
  -9.80130630E-04
  -1.22035586E-03
  -1.50318572E-03
  -1.83102919E-03
  -2.20651855E-03
  -2.63242819E-03
  -3.11161787E-03
  -3.64700682E-03
  -4.24154894E-03
  -4.89823660E-03
  -5.62007166E-03
  -6.41006744E-03
  -7.27125444E-03
  -8.20666365E-03
  -9.21932794E-03
  -1.03123002E-02
  -1.14886351E-02
  -1.27513660E-02
  -1.41035542E-02
  -1.55482348E-02
  -1.70884598E-02
  -1.87272877E-02
  -2.04677656E-02
  -2.23129448E-02
  -2.42658798E-02
  -2.63296273E-02
  -2.85072271E-02
  -3.08017619E-02
  -3.32163051E-02
  -3.57538611E-02
  -3.84174958E-02
  -4.12102975E-02
  -4.41353060E-02
  -4.71955724E-02
  -5.03941588E-02
  -5.37340753E-02
  -5.72183914E-02
  -6.08501881E-02
  -6.46325499E-02
  -6.85684979E-02
  -7.26611614E-02
  -7.69135207E-02
  -8.13287050E-02
  -8.59096646E-02
  -9.06594917E-02
  -9.55812633E-02
 -0.100678086    
 -0.105952933    
 -0.111408956    
 -0.117049165    
 -0.122876666    
 -0.128894567    
 -0.135105848    
 -0.141513556    
 -0.148120850    
 -0.154930830    
 -0.161946476    
 -0.169170812    
 -0.176606938    
 -0.184257835    
  -2.44477560E-04
  -2.64984905E-04
  -3.15535697E-04
  -3.91856127E-04
  -4.92638617E-04
  -6.18010468E-04
  -7.68841186E-04
  -9.46408254E-04
  -1.15222018E-03
  -1.38792756E-03
  -1.65527046E-03
  -1.95604144E-03
  -2.29207147E-03
  -2.66521471E-03
  -3.07734613E-03
  -3.53034842E-03
  -4.02611354E-03
  -4.56654048E-03
  -5.15352981E-03
  -5.78898983E-03
  -6.47483021E-03
  -7.21296901E-03
  -8.00531264E-03
  -8.85377079E-03
  -9.76025965E-03
  -1.07266847E-02
  -1.17549617E-02
  -1.28470091E-02
  -1.40047390E-02
  -1.52300578E-02
  -1.65248904E-02
  -1.78911537E-02
  -1.93307661E-02
  -2.08456311E-02
  -2.24376787E-02
  -2.41088327E-02
  -2.58609951E-02
  -2.76960749E-02
  -2.96160057E-02
  -3.16226743E-02
  -3.37180048E-02
  -3.59039456E-02
  -3.81823778E-02
  -4.05552424E-02
  -4.30244692E-02
  -4.55919802E-02
  -4.82596830E-02
  -5.10294810E-02
  -5.39032817E-02
  -5.68830296E-02
  -5.99706247E-02
  -6.31679967E-02
  -6.64770901E-02
  -6.98998123E-02
  -7.34380931E-02
  -7.70938769E-02
  -8.08690488E-02
  -8.47655907E-02
  -8.87853503E-02
  -9.29303095E-02
  -9.72024277E-02
 -0.101603530    
 -0.106135584    
 -0.110800497    
 -0.115600191    
  -1.02366983E-04
  -1.10626752E-04
  -1.30981993E-04
  -1.61703691E-04
  -2.02256168E-04
  -2.52683618E-04
  -3.13329539E-04
  -3.84702376E-04
  -4.67403588E-04
  -5.62092406E-04
  -6.69465575E-04
  -7.90239661E-04
  -9.25148081E-04
  -1.07493217E-03
  -1.24034472E-03
  -1.42213888E-03
  -1.62107183E-03
  -1.83790270E-03
  -2.07339437E-03
  -2.32830993E-03
  -2.60341703E-03
  -2.89948471E-03
  -3.21727572E-03
  -3.55755538E-03
  -3.92108876E-03
  -4.30863909E-03
  -4.72097471E-03
  -5.15885791E-03
  -5.62305516E-03
  -6.11433387E-03
  -6.63345773E-03
  -7.18119554E-03
  -7.75831426E-03
  -8.36557522E-03
  -9.00376216E-03
  -9.67362989E-03
  -1.03759449E-02
  -1.11114755E-02
  -1.18809873E-02
  -1.26852375E-02
  -1.35249887E-02
  -1.44010233E-02
  -1.53141133E-02
  -1.62650365E-02
  -1.72545575E-02
  -1.82834528E-02
  -1.93524659E-02
  -2.04623714E-02
  -2.16139220E-02
  -2.28079166E-02
  -2.40451060E-02
  -2.53262725E-02
  -2.66521983E-02
  -2.80236416E-02
  -2.94413753E-02
  -3.09061818E-02
  -3.24188434E-02
  -3.39801386E-02
  -3.55908051E-02
  -3.72516364E-02
  -3.89634110E-02
  -4.07268889E-02
  -4.25428264E-02
  -4.44120355E-02
  -4.63352464E-02
   4.02467631E-05
   4.42776582E-05
   5.42240487E-05
   6.92614412E-05
   8.91506934E-05
   1.13931172E-04
   1.43786936E-04
   1.78981616E-04
   2.19823603E-04
   2.66649266E-04
   3.19807965E-04
   3.79663397E-04
   4.46583406E-04
   5.20943373E-04
   6.03116583E-04
   6.93484035E-04
   7.92426581E-04
   9.00328567E-04
   1.01757026E-03
   1.14453561E-03
   1.28160650E-03
   1.42916304E-03
   1.58759044E-03
   1.75727380E-03
   1.93860068E-03
   2.13195733E-03
   2.33772770E-03
   2.55630212E-03
   2.78806826E-03
   3.03341099E-03
   3.29272193E-03
   3.56638432E-03
   3.85478162E-03
   4.15830594E-03
   4.47734026E-03
   4.81226901E-03
   5.16348146E-03
   5.53136272E-03
   5.91630302E-03
   6.31869398E-03
   6.73891837E-03
   7.17736036E-03
   7.63440831E-03
   8.11043754E-03
   8.60582385E-03
   9.12096631E-03
   9.65624955E-03
   1.02120638E-02
   1.07887946E-02
   1.13868276E-02
   1.20065454E-02
   1.26483236E-02
   1.33125540E-02
   1.39996000E-02
   1.47098443E-02
   1.54436957E-02
   1.62015259E-02
   1.69837065E-02
   1.77906137E-02
   1.86226293E-02
   1.94801707E-02
   2.03636028E-02
   2.12733075E-02
   2.22096834E-02
   2.31730882E-02
   1.82614938E-04
   1.98914946E-04
   2.39109926E-04
   2.99826264E-04
   3.80051468E-04
   4.79908136E-04
   6.00107422E-04
   7.41682772E-04
   9.05851484E-04
   1.09394384E-03
   1.30735338E-03
   1.54752203E-03
   1.81591674E-03
   2.11402867E-03
   2.44335434E-03
   2.80540646E-03
   3.20170075E-03
   3.63376783E-03
   4.10312461E-03
   4.61130124E-03
   5.15983021E-03
   5.75023424E-03
   6.38404256E-03
   7.06279697E-03
   7.78802717E-03
   8.56126752E-03
   9.38406214E-03
   1.02579379E-02
   1.11844484E-02
   1.21651189E-02
   1.32014956E-02
   1.42951170E-02
   1.54475095E-02
   1.66602209E-02
   1.79347936E-02
   1.92727614E-02
   2.06756424E-02
   2.21450031E-02
   2.36823671E-02
   2.52892822E-02
   2.69672778E-02
   2.87179016E-02
   3.05426866E-02
   3.24431472E-02
   3.44208404E-02
   3.64772901E-02
   3.86140347E-02
   4.08326499E-02
   4.31346446E-02
   4.55215648E-02
   4.79949564E-02
   5.05563058E-02
   5.32072075E-02
   5.59491292E-02
   5.87836318E-02
   6.17123097E-02
   6.47366568E-02
   6.78581744E-02
   7.10784271E-02
   7.43989348E-02
   7.78213218E-02
   8.13470036E-02
   8.49775746E-02
   8.87146369E-02
   9.25595611E-02
   3.23990040E-04
   3.52473202E-04
   4.22704790E-04
   5.28780045E-04
   6.68918365E-04
   8.43325339E-04
   1.05323456E-03
   1.30044576E-03
   1.58707693E-03
   1.91544578E-03
   2.28798296E-03
   2.70720129E-03
   3.17565980E-03
   3.69595550E-03
   4.27070074E-03
   4.90253326E-03
   5.59409382E-03
   6.34805579E-03
   7.16706039E-03
   8.05377681E-03
   9.01088025E-03
   1.00410273E-02
   1.11468844E-02
   1.23311384E-02
   1.35964593E-02
   1.49455201E-02
   1.63810086E-02
   1.79055985E-02
   1.95219778E-02
   2.12328192E-02
   2.30408069E-02
   2.49486342E-02
   2.69589685E-02
   2.90744901E-02
   3.12978998E-02
   3.36318612E-02
   3.60790491E-02
   3.86421829E-02
   4.13238779E-02
   4.41268720E-02
   4.70538102E-02
   5.01074269E-02
   5.32903671E-02
   5.66052757E-02
   6.00548983E-02
   6.36418164E-02
   6.73687831E-02
   7.12385178E-02
   7.52537102E-02
   7.94170052E-02
   8.37310478E-02
   8.81985575E-02
   9.28221643E-02
   9.76045504E-02
  0.102548450    
  0.107656576    
  0.112931579    
  0.118376009    
  0.123992667    
  0.129784271    
  0.135753497    
  0.141902983    
  0.148235366    
  0.154753476    
  0.161459818    
   4.63629898E-04
   5.04146155E-04
   6.04044646E-04
   7.54920417E-04
   9.54234507E-04
   1.20227388E-03
   1.50078873E-03
   1.85233506E-03
   2.25992152E-03
   2.72684032E-03
   3.25654703E-03
   3.85260954E-03
   4.51866724E-03
   5.25841163E-03
   6.07555639E-03
   6.97384682E-03
   7.95704313E-03
   9.02893115E-03
   1.01932809E-02
   1.14538828E-02
   1.28145227E-02
   1.42789958E-02
   1.58510935E-02
   1.75346229E-02
   1.93333849E-02
   2.12511849E-02
   2.32918169E-02
   2.54591070E-02
   2.77568605E-02
   3.01888846E-02
   3.27589773E-02
   3.54709812E-02
   3.83286886E-02
   4.13359031E-02
   4.44964692E-02
   4.78141606E-02
   5.12927994E-02
   5.49362004E-02
   5.87481484E-02
   6.27324954E-02
   6.68929964E-02
   7.12335482E-02
   7.57579133E-02
   8.04698691E-02
   8.53732601E-02
   9.04718190E-02
   9.57694501E-02
  0.101269953    
  0.106977232    
  0.112895057    
  0.119027108    
  0.125377297    
  0.131949365    
  0.138747111    
  0.145774379    
  0.153035149    
  0.160533026    
  0.168271825    
  0.176255360    
  0.184487700    
  0.192972392    
  0.201713383    
  0.210714340    
  0.219979346    
  0.229511857    
   6.00801432E-04
   6.53137744E-04
   7.82177667E-04
   9.77060059E-04
   1.23450113E-03
   1.55486888E-03
   1.94041978E-03
   2.39445316E-03
   2.92085134E-03
   3.52386525E-03
   4.20795754E-03
   4.97772964E-03
   5.83788659E-03
   6.79319026E-03
   7.84843974E-03
   9.00846440E-03
   1.02781290E-02
   1.16623119E-02
   1.31658874E-02
   1.47937462E-02
   1.65507775E-02
   1.84418783E-02
   2.04719491E-02
   2.26459131E-02
   2.49686614E-02
   2.74451170E-02
   3.00801843E-02
   3.28787863E-02
   3.58458348E-02
   3.89862508E-02
   4.23049554E-02
   4.58068885E-02
   4.94969487E-02
   5.33800609E-02
   5.74611500E-02
   6.17451407E-02
   6.62369430E-02
   7.09414631E-02
   7.58636370E-02
   8.10083970E-02
   8.63806233E-02
   9.19852853E-02
   9.78273079E-02
  0.103911519    
  0.110242911    
  0.116826333    
  0.123666801    
  0.130769253    
  0.138138607    
  0.145779818    
  0.153697759    
  0.161897227    
  0.170383245    
  0.179160580    
  0.188234419    
  0.197609574    
  0.207290903    
  0.217283532    
  0.227592155    
  0.238221839    
  0.249177396    
  0.260463893    
  0.272086233    
  0.284049451    
  0.296358079    
   7.34784524E-04
   7.98665744E-04
   9.56168165E-04
   1.19403249E-03
   1.50824722E-03
   1.89925847E-03
   2.36981874E-03
   2.92395148E-03
   3.56639433E-03
   4.30233311E-03
   5.13721583E-03
   6.07665349E-03
   7.12638861E-03
   8.29223171E-03
   9.58003849E-03
   1.09956963E-02
   1.25451665E-02
   1.42343668E-02
   1.60692707E-02
   1.80558264E-02
   2.02000123E-02
   2.25077998E-02
   2.49851868E-02
   2.76381560E-02
   3.04726809E-02
   3.34947892E-02
   3.67104337E-02
   4.01256420E-02
   4.37463708E-02
   4.75786887E-02
   5.16285710E-02
   5.59020266E-02
   6.04050718E-02
   6.51436895E-02
   7.01238587E-02
   7.53516406E-02
   8.08329806E-02
   8.65739509E-02
   9.25804824E-02
   9.88586619E-02
  0.105414368    
  0.112253673    
  0.119382620    
  0.126807094    
  0.134533197    
  0.142566934    
  0.150914237    
  0.159581304    
  0.168574139    
  0.177898630    
  0.187560767    
  0.197566479    
  0.207921818    
  0.218632653    
  0.229705259    
  0.241145700    
  0.252959728    
  0.265153646    
  0.277733147    
  0.290704399    
  0.304073393    
  0.317846149    
  0.332028717    
  0.346627235    
  0.361647308    
   8.64875969E-04
   9.39966005E-04
   1.12510286E-03
   1.40469859E-03
   1.77403481E-03
   2.23363377E-03
   2.78672925E-03
   3.43805016E-03
   4.19316115E-03
   5.05815772E-03
   6.03944110E-03
   7.14360876E-03
   8.37740302E-03
   9.74766072E-03
   1.12612545E-02
   1.29251145E-02
   1.47462357E-02
   1.67315863E-02
   1.88881718E-02
   2.12229844E-02
   2.37430427E-02
   2.64554098E-02
   2.93670893E-02
   3.24851237E-02
   3.58165279E-02
   3.93683985E-02
   4.31477427E-02
   4.71615903E-02
   5.14169969E-02
   5.59210703E-02
   6.06808439E-02
   6.57034069E-02
   7.09957629E-02
   7.65649825E-02
   8.24181065E-02
   8.85621756E-02
   9.50042754E-02
  0.101751484    
  0.108810835    
  0.116189413    
  0.123894133    
  0.131932184    
  0.140310630    
  0.149036348    
  0.158116594    
  0.167558342    
  0.177368715    
  0.187554881    
  0.198123887    
  0.209082693    
  0.220438242    
  0.232197583    
  0.244368002    
  0.256956130    
  0.269969225    
  0.283414841    
  0.297299325    
  0.311630398    
  0.326414764    
  0.341659546    
  0.357371628    
  0.373558462    
  0.390226752    
  0.407384038    
  0.425036609    
   9.90392524E-04
   1.07629655E-03
   1.28809491E-03
   1.60795206E-03
   2.03046831E-03
   2.55623972E-03
   3.18896258E-03
   3.93404812E-03
   4.79785725E-03
   5.78736607E-03
   6.90989383E-03
   8.17298982E-03
   9.58436076E-03
   1.11518288E-02
   1.28832515E-02
   1.47865731E-02
   1.68697760E-02
   1.91408489E-02
   2.16077734E-02
   2.42785756E-02
   2.71612778E-02
   3.02639566E-02
   3.35946269E-02
   3.71613540E-02
   4.09721658E-02
   4.50351350E-02
   4.93583046E-02
   5.39497063E-02
   5.88174388E-02
   6.39696196E-02
   6.94142729E-02
   7.51595274E-02
   8.12134147E-02
   8.75839666E-02
   9.42792669E-02
  0.101307333    
  0.108676352    
  0.116394386    
  0.124469496    
  0.132909611    
  0.141722873    
  0.150917441    
  0.160501331    
  0.170482472    
  0.180869132    
  0.191669315    
  0.202891201    
  0.214542940    
  0.226632595    
  0.239168078    
  0.252157420    
  0.265608668    
  0.279529929    
  0.293929309    
  0.308814853    
  0.324194878    
  0.340077192    
  0.356470019    
  0.373381406    
  0.390819609    
  0.408792496    
  0.427308202    
  0.446374804    
  0.466000527    
  0.486192793    
   1.11067563E-03
   1.20694237E-03
   1.44428830E-03
   1.80272572E-03
   2.27620127E-03
   2.86538154E-03
   3.57440650E-03
   4.40933881E-03
   5.37730800E-03
   6.48612808E-03
   7.74400216E-03
   9.15938709E-03
   1.07409228E-02
   1.24973590E-02
   1.44375172E-02
   1.65702980E-02
   1.89046469E-02
   2.14494970E-02
   2.42138058E-02
   2.72065438E-02
   3.04367505E-02
   3.39134373E-02
   3.76456082E-02
   4.16422933E-02
   4.59124781E-02
   5.04651703E-02
   5.53094670E-02
   6.04543202E-02
   6.59088194E-02
   7.16820285E-02
   7.77829662E-02
   8.42206925E-02
   9.10043046E-02
   9.81427431E-02
  0.105645016    
  0.113520265    
  0.121777475    
  0.130425811    
  0.139474079    
  0.148931429    
  0.158806920    
  0.169109717    
  0.179848641    
  0.191032857    
  0.202671394    
  0.214773297    
  0.227347746    
  0.240403861    
  0.253950655    
  0.267996967    
  0.282551706    
  0.297624141    
  0.313223392    
  0.329358369    
  0.346038073    
  0.363271803    
  0.381068349    
  0.399436891    
  0.418386579    
  0.437926471    
  0.458065480    
  0.478812844    
  0.500177503    
  0.522168636    
  0.544794679    
   1.22509396E-03
   1.33121759E-03
   1.59286323E-03
   1.98799651E-03
   2.50994368E-03
   3.15943570E-03
   3.94103630E-03
   4.86142794E-03
   5.92846936E-03
   7.15077342E-03
   8.53738375E-03
   1.00976219E-02
   1.18410103E-02
   1.37771945E-02
   1.59158874E-02
   1.82669144E-02
   2.08401456E-02
   2.36453954E-02
   2.66925599E-02
   2.99915355E-02
   3.35522704E-02
   3.73847149E-02
   4.14987691E-02
   4.59044166E-02
   5.06115146E-02
   5.56300394E-02
   6.09699748E-02
   6.66412339E-02
   7.26538375E-02
   7.90177509E-02
   8.57429057E-02
   9.28393304E-02
  0.100316986    
  0.108185738    
  0.116455652    
  0.125136659    
  0.134238705    
  0.143771753    
  0.153745785    
  0.164170697    
  0.175056636    
  0.186413407    
  0.198251039    
  0.210579455    
  0.223408774    
  0.236748859    
  0.250609905    
  0.265001714    
  0.279934436    
  0.295417666    
  0.311461449    
  0.328075916    
  0.345271111    
  0.363056868    
  0.381442964    
  0.400439858    
  0.420057178    
  0.440305263    
  0.461193711    
  0.482732743    
  0.504932046    
  0.527801931    
  0.551352501    
  0.575593472    
  0.600534439    
   1.33304729E-03
   1.44846982E-03
   1.73304009E-03
   2.16279249E-03
   2.73046806E-03
   3.43685714E-03
   4.28692717E-03
   5.28794061E-03
   6.44845143E-03
   7.77781336E-03
   9.28587373E-03
   1.09827658E-02
   1.28788454E-02
   1.49846030E-02
   1.73106045E-02
   1.98675282E-02
   2.26661023E-02
   2.57170238E-02
   2.90310252E-02
   3.26189213E-02
   3.64914797E-02
   4.06595133E-02
   4.51338626E-02
   4.99252975E-02
   5.50445840E-02
   6.05025776E-02
   6.63101226E-02
   7.24780038E-02
   7.90170953E-02
   8.59382749E-02
   9.32523161E-02
  0.100970127    
  0.109102555    
  0.117660366    
  0.126654401    
  0.136095479    
  0.145994514    
  0.156362280    
  0.167209625    
  0.178547338    
  0.190386429    
  0.202737555    
  0.215611681    
  0.229019582    
  0.242972285    
  0.257480562    
  0.272555292    
  0.288207263    
  0.304447442    
  0.321286410    
  0.338734955    
  0.356804073    
  0.375504792    
  0.394847780    
  0.414843768    
  0.435503930    
  0.456838965    
  0.478860021    
  0.501577675    
  0.525002599    
  0.549145699    
  0.574018061    
  0.599630773    
  0.625994384    
  0.653119087    
   1.43396959E-03
   1.55808358E-03
   1.86408334E-03
   2.32619653E-03
   2.93661747E-03
   3.69619136E-03
   4.61026188E-03
   5.68663701E-03
   6.93451473E-03
   8.36395193E-03
   9.98554099E-03
   1.18101696E-02
   1.38489781E-02
   1.61132403E-02
   1.86143238E-02
   2.13637166E-02
   2.43729334E-02
   2.76534837E-02
   3.12169269E-02
   3.50748859E-02
   3.92389037E-02
   4.37206291E-02
   4.85317521E-02
   5.36838248E-02
   5.91884069E-02
   6.50571808E-02
   7.13018179E-02
   7.79339075E-02
   8.49651620E-02
   9.24072415E-02
  0.100271747    
  0.108570360    
  0.117314830    
  0.126516700    
  0.136187658    
  0.146339238    
  0.156983167    
  0.168131158    
  0.179794803    
  0.191985711    
  0.204715684    
  0.217996404    
  0.231839493    
  0.246256396    
  0.261259139    
  0.276859432    
  0.293068618    
  0.309898496    
  0.327360719    
  0.345467091    
  0.364228725    
  0.383657455    
  0.403765380    
  0.424564004    
  0.446064830    
  0.468279630    
  0.491220355    
  0.514898658    
  0.539325953    
  0.564513624    
  0.590474010    
  0.617218375    
  0.644758403    
  0.673106074    
  0.702272296    
   1.52733037E-03
   1.65948365E-03
   1.98530545E-03
   2.47735064E-03
   3.12730856E-03
   3.93607514E-03
   4.90934402E-03
   6.05542352E-03
   7.38411257E-03
   8.90611578E-03
   1.06327124E-02
   1.25754885E-02
   1.47463139E-02
   1.71571765E-02
   1.98202077E-02
   2.27476247E-02
   2.59516686E-02
   2.94446237E-02
   3.32387760E-02
   3.73465158E-02
   4.17801365E-02
   4.65520322E-02
   5.16746268E-02
   5.71602471E-02
   6.30211905E-02
   6.92699477E-02
   7.59188682E-02
   8.29803273E-02
   9.04667825E-02
   9.83906314E-02
  0.106764264    
  0.115600131    
  0.124910697    
  0.134708300    
  0.145005330    
  0.155814007    
  0.167146936    
  0.179016590    
  0.191435277    
  0.204415411    
  0.217969432    
  0.232109845    
  0.246849060    
  0.262199312    
  0.278173357    
  0.294783384    
  0.312041968    
  0.329961568    
  0.348554283    
  0.367832690    
  0.387808949    
  0.408495516    
  0.429905057    
  0.452050030    
  0.474942803    
  0.498595595    
  0.523021460    
  0.548232436    
  0.574240923    
  0.601059258    
  0.628700197    
  0.657175839    
  0.686498463    
  0.716681361    
  0.747736037    
   1.61263999E-03
   1.75213849E-03
   2.09606974E-03
   2.61546159E-03
   3.30153923E-03
   4.15524747E-03
   5.18260058E-03
   6.39236206E-03
   7.79488031E-03
   9.40145180E-03
   1.12239802E-02
   1.32746985E-02
   1.55661348E-02
   1.81109384E-02
   2.09219195E-02
   2.40119863E-02
   2.73940116E-02
   3.10810115E-02
   3.50859426E-02
   3.94218788E-02
   4.41017859E-02
   4.91387956E-02
   5.45459725E-02
   6.03362806E-02
   6.65228069E-02
   7.31187239E-02
   8.01370293E-02
   8.75907391E-02
   9.54930633E-02
  0.103857078    
  0.112695873    
  0.122022606    
  0.131850332    
  0.142192096    
  0.153061002    
  0.164470017    
  0.176432475    
  0.188961521    
  0.202069998    
  0.215771168    
  0.230078012    
  0.245003879    
  0.260561854    
  0.276764780    
  0.293626249    
  0.311158866    
  0.329376101    
  0.348291159    
  0.367916584    
  0.388265848    
  0.409351587    
  0.431187212    
  0.453786105    
  0.477161199    
  0.501325548    
  0.526292205    
  0.552074730    
  0.578685880    
  0.606139123    
  0.634447277    
  0.663623452    
  0.693680644    
  0.724632323    
  0.756491780    
  0.789271474    
   1.68945058E-03
   1.83556147E-03
   2.19579483E-03
   2.73980340E-03
   3.45839676E-03
   4.35256073E-03
   5.42859640E-03
   6.69568591E-03
   8.16466007E-03
   9.84736346E-03
   1.17562460E-02
   1.39041319E-02
   1.63041353E-02
   1.89695098E-02
   2.19136793E-02
   2.51501463E-02
   2.86924019E-02
   3.25540639E-02
   3.67487296E-02
   4.12901007E-02
   4.61917222E-02
   5.14673442E-02
   5.71306869E-02
   6.31953105E-02
   6.96749240E-02
   7.65832886E-02
   8.39340985E-02
   9.17409658E-02
  0.100017644    
  0.108777843    
  0.118035331    
  0.127803892    
  0.138097182    
  0.148928776    
  0.160312504    
  0.172261924    
  0.184791014    
  0.197913572    
  0.211642966    
  0.225993156    
  0.240977764    
  0.256610841    
  0.272905797    
  0.289876431    
  0.307536632    
  0.325899780    
  0.344979942    
  0.364790887    
  0.385346115    
  0.406659186    
  0.428743780    
  0.451613784    
  0.475282937    
  0.499765426    
  0.525074482    
  0.551223874    
  0.578227699    
  0.606099308    
  0.634853065    
  0.664502084    
  0.695060134    
  0.726541162    
  0.758959055    
  0.792327702    
  0.826660216    
   1.75735937E-03
   1.90931489E-03
   2.28395755E-03
   2.84972414E-03
   3.59705626E-03
   4.52697743E-03
   5.64604299E-03
   6.96380157E-03
   8.49151704E-03
   1.02415048E-02
   1.22267129E-02
   1.44604752E-02
   1.69564392E-02
   1.97283775E-02
   2.27902718E-02
   2.61561312E-02
   2.98400056E-02
   3.38560641E-02
   3.82184349E-02
   4.29413542E-02
   4.80389148E-02
   5.35254590E-02
   5.94152100E-02
   6.57223016E-02
   7.24609345E-02
   7.96454623E-02
   8.72901082E-02
   9.54090878E-02
  0.104016654    
  0.113127068    
  0.122754663    
  0.132913709    
  0.143618450    
  0.154882893    
  0.166721568    
  0.179148793    
  0.192178771    
  0.205825806    
  0.220104069    
  0.235027894    
  0.250611514    
  0.266869575    
  0.283815950    
  0.301465034    
  0.319831192    
  0.338928372    
  0.358771205    
  0.379373938    
  0.400750756    
  0.422915816    
  0.445883185    
  0.469667464    
  0.494282812    
  0.519744039    
  0.546064734    
  0.573259592    
  0.601342857    
  0.630328655    
  0.660231531    
  0.691065848    
  0.722845376    
  0.755584776    
  0.789298475    
  0.824001193    
  0.859705925    
   1.81601150E-03
   1.97301270E-03
   2.36009457E-03
   2.94464710E-03
   3.71678942E-03
   4.67758346E-03
   5.83379949E-03
   7.19530461E-03
   8.77373293E-03
   1.05818091E-02
   1.26329111E-02
   1.49408169E-02
   1.75196230E-02
   2.03835629E-02
   2.35470925E-02
   2.70246603E-02
   3.08308024E-02
   3.49801518E-02
   3.94873209E-02
   4.43669520E-02
   4.96337153E-02
   5.53023592E-02
   6.13875352E-02
   6.79039359E-02
   7.48662055E-02
   8.22891816E-02
   9.01874751E-02
   9.85758975E-02
  0.107469134    
  0.116881862    
  0.126828969    
  0.137325153    
  0.148385018    
  0.160023198    
  0.172254711    
  0.185094357    
  0.198556736    
  0.212656558    
  0.227408722    
  0.242827818    
  0.258928657    
  0.275726199    
  0.293235004    
  0.311469823    
  0.330445558    
  0.350176603    
  0.370677739    
  0.391963989    
  0.414049983    
  0.436950535    
  0.460680217    
  0.485253721    
  0.510685861    
  0.536991954    
  0.564186394    
  0.592283785    
  0.621298909    
  0.651246607    
  0.682141662    
  0.713998795    
  0.746833086    
  0.780659020    
  0.815491378    
  0.851345599    
  0.888235092    
   1.86509883E-03
   2.02632067E-03
   2.42380751E-03
   3.02407402E-03
   3.81696946E-03
   4.80358768E-03
   5.99087821E-03
   7.38897361E-03
   9.00982227E-03
   1.08664874E-02
   1.29727069E-02
   1.53426295E-02
   1.79907326E-02
   2.09316257E-02
   2.41801608E-02
   2.77511645E-02
   3.16595882E-02
   3.59204188E-02
   4.05486897E-02
   4.55594249E-02
   5.09677045E-02
   5.67886718E-02
   6.30373061E-02
   6.97287843E-02
   7.68780932E-02
   8.45004693E-02
   9.26109776E-02
  0.101224773    
  0.110356890    
  0.120022520    
  0.130236879    
  0.141015008    
  0.152371883    
  0.164322719    
  0.176882863    
  0.190067381    
  0.203891397    
  0.218370110    
  0.233518481    
  0.249351859    
  0.265885353    
  0.283134162    
  0.301113486    
  0.319838166    
  0.339323789    
  0.359584987    
  0.380636841    
  0.402494699    
  0.425173938    
  0.448689699    
  0.473056734    
  0.498290539    
  0.524405956    
  0.551418781    
  0.579343915    
  0.608196378    
  0.637990892    
  0.668742836    
  0.700468063    
  0.733180702    
  0.766896904    
  0.801631331    
  0.837399781    
  0.874217153    
  0.912097812    
   1.90436444E-03
   2.06895964E-03
   2.47476250E-03
   3.08758812E-03
   3.89707135E-03
   4.90432978E-03
   6.11645682E-03
   7.54379807E-03
   9.19854920E-03
   1.10940449E-02
   1.32443132E-02
   1.56638063E-02
   1.83672868E-02
   2.13696938E-02
   2.46861558E-02
   2.83318367E-02
   3.23219858E-02
   3.66719291E-02
   4.13969867E-02
   4.65125032E-02
   5.20338826E-02
   5.79765588E-02
   6.43558651E-02
   7.11872354E-02
   7.84860328E-02
   8.62677470E-02
   9.45478752E-02
  0.103341781    
  0.112664856    
  0.122532591    
  0.132960469    
  0.143963873    
  0.155558169    
  0.167758867    
  0.180581674    
  0.194041923    
  0.208154872    
  0.222936273    
  0.238401353    
  0.254565835    
  0.271445096    
  0.289054632    
  0.307409912    
  0.326526254    
  0.346419215    
  0.367103994    
  0.388595968    
  0.410910994    
  0.434064209    
  0.458071709    
  0.482948244    
  0.508709610    
  0.535371065    
  0.562948823    
  0.591457844    
  0.620913506    
  0.651331127    
  0.682726204    
  0.715114772    
  0.748511195    
  0.782932043    
  0.818392813    
  0.854909122    
  0.892496228    
  0.931168556    
   1.93360273E-03
   2.10070633E-03
   2.51269387E-03
   3.13485763E-03
   3.95667413E-03
   4.97928029E-03
   6.20987546E-03
   7.65896169E-03
   9.33892000E-03
   1.12632923E-02
   1.34463096E-02
   1.59026608E-02
   1.86473113E-02
   2.16954537E-02
   2.50624195E-02
   2.87636202E-02
   3.28145474E-02
   3.72307412E-02
   4.20277677E-02
   4.72211838E-02
   5.28266467E-02
   5.88597842E-02
   6.53362498E-02
   7.22716451E-02
   7.96815827E-02
   8.75818059E-02
   9.59880427E-02
  0.104915842    
  0.114380829    
  0.124398857    
  0.134985462    
  0.146156371    
  0.157927155    
  0.170313701    
  0.183331743    
  0.196996823    
  0.211324632    
  0.226331055    
  0.242031693    
  0.258442283    
  0.275578618    
  0.293456405    
  0.312091172    
  0.331498623    
  0.351694643    
  0.372694254    
  0.394513577    
  0.417168468    
  0.440674186    
  0.465046942    
  0.490302235    
  0.516455889    
  0.543523550    
  0.571521103    
  0.600464225    
  0.630368531    
  0.661249399    
  0.693122745    
  0.726004243    
  0.759908974    
  0.794853985    
  0.830854774    
  0.867926717    
  0.906085968    
  0.945347130    
   1.95266050E-03
   2.12139450E-03
   2.53740163E-03
   3.16563388E-03
   3.99546651E-03
   5.02804667E-03
   6.27064332E-03
   7.73386098E-03
   9.43019893E-03
   1.13733392E-02
   1.35776345E-02
   1.60579309E-02
   1.88293271E-02
   2.19071917E-02
   2.53069755E-02
   2.90442463E-02
   3.31346691E-02
   3.75939123E-02
   4.24376838E-02
   4.76817116E-02
   5.33418395E-02
   5.94337545E-02
   6.59733117E-02
   7.29763061E-02
   8.04584771E-02
   8.84357095E-02
   9.69238207E-02
  0.105938613    
  0.115495875    
  0.125611514    
  0.136301279    
  0.147580966    
  0.159466445    
  0.171973705    
  0.185118541    
  0.198916703    
  0.213384062    
  0.228536695    
  0.244390324    
  0.260960937    
  0.278264284    
  0.296316385    
  0.315132707    
  0.334729254    
  0.355122089    
  0.376326263    
  0.398358196    
  0.421233773    
  0.444968671    
  0.469578952    
  0.495080441    
  0.521488845    
  0.548820198    
  0.577090442    
  0.606316030    
  0.636511683    
  0.667693496    
  0.699877381    
  0.733079433    
  0.767314374    
  0.802599788    
  0.838951230    
  0.876384437    
  0.914915383    
  0.954559267    
   1.96143962E-03
   2.13091681E-03
   2.54875747E-03
   3.17975623E-03
   4.01324499E-03
   5.05037326E-03
   6.29844237E-03
   7.76810385E-03
   9.47190821E-03
   1.14236027E-02
   1.36375986E-02
   1.61288045E-02
   1.89123880E-02
   2.20037997E-02
   2.54185461E-02
   2.91722566E-02
   3.32806706E-02
   3.77595313E-02
   4.26246077E-02
   4.78917137E-02
   5.35767414E-02
   5.96954264E-02
   6.62637502E-02
   7.32975528E-02
   8.08126181E-02
   8.88249725E-02
   9.73503888E-02
  0.106404819    
  0.116004109    
  0.126164183    
  0.136900887    
  0.148230135    
  0.160167903    
  0.172730088    
  0.185932711    
  0.199791566    
  0.214322522    
  0.229541823    
  0.245465100    
  0.262108624    
  0.279488117    
  0.297619671    
  0.316518784    
  0.336201459    
  0.356683940    
  0.377981365    
  0.400110185    
  0.423086226    
  0.446925581    
  0.471644104    
  0.497257590    
  0.523781955    
  0.551233530    
  0.579628289    
  0.608982027    
  0.639310300    
  0.670629203    
  0.702954888    
  0.736302972    
  0.770688534    
  0.806129038    
  0.842640102    
  0.880237758    
  0.918938160    
  0.958756328    
   1.95989362E-03
   2.12922366E-03
   2.54670251E-03
   3.17715202E-03
   4.00991645E-03
   5.04614459E-03
   6.29312778E-03
   7.76151102E-03
   9.46382992E-03
   1.14138220E-02
   1.36258863E-02
   1.61149148E-02
   1.88960694E-02
   2.19847858E-02
   2.53965408E-02
   2.91469693E-02
   3.32517885E-02
   3.77267301E-02
   4.25875559E-02
   4.78500687E-02
   5.35301156E-02
   5.96434511E-02
   6.62060380E-02
   7.32336715E-02
   8.07421505E-02
   8.87474790E-02
   9.72654447E-02
  0.106311962    
  0.115902841    
  0.126053929    
  0.136781216    
  0.148100525    
  0.160027832    
  0.172578946    
  0.185769930    
  0.199616686    
  0.214135051    
  0.229340971    
  0.245250449    
  0.261879295    
  0.279243618    
  0.297359109    
  0.316241831    
  0.335907400    
  0.356371760    
  0.377650589    
  0.399760038    
  0.422715902    
  0.446534425    
  0.471231312    
  0.496822238    
  0.523323357    
  0.550750911    
  0.579120815    
  0.608448505    
  0.638750374    
  0.670041978    
  0.702339232    
  0.735658228    
  0.770013869    
  0.805423200    
  0.841902256    
  0.879466832    
  0.918133259    
  0.957916558    
   1.94803148E-03
   2.11632531E-03
   2.53124791E-03
   3.15783592E-03
   3.98550089E-03
   5.01538394E-03
   6.25472935E-03
   7.71411927E-03
   9.40600876E-03
   1.13440538E-02
   1.35425609E-02
   1.60163380E-02
   1.87804513E-02
   2.18502395E-02
   2.52410769E-02
   2.89685261E-02
   3.30481790E-02
   3.74957025E-02
   4.23267223E-02
   4.75570075E-02
   5.32022230E-02
   5.92781007E-02
   6.58004433E-02
   7.27850050E-02
   8.02474543E-02
   8.82037207E-02
   9.66694802E-02
  0.105660558    
  0.115192607    
  0.125281423    
  0.135942906    
  0.147192836    
  0.159047008    
  0.171521172    
  0.184631273    
  0.198393106    
  0.212822631    
  0.227935359    
  0.243747205    
  0.260274142    
  0.277532011    
  0.295536518    
  0.314303309    
  0.333848178    
  0.354187220    
  0.375335664    
  0.397309721    
  0.420124859    
  0.443797439    
  0.468342751    
  0.493776798    
  0.520115256    
  0.547374845    
  0.575570524    
  0.604718447    
  0.634834349    
  0.665934086    
  0.698033392    
  0.731148303    
  0.765293360    
  0.800485671    
  0.836741209    
  0.874075294    
  0.912504733    
  0.952044070    
   1.92591699E-03
   2.09229020E-03
   2.50247563E-03
   3.12191015E-03
   3.94012732E-03
   4.95825335E-03
   6.18344825E-03
   7.62617728E-03
   9.29874461E-03
   1.12146605E-02
   1.33880656E-02
   1.58335939E-02
   1.85661465E-02
   2.16008723E-02
   2.49529835E-02
   2.86378674E-02
   3.26709226E-02
   3.70676480E-02
   4.18434925E-02
   4.70140576E-02
   5.25947846E-02
   5.86012751E-02
   6.50491342E-02
   7.19538927E-02
   7.93311447E-02
   8.71965289E-02
   9.55655947E-02
  0.104453921    
  0.113877103    
  0.123850718    
  0.134390414    
  0.145511806    
  0.157230571    
  0.169562280    
  0.182522610    
  0.196127295    
  0.210392058    
  0.225332186    
  0.240963429    
  0.257301629    
  0.274362475    
  0.292161226    
  0.310713649    
  0.330035269    
  0.350142062    
  0.371049047    
  0.392772079    
  0.415326655    
  0.438728869    
  0.462993890    
  0.488137245    
  0.514174938    
  0.541122913    
  0.568996727    
  0.597811460    
  0.627583265    
  0.658327818    
  0.690060437    
  0.722797155    
  0.756552279    
  0.791342676    
  0.827184141    
  0.864091814    
  0.902082205    
  0.941169918    
   1.89366681E-03
   2.05724477E-03
   2.46053748E-03
   3.06956493E-03
   3.87403485E-03
   4.87505458E-03
   6.07966026E-03
   7.49814371E-03
   9.14260652E-03
   1.10263266E-02
   1.31632118E-02
   1.55676352E-02
   1.82542689E-02
   2.12379899E-02
   2.45337635E-02
   2.81567145E-02
   3.21219862E-02
   3.64448279E-02
   4.11404148E-02
   4.62240651E-02
   5.17110042E-02
   5.76165542E-02
   6.39560372E-02
   7.07447529E-02
   7.79980272E-02
   8.57312158E-02
   9.39596072E-02
  0.102698483    
  0.111963309    
  0.121769257    
  0.132131770    
  0.143066257    
  0.154588044    
  0.166712493    
  0.179455072    
  0.192831069    
  0.206856027    
  0.221545056    
  0.236913681    
  0.252977312    
  0.269751400    
  0.287251085    
  0.305491656    
  0.324488550    
  0.344257295    
  0.364812911    
  0.386170864    
  0.408346504    
  0.431355357    
  0.455212593    
  0.479933292    
  0.505533099    
  0.532028079    
  0.559433460    
  0.587763846    
  0.617035091    
  0.647262752    
  0.678462088    
  0.710648477    
  0.743836224    
  0.778041959    
  0.813280880    
  0.849568605    
  0.886920393    
  0.925350964    
   1.85145147E-03
   2.01137457E-03
   2.40565673E-03
   3.00107594E-03
   3.78757110E-03
   4.76622442E-03
   5.94391162E-03
   7.33069703E-03
   8.93841591E-03
   1.07800402E-02
   1.28691755E-02
   1.52198626E-02
   1.78464614E-02
   2.07634997E-02
   2.39856169E-02
   2.75276024E-02
   3.14042680E-02
   3.56304944E-02
   4.02211472E-02
   4.51912023E-02
   5.05555160E-02
   5.63290976E-02
   6.25269040E-02
   6.91638961E-02
   7.62550682E-02
   8.38154107E-02
   9.18599144E-02
  0.100403503    
  0.109461248    
  0.119048037    
  0.129178971    
  0.139869034    
  0.151133314    
  0.162986845    
  0.175444663    
  0.188521773    
  0.202233329    
  0.216594160    
  0.231619313    
  0.247324005    
  0.263723135    
  0.280831724    
  0.298664600    
  0.317236930    
  0.336563855    
  0.356660098    
  0.377540767    
  0.399220824    
  0.421715558    
  0.445039392    
  0.469207734    
  0.494235486    
  0.520138144    
  0.546931028    
  0.574628294    
  0.603245378    
  0.632797718    
  0.663299501    
  0.694766283    
  0.727212131    
  0.760653734    
  0.795105040    
  0.830581665    
  0.867098689    
  0.904670477    
   1.79949403E-03
   1.95492106E-03
   2.33812071E-03
   2.91680335E-03
   3.68119194E-03
   4.63233655E-03
   5.77691942E-03
   7.12471735E-03
   8.68724659E-03
   1.04770986E-02
   1.25075039E-02
   1.47921098E-02
   1.73448678E-02
   2.01799069E-02
   2.33114343E-02
   2.67538410E-02
   3.05215213E-02
   3.46289389E-02
   3.90905477E-02
   4.39208932E-02
   4.91344072E-02
   5.47456779E-02
   6.07692450E-02
   6.72196373E-02
   7.41114467E-02
   8.14592689E-02
   8.92776027E-02
   9.75810587E-02
  0.106384136    
  0.115701362    
  0.125547484    
  0.135937020    
  0.146884605    
  0.158404961    
  0.170512602    
  0.183222085    
  0.196548149    
  0.210505307    
  0.225108057    
  0.240371242    
  0.256309330    
  0.272936881    
  0.290268451    
  0.308318704    
  0.327102244    
  0.346633494    
  0.366927087    
  0.387997568    
  0.409859896    
  0.432528138    
  0.456017047    
  0.480341166    
  0.505515695    
  0.531555414    
  0.558473945    
  0.586286545    
  0.615007997    
  0.644652188    
  0.675234258    
  0.706767797    
  0.739269197    
  0.772752106    
  0.807231188    
  0.842721522    
  0.879237056    
   1.73806748E-03
   1.88818236E-03
   2.25828588E-03
   2.81719165E-03
   3.55545641E-03
   4.47409414E-03
   5.57955820E-03
   6.88128918E-03
   8.39041639E-03
   1.01190889E-02
   1.20801041E-02
   1.42866205E-02
   1.67521294E-02
   1.94902681E-02
   2.25147642E-02
   2.58395057E-02
   2.94784065E-02
   3.34454365E-02
   3.77545543E-02
   4.24198024E-02
   4.74551246E-02
   5.28746098E-02
   5.86922690E-02
   6.49222061E-02
   7.15784580E-02
   7.86751285E-02
   8.62262398E-02
   9.42458957E-02
  0.102748074    
  0.111746840    
  0.121256426    
  0.131290838    
  0.141864195    
  0.152990788    
  0.164684638    
  0.176959813    
  0.189830452    
  0.203310490    
  0.217414111    
  0.232155576    
  0.247548938    
  0.263608187    
  0.280347466    
  0.297780722    
  0.315922171    
  0.334785789    
  0.354385763    
  0.374735981    
  0.395850807    
  0.417744428    
  0.440430492    
  0.463923216    
  0.488237262    
  0.513386786    
  0.539385498    
  0.566247582    
  0.593987286    
  0.622618079    
  0.652154565    
  0.682610393    
  0.714000762    
  0.746339202    
  0.779639959    
  0.813917100    
  0.849184692    
   1.66749617E-03
   1.81151018E-03
   2.16657179E-03
   2.70276424E-03
   3.41102527E-03
   4.29232884E-03
   5.35286823E-03
   6.60169218E-03
   8.04948807E-03
   9.70790349E-03
   1.15892170E-02
   1.37060508E-02
   1.60713568E-02
   1.86982043E-02
   2.15997789E-02
   2.47893967E-02
   2.82804053E-02
   3.20862085E-02
   3.62201855E-02
   4.06958200E-02
   4.55265045E-02
   5.07257059E-02
   5.63069358E-02
   6.22836798E-02
   6.86693713E-02
   7.54775926E-02
   8.27218145E-02
   9.04155150E-02
   9.85721573E-02
  0.107205160    
  0.116328247    
  0.125954852    
  0.136098459    
  0.146772847    
  0.157991469    
  0.169767812    
  0.182115391    
  0.195047587    
  0.208577961    
  0.222720355    
  0.237488002    
  0.252894551    
  0.268953443    
  0.285678148    
  0.303082317    
  0.321179241    
  0.339982629    
  0.359505713    
  0.379762322    
  0.400766134    
  0.422530204    
  0.445068061    
  0.468394071    
  0.492521673    
  0.517463565    
  0.543233752    
  0.569845915    
  0.597313046    
  0.625649154    
  0.654866993    
  0.684981406    
  0.716005504    
  0.747952700    
  0.780836701    
  0.814670682    
   1.58815086E-03
   1.72530778E-03
   2.06346228E-03
   2.57412414E-03
   3.24865966E-03
   4.08799993E-03
   5.09803882E-03
   6.28739782E-03
   7.66624976E-03
   9.24569741E-03
   1.10374242E-02
   1.30534600E-02
   1.53061422E-02
   1.78078953E-02
   2.05713119E-02
   2.36090422E-02
   2.69338135E-02
   3.05583905E-02
   3.44955139E-02
   3.87580283E-02
   4.33586724E-02
   4.83103059E-02
   5.36257625E-02
   5.93178831E-02
   6.53995201E-02
   7.18835145E-02
   7.87827522E-02
   8.61100927E-02
   9.38782990E-02
  0.102100216    
  0.110788830    
  0.119957067    
  0.129617691    
  0.139783770    
  0.150468230    
  0.161683828    
  0.173443466    
  0.185759857    
  0.198645949    
  0.212114871    
  0.226179302    
  0.240852267    
  0.256146461    
  0.272074789    
  0.288650244    
  0.305885404    
  0.323793381    
  0.342386812    
  0.361678809    
  0.381682366    
  0.402410001    
  0.423874825    
  0.446090132    
  0.469068736    
  0.492822886    
  0.517365873    
  0.542710602    
  0.568869829    
  0.595856726    
  0.623683274    
  0.652363539    
  0.681910157    
  0.712335885    
  0.743654072    
  0.775876880    
   1.50044984E-03
   1.63002848E-03
   1.94949983E-03
   2.43194704E-03
   3.06921336E-03
   3.86217888E-03
   4.81641106E-03
   5.94005641E-03
   7.24272430E-03
   8.73490516E-03
   1.04276305E-02
   1.23322764E-02
   1.44604938E-02
   1.68240163E-02
   1.94347538E-02
   2.23046374E-02
   2.54457071E-02
   2.88700163E-02
   3.25895920E-02
   3.66165824E-02
   4.09630314E-02
   4.56410721E-02
   5.06628416E-02
   5.60404621E-02
   6.17860630E-02
   6.79117814E-02
   7.44298175E-02
   8.13522637E-02
   8.86912197E-02
   9.64588523E-02
  0.104667343    
  0.113329008    
  0.122455917    
  0.132060334    
  0.142154425    
  0.152750298    
  0.163860217    
  0.175496101    
  0.187670201    
  0.200394914    
  0.213682234    
  0.227544412    
  0.241993546    
  0.257041782    
  0.272701472    
  0.288984329    
  0.305902779    
  0.323468894    
  0.341695011    
  0.360593349    
  0.380175740    
  0.400454611    
  0.421442330    
  0.443151325    
  0.465593040    
  0.488779843    
  0.512724280    
  0.537438154    
  0.562933743    
  0.589222789    
  0.616318107    
  0.644232154    
  0.672976732    
  0.702564418    
  0.733006775    
   1.40485447E-03
   1.52617414E-03
   1.82528398E-03
   2.27698172E-03
   2.87363073E-03
   3.61605361E-03
   4.50946577E-03
   5.56149334E-03
   6.78113336E-03
   8.17820244E-03
   9.76303592E-03
   1.15462858E-02
   1.35388570E-02
   1.57517325E-02
   1.81960650E-02
   2.08830331E-02
   2.38238927E-02
   2.70299427E-02
   3.05124409E-02
   3.42827588E-02
   3.83521728E-02
   4.27320339E-02
   4.74337190E-02
   5.24685793E-02
   5.78479618E-02
   6.35832474E-02
   6.96858168E-02
   7.61670321E-02
   8.30381736E-02
   9.03107300E-02
   9.79960412E-02
  0.106105551    
  0.114650801    
  0.123643003    
  0.133093745    
  0.143014327    
  0.153416082    
  0.164310336    
  0.175708458    
  0.187622115    
  0.200062573    
  0.213041186    
  0.226569265    
  0.240658283    
  0.255319893    
  0.270565003    
  0.286405057    
  0.302851588    
  0.319915950    
  0.337609649    
  0.355943948    
  0.374930292    
  0.394580483    
  0.414905816    
  0.435917020    
  0.457625866    
  0.480044067    
  0.503182530    
  0.527052999    
  0.551666319    
  0.577034652    
  0.603169620    
  0.630082071    
  0.657783806    
  0.686285615    
   1.30186824E-03
   1.41429121E-03
   1.69146771E-03
   2.11004284E-03
   2.66293879E-03
   3.35091935E-03
   4.17881738E-03
   5.15369978E-03
   6.28390256E-03
   7.57852290E-03
   9.04713944E-03
   1.06996261E-02
   1.25460764E-02
   1.45966774E-02
   1.68617666E-02
   1.93517059E-02
   2.20768955E-02
   2.50478461E-02
   2.82749701E-02
   3.17688100E-02
   3.55398096E-02
   3.95984910E-02
   4.39553782E-02
   4.86210249E-02
   5.36059178E-02
   5.89206293E-02
   6.45756796E-02
   7.05815926E-02
   7.69488662E-02
   8.36881027E-02
   9.08098295E-02
   9.83246416E-02
  0.106243245    
  0.114576072    
  0.123333789    
  0.132526904    
  0.142165914    
  0.152261287    
  0.162823543    
  0.173863590    
  0.185391754    
  0.197418615    
  0.209954649    
  0.223010421    
  0.236596927    
  0.250724018    
  0.265402496    
  0.280642956    
  0.296456039    
  0.312852293    
  0.329842061    
  0.347436249    
  0.365645468    
  0.384480238    
  0.403950781    
  0.424067676    
  0.444841832    
  0.466283381    
  0.488403291    
  0.511211634    
  0.534719765    
  0.558938026    
  0.583876908    
  0.609547317    
  0.635958970    
   1.19203283E-03
   1.29496888E-03
   1.54875533E-03
   1.93200877E-03
   2.43824697E-03
   3.06817074E-03
   3.82620492E-03
   4.71881917E-03
   5.75364754E-03
   6.93901535E-03
   8.28370079E-03
   9.79673769E-03
   1.14873666E-02
   1.33649204E-02
   1.54388640E-02
   1.77186802E-02
   2.02139001E-02
   2.29341295E-02
   2.58889310E-02
   2.90879440E-02
   3.25407200E-02
   3.62568945E-02
   4.02460955E-02
   4.45180051E-02
   4.90822345E-02
   5.39484285E-02
   5.91262504E-02
   6.46253303E-02
   7.04552904E-02
   7.66257942E-02
   8.31465200E-02
   9.00272280E-02
   9.72775668E-02
  0.104907192    
  0.112925909    
  0.121343270    
  0.130168855    
  0.139412254    
  0.149083197    
  0.159191564    
  0.169746935    
  0.180758804    
  0.192236900    
  0.204190999    
  0.216630906    
  0.229565844    
  0.243005589    
  0.256960034    
  0.271438688    
  0.286451250    
  0.302007318    
  0.318116635    
  0.334789336    
  0.352034718    
  0.369862050    
  0.388281435    
  0.407302439    
  0.426934510    
  0.447187662    
  0.468071222    
  0.489595562    
  0.511770010    
  0.534604430    
  0.558108330    
  0.582291126    
   1.07592682E-03
   1.16883451E-03
   1.39789784E-03
   1.74381549E-03
   2.20073736E-03
   2.76929396E-03
   3.45348171E-03
   4.25913697E-03
   5.19315200E-03
   6.26304280E-03
   7.47672934E-03
   8.84236675E-03
   1.03682941E-02
   1.20629370E-02
   1.39348377E-02
   1.59925539E-02
   1.82446931E-02
   2.06999127E-02
   2.33668610E-02
   2.62542330E-02
   2.93706488E-02
   3.27247940E-02
   3.63253579E-02
   4.01810892E-02
   4.43006530E-02
   4.86927815E-02
   5.33661805E-02
   5.83295189E-02
   6.35915175E-02
   6.91608936E-02
   7.50463977E-02
   8.12568069E-02
   8.78008455E-02
   9.46871936E-02
  0.101924710    
  0.109522045    
  0.117487825    
  0.125830740    
  0.134559557    
  0.143683180    
  0.153210193    
  0.163149238    
  0.173509136    
  0.184298664    
  0.195526689    
  0.207201555    
  0.219332039    
  0.231926978    
  0.244995177    
  0.258545190    
  0.272585809    
  0.287125945    
  0.302174270    
  0.317739636    
  0.333830267    
  0.350455135    
  0.367623121    
  0.385342628    
  0.403622746    
  0.422471762    
  0.441899121    
  0.461913288    
  0.482523113    
  0.503737330    
  0.525564134    
   9.54160409E-04
   1.03655201E-03
   1.23968860E-03
   1.54645264E-03
   1.95165677E-03
   2.45585921E-03
   3.06260446E-03
   3.77706834E-03
   4.60536312E-03
   5.55415545E-03
   6.63046772E-03
   7.84153026E-03
   9.19473916E-03
   1.06975678E-02
   1.23575823E-02
   1.41823972E-02
   1.61796212E-02
   1.83569379E-02
   2.07220186E-02
   2.32825652E-02
   2.60462482E-02
   2.90207453E-02
   3.22137550E-02
   3.56330536E-02
   3.92863303E-02
   4.31813076E-02
   4.73257154E-02
   5.17272651E-02
   5.63936569E-02
   6.13326356E-02
   6.65519908E-02
   7.20594451E-02
   7.78627917E-02
   8.39696899E-02
   9.03880000E-02
   9.71253738E-02
  0.104189493    
  0.111588113    
  0.119328953    
  0.127419844    
  0.135868475    
  0.144682527    
  0.153869823    
  0.163438082    
  0.173395202    
  0.183748558    
  0.194506079    
  0.205675468    
  0.217264473    
  0.229280800    
  0.241732150    
  0.254626453    
  0.267971575    
  0.281775057    
  0.296044469    
  0.310787618    
  0.326012403    
  0.341726303    
  0.357937187    
  0.374652743    
  0.391881078    
  0.409629881    
  0.427906781    
  0.446719706    
  0.466076076    
   8.27374635E-04
   8.98817263E-04
   1.07495941E-03
   1.34095782E-03
   1.69231533E-03
   2.12951447E-03
   2.65563000E-03
   3.27514973E-03
   3.99337197E-03
   4.81608137E-03
   5.74936252E-03
   6.79948740E-03
   7.97286909E-03
   9.27598681E-03
   1.07153999E-02
   1.22977160E-02
   1.40295336E-02
   1.59175135E-02
   1.79682989E-02
   2.01885737E-02
   2.25849934E-02
   2.51642149E-02
   2.79329028E-02
   3.08978036E-02
   3.40655930E-02
   3.74429561E-02
   4.10366133E-02
   4.48532514E-02
   4.88995090E-02
   5.31821772E-02
   5.77079356E-02
   6.24835081E-02
   6.75156415E-02
   7.28109926E-02
   7.83763751E-02
   8.42184201E-02
   9.03438181E-02
   9.67592150E-02
  0.103471369    
  0.110487044    
  0.117812939    
  0.125455737    
  0.133422136    
  0.141718820    
  0.150352761    
  0.159330234    
  0.168658182    
  0.178343311    
  0.188392311    
  0.198811769    
  0.209608451    
  0.220789194    
  0.232360840    
  0.244330049    
  0.256703228    
  0.269487232    
  0.282688767    
  0.296314418    
  0.310371041    
  0.324865222    
  0.339804113    
  0.355194271    
  0.371042281    
  0.387355119    
  0.404139102    
   6.96236384E-04
   7.56354944E-04
   9.04576678E-04
   1.12841232E-03
   1.42407604E-03
   1.79197546E-03
   2.23469734E-03
   2.75601633E-03
   3.36039439E-03
   4.05269535E-03
   4.83804150E-03
   5.72171388E-03
   6.70910301E-03
   7.80566363E-03
   9.01691522E-03
   1.03484197E-02
   1.18057309E-02
   1.33944480E-02
   1.51201719E-02
   1.69885103E-02
   1.90050676E-02
   2.11754553E-02
   2.35052891E-02
   2.60002203E-02
   2.86658723E-02
   3.15078758E-02
   3.45319100E-02
   3.77435721E-02
   4.11484651E-02
   4.47522849E-02
   4.85606790E-02
   5.25792800E-02
   5.68137579E-02
   6.12697676E-02
   6.59529716E-02
   7.08690062E-02
   7.60234818E-02
   8.14219862E-02
   8.70701894E-02
   9.29738060E-02
   9.91384462E-02
  0.105569772    
  0.112273432    
  0.119255036    
  0.126520410    
  0.134074926    
  0.141924277    
  0.150074214    
  0.158530369    
  0.167298272    
  0.176383495    
  0.185791954    
  0.195529386    
  0.205601320    
  0.216013268    
  0.226770833    
  0.237879783    
  0.249345645    
  0.261174202    
  0.273370922    
  0.285941809    
  0.298892438    
  0.312228411    
  0.325955480    
  0.340079188    
   5.61435649E-04
   6.09914132E-04
   7.29436812E-04
   9.09933238E-04
   1.14835007E-03
   1.44501636E-03
   1.80201826E-03
   2.22239853E-03
   2.70975661E-03
   3.26801161E-03
   3.90129793E-03
   4.61387448E-03
   5.41008217E-03
   6.29432593E-03
   7.27105374E-03
   8.34474619E-03
   9.51989461E-03
   1.08010033E-02
   1.21925911E-02
   1.36991832E-02
   1.53252836E-02
   1.70754399E-02
   1.89541653E-02
   2.09660251E-02
   2.31155436E-02
   2.54072696E-02
   2.78457832E-02
   3.04355994E-02
   3.31812352E-02
   3.60872783E-02
   3.91582884E-02
   4.23987992E-02
   4.58133966E-02
   4.94066291E-02
   5.31830564E-02
   5.71472608E-02
   6.13037162E-02
   6.56569302E-02
   7.02115148E-02
   7.49720633E-02
   7.99431056E-02
   8.51291940E-02
   9.05349106E-02
   9.61647183E-02
  0.102023356    
  0.108115181    
  0.114444718    
  0.121016636    
  0.127835497    
  0.134905711    
  0.142231852    
  0.149818629    
  0.157670677    
  0.165792525    
  0.174188465    
  0.182863131    
  0.191821143    
  0.201066941    
  0.210605189    
  0.220440343    
  0.230577230    
  0.241020352    
  0.251774132    
  0.262843341    
  0.274232268    
   4.23681486E-04
   4.60265175E-04
   5.50460769E-04
   6.86669664E-04
   8.66587274E-04
   1.09046139E-03
   1.35986728E-03
   1.67710078E-03
   2.04487750E-03
   2.46615428E-03
   2.94405478E-03
   3.48178949E-03
   4.08263365E-03
   4.74991510E-03
   5.48698707E-03
   6.29722932E-03
   7.18403887E-03
   8.15080665E-03
   9.20094736E-03
   1.03378715E-02
   1.15649784E-02
   1.28857037E-02
   1.43034551E-02
   1.58216748E-02
   1.74437705E-02
   1.91731825E-02
   2.10133642E-02
   2.29677204E-02
   2.50396654E-02
   2.72326693E-02
   2.95501612E-02
   3.19955535E-02
   3.45723256E-02
   3.72839049E-02
   4.01337408E-02
   4.31252457E-02
   4.62618470E-02
   4.95469347E-02
   5.29839769E-02
   5.65764494E-02
   6.03277683E-02
   6.42413571E-02
   6.83206841E-02
   7.25691468E-02
   7.69902542E-02
   8.15873519E-02
   8.63638893E-02
   9.13232714E-02
   9.64689925E-02
  0.101804428    
  0.107332990    
  0.113058202    
  0.118983649    
  0.125112638    
  0.131448463    
  0.137994632    
  0.144754648    
  0.151731864    
  0.158929721    
  0.166351661    
  0.174001276    
  0.181881934    
  0.189997166    
  0.198350385    
  0.206944942    
   2.83698551E-04
   3.08195042E-04
   3.68590088E-04
   4.59795614E-04
   5.80268388E-04
   7.30174710E-04
   9.10568924E-04
   1.12298829E-03
   1.36925129E-03
   1.65133795E-03
   1.97134027E-03
   2.33140751E-03
   2.73373304E-03
   3.18054529E-03
   3.67408851E-03
   4.21662629E-03
   4.81043383E-03
   5.45778079E-03
   6.16095634E-03
   6.92223944E-03
   7.74390996E-03
   8.62826500E-03
   9.57759377E-03
   1.05941948E-02
   1.16803488E-02
   1.28383609E-02
   1.40705453E-02
   1.53791849E-02
   1.67665612E-02
   1.82349887E-02
   1.97867826E-02
   2.14242227E-02
   2.31496301E-02
   2.49652956E-02
   2.68735439E-02
   2.88766529E-02
   3.09769213E-02
   3.31766121E-02
   3.54780667E-02
   3.78835835E-02
   4.03954685E-02
   4.30160128E-02
   4.57475446E-02
   4.85922955E-02
   5.15526719E-02
   5.46308756E-02
   5.78292497E-02
   6.11500703E-02
   6.45956472E-02
   6.81682453E-02
   7.18701556E-02
   7.57037699E-02
   7.96714574E-02
   8.37754235E-02
   8.80178809E-02
   9.24011916E-02
   9.69276801E-02
  0.101599619    
  0.106419317    
  0.111389048    
  0.116511218    
  0.121788099    
  0.127222016    
  0.132815316    
  0.138570115    
   1.42223362E-04
   1.54503869E-04
   1.84780933E-04
   2.30503822E-04
   2.90898810E-04
   3.66049469E-04
   4.56484238E-04
   5.62973612E-04
   6.86429499E-04
   8.27844138E-04
   9.88266431E-04
   1.16877421E-03
   1.37046713E-03
   1.59446185E-03
   1.84188387E-03
   2.11386732E-03
   2.41155294E-03
   2.73607927E-03
   3.08859302E-03
   3.47023667E-03
   3.88215343E-03
   4.32549464E-03
   4.80141072E-03
   5.31104952E-03
   5.85555565E-03
   6.43608905E-03
   7.05380458E-03
   7.70984450E-03
   8.40535667E-03
   9.14150756E-03
   9.91944689E-03
   1.07403249E-02
   1.16053037E-02
   1.25155272E-02
   1.34721613E-02
   1.44763570E-02
   1.55292554E-02
   1.66320000E-02
   1.77857596E-02
   1.89916827E-02
   2.02509314E-02
   2.15646513E-02
   2.29340177E-02
   2.43601445E-02
   2.58442294E-02
   2.73873881E-02
   2.89907809E-02
   3.06555629E-02
   3.23828831E-02
   3.41738835E-02
   3.60297225E-02
   3.79515849E-02
   3.99406478E-02
   4.19980362E-02
   4.41248678E-02
   4.63222973E-02
   4.85915020E-02
   5.09336069E-02
   5.33497967E-02
   5.58412075E-02
   5.84090389E-02
   6.10544272E-02
   6.37785420E-02
   6.65825680E-02
   6.94676042E-02
