  -1.98023766E-03
  -2.12684111E-03
  -2.49163155E-03
  -3.04318569E-03
  -3.77040217E-03
  -4.67238342E-03
  -5.75368758E-03
  -7.02193938E-03
  -8.48658290E-03
  -1.01581728E-02
  -1.20479483E-02
  -1.41675891E-02
  -1.65291056E-02
  -1.91446990E-02
  -2.20267158E-02
  -2.51876004E-02
  -2.86398698E-02
  -3.23961116E-02
  -3.64689343E-02
  -4.08709645E-02
  -4.56148684E-02
  -5.07133268E-02
  -5.61790131E-02
  -6.20246716E-02
  -6.82629570E-02
  -7.49066025E-02
  -8.19683746E-02
  -8.94609094E-02
  -9.73969921E-02
 -0.105789378    
 -0.114650823    
 -0.123993970    
 -0.133831605    
 -0.144176468    
 -0.155041307    
 -0.166438878    
 -0.178381965    
 -0.190883204    
 -0.203955323    
 -0.217611119    
 -0.231863335    
 -0.246724784    
 -0.262208253    
 -0.278326422    
 -0.295091987    
 -0.312517822    
 -0.330616534    
 -0.349401027    
 -0.368883967    
 -0.389077991    
 -0.409995914    
 -0.431650341    
 -0.454054117    
 -0.477219939    
 -0.501160800    
 -0.525889218    
 -0.551418006    
 -0.577759922    
 -0.604927719    
 -0.632934332    
 -0.661792397    
 -0.691514611    
 -0.722113371    
 -0.753602028    
 -0.785993040    
 -0.819299042    
 -0.853532970    
 -0.888707280    
 -0.924834728    
 -0.961928010    
  -1.97577197E-03
  -2.12204340E-03
  -2.48600799E-03
  -3.03631322E-03
  -3.76188289E-03
  -4.66182129E-03
  -5.74067701E-03
  -7.00605661E-03
  -8.46738368E-03
  -1.01351878E-02
  -1.20206829E-02
  -1.41355228E-02
  -1.64916944E-02
  -1.91013608E-02
  -2.19768509E-02
  -2.51305737E-02
  -2.85750218E-02
  -3.23227532E-02
  -3.63863520E-02
  -4.07784134E-02
  -4.55115736E-02
  -5.05984835E-02
  -5.60517870E-02
  -6.18842021E-02
  -6.81083649E-02
  -7.47369602E-02
  -8.17827284E-02
  -8.92582908E-02
  -9.71763879E-02
 -0.105549768    
 -0.114391141    
 -0.123713143    
 -0.133528486    
 -0.143849909    
 -0.154690117    
 -0.166061878    
 -0.177977890    
 -0.190450862    
 -0.203493372    
 -0.217118204    
 -0.231338114    
 -0.246165872    
 -0.261614263    
 -0.277695924    
 -0.294423491    
 -0.311809838    
 -0.329867631    
 -0.348609537    
 -0.368048370    
 -0.388196617    
 -0.409067124    
 -0.430672526    
 -0.453025490    
 -0.476138920    
 -0.500025511    
 -0.524697959    
 -0.550168931    
 -0.576450884    
 -0.603557110    
 -0.631500483    
 -0.660293221    
 -0.689948022    
 -0.720477462    
 -0.751894772    
 -0.784212470    
 -0.817442954    
 -0.851599336    
 -0.886694193    
 -0.922739744    
 -0.959749162    
  -1.96239492E-03
  -2.10767193E-03
  -2.46916246E-03
  -3.01572680E-03
  -3.73636419E-03
  -4.63018427E-03
  -5.70170488E-03
  -6.95848186E-03
  -8.40987172E-03
  -1.00663370E-02
  -1.19390134E-02
  -1.40394736E-02
  -1.63796227E-02
  -1.89715438E-02
  -2.18274761E-02
  -2.49597561E-02
  -2.83807795E-02
  -3.21030244E-02
  -3.61389853E-02
  -4.05011810E-02
  -4.52021547E-02
  -5.02544753E-02
  -5.56706786E-02
  -6.14634342E-02
  -6.76452890E-02
  -7.42288008E-02
  -8.12266394E-02
  -8.86513516E-02
  -9.65156108E-02
 -0.104832061    
 -0.113613278    
 -0.122871906    
 -0.132620469    
 -0.142871678    
 -0.153638169    
 -0.164932579    
 -0.176767543    
 -0.189155683    
 -0.202109531    
 -0.215641677    
 -0.229764894    
 -0.244491830    
 -0.259835243    
 -0.275807470    
 -0.292421371    
 -0.309689432    
 -0.327624321    
 -0.346238673    
 -0.365545273    
 -0.385556579    
 -0.406285346    
 -0.427743703    
 -0.449944615    
 -0.472900629    
 -0.496624857    
 -0.521129251    
 -0.546426952    
 -0.572530329    
 -0.599452257    
 -0.627205431    
 -0.655802310    
 -0.685255229    
 -0.715577483    
 -0.746781230    
 -0.778879225    
 -0.811883450    
 -0.845807493    
 -0.880663633    
 -0.916464210    
 -0.953222215    
  -1.94016739E-03
  -2.08379212E-03
  -2.44117132E-03
  -2.98152003E-03
  -3.69396154E-03
  -4.57761576E-03
  -5.63694816E-03
  -6.87942980E-03
  -8.31430964E-03
  -9.95192956E-03
  -1.18033076E-02
  -1.38798729E-02
  -1.61934011E-02
  -1.87558327E-02
  -2.15792749E-02
  -2.46759206E-02
  -2.80580260E-02
  -3.17379162E-02
  -3.57279703E-02
  -4.00405303E-02
  -4.46880236E-02
  -4.96828631E-02
  -5.50374500E-02
  -6.07642941E-02
  -6.68758079E-02
  -7.33844116E-02
  -8.03026408E-02
  -8.76428783E-02
  -9.54176486E-02
 -0.103639476    
 -0.112320803    
 -0.121474057    
 -0.131111696    
 -0.141246334    
 -0.151890278    
 -0.163056120    
 -0.174756378    
 -0.187003553    
 -0.199810028    
 -0.213188246    
 -0.227150828    
 -0.241710141    
 -0.256879002    
 -0.272669584    
 -0.289094418    
 -0.306165993    
 -0.323896855    
 -0.342299432    
 -0.361386299    
 -0.381169915    
 -0.401662797    
 -0.422877014    
 -0.444825292    
 -0.467520177    
 -0.490974396    
 -0.515200138    
 -0.540210009    
 -0.566016257    
 -0.592631757    
 -0.620068967    
 -0.648340285    
 -0.677457988    
 -0.707434952    
 -0.738283694    
 -0.770016849    
 -0.802645802    
 -0.836183786    
 -0.870643198    
 -0.906036794    
 -0.942376733    
  -1.90918974E-03
  -2.05051177E-03
  -2.40216102E-03
  -2.93384772E-03
  -3.63486633E-03
  -4.50435281E-03
  -5.54670021E-03
  -6.76925853E-03
  -8.18112958E-03
  -9.79248807E-03
  -1.16141802E-02
  -1.36574442E-02
  -1.59338731E-02
  -1.84552129E-02
  -2.12333743E-02
  -2.42803544E-02
  -2.76082288E-02
  -3.12290955E-02
  -3.51551510E-02
  -3.93985547E-02
  -4.39715050E-02
  -4.88862507E-02
  -5.41549772E-02
  -5.97899556E-02
  -6.58034235E-02
  -7.22076520E-02
  -7.90149346E-02
  -8.62374529E-02
  -9.38875079E-02
 -0.101977430    
 -0.110519521    
 -0.119525969    
 -0.129009083    
 -0.138981089    
 -0.149454311    
 -0.160441026    
 -0.171953663    
 -0.184004322    
 -0.196605444    
 -0.209769055    
 -0.223507628    
 -0.237833381    
 -0.252758980    
 -0.268296212    
 -0.284457594    
 -0.301255286    
 -0.318701774    
 -0.336809158    
 -0.355590016    
 -0.375056237    
 -0.395220548    
 -0.416094422    
 -0.437690645    
 -0.460021555    
 -0.483099520    
 -0.506936610    
 -0.531545222    
 -0.556938171    
 -0.583126664    
 -0.610123575    
 -0.637941182    
 -0.666591763    
 -0.696087897    
 -0.726441741    
 -0.757665634    
 -0.789771318    
 -0.822771549    
 -0.856678843    
 -0.891504824    
 -0.927262127    
  -1.86960201E-03
  -2.00798153E-03
  -2.35230871E-03
  -2.87292525E-03
  -3.55934701E-03
  -4.41072835E-03
  -5.43136941E-03
  -6.62846817E-03
  -8.01093690E-03
  -9.58873518E-03
  -1.13724861E-02
  -1.33731980E-02
  -1.56022143E-02
  -1.80710386E-02
  -2.07913369E-02
  -2.37748548E-02
  -2.70334128E-02
  -3.05788554E-02
  -3.44231352E-02
  -3.85781452E-02
  -4.30558473E-02
  -4.78682294E-02
  -5.30271903E-02
  -5.85447922E-02
  -6.44330010E-02
  -7.07038268E-02
  -7.73693323E-02
  -8.44414160E-02
  -9.19320881E-02
  -9.98534858E-02
 -0.108217612    
 -0.117036529    
 -0.126322091    
 -0.136086345    
 -0.146341398    
 -0.157099217    
 -0.168372050    
 -0.180171624    
 -0.192510158    
 -0.205399618    
 -0.218851984    
 -0.232879415    
 -0.247494012    
 -0.262707621    
 -0.278532267    
 -0.294980079    
 -0.312063009    
 -0.329793185    
 -0.348182678    
 -0.367243558    
 -0.386987627    
 -0.407426655    
 -0.428573191    
 -0.450438708    
 -0.473035842    
 -0.496376306    
 -0.520472527    
 -0.545336485    
 -0.570979476    
 -0.597414196    
 -0.624652267    
 -0.652706265    
 -0.681588113    
 -0.711309612    
 -0.741882861    
 -0.773319781    
 -0.805632949    
 -0.838833749    
 -0.872934043    
 -0.907946944    
  -1.82158395E-03
  -1.95639418E-03
  -2.29184027E-03
  -2.79902969E-03
  -3.46774538E-03
  -4.29716613E-03
  -5.29147871E-03
  -6.45769574E-03
  -7.80449994E-03
  -9.34159383E-03
  -1.10793281E-02
  -1.30284196E-02
  -1.51999267E-02
  -1.76050588E-02
  -2.02551726E-02
  -2.31617186E-02
  -2.63361949E-02
  -2.97901556E-02
  -3.35352421E-02
  -3.75830270E-02
  -4.19452116E-02
  -4.66333963E-02
  -5.16592301E-02
  -5.70344850E-02
  -6.27707615E-02
  -6.88797757E-02
  -7.53732845E-02
  -8.22628886E-02
  -8.95603076E-02
  -9.72772762E-02
 -0.105425611    
 -0.114016905    
 -0.123062886    
 -0.132575259    
 -0.142565653    
 -0.153045878    
 -0.164027780    
 -0.175522879    
 -0.187542975    
 -0.200099796    
 -0.213205069    
 -0.226870462    
 -0.241107970    
 -0.255928993    
 -0.271345228    
 -0.287368417    
 -0.304010600    
 -0.321283251    
 -0.339198202    
 -0.357767254    
 -0.377001703    
 -0.396913171    
 -0.417513728    
 -0.438815266    
 -0.460829437    
 -0.483567894    
 -0.507042229    
 -0.531264305    
 -0.556245506    
 -0.581997931    
 -0.608533084    
 -0.635863066    
 -0.663999677    
 -0.692954540    
 -0.722738504    
 -0.753364265    
 -0.784843683    
 -0.817188203    
 -0.850408971    
 -0.884518385    
  -1.76535256E-03
  -1.89598289E-03
  -2.22102948E-03
  -2.71249400E-03
  -3.36047634E-03
  -4.16417979E-03
  -5.12766186E-03
  -6.25771657E-03
  -7.56275468E-03
  -9.05218162E-03
  -1.07360268E-02
  -1.26246717E-02
  -1.47288321E-02
  -1.70593765E-02
  -1.96273029E-02
  -2.24437136E-02
  -2.55197324E-02
  -2.88665667E-02
  -3.24954838E-02
  -3.64177264E-02
  -4.06446084E-02
  -4.51873913E-02
  -5.00573553E-02
  -5.52658513E-02
  -6.08242191E-02
  -6.67437613E-02
  -7.30358437E-02
  -7.97117576E-02
  -8.67828354E-02
  -9.42605138E-02
 -0.102156080    
 -0.110480875    
 -0.119246252    
 -0.128463596    
 -0.138144165    
 -0.148299292    
 -0.158940524    
 -0.170079082    
 -0.181726322    
 -0.193893656    
 -0.206592426    
 -0.219834045    
 -0.233629867    
 -0.247991085    
 -0.262929022    
 -0.278455168    
 -0.294581085    
 -0.311318040    
 -0.328677267    
 -0.346670061    
 -0.365307629    
 -0.384601474    
 -0.404563308    
 -0.425204128    
 -0.446535349    
 -0.468568414    
 -0.491314530    
 -0.514784992    
 -0.538991392    
 -0.563945055    
 -0.589657485    
 -0.616139472    
 -0.643403292    
 -0.671459913    
 -0.700320363    
 -0.729996204    
 -0.760499179    
 -0.791840374    
 -0.824031234    
 -0.857082784    
  -1.70116313E-03
  -1.82702194E-03
  -2.14019674E-03
  -2.61371094E-03
  -3.23802582E-03
  -4.01237234E-03
  -4.94065974E-03
  -6.02943590E-03
  -7.28679774E-03
  -8.72181728E-03
  -1.03441421E-02
  -1.21637834E-02
  -1.41910696E-02
  -1.64364688E-02
  -1.89105812E-02
  -2.16240883E-02
  -2.45877113E-02
  -2.78122723E-02
  -3.13085839E-02
  -3.50875221E-02
  -3.91599461E-02
  -4.35367376E-02
  -4.82287407E-02
  -5.32469451E-02
  -5.86022213E-02
  -6.43054768E-02
  -7.03676417E-02
  -7.67996162E-02
  -8.36123601E-02
  -9.08168107E-02
  -9.84238684E-02
 -0.106444448    
 -0.114889525    
 -0.123770013    
 -0.133096874    
 -0.142880961    
 -0.153133363    
 -0.163864926    
 -0.175086498    
 -0.186809182    
 -0.199043930    
 -0.211801678    
 -0.225093350    
 -0.238929734    
 -0.253321767    
 -0.268280596    
 -0.283817083    
 -0.299942344    
 -0.316667169    
 -0.334002376    
 -0.351958811    
 -0.370547533    
 -0.389779896    
 -0.409666449    
 -0.430218458    
 -0.451446325    
 -0.473361224    
 -0.495974064    
 -0.519295812    
 -0.543338001    
 -0.568111062    
 -0.593625546    
 -0.619892955    
 -0.646924436    
 -0.674730301    
 -0.703321695    
 -0.732710004    
 -0.762905955    
 -0.793920755    
 -0.825764596    
  -1.62930542E-03
  -1.74982345E-03
  -2.04970851E-03
  -2.50312826E-03
  -3.10094771E-03
  -3.84243135E-03
  -4.73132078E-03
  -5.77388564E-03
  -6.97787805E-03
  -8.35198723E-03
  -9.90544632E-03
  -1.16478484E-02
  -1.35890776E-02
  -1.57391541E-02
  -1.81082375E-02
  -2.07065549E-02
  -2.35443581E-02
  -2.66320277E-02
  -2.99799088E-02
  -3.35984267E-02
  -3.74979377E-02
  -4.16889265E-02
  -4.61817309E-02
  -5.09868897E-02
  -5.61148152E-02
  -6.15759343E-02
  -6.73807338E-02
  -7.35396445E-02
  -8.00631568E-02
  -8.69617611E-02
  -9.42458659E-02
 -0.101925895    
 -0.110012427    
 -0.118515871    
 -0.127446741    
 -0.136815354    
 -0.146632478    
 -0.156908393    
 -0.167653576    
 -0.178878590    
 -0.190593839    
 -0.202809811    
 -0.215537101    
 -0.228785947    
 -0.242566943    
 -0.256890744    
 -0.271767437    
 -0.287208080    
 -0.303222835    
 -0.319821894    
 -0.337015837    
 -0.354815334    
 -0.373230904    
 -0.392272830    
 -0.411952078    
 -0.432278991    
 -0.453263491    
 -0.474916339    
 -0.497248143    
 -0.520269275    
 -0.543990493    
 -0.568421960    
 -0.593574405    
 -0.619457722    
 -0.646082759    
 -0.673460424    
 -0.701600850    
 -0.730514884    
 -0.760213017    
 -0.790705323    
  -1.55010552E-03
  -1.66473701E-03
  -1.94997422E-03
  -2.38124561E-03
  -2.94986414E-03
  -3.65512632E-03
  -4.50059306E-03
  -5.49222482E-03
  -6.63739536E-03
  -7.94436969E-03
  -9.42192785E-03
  -1.10792005E-02
  -1.29255801E-02
  -1.49705997E-02
  -1.72239244E-02
  -1.96952689E-02
  -2.23944038E-02
  -2.53312010E-02
  -2.85154879E-02
  -3.19571830E-02
  -3.56661305E-02
  -3.96523252E-02
  -4.39255796E-02
  -4.84959148E-02
  -5.33732809E-02
  -5.85675202E-02
  -6.40886649E-02
  -6.99466094E-02
  -7.61513337E-02
  -8.27128366E-02
  -8.96409675E-02
  -9.69456807E-02
 -0.104637004    
 -0.112724915    
 -0.121219322    
 -0.130130127    
 -0.139467448    
 -0.149241120    
 -0.159461185    
 -0.170137554    
 -0.181280270    
 -0.192899227    
 -0.205004528    
 -0.217605934    
 -0.230713457    
 -0.244337127    
 -0.258486837    
 -0.273172796    
 -0.288404793    
 -0.304192603    
 -0.320546210    
 -0.337475747    
 -0.354990989    
 -0.373102337    
 -0.391819805    
 -0.411152750    
 -0.431111693    
 -0.451706618    
 -0.472947270    
 -0.494843781    
 -0.517405868    
 -0.540643215    
 -0.564566433    
 -0.589185357    
 -0.614509344    
 -0.640548825    
 -0.667314053    
 -0.694814920    
 -0.723061740    
 -0.752063930    
  -1.46392186E-03
  -1.57214783E-03
  -1.84144615E-03
  -2.24861642E-03
  -2.78545893E-03
  -3.45130591E-03
  -4.24952060E-03
  -5.18572703E-03
  -6.26689289E-03
  -7.50081195E-03
  -8.89577996E-03
  -1.04604131E-02
  -1.22035798E-02
  -1.41342795E-02
  -1.62616428E-02
  -1.85948238E-02
  -2.11430714E-02
  -2.39156764E-02
  -2.69219521E-02
  -3.01712211E-02
  -3.36728171E-02
  -3.74361426E-02
  -4.14705202E-02
  -4.57853526E-02
  -5.03900237E-02
  -5.52938879E-02
  -6.05063438E-02
  -6.60368055E-02
  -7.18946233E-02
  -7.80892596E-02
  -8.46300572E-02
  -9.15263891E-02
  -9.87877101E-02
 -0.106423378    
 -0.114442825    
 -0.122855447    
 -0.131670669    
 -0.140897870    
 -0.150546551    
 -0.160625994    
 -0.171145678    
 -0.182115033    
 -0.193543389    
 -0.205440179    
 -0.217814863    
 -0.230676830    
 -0.244035482    
 -0.257900208    
 -0.272280276    
 -0.287185311    
 -0.302624494    
 -0.318607330    
 -0.335143298    
 -0.352241993    
 -0.369912714    
 -0.388164580    
 -0.407007545    
 -0.426450998    
 -0.446504086    
 -0.467176259    
 -0.488476753    
 -0.510415077    
 -0.533000827    
 -0.556243181    
 -0.580151439    
 -0.604735076    
 -0.630004108    
 -0.655967712    
 -0.682635128    
 -0.710015714    
  -1.37114478E-03
  -1.47247536E-03
  -1.72461523E-03
  -2.10584165E-03
  -2.60847691E-03
  -3.23189329E-03
  -3.97924194E-03
  -4.85578459E-03
  -5.86804608E-03
  -7.02332286E-03
  -8.32938403E-03
  -9.79429111E-03
  -1.14263482E-02
  -1.32339876E-02
  -1.52257467E-02
  -1.74102075E-02
  -1.97960250E-02
  -2.23918874E-02
  -2.52065342E-02
  -2.82486435E-02
  -3.15270312E-02
  -3.50504406E-02
  -3.88276502E-02
  -4.28674445E-02
  -4.71785739E-02
  -5.17698266E-02
  -5.66500127E-02
  -6.18279018E-02
  -6.73123002E-02
  -7.31120035E-02
  -7.92358369E-02
  -8.56925249E-02
  -9.24909413E-02
  -9.96398330E-02
 -0.107147962    
 -0.115024216    
 -0.123277463    
 -0.131916434    
 -0.140949979    
 -0.150386810    
 -0.160235837    
 -0.170505941    
 -0.181205705    
 -0.192344010    
 -0.203929707    
 -0.215971664    
 -0.228478551    
 -0.241459385    
 -0.254922539    
 -0.268877208    
 -0.283332199    
 -0.298296154    
 -0.313777834    
 -0.329786301    
 -0.346330285    
 -0.363418460    
 -0.381059945    
 -0.399263829    
 -0.418038487    
 -0.437392473    
 -0.457334936    
 -0.477874577    
 -0.499020606    
 -0.520781338    
 -0.543165445    
 -0.566182017    
 -0.589839995    
 -0.614148438    
 -0.639115810    
 -0.664751053    
  -1.27219420E-03
  -1.36617105E-03
  -1.60001055E-03
  -1.95356691E-03
  -2.41971947E-03
  -2.99788290E-03
  -3.69097991E-03
  -4.50389087E-03
  -5.44266496E-03
  -6.51406869E-03
  -7.72530492E-03
  -9.08385124E-03
  -1.05974125E-02
  -1.22737987E-02
  -1.41209308E-02
  -1.61467828E-02
  -1.83593556E-02
  -2.07667239E-02
  -2.33769789E-02
  -2.61981860E-02
  -2.92385034E-02
  -3.25060673E-02
  -3.60089876E-02
  -3.97554114E-02
  -4.37534787E-02
  -4.80113178E-02
  -5.25371097E-02
  -5.73389940E-02
  -6.24251217E-02
  -6.78036734E-02
  -7.34827667E-02
  -7.94705451E-02
  -8.57752189E-02
  -9.24049318E-02
  -9.93678048E-02
 -0.106672071    
 -0.114325888    
 -0.122337453    
 -0.130714953    
 -0.139466465    
 -0.148600236    
 -0.158124477    
 -0.168047175    
 -0.178376615    
 -0.189120904    
 -0.200288251    
 -0.211886719    
 -0.223924667    
 -0.236410215    
 -0.249351487    
 -0.262756586    
 -0.276633680    
 -0.290990889    
 -0.305836648    
 -0.321178973    
 -0.337026238    
 -0.353386581    
 -0.370268315    
 -0.387679219    
 -0.405627519    
 -0.424121708    
 -0.443169743    
 -0.462779909    
 -0.482960284    
 -0.503719211    
 -0.525064468    
 -0.547004580    
 -0.569547296    
 -0.592701316    
 -0.616474867    
  -1.16751809E-03
  -1.25371572E-03
  -1.46819663E-03
  -1.79248245E-03
  -2.22004112E-03
  -2.75033456E-03
  -3.38604092E-03
  -4.13164031E-03
  -4.99267597E-03
  -5.97535353E-03
  -7.08627887E-03
  -8.33231397E-03
  -9.72052570E-03
  -1.12580685E-02
  -1.29522122E-02
  -1.48102716E-02
  -1.68395787E-02
  -1.90475546E-02
  -2.14416031E-02
  -2.40291320E-02
  -2.68176086E-02
  -2.98145097E-02
  -3.30272615E-02
  -3.64633761E-02
  -4.01302651E-02
  -4.40353975E-02
  -4.81863022E-02
  -5.25904261E-02
  -5.72552271E-02
  -6.21882118E-02
  -6.73968643E-02
  -7.28886351E-02
  -7.86710232E-02
  -8.47515315E-02
  -9.11375880E-02
  -9.78367627E-02
 -0.104856536    
 -0.112204455    
 -0.119887896    
 -0.127914429    
 -0.136291549    
 -0.145026773    
 -0.154127479    
 -0.163601205    
 -0.173455402    
 -0.183697462    
 -0.194335043    
 -0.205375761    
 -0.216826960    
 -0.228696138    
 -0.240990669    
 -0.253718048    
 -0.266885906    
 -0.280501723    
 -0.294573039    
 -0.309107423    
 -0.324112356    
 -0.339595675    
 -0.355564177    
 -0.372025579    
 -0.388987571    
 -0.406457603    
 -0.424443126    
 -0.442951620    
 -0.461990744    
 -0.481567651    
 -0.501690328    
 -0.522365868    
 -0.543601871    
 -0.565405846    
  -1.05759071E-03
  -1.13561878E-03
  -1.32977031E-03
  -1.62331783E-03
  -2.01034616E-03
  -2.49036937E-03
  -3.06580751E-03
  -3.74071789E-03
  -4.52011637E-03
  -5.40961977E-03
  -6.41520601E-03
  -7.54308654E-03
  -8.79965629E-03
  -1.01913949E-02
  -1.17248800E-02
  -1.34067331E-02
  -1.52435927E-02
  -1.72421616E-02
  -1.94091611E-02
  -2.17512939E-02
  -2.42753010E-02
  -2.69879624E-02
  -2.98960228E-02
  -3.30062322E-02
  -3.63253243E-02
  -3.98600772E-02
  -4.36172783E-02
  -4.76036854E-02
  -5.18260375E-02
  -5.62911220E-02
  -6.10057488E-02
  -6.59766272E-02
  -7.12105334E-02
  -7.67142773E-02
  -8.24946091E-02
  -8.85583535E-02
  -9.49122906E-02
 -0.101563260    
 -0.108517900    
 -0.115783080    
 -0.123365551    
 -0.131272182    
 -0.139509588    
 -0.148084670    
 -0.157004163    
 -0.166274741    
 -0.175903350    
 -0.185896665    
 -0.196261570    
 -0.207004860    
 -0.218133196    
 -0.229653224    
 -0.241571948    
 -0.253896147    
 -0.266632706    
 -0.279788405    
 -0.293369979    
 -0.307384461    
 -0.321838170    
 -0.336738348    
 -0.352091521    
 -0.367904246    
 -0.384183556    
 -0.400936365    
 -0.418169349    
 -0.435889393    
 -0.454103142    
 -0.472817540    
 -0.492039502    
 -0.511775434    
  -9.42909857E-04
  -1.01241504E-03
  -1.18535839E-03
  -1.44683872E-03
  -1.79158535E-03
  -2.21916428E-03
  -2.73172930E-03
  -3.33289453E-03
  -4.02712682E-03
  -4.81942762E-03
  -5.71512012E-03
  -6.71973964E-03
  -7.83897936E-03
  -9.07860976E-03
  -1.04444884E-02
  -1.19425142E-02
  -1.35786058E-02
  -1.53587181E-02
  -1.72888599E-02
  -1.93749778E-02
  -2.16231011E-02
  -2.40392499E-02
  -2.66294200E-02
  -2.93996446E-02
  -3.23559120E-02
  -3.55042629E-02
  -3.88507508E-02
  -4.24013846E-02
  -4.61621545E-02
  -5.01391254E-02
  -5.43383397E-02
  -5.87657727E-02
  -6.34275600E-02
  -6.83296174E-02
  -7.34780654E-02
  -7.88788870E-02
  -8.45382139E-02
  -9.04620662E-02
  -9.66564268E-02
 -0.103127360    
 -0.109880820    
 -0.116922975    
 -0.124259904    
 -0.131897494    
 -0.139841795    
 -0.148098886    
 -0.156674832    
 -0.165575624    
 -0.174807325    
 -0.184376016    
 -0.194287613    
 -0.204548165    
 -0.215163782    
 -0.226140693    
 -0.237484843    
 -0.249202147    
 -0.261298895    
 -0.273780972    
 -0.286654472    
 -0.299925476    
 -0.313600093    
 -0.327683926    
 -0.342183530    
 -0.357105017    
 -0.372453988    
 -0.388236672    
 -0.404459208    
 -0.421127796    
 -0.438248217    
 -0.455826551    
  -8.23994691E-04
  -8.84662382E-04
  -1.03561499E-03
  -1.26384431E-03
  -1.56474859E-03
  -1.93794747E-03
  -2.38531968E-03
  -2.91001750E-03
  -3.51594016E-03
  -4.20745136E-03
  -4.98919608E-03
  -5.86600183E-03
  -6.84284326E-03
  -7.92475045E-03
  -9.11684334E-03
  -1.04242573E-02
  -1.18521666E-02
  -1.34057701E-02
  -1.50903035E-02
  -1.69109665E-02
  -1.88730136E-02
  -2.09816899E-02
  -2.32422482E-02
  -2.56599542E-02
  -2.82400083E-02
  -3.09877023E-02
  -3.39083150E-02
  -3.70070860E-02
  -4.02892455E-02
  -4.37600762E-02
  -4.74248640E-02
  -5.12888432E-02
  -5.53573295E-02
  -5.96355312E-02
  -6.41287044E-02
  -6.88422173E-02
  -7.37812743E-02
  -7.89512023E-02
  -8.43571872E-02
  -9.00045261E-02
  -9.58984047E-02
 -0.102044277    
 -0.108447373    
 -0.115112923    
 -0.122046143    
 -0.129252225    
 -0.136736602    
 -0.144504517    
 -0.152561232    
 -0.160912007    
 -0.169562042    
 -0.178516626    
 -0.187781125    
 -0.197360814    
 -0.207261175    
 -0.217487201    
 -0.228044257    
 -0.238937676    
 -0.250172615    
 -0.261754423    
 -0.273688465    
 -0.285979688    
 -0.298633844    
 -0.311656207    
 -0.325051516    
 -0.338825434    
 -0.352983207    
 -0.367530257    
 -0.382471651    
 -0.397812724    
  -7.01383688E-04
  -7.52939086E-04
  -8.81217944E-04
  -1.07516348E-03
  -1.33086368E-03
  -1.64799299E-03
  -2.02814676E-03
  -2.47400231E-03
  -2.98887142E-03
  -3.57646262E-03
  -4.24072007E-03
  -4.98574460E-03
  -5.81576163E-03
  -6.73505291E-03
  -7.74795469E-03
  -8.85883905E-03
  -1.00721009E-02
  -1.13921603E-02
  -1.28234578E-02
  -1.43704191E-02
  -1.60374977E-02
  -1.78291630E-02
  -1.97498780E-02
  -2.18040943E-02
  -2.39962656E-02
  -2.63308585E-02
  -2.88123582E-02
  -3.14452350E-02
  -3.42339054E-02
  -3.71829048E-02
  -4.02966775E-02
  -4.35797051E-02
  -4.70364541E-02
  -5.06713875E-02
  -5.44889793E-02
  -5.84937595E-02
  -6.26901984E-02
  -6.70827851E-02
  -7.16759264E-02
  -7.64740705E-02
  -8.14817548E-02
  -8.67035165E-02
  -9.21437666E-02
  -9.78070125E-02
 -0.103697672    
 -0.109820187    
 -0.116179138    
 -0.122778967    
 -0.129624173    
 -0.136719197    
 -0.144068465    
 -0.151676521    
 -0.159547940    
 -0.167687163    
 -0.176098704    
 -0.184787080    
 -0.193756595    
 -0.203011841    
 -0.212557226    
 -0.222397566    
 -0.232537061    
 -0.242980123    
 -0.253731549    
 -0.264795601    
 -0.276176631    
 -0.287879437    
 -0.299908280    
 -0.312267780    
 -0.324962467    
 -0.337996632    
  -5.75631799E-04
  -6.17841783E-04
  -7.22866447E-04
  -8.81650834E-04
  -1.09098980E-03
  -1.35061436E-03
  -1.66182907E-03
  -2.02682521E-03
  -2.44831038E-03
  -2.92932009E-03
  -3.47308116E-03
  -4.08295263E-03
  -4.76239016E-03
  -5.51489927E-03
  -6.34402502E-03
  -7.25334976E-03
  -8.24647024E-03
  -9.32700653E-03
  -1.04985861E-02
  -1.17648272E-02
  -1.31293954E-02
  -1.45959407E-02
  -1.61681082E-02
  -1.78495422E-02
  -1.96438860E-02
  -2.15548035E-02
  -2.35859547E-02
  -2.57410035E-02
  -2.80235745E-02
  -3.04373745E-02
  -3.29860263E-02
  -3.56732123E-02
  -3.85025889E-02
  -4.14778031E-02
  -4.46025394E-02
  -4.78804521E-02
  -5.13152368E-02
  -5.49105518E-02
  -5.86700067E-02
  -6.25972822E-02
  -6.66960701E-02
  -7.09700584E-02
  -7.54228011E-02
  -8.00580755E-02
  -8.48795250E-02
  -8.98907557E-02
  -9.50955153E-02
 -0.100497395    
 -0.106100045    
 -0.111907214    
 -0.117922485    
 -0.124149553    
 -0.130592167    
 -0.137253925    
 -0.144138590    
 -0.151249811    
 -0.158591181    
 -0.166166425    
 -0.173979282    
 -0.182033375    
 -0.190332323    
 -0.198879927    
 -0.207679763    
 -0.216735497    
 -0.226050660    
 -0.235629231    
 -0.245474681    
 -0.255590826    
 -0.265981227    
 -0.276649505    
  -4.47308441E-04
  -4.79982147E-04
  -5.61277382E-04
  -6.84182392E-04
  -8.46212730E-04
  -1.04715826E-03
  -1.28802634E-03
  -1.57050998E-03
  -1.89670338E-03
  -2.26895441E-03
  -2.68975878E-03
  -3.16171534E-03
  -3.68749769E-03
  -4.26981505E-03
  -4.91141342E-03
  -5.61506115E-03
  -6.38354383E-03
  -7.21966056E-03
  -8.12621415E-03
  -9.10601672E-03
  -1.01618962E-02
  -1.12966700E-02
  -1.25131654E-02
  -1.38142044E-02
  -1.52025996E-02
  -1.66811850E-02
  -1.82527937E-02
  -1.99202579E-02
  -2.16863975E-02
  -2.35540513E-02
  -2.55260523E-02
  -2.76052244E-02
  -2.97944043E-02
  -3.20964269E-02
  -3.45141478E-02
  -3.70503590E-02
  -3.97079363E-02
  -4.24896926E-02
  -4.53984663E-02
  -4.84370664E-02
  -5.16083613E-02
  -5.49151748E-02
  -5.83602972E-02
  -6.19466566E-02
  -6.56770542E-02
  -6.95542693E-02
  -7.35811815E-02
  -7.77606294E-02
  -8.20954293E-02
  -8.65884349E-02
  -9.12424847E-02
  -9.60603580E-02
 -0.101044938    
 -0.106199116    
 -0.111525714    
 -0.117027625    
 -0.122707590    
 -0.128568560    
 -0.134613305    
 -0.140844658    
 -0.147265479    
 -0.153878719    
 -0.160687089    
 -0.167693466    
 -0.174900755    
 -0.182311699    
 -0.189929083    
 -0.197755933    
 -0.205794945    
 -0.214049011    
  -3.16994672E-04
  -3.39984254E-04
  -3.97182361E-04
  -4.83652228E-04
  -5.97641396E-04
  -7.38998875E-04
  -9.08430084E-04
  -1.10712368E-03
  -1.33654976E-03
  -1.59835746E-03
  -1.89430057E-03
  -2.22620647E-03
  -2.59595155E-03
  -3.00544291E-03
  -3.45660816E-03
  -3.95139540E-03
  -4.49176179E-03
  -5.07967221E-03
  -5.71710104E-03
  -6.40602456E-03
  -7.14842696E-03
  -7.94629380E-03
  -8.80161114E-03
  -9.71636083E-03
  -1.06925182E-02
  -1.17320763E-02
  -1.28370319E-02
  -1.40093667E-02
  -1.52510647E-02
  -1.65641233E-02
  -1.79505367E-02
  -1.94122903E-02
  -2.09513567E-02
  -2.25697681E-02
  -2.42694952E-02
  -2.60525215E-02
  -2.79208552E-02
  -2.98764724E-02
  -3.19213793E-02
  -3.40575501E-02
  -3.62869650E-02
  -3.86116654E-02
  -4.10335846E-02
  -4.35547903E-02
  -4.61772121E-02
  -4.89028282E-02
  -5.17336689E-02
  -5.46717793E-02
  -5.77190556E-02
  -6.08775429E-02
  -6.41492158E-02
  -6.75360933E-02
  -7.10401163E-02
  -7.46633485E-02
  -7.84078091E-02
  -8.22754353E-02
  -8.62682611E-02
  -9.03883651E-02
  -9.46376324E-02
  -9.90180895E-02
 -0.103531718    
 -0.108180612    
 -0.112966701    
 -0.117892057    
 -0.122958563    
 -0.128168285    
 -0.133523151    
 -0.139025226    
 -0.144676477    
 -0.150478840    
  -1.85280442E-04
  -1.98481968E-04
  -2.31324608E-04
  -2.80968408E-04
  -3.46401153E-04
  -4.27531631E-04
  -5.24759875E-04
  -6.38764817E-04
  -7.70386134E-04
  -9.20566788E-04
  -1.09031040E-03
  -1.28066307E-03
  -1.49269868E-03
  -1.72750955E-03
  -1.98619976E-03
  -2.26988597E-03
  -2.57968972E-03
  -2.91673490E-03
  -3.28215351E-03
  -3.67707643E-03
  -4.10264218E-03
  -4.55998722E-03
  -5.05025079E-03
  -5.57457050E-03
  -6.13407278E-03
  -6.72989711E-03
  -7.36319181E-03
  -8.03509075E-03
  -8.74673016E-03
  -9.49925557E-03
  -1.02938013E-02
  -1.11315064E-02
  -1.20135061E-02
  -1.29409637E-02
  -1.39150051E-02
  -1.49367675E-02
  -1.60073880E-02
  -1.71280261E-02
  -1.82997957E-02
  -1.95238497E-02
  -2.08013281E-02
  -2.21333597E-02
  -2.35211011E-02
  -2.49657072E-02
  -2.64682975E-02
  -2.80300044E-02
  -2.96519790E-02
  -3.13353986E-02
  -3.30813415E-02
  -3.48910093E-02
  -3.67655121E-02
  -3.87059860E-02
  -4.07135747E-02
  -4.27894741E-02
  -4.49347906E-02
  -4.71506864E-02
  -4.94383052E-02
  -5.17988279E-02
  -5.42333610E-02
  -5.67430593E-02
  -5.93290590E-02
  -6.19925372E-02
  -6.47346973E-02
  -6.75566196E-02
  -7.04593882E-02
  -7.34442696E-02
  -7.65123218E-02
  -7.96647370E-02
  -8.29025805E-02
  -8.62270072E-02
  -5.27619341E-05
  -5.61159686E-05
  -6.44550601E-05
  -7.70488987E-05
  -9.36299693E-05
  -1.14167247E-04
  -1.38753647E-04
  -1.67555147E-04
  -2.00776893E-04
  -2.38652297E-04
  -2.81429238E-04
  -3.29367991E-04
  -3.82735365E-04
  -4.41804150E-04
  -5.06849494E-04
  -5.78151783E-04
  -6.55990792E-04
  -7.40646676E-04
  -8.32401565E-04
  -9.31537012E-04
  -1.03833817E-03
  -1.15309167E-03
  -1.27608376E-03
  -1.40759861E-03
  -1.54791167E-03
  -1.69730932E-03
  -1.85607874E-03
  -2.02450249E-03
  -2.20286241E-03
  -2.39144196E-03
  -2.59052729E-03
  -2.80039804E-03
  -3.02134315E-03
  -3.25364759E-03
  -3.49759241E-03
  -3.75346025E-03
  -4.02153702E-03
  -4.30210354E-03
  -4.59544547E-03
  -4.90184594E-03
  -5.22158528E-03
  -5.55494521E-03
  -5.90221956E-03
  -6.26369426E-03
  -6.63964543E-03
  -7.03035761E-03
  -7.43612414E-03
  -7.85723422E-03
  -8.29396676E-03
  -8.74660816E-03
  -9.21544060E-03
  -9.70074162E-03
  -1.02028064E-02
  -1.07219256E-02
  -1.12583926E-02
  -1.18124904E-02
  -1.23845190E-02
  -1.29747828E-02
  -1.35835484E-02
  -1.42111098E-02
  -1.48577653E-02
  -1.55238034E-02
  -1.62095297E-02
  -1.69152152E-02
  -1.76411420E-02
  -1.83876175E-02
  -1.91549174E-02
  -1.99433211E-02
  -2.07531322E-02
  -2.15846337E-02
   7.99609406E-05
   8.64692920E-05
   1.02670820E-04
   1.27182881E-04
   1.59527524E-04
   1.99675094E-04
   2.47840595E-04
   3.04371439E-04
   3.69697838E-04
   4.44297795E-04
   5.28679288E-04
   6.23369880E-04
   7.28910556E-04
   8.45849630E-04
   9.74742346E-04
   1.11614575E-03
   1.27062108E-03
   1.43873598E-03
   1.62105879E-03
   1.81815960E-03
   2.03060452E-03
   2.25896109E-03
   2.50379462E-03
   2.76567717E-03
   3.04518524E-03
   3.34288995E-03
   3.65936244E-03
   3.99517082E-03
   4.35089739E-03
   4.72711259E-03
   5.12438687E-03
   5.54329855E-03
   5.98441111E-03
   6.44830242E-03
   6.93555223E-03
   7.44673377E-03
   7.98242167E-03
   8.54318403E-03
   9.12959781E-03
   9.74223390E-03
   1.03816716E-02
   1.10484874E-02
   1.17432587E-02
   1.24665434E-02
   1.32189337E-02
   1.40009793E-02
   1.48132648E-02
   1.56563558E-02
   1.65308155E-02
   1.74372438E-02
   1.83762088E-02
   1.93482824E-02
   2.03540232E-02
   2.13940311E-02
   2.24688556E-02
   2.35790629E-02
   2.47252379E-02
   2.59079151E-02
   2.71276794E-02
   2.83850878E-02
   2.96807438E-02
   3.10151856E-02
   3.23889852E-02
   3.38027328E-02
   3.52569707E-02
   3.67522910E-02
   3.82892415E-02
   3.98683883E-02
   4.14903350E-02
   4.31556031E-02
   2.12287312E-04
   2.28628371E-04
   2.69296375E-04
   3.30802344E-04
   4.11924993E-04
   5.12574275E-04
   6.33272110E-04
   7.74877495E-04
   9.38454352E-04
   1.12519006E-03
   1.33634638E-03
   1.57323538E-03
   1.83720374E-03
   2.12961901E-03
   2.45186407E-03
   2.80533079E-03
   3.19141941E-03
   3.61154065E-03
   4.06711269E-03
   4.55955509E-03
   5.09028323E-03
   5.66071458E-03
   6.27226429E-03
   6.92635123E-03
   7.62441056E-03
   8.36786907E-03
   9.15814750E-03
   9.99666471E-03
   1.08848577E-02
   1.18241627E-02
   1.28159923E-02
   1.38617791E-02
   1.49629526E-02
   1.61209349E-02
   1.73371714E-02
   1.86130758E-02
   1.99501012E-02
   2.13496443E-02
   2.28131525E-02
   2.43420433E-02
   2.59377565E-02
   2.76017208E-02
   2.93353815E-02
   3.11401449E-02
   3.30174677E-02
   3.49687301E-02
   3.69954035E-02
   3.90988663E-02
   4.12805565E-02
   4.35419343E-02
   4.58844453E-02
   4.83094603E-02
   5.08184694E-02
   5.34128956E-02
   5.60941659E-02
   5.88636771E-02
   6.17228486E-02
   6.46731034E-02
   6.77158833E-02
   7.08526000E-02
   7.40847141E-02
   7.74136111E-02
   8.08406994E-02
   8.43674839E-02
   8.79952908E-02
   9.17256251E-02
   9.55598950E-02
   9.94994417E-02
  0.103545800    
  0.107700326    
   3.43618303E-04
   3.69717629E-04
   4.34667134E-04
   5.32887527E-04
   6.62419538E-04
   8.23113369E-04
   1.01579505E-03
   1.24183227E-03
   1.50291680E-03
   1.80094026E-03
   2.13791314E-03
   2.51592626E-03
   2.93712388E-03
   3.40368901E-03
   3.91782494E-03
   4.48175147E-03
   5.09770261E-03
   5.76792704E-03
   6.49468182E-03
   7.28023332E-03
   8.12684000E-03
   9.03675891E-03
   1.00122476E-02
   1.10555757E-02
   1.21690249E-02
   1.33548658E-02
   1.46153634E-02
   1.59527920E-02
   1.73694249E-02
   1.88675579E-02
   2.04494465E-02
   2.21173707E-02
   2.38736067E-02
   2.57204343E-02
   2.76601315E-02
   2.96949837E-02
   3.18272822E-02
   3.40592638E-02
   3.63932364E-02
   3.88314463E-02
   4.13762145E-02
   4.40297835E-02
   4.67944853E-02
   4.96725440E-02
   5.26662730E-02
   5.57779260E-02
   5.90097867E-02
   6.23641014E-02
   6.58431351E-02
   6.94492236E-02
   7.31846839E-02
   7.70516694E-02
   8.10525566E-02
   8.51896554E-02
   8.94652382E-02
   9.38814655E-02
   9.84407589E-02
  0.103145182    
  0.107997179    
  0.112999022    
  0.118152961    
  0.123461224    
  0.128926098    
  0.134549871    
  0.140334874    
  0.146283388    
  0.152397588    
  0.158679694    
  0.165132150    
  0.171757117    
   4.73359454E-04
   5.09098347E-04
   5.98034647E-04
   7.32523447E-04
   9.09876835E-04
   1.12988579E-03
   1.39367720E-03
   1.70312088E-03
   2.06052931E-03
   2.46848888E-03
   2.92974967E-03
   3.44717363E-03
   4.02368978E-03
   4.66228835E-03
   5.36598451E-03
   6.13781391E-03
   6.98083546E-03
   7.89812487E-03
   8.89277086E-03
   9.96786822E-03
   1.11265117E-02
   1.23717925E-02
   1.37068015E-02
   1.51346475E-02
   1.66584440E-02
   1.82812903E-02
   2.00062953E-02
   2.18365751E-02
   2.37752274E-02
   2.58253962E-02
   2.79901717E-02
   3.02726738E-02
   3.26760188E-02
   3.52032967E-02
   3.78576741E-02
   4.06422392E-02
   4.35601510E-02
   4.66144532E-02
   4.98083159E-02
   5.31448126E-02
   5.66271022E-02
   6.02582395E-02
   6.40414581E-02
   6.79797679E-02
   7.20763579E-02
   7.63342977E-02
   8.07567015E-02
   8.53466615E-02
   9.01073292E-02
   9.50417817E-02
  0.100153215    
  0.105444662    
  0.110919341    
  0.116580352    
  0.122430883    
  0.128473908    
  0.134712502    
  0.141149908    
  0.147789150    
  0.154633418    
  0.161685869    
  0.168949455    
  0.176427364    
  0.184122697    
  0.192038625    
  0.200178370    
  0.208544806    
  0.217141092    
  0.225970387    
  0.235035807    
   6.00923435E-04
   6.46139670E-04
   7.58659095E-04
   9.28806141E-04
   1.15317665E-03
   1.43150275E-03
   1.76520704E-03
   2.15665414E-03
   2.60876631E-03
   3.12481145E-03
   3.70826991E-03
   4.36275871E-03
   5.09198150E-03
   5.89971803E-03
   6.78978302E-03
   7.76601490E-03
   8.83228797E-03
   9.99248587E-03
   1.12505145E-02
   1.26102930E-02
   1.40757132E-02
   1.56507026E-02
   1.73391923E-02
   1.91450827E-02
   2.10723244E-02
   2.31248233E-02
   2.53065228E-02
   2.76213624E-02
   3.00732609E-02
   3.26661579E-02
   3.54040004E-02
   3.82907428E-02
   4.13302816E-02
   4.45265882E-02
   4.78836000E-02
   5.14052697E-02
   5.50955534E-02
   5.89583553E-02
   6.29976317E-02
   6.72172904E-02
   7.16212913E-02
   7.62135983E-02
   8.09981674E-02
   8.59789252E-02
   9.11597908E-02
   9.65447202E-02
  0.102137610    
  0.107942402    
  0.113963060    
  0.120203651    
  0.126667947    
  0.133359924    
  0.140283555    
  0.147442862    
  0.154841796    
  0.162484169    
  0.170373932    
  0.178515121    
  0.186911494    
  0.195567206    
  0.204486161    
  0.213672191    
  0.223129258    
  0.232861206    
  0.242872298    
  0.253166258    
  0.263747126    
  0.274618596    
  0.285784870    
  0.297249675    
   7.25732825E-04
   7.80221366E-04
   9.15813493E-04
   1.12084730E-03
   1.39121735E-03
   1.72659860E-03
   2.12870259E-03
   2.60037859E-03
   3.14514362E-03
   3.76693509E-03
   4.46994789E-03
   5.25853317E-03
   6.13715919E-03
   7.11037125E-03
   8.18277150E-03
   9.35898535E-03
   1.06436750E-02
   1.20415268E-02
   1.35572385E-02
   1.51955280E-02
   1.69610828E-02
   1.88586563E-02
   2.08929628E-02
   2.30687205E-02
   2.53906660E-02
   2.78635249E-02
   3.04920431E-02
   3.32809426E-02
   3.62349637E-02
   3.93588617E-02
   4.26573716E-02
   4.61352356E-02
   4.97972257E-02
   5.36480658E-02
   5.76925129E-02
   6.19353093E-02
   6.63812608E-02
   7.10350424E-02
   7.59014487E-02
   8.09851140E-02
   8.62908661E-02
   9.18235183E-02
   9.75878015E-02
  0.103588432    
  0.109830081    
  0.116317555    
  0.123055600    
  0.130048990    
  0.137302443    
  0.144820690    
  0.152608559    
  0.160670772    
  0.169012144    
  0.177637309    
  0.186551139    
  0.195758209    
  0.205263406    
  0.215071365    
  0.225186944    
  0.235614941    
  0.246360034    
  0.257426828    
  0.268820256    
  0.280544877    
  0.292605549    
  0.305007160    
  0.317754537    
  0.330852062    
  0.344304562    
  0.358116835    
   8.47222924E-04
   9.10736737E-04
   1.06878660E-03
   1.30777748E-03
   1.62292074E-03
   2.01383745E-03
   2.48251739E-03
   3.03228386E-03
   3.66723281E-03
   4.39195288E-03
   5.21133142E-03
   6.13044063E-03
   7.15448754E-03
   8.28876719E-03
   9.53864120E-03
   1.09095043E-02
   1.24067888E-02
   1.40359597E-02
   1.58024933E-02
   1.77118648E-02
   1.97695550E-02
   2.19811052E-02
   2.43520215E-02
   2.68877894E-02
   2.95939073E-02
   3.24759223E-02
   3.55393477E-02
   3.87896746E-02
   4.22324352E-02
   4.58731577E-02
   4.97174039E-02
   5.37706390E-02
   5.80384731E-02
   6.25264123E-02
   6.72399402E-02
   7.21846670E-02
   7.73661435E-02
   8.27898234E-02
   8.84612501E-02
   9.43859145E-02
  0.100569442    
  0.107017376    
  0.113735266    
  0.120728478    
  0.128002644    
  0.135563344    
  0.143416017    
  0.151566327    
  0.160019740    
  0.168781787    
  0.177857891    
  0.187253743    
  0.196974933    
  0.207026929    
  0.217415184    
  0.228145376    
  0.239222944    
  0.250653416    
  0.262442142    
  0.274595052    
  0.287117720    
  0.300015301    
  0.313293427    
  0.326957434    
  0.341013223    
  0.355466306    
  0.370322287    
  0.385586411    
  0.401264459    
  0.417361617    
   9.64843493E-04
   1.03709486E-03
   1.21688563E-03
   1.48874964E-03
   1.84723793E-03
   2.29191710E-03
   2.82504968E-03
   3.45041510E-03
   4.17266972E-03
   4.99703269E-03
   5.92906494E-03
   6.97453227E-03
   8.13935976E-03
   9.42956936E-03
   1.08512528E-02
   1.24105504E-02
   1.41136488E-02
   1.59667544E-02
   1.79761015E-02
   2.01479066E-02
   2.24884097E-02
   2.50039119E-02
   2.77006906E-02
   3.05849779E-02
   3.36630158E-02
   3.69411297E-02
   4.04255800E-02
   4.41226065E-02
   4.80384976E-02
   5.21795675E-02
   5.65520935E-02
   6.11623712E-02
   6.60166889E-02
   7.11213946E-02
   7.64827058E-02
   8.21069404E-02
   8.80004242E-02
   9.41694081E-02
  0.100620173    
  0.107359029    
  0.114392340    
  0.121726349    
  0.129367352    
  0.137321502    
  0.145595178    
  0.154194877    
  0.163126677    
  0.172396973    
  0.182011977    
  0.191978082    
  0.202301398    
  0.212988243    
  0.224045217    
  0.235478371    
  0.247294068    
  0.259498715    
  0.272098482    
  0.285099745    
  0.298508346    
  0.312331110    
  0.326574504    
  0.341244310    
  0.356347054    
  0.371888757    
  0.387876004    
  0.404315054    
  0.421212375    
  0.438573956    
  0.456406504    
  0.474715739    
   1.07806281E-03
   1.15872384E-03
   1.35944050E-03
   1.66294503E-03
   2.06315308E-03
   2.55958014E-03
   3.15474812E-03
   3.85287683E-03
   4.65916330E-03
   5.57943573E-03
   6.61989627E-03
   7.78698502E-03
   9.08731390E-03
   1.05276052E-02
   1.21146599E-02
   1.38553232E-02
   1.57565214E-02
   1.78251620E-02
   2.00682115E-02
   2.24926025E-02
   2.51053367E-02
   2.79133953E-02
   3.09238136E-02
   3.41435410E-02
   3.75795588E-02
   4.12389189E-02
   4.51286100E-02
   4.92555574E-02
   5.36268502E-02
   5.82495183E-02
   6.31305203E-02
   6.82769045E-02
   7.36957863E-02
   7.93941021E-02
   8.53788704E-02
   9.16571394E-02
   9.82359871E-02
  0.105122313    
  0.112323232    
  0.119845688    
  0.127696872    
  0.135883719    
  0.144413203    
  0.153292343    
  0.162528187    
  0.172127813    
  0.182098225    
  0.192446411    
  0.203179404    
  0.214304402    
  0.225828171    
  0.237757862    
  0.250100464    
  0.262863070    
  0.276052833    
  0.289676547    
  0.303741366    
  0.318254262    
  0.333222121    
  0.348652273    
  0.364551783    
  0.380927563    
  0.397786409    
  0.415135324    
  0.432981640    
  0.451332271    
  0.470194370    
  0.489574850    
  0.509480953    
  0.529919267    
   1.18636817E-03
   1.27507315E-03
   1.49580592E-03
   1.82957586E-03
   2.26968993E-03
   2.81561399E-03
   3.47012025E-03
   4.23784787E-03
   5.12451073E-03
   6.13652216E-03
   7.28069805E-03
   8.56412016E-03
   9.99405887E-03
   1.15779052E-02
   1.33231357E-02
   1.52372885E-02
   1.73279680E-02
   1.96027737E-02
   2.20693573E-02
   2.47353539E-02
   2.76084691E-02
   3.06963772E-02
   3.40067744E-02
   3.75473611E-02
   4.13258001E-02
   4.53498103E-02
   4.96271178E-02
   5.41653149E-02
   5.89721948E-02
   6.40554875E-02
   6.94228709E-02
   7.50820860E-02
   8.10409337E-02
   8.73070732E-02
   9.38881785E-02
  0.100792035    
  0.108026400    
  0.115598932    
  0.123517305    
  0.131789356    
  0.140422836    
  0.149425387    
  0.158804759    
  0.168568596    
  0.178724751    
  0.189280927    
  0.200244725    
  0.211623967    
  0.223426402    
  0.235659882    
  0.248331964    
  0.261450291    
  0.275022656    
  0.289056838    
  0.303560734    
  0.318541914    
  0.334008127    
  0.349966973    
  0.366426140    
  0.383393764    
  0.400877565    
  0.418885022    
  0.437423676    
  0.456501186    
  0.476125568    
  0.496304631    
  0.517046154    
  0.538357735    
  0.560247362    
  0.582722247    
   1.28926989E-03
   1.38561637E-03
   1.62536465E-03
   1.98788638E-03
   2.46591168E-03
   3.05885961E-03
   3.76973767E-03
   4.60358383E-03
   5.56660630E-03
   6.66577183E-03
   7.90847559E-03
   9.30241682E-03
   1.08554866E-02
   1.25757065E-02
   1.44712050E-02
   1.65501758E-02
   1.88208614E-02
   2.12915204E-02
   2.39704680E-02
   2.68659983E-02
   2.99864691E-02
   3.33402380E-02
   3.69356237E-02
   4.07810211E-02
   4.48847637E-02
   4.92551960E-02
   5.39007038E-02
   5.88296093E-02
   6.40502945E-02
   6.95711747E-02
   7.54005909E-02
   8.15470368E-02
   8.80188644E-02
   9.48244259E-02
  0.101972081    
  0.109470278    
  0.117327318    
  0.125551686    
  0.134151757    
  0.143135905    
  0.152512535    
  0.162289932    
  0.172476694    
  0.183081031    
  0.194111437    
  0.205576301    
  0.217483923    
  0.229842752    
  0.242661059    
  0.255947709    
  0.269710630    
  0.283958137    
  0.298698783    
  0.313941211    
  0.329693526    
  0.345964313    
  0.362761676    
  0.380094230    
  0.397970170    
  0.416398376    
  0.435387164    
  0.454944670    
  0.475079060    
  0.495798886    
  0.517112732    
  0.539028883    
  0.561555862    
  0.584701955    
  0.608475864    
  0.632885277    
   1.38630229E-03
   1.48985360E-03
   1.74753019E-03
   2.13716086E-03
   2.65093124E-03
   3.28821526E-03
   4.05224320E-03
   4.94843116E-03
   5.98345092E-03
   7.16478704E-03
   8.50039069E-03
   9.99853201E-03
   1.16676958E-02
   1.35164950E-02
   1.55536737E-02
   1.77880358E-02
   2.02284418E-02
   2.28837561E-02
   2.57629324E-02
   2.88748778E-02
   3.22285742E-02
   3.58329937E-02
   3.96970883E-02
   4.38298769E-02
   4.82403114E-02
   5.29373586E-02
   5.79300411E-02
   6.32273182E-02
   6.88381642E-02
   7.47716203E-02
   8.10367167E-02
   8.76424685E-02
   9.45979357E-02
  0.101912066    
  0.109593928    
  0.117652461    
  0.126096696    
  0.134935677    
  0.144178405    
  0.153833866    
  0.163911179    
  0.174419269    
  0.185367182    
  0.196763977    
  0.208618701    
  0.220940307    
  0.233737737    
  0.247020185    
  0.260796428    
  0.275075942    
  0.289867431    
  0.305179685    
  0.321021825    
  0.337403148    
  0.354332536    
  0.371819049    
  0.389871716    
  0.408499539    
  0.427711457    
  0.447516918    
  0.467924565    
  0.488943428    
  0.510582387    
  0.532850623    
  0.555757225    
  0.579311311    
  0.603521824    
  0.628397524    
  0.653947830    
  0.680181146    
   1.47702661E-03
   1.58731313E-03
   1.86175073E-03
   2.27672420E-03
   2.82391091E-03
   3.50264204E-03
   4.31635836E-03
   5.27082570E-03
   6.37315214E-03
   7.63130654E-03
   9.05376021E-03
   1.06493123E-02
   1.24270050E-02
   1.43960100E-02
   1.65656395E-02
   1.89452693E-02
   2.15443373E-02
   2.43722796E-02
   2.74386350E-02
   3.07529066E-02
   3.43246236E-02
   3.81633677E-02
   4.22786660E-02
   4.66801375E-02
   5.13772778E-02
   5.63796647E-02
   6.16968870E-02
   6.73385113E-02
   7.33141005E-02
   7.96332583E-02
   8.63056332E-02
   9.33407992E-02
  0.100748390    
  0.108538024    
  0.116719231    
  0.125301570    
  0.134294763    
  0.143708348    
  0.153551817    
  0.163834795    
  0.174567044    
  0.185758233    
  0.197417796    
  0.209555387    
  0.222180665    
  0.235303223    
  0.248932481    
  0.263078362    
  0.277750194    
  0.292958021    
  0.308711022    
  0.325018644    
  0.341890574    
  0.359336615    
  0.377366573    
  0.395989656    
  0.415215820    
  0.435054451    
  0.455515176    
  0.476607859    
  0.498342156    
  0.520727217    
  0.543772757    
  0.567488432    
  0.591884077    
  0.616969049    
  0.642752945    
  0.669246018    
  0.696457088    
  0.724395573    
   1.56103238E-03
   1.67755422E-03
   1.96750904E-03
   2.40594451E-03
   2.98406789E-03
   3.70117044E-03
   4.56088828E-03
   5.56931039E-03
   6.73395023E-03
   8.06322228E-03
   9.56607889E-03
   1.12518100E-02
   1.31299766E-02
   1.52102690E-02
   1.75025109E-02
   2.00166348E-02
   2.27625892E-02
   2.57503502E-02
   2.89899800E-02
   3.24915498E-02
   3.62651236E-02
   4.03207913E-02
   4.46686558E-02
   4.93188463E-02
   5.42814173E-02
   5.95664755E-02
   6.51841685E-02
   7.11445957E-02
   7.74578601E-02
   8.41340870E-02
   9.11834985E-02
   9.86161903E-02
  0.106442377    
  0.114672147    
  0.123315662    
  0.132382989    
  0.141884357    
  0.151829794    
  0.162229463    
  0.173093438    
  0.184432074    
  0.196255624    
  0.208573997    
  0.221397385    
  0.234735891    
  0.248599857    
  0.262999296    
  0.277944624    
  0.293445557    
  0.309512764    
  0.326155961    
  0.343385071    
  0.361210465    
  0.379642397    
  0.398691148    
  0.418366641    
  0.438679010    
  0.459638506    
  0.481255412    
  0.503539920    
  0.526501954    
  0.550152004    
  0.574499726    
  0.599555492    
  0.625329673    
  0.651832044    
  0.679073036    
  0.707062542    
  0.735811293    
  0.765328407    
   1.63793925E-03
   1.76016870E-03
   2.06432678E-03
   2.52423692E-03
   3.13067762E-03
   3.88290198E-03
   4.78472654E-03
   5.84253529E-03
   7.06420932E-03
   8.45857617E-03
   1.00350222E-02
   1.18032955E-02
   1.37734236E-02
   1.59555767E-02
   1.83600541E-02
   2.09972821E-02
   2.38776784E-02
   2.70117205E-02
   3.04099508E-02
   3.40829603E-02
   3.80412824E-02
   4.22955118E-02
   4.68562208E-02
   5.17340638E-02
   5.69395982E-02
   6.24833852E-02
   6.83761016E-02
   7.46283084E-02
   8.12506378E-02
   8.82537290E-02
   9.56482291E-02
  0.103444800    
  0.111654095    
  0.120286703    
  0.129353330    
  0.138864592    
  0.148831114    
  0.159263328    
  0.170172065    
  0.181567907    
  0.193461552    
  0.205863833    
  0.218785256    
  0.232236296    
  0.246227786    
  0.260770410    
  0.275874794    
  0.291551769    
  0.307811469    
  0.324665338    
  0.342123270    
  0.360195905    
  0.378894001    
  0.398228079    
  0.418209255    
  0.438847929    
  0.460154593    
  0.482140273    
  0.504815340    
  0.528190792    
  0.552276969    
  0.577084482    
  0.602624238    
  0.628906608    
  0.655942142    
  0.683741570    
  0.712316036    
  0.741675854    
  0.771831989    
  0.802794158    
   1.70739950E-03
   1.83478231E-03
   2.15176563E-03
   2.63106707E-03
   3.26307677E-03
   4.04701428E-03
   4.98685846E-03
   6.08925987E-03
   7.36243511E-03
   8.81557632E-03
   1.04584703E-02
   1.23012764E-02
   1.43544441E-02
   1.66285653E-02
   1.91343874E-02
   2.18827631E-02
   2.48845536E-02
   2.81506851E-02
   3.16921286E-02
   3.55199128E-02
   3.96450646E-02
   4.40785661E-02
   4.88314852E-02
   5.39148785E-02
   5.93397766E-02
   6.51171729E-02
   7.12582245E-02
   7.77739510E-02
   8.46753269E-02
   9.19735059E-02
   9.96795744E-02
  0.107804678    
  0.116359875    
  0.125356331    
  0.134805009    
  0.144717082    
  0.155103505    
  0.165975198    
  0.177343607    
  0.189219698    
  0.201614544    
  0.214539483    
  0.228005335    
  0.242023095    
  0.256604195    
  0.271759629    
  0.287500560    
  0.303838104    
  0.320782959    
  0.338347018    
  0.356540620    
  0.375374943    
  0.394860893    
  0.415009648    
  0.435832888    
  0.457341254    
  0.479545593    
  0.502457559    
  0.526088178    
  0.550448716    
  0.575549543    
  0.601402402    
  0.628018022    
  0.655407965    
  0.683582842    
  0.712553620    
  0.742332160    
  0.772929311    
  0.804356039    
  0.836622834    
   1.76909915E-03
   1.90105790E-03
   2.22943071E-03
   2.72595044E-03
   3.38066556E-03
   4.19276441E-03
   5.16636996E-03
   6.30836887E-03
   7.62727205E-03
   9.13260505E-03
   1.08345049E-02
   1.27434963E-02
   1.48703996E-02
   1.72261875E-02
   1.98220033E-02
   2.26690751E-02
   2.57786475E-02
   2.91620623E-02
   3.28306966E-02
   3.67959142E-02
   4.10692021E-02
   4.56618890E-02
   5.05854785E-02
   5.58514148E-02
   6.14710934E-02
   6.74559325E-02
   7.38174766E-02
   8.05671439E-02
   8.77163336E-02
   9.52765420E-02
  0.103259288    
  0.111676097    
  0.120538518    
  0.129857972    
  0.139645889    
  0.149913833    
  0.160673141    
  0.171935111    
  0.183711693    
  0.196014181    
  0.208854124    
  0.222243056    
  0.236192346    
  0.250713408    
  0.265817940    
  0.281517655    
  0.297823697    
  0.314748019    
  0.332301378    
  0.350496024    
  0.369342744    
  0.388853103    
  0.409038544    
  0.429910958    
  0.451481909    
  0.473762304    
  0.496763885    
  0.520498395    
  0.544977427    
  0.570212305    
  0.596214533    
  0.622995317    
  0.650566638    
  0.678940177    
  0.708126605    
  0.738137722    
  0.768985391    
  0.800680816    
  0.833235979    
  0.866661429    
   1.82275963E-03
   1.95869687E-03
   2.29697023E-03
   2.80845910E-03
   3.48291127E-03
   4.31949226E-03
   5.32244612E-03
   6.49886811E-03
   7.85752479E-03
   9.40822996E-03
   1.11614261E-02
   1.31279510E-02
   1.53189525E-02
   1.77457333E-02
   2.04197764E-02
   2.33526509E-02
   2.65559182E-02
   3.00412942E-02
   3.38204801E-02
   3.79051864E-02
   4.23072353E-02
   4.70383167E-02
   5.21102548E-02
   5.75348549E-02
   6.33238629E-02
   6.94890544E-02
   7.60422647E-02
   8.29953030E-02
   9.03598964E-02
   9.81478840E-02
  0.106371142    
  0.115041584    
  0.124171048    
  0.133771315    
  0.143854141    
  0.154431462    
  0.165514871    
  0.177116156    
  0.189247400    
  0.201920584    
  0.215147421    
  0.228939742    
  0.243309334    
  0.258267909    
  0.273827553    
  0.290000290    
  0.306797713    
  0.324231803    
  0.342314184    
  0.361056983    
  0.380471557    
  0.400569737    
  0.421363354    
  0.442864537    
  0.465085536    
  0.488037288    
  0.511731863    
  0.536181450    
  0.561397851    
  0.587392747    
  0.614178419    
  0.641766131    
  0.670167983    
  0.699396193    
  0.729462028    
  0.760377586    
  0.792154729    
  0.824805021    
  0.858341157    
  0.892773867    
   1.86813832E-03
   2.00743857E-03
   2.35407893E-03
   2.87822052E-03
   3.56935314E-03
   4.42662416E-03
   5.45438239E-03
   6.65989611E-03
   8.05214886E-03
   9.64120030E-03
   1.14377448E-02
   1.34528987E-02
   1.56980678E-02
   1.81848481E-02
   2.09250096E-02
   2.39303876E-02
   2.72128507E-02
   3.07843853E-02
   3.46570015E-02
   3.88426967E-02
   4.33535539E-02
   4.82015908E-02
   5.33988886E-02
   5.89576140E-02
   6.48897216E-02
   7.12072998E-02
   7.79225156E-02
   8.50474238E-02
   9.25940722E-02
  0.100574583    
  0.109001122    
  0.117885858    
  0.127240956    
  0.137078568    
  0.147410631    
  0.158249334    
  0.169606626    
  0.181494728    
  0.193925753    
  0.206912190    
  0.220465928    
  0.234599173    
  0.249323845    
  0.264652133    
  0.280596495    
  0.297169030    
  0.314381659    
  0.332246661    
  0.350775987    
  0.369982004    
  0.389876693    
  0.410471618    
  0.431779414    
  0.453812063    
  0.476582229    
  0.500101149    
  0.524381280    
  0.549435139    
  0.575274765    
  0.601912260    
  0.629359841    
  0.657629251    
  0.686733246    
  0.716684043    
  0.747493029    
  0.779172778    
  0.811735332    
  0.845192850    
  0.879557908    
  0.914841712    
   1.90503034E-03
   2.04706215E-03
   2.40049860E-03
   2.93491781E-03
   3.63959908E-03
   4.51367581E-03
   5.56158181E-03
   6.79072691E-03
   8.21026508E-03
   9.83046275E-03
   1.16622150E-02
   1.37168672E-02
   1.60060339E-02
   1.85415540E-02
   2.13354174E-02
   2.43996847E-02
   2.77464706E-02
   3.13879922E-02
   3.53364795E-02
   3.96041982E-02
   4.42034304E-02
   4.91464660E-02
   5.44455983E-02
   6.01132363E-02
   6.61615655E-02
   7.26029128E-02
   7.94497132E-02
   8.67142379E-02
   9.44087282E-02
  0.102545574    
  0.111137204    
  0.120196074    
  0.129734471    
  0.139764741    
  0.150299236    
  0.161350161    
  0.172929883    
  0.185050875    
  0.197725549    
  0.210966364    
  0.224785715    
  0.239195675    
  0.254208714    
  0.269837469    
  0.286094218    
  0.302991450    
  0.320541352    
  0.338756353    
  0.357648641    
  0.377231061    
  0.397515535    
  0.418514132    
  0.440239161    
  0.462703317    
  0.485919625    
  0.509899497    
  0.534655154    
  0.560199618    
  0.586545348    
  0.613704801    
  0.641690314    
  0.670513809    
  0.700187743    
  0.730724990    
  0.762137711    
  0.794437885    
  0.827638507    
  0.861751556    
  0.896790028    
  0.932765186    
   1.93326944E-03
   2.07738951E-03
   2.43602088E-03
   2.97829648E-03
   3.69333313E-03
   4.58025374E-03
   5.64355822E-03
   6.89076586E-03
   8.33116099E-03
   9.97516420E-03
   1.18338270E-02
   1.39186615E-02
   1.62414573E-02
   1.88142247E-02
   2.16491334E-02
   2.47584116E-02
   2.81543490E-02
   3.18493582E-02
   3.58558409E-02
   4.01862487E-02
   4.48530167E-02
   4.98686545E-02
   5.52456193E-02
   6.09965064E-02
   6.71336427E-02
   7.36695677E-02
   8.06169361E-02
   8.79881307E-02
   9.57956091E-02
  0.104051970    
  0.112769753    
  0.121961623    
  0.131640106    
  0.141817644    
  0.152506754    
  0.163719967    
  0.175469741    
  0.187768653    
  0.200629428    
  0.214064673    
  0.228086844    
  0.242708310    
  0.257941902    
  0.273800105    
  0.290295660    
  0.307441026    
  0.325248748    
  0.343731254    
  0.362901002    
  0.382771105    
  0.403353423    
  0.424660176    
  0.446704298    
  0.469498426    
  0.493055463    
  0.517387331    
  0.542506635    
  0.568426132    
  0.595158875    
  0.622717083    
  0.651113629    
  0.680360317    
  0.710470140    
  0.741455793    
  0.773329914    
  0.806104362    
  0.839792490    
  0.874406517    
  0.909959435    
  0.946462989    
   1.95272896E-03
   2.09828443E-03
   2.46048509E-03
   3.00815864E-03
   3.73031199E-03
   4.62605990E-03
   5.69994329E-03
   6.95956219E-03
   8.41428991E-03
   1.00746481E-02
   1.19517995E-02
   1.40573680E-02
   1.64032690E-02
   1.90016348E-02
   2.18647309E-02
   2.50049401E-02
   2.84346547E-02
   3.21663953E-02
   3.62127312E-02
   4.05861847E-02
   4.52993587E-02
   5.03648855E-02
   5.57953417E-02
   6.16033971E-02
   6.78015500E-02
   7.44024739E-02
   8.14189091E-02
   8.88633728E-02
   9.67484936E-02
  0.105086938    
  0.113891423    
  0.123174682    
  0.132949367    
  0.143228009    
  0.154023364    
  0.165348068    
  0.177214593    
  0.189635873    
  0.202624395    
  0.216193169    
  0.230354592    
  0.245121539    
  0.260506541    
  0.276522398    
  0.293181866    
  0.310497761    
  0.328482449    
  0.347148865    
  0.366509378    
  0.386576951    
  0.407363862    
  0.428882420    
  0.451145500    
  0.474166244    
  0.497957617    
  0.522531450    
  0.547900498    
  0.574077606    
  0.601076186    
  0.628908455    
  0.657587171    
  0.687125027    
  0.717534304    
  0.748827875    
  0.781018674    
  0.814119101    
  0.848142087    
  0.883100092    
  0.919006586    
  0.955873013    
   1.96332019E-03
   2.10965122E-03
   2.47378135E-03
   3.02437181E-03
   3.75036942E-03
   4.65088338E-03
   5.73048228E-03
   6.99680531E-03
   8.45927466E-03
   1.01284599E-02
   1.20155960E-02
   1.41323609E-02
   1.64907444E-02
   1.91029236E-02
   2.19812486E-02
   2.51381584E-02
   2.85861082E-02
   3.23376879E-02
   3.64055336E-02
   4.08022329E-02
   4.55404669E-02
   5.06329201E-02
   5.60922697E-02
   6.19311593E-02
   6.81622475E-02
   7.47982636E-02
   8.18519667E-02
   8.93359855E-02
   9.72630009E-02
  0.105645813    
  0.114497103    
  0.123829670    
  0.133656263    
  0.143989488    
  0.154842198    
  0.166226998    
  0.178156570    
  0.190643802    
  0.203701377    
  0.217342153    
  0.231578752    
  0.246424109    
  0.261890858    
  0.277991861    
  0.294739962    
  0.312147826    
  0.330228120    
  0.348993719    
  0.368457198    
  0.388631433    
  0.409528881    
  0.431161612    
  0.453543276    
  0.476686358    
  0.500604093    
  0.525308609    
  0.550812304    
  0.577128649    
  0.604270518    
  0.632250607    
  0.661081672    
  0.690776467    
  0.721347272    
  0.752807438    
  0.785169244    
  0.818445563    
  0.852649391    
  0.887793243    
  0.923890471    
  0.960952759    
   1.96499680E-03
   2.11144076E-03
   2.47584982E-03
   3.02686263E-03
   3.75341508E-03
   4.65461472E-03
   5.73503785E-03
   7.00232573E-03
   8.46590940E-03
   1.01363612E-02
   1.20249288E-02
   1.41433040E-02
   1.65034775E-02
   1.91176403E-02
   2.19981596E-02
   2.51574554E-02
   2.86080260E-02
   3.23624499E-02
   3.64333726E-02
   4.08334024E-02
   4.55752388E-02
   5.06715216E-02
   5.61350100E-02
   6.19783401E-02
   6.82141259E-02
   7.48551488E-02
   8.19141716E-02
   8.94038305E-02
   9.73368660E-02
  0.105726011    
  0.114584021    
  0.123923637    
  0.133757591    
  0.144098669    
  0.154959500    
  0.166352838    
  0.178291455    
  0.190788150    
  0.203855574    
  0.217506558    
  0.231753886    
  0.246610373    
  0.262088805    
  0.278202027    
  0.294962823    
  0.312383831    
  0.330477834    
  0.349257618    
  0.368735790    
  0.388925225    
  0.409838319    
  0.431487620    
  0.453886151    
  0.477046758    
  0.500982523    
  0.525705695    
  0.551228642    
  0.577564895    
  0.604727387    
  0.632728457    
  0.661581159    
  0.691298246    
  0.721892416    
  0.753376245    
  0.785762668    
  0.819064200    
  0.853293955    
  0.888464391    
  0.924588919    
  0.961679101    
   1.95775204E-03
   2.10364535E-03
   2.46668258E-03
   3.01561947E-03
   3.73943592E-03
   4.63723904E-03
   5.71358902E-03
   6.97610062E-03
   8.43416620E-03
   1.00983195E-02
   1.19797662E-02
   1.40901497E-02
   1.64414234E-02
   1.90457255E-02
   2.19153743E-02
   2.50627454E-02
   2.85003092E-02
   3.22405696E-02
   3.62961404E-02
   4.06795517E-02
   4.54035029E-02
   5.04805669E-02
   5.59234284E-02
   6.17447011E-02
   6.79569468E-02
   7.45729059E-02
   8.16052556E-02
   8.90666470E-02
   9.69697237E-02
  0.105327211    
  0.114151821    
  0.123456135    
  0.133252963    
  0.143554986    
  0.154374793    
  0.165725023    
  0.177618548    
  0.190068021    
  0.203086093    
  0.216685563    
  0.230879053    
  0.245679498    
  0.261099547    
  0.277151883    
  0.293849319    
  0.311204553    
  0.329230428    
  0.347939223    
  0.367343932    
  0.387457013    
  0.408291101    
  0.429858536    
  0.452172667    
  0.475245714    
  0.499090970    
  0.523720860    
  0.549147606    
  0.575384736    
  0.602444649    
  0.630339921    
  0.659083843    
  0.688688636    
  0.719167233    
  0.750532150    
  0.782796383    
  0.815972328    
  0.850072742    
  0.885110438    
  0.921098530    
  0.958048820    
   1.94161967E-03
   2.08630087E-03
   2.44632154E-03
   2.99069565E-03
   3.70849553E-03
   4.59883409E-03
   5.66623639E-03
   6.91824825E-03
   8.36419035E-03
   1.00145061E-02
   1.18803056E-02
   1.39731411E-02
   1.63048599E-02
   1.88875068E-02
   2.17332821E-02
   2.48544663E-02
   2.82634366E-02
   3.19726057E-02
   3.59944366E-02
   4.03413847E-02
   4.50260565E-02
   5.00609167E-02
   5.54584786E-02
   6.12313077E-02
   6.73918724E-02
   7.39527717E-02
   8.09266046E-02
   8.83259326E-02
   9.61632505E-02
  0.104451209    
  0.113202401    
  0.122429326    
  0.132144630    
  0.142360911    
  0.153090715    
  0.164346427    
  0.176140994    
  0.188486859    
  0.201396614    
  0.214882866    
  0.228958309    
  0.243635595    
  0.258927375    
  0.274846137    
  0.291404754    
  0.308615535    
  0.326491386    
  0.345044643    
  0.364287913    
  0.384233594    
  0.404894173    
  0.426282257    
  0.448410660    
  0.471291780    
  0.494938612    
  0.519363642    
  0.544579089    
  0.570597887    
  0.597432494    
  0.625095963    
  0.653600454    
  0.682959199    
  0.713184178    
  0.744288206    
  0.776283979    
  0.809183836    
  0.843000472    
  0.877746582    
  0.913435221    
  0.950078368    
   1.91667385E-03
   2.05948646E-03
   2.41485913E-03
   2.95220455E-03
   3.66073474E-03
   4.53957589E-03
   5.59319323E-03
   6.82903267E-03
   8.25629942E-03
   9.88530368E-03
   1.17270006E-02
   1.37928044E-02
   1.60944052E-02
   1.86436940E-02
   2.14527063E-02
   2.45335717E-02
   2.78985072E-02
   3.15597579E-02
   3.55296284E-02
   3.98204438E-02
   4.44445983E-02
   4.94144186E-02
   5.47422506E-02
   6.04404695E-02
   6.65214583E-02
   7.29975924E-02
   7.98813254E-02
   8.71850550E-02
   9.49211419E-02
  0.103101984    
  0.111740120    
  0.120847851    
  0.130437613    
  0.140521884    
  0.151112989    
  0.162223279    
  0.173865467    
  0.186051726    
  0.198794633    
  0.212106720    
  0.226000324    
  0.240488052    
  0.255582303    
  0.271295488    
  0.287640095    
  0.304628581    
  0.322273463    
  0.340586960    
  0.359581411    
  0.379269302    
  0.399663001    
  0.420774966    
  0.442617476    
  0.465203136    
  0.488544434    
  0.512653708    
  0.537543356    
  0.563226283    
  0.589714110    
  0.617020011    
  0.645156503    
  0.674135685    
  0.703970253    
  0.734672129    
  0.766254663    
  0.798729539    
  0.832109332    
  0.866406620    
  0.901634276    
  0.937803805    
   1.88302784E-03
   2.02332460E-03
   2.37243949E-03
   2.90032127E-03
   3.59637104E-03
   4.45973314E-03
   5.49479062E-03
   6.70885947E-03
   8.11098423E-03
   9.71129443E-03
   1.15205450E-02
   1.35499546E-02
   1.58110075E-02
   1.83153879E-02
   2.10749246E-02
   2.41015051E-02
   2.74071526E-02
   3.10039148E-02
   3.49038467E-02
   3.91190685E-02
   4.36617471E-02
   4.85440083E-02
   5.37779853E-02
   5.93758114E-02
   6.53496608E-02
   7.17116967E-02
   7.84741417E-02
   8.56491774E-02
   9.32489336E-02
  0.101285659    
  0.109771572    
  0.118718840    
  0.128139645    
  0.138046235    
  0.148450658    
  0.159365222    
  0.170802236    
  0.182773784    
  0.195292100    
  0.208369657    
  0.222018480    
  0.236251011    
  0.251079261    
  0.266515613    
  0.282572418    
  0.299261510    
  0.316595644    
  0.334586412    
  0.353246033    
  0.372586906    
  0.392621219    
  0.413361251    
  0.434818953    
  0.457006693    
  0.479936779    
  0.503621399    
  0.528072715    
  0.553303003    
  0.579324186    
  0.606148958    
  0.633789897    
  0.662258506    
  0.691566944    
  0.721727967    
  0.752753913    
  0.784656584    
  0.817448318    
  0.851141393    
  0.885748625    
  0.921280801    
   1.84083555E-03
   1.97798084E-03
   2.31925491E-03
   2.83528073E-03
   3.51569708E-03
   4.35966812E-03
   5.37147606E-03
   6.55827345E-03
   7.92890415E-03
   9.49326996E-03
   1.12618813E-02
   1.32456990E-02
   1.54559612E-02
   1.79040916E-02
   2.06016321E-02
   2.35602204E-02
   2.67916080E-02
   3.03075779E-02
   3.41198966E-02
   3.82404365E-02
   4.26810756E-02
   4.74536680E-02
   5.25700636E-02
   5.80421276E-02
   6.38817698E-02
   7.01008663E-02
   7.67114162E-02
   8.37252587E-02
   9.11542550E-02
   9.90104526E-02
  0.107305706    
  0.116051964    
  0.125261113    
  0.134945109    
  0.145115763    
  0.155785158    
  0.166965246    
  0.178667858    
  0.190904886    
  0.203688622    
  0.217030838    
  0.230943620    
  0.245438814    
  0.260528535    
  0.276224613    
  0.292538762    
  0.309483379    
  0.327069879    
  0.345310330    
  0.364216745    
  0.383800775    
  0.404074937    
  0.425050586    
  0.446739912    
  0.469154954    
  0.492307454    
  0.516209424    
  0.540872812    
  0.566309631    
  0.592531621    
  0.619551718    
  0.647380531    
  0.676030636    
  0.705514073    
  0.735843062    
  0.767029047    
  0.799084187    
  0.832020342    
  0.865850151    
  0.900584221    
   1.79028790E-03
   1.92366075E-03
   2.25554779E-03
   2.75738002E-03
   3.41907959E-03
   4.23983485E-03
   5.22380974E-03
   6.37795916E-03
   7.71088665E-03
   9.23221745E-03
   1.09521775E-02
   1.28814196E-02
   1.50308777E-02
   1.74116585E-02
   2.00349875E-02
   2.29121838E-02
   2.60546599E-02
   2.94738989E-02
   3.31813507E-02
   3.71885486E-02
   4.15070318E-02
   4.61483337E-02
   5.11239432E-02
   5.64454980E-02
   6.21244498E-02
   6.81724474E-02
   7.46011287E-02
   8.14220011E-02
   8.86466131E-02
   9.62866321E-02
  0.104353637    
  0.112859286    
  0.121815078    
  0.131232604    
  0.141123459    
  0.151499346    
  0.162371844    
  0.173752442    
  0.185652792    
  0.198084787    
  0.211059988    
  0.224590063    
  0.238686502    
  0.253361046    
  0.268625289    
  0.284490675    
  0.300969064    
  0.318071663    
  0.335810244    
  0.354196429    
  0.373241693    
  0.392958075    
  0.413356811    
  0.434449434    
  0.456247836    
  0.478763431    
  0.502007782    
  0.525992513    
  0.550729394    
  0.576230228    
  0.602506876    
  0.629570246    
  0.657432079    
  0.686104357    
  0.715598702    
  0.745926619    
  0.777099848    
  0.809130132    
  0.842029035    
  0.875807643    
   1.73161447E-03
   1.86061149E-03
   2.18160753E-03
   2.66697165E-03
   3.30695673E-03
   4.10077628E-03
   5.05246082E-03
   6.16873335E-03
   7.45791849E-03
   8.92932247E-03
   1.05928341E-02
   1.24587622E-02
   1.45376762E-02
   1.68403201E-02
   1.93775538E-02
   2.21603271E-02
   2.51996797E-02
   2.85066981E-02
   3.20924707E-02
   3.59681472E-02
   4.01449203E-02
   4.46339026E-02
   4.94462140E-02
   5.45930825E-02
   6.00856543E-02
   6.59351647E-02
   7.21528530E-02
   7.87498206E-02
   8.57373327E-02
   9.31265950E-02
  0.100928836    
  0.109155327    
  0.117817134    
  0.126925543    
  0.136491776    
  0.146527112    
  0.157042786    
  0.168049797    
  0.179559618    
  0.191583619    
  0.204132944    
  0.217218950    
  0.230852842    
  0.245045766    
  0.259809047    
  0.275153726    
  0.291091204    
  0.307632446    
  0.324788809    
  0.342571437    
  0.360991806    
  0.380061030    
  0.399790287    
  0.420190662    
  0.441273719    
  0.463050395    
  0.485531837    
  0.508729458    
  0.532654405    
  0.557318509    
  0.582732737    
  0.608907759    
  0.635855258    
  0.663586557    
  0.692112982    
  0.721445560    
  0.751595438    
  0.782574415    
  0.814393640    
  0.847063482    
   1.66508323E-03
   1.78911909E-03
   2.09776987E-03
   2.56446702E-03
   3.17983702E-03
   3.94312525E-03
   4.85820556E-03
   5.93154458E-03
   7.17114517E-03
   8.58595502E-03
   1.01854885E-02
   1.19796488E-02
   1.39786024E-02
   1.61926728E-02
   1.86323114E-02
   2.13080570E-02
   2.42305119E-02
   2.74103321E-02
   3.08581833E-02
   3.45847830E-02
   3.86009030E-02
   4.29172292E-02
   4.75444421E-02
   5.24933226E-02
   5.77746257E-02
   6.33991435E-02
   6.93776682E-02
   7.57208690E-02
   8.24396163E-02
   8.95446837E-02
   9.70468000E-02
  0.104956836    
  0.113285452    
  0.122043446    
  0.131241739    
  0.140891045    
  0.151002184    
  0.161585897    
  0.172653005    
  0.184214517    
  0.196281195    
  0.208863854    
  0.221973300    
  0.235620379    
  0.249815762    
  0.264570206    
  0.279894650    
  0.295799613    
  0.312296033    
  0.329394728    
  0.347106576    
  0.365442336    
  0.384412706    
  0.404028445    
  0.424300551    
  0.445239812    
  0.466856509    
  0.489161849    
  0.512166679    
  0.535882115    
  0.560318589    
  0.585486889    
  0.611397743    
  0.638062358    
  0.665491819    
  0.693696022    
  0.722686291    
  0.752473533    
  0.783068836    
  0.814482033    
   1.59099640E-03
   1.70950848E-03
   2.00441550E-03
   2.45033135E-03
   3.03829741E-03
   3.76759726E-03
   4.64192778E-03
   5.66746853E-03
   6.85187103E-03
   8.20367597E-03
   9.73198004E-03
   1.14462441E-02
   1.33561809E-02
   1.54716503E-02
   1.78026464E-02
   2.03592386E-02
   2.31515523E-02
   2.61897687E-02
   2.94840857E-02
   3.30447331E-02
   3.68819945E-02
   4.10060994E-02
   4.54272553E-02
   5.01557440E-02
   5.52018471E-02
   6.05758913E-02
   6.62881732E-02
   7.23488927E-02
   7.87684396E-02
   8.55570659E-02
   9.27250907E-02
  0.100282848    
  0.108240545    
  0.116608508    
  0.125397116    
  0.134616688    
  0.144277498    
  0.154389948    
  0.164964214    
  0.176010907    
  0.187540248    
  0.199562609    
  0.212088257    
  0.225127563    
  0.238690689    
  0.252788067    
  0.267430067    
  0.282626659    
  0.298388422    
  0.314725727    
  0.331648827    
  0.349168062    
  0.367293686    
  0.386035889    
  0.405405432    
  0.425412178    
  0.446066260    
  0.467378378    
  0.489358664    
  0.512017846    
  0.535366058    
  0.559413552    
  0.584170818    
  0.609647810    
  0.635855556    
  0.662803710    
  0.690503001    
  0.718963623    
  0.748196483    
  0.778210640    
   1.50968938E-03
   1.62214180E-03
   1.90196862E-03
   2.32508173E-03
   2.88298097E-03
   3.57498741E-03
   4.40460723E-03
   5.37770521E-03
   6.50154054E-03
   7.78421713E-03
   9.23436601E-03
   1.08609656E-02
   1.26732336E-02
   1.46805216E-02
   1.68923121E-02
   1.93181653E-02
   2.19676867E-02
   2.48505343E-02
   2.79763918E-02
   3.13549563E-02
   3.49959843E-02
   3.89091820E-02
   4.31042425E-02
   4.75909114E-02
   5.23789451E-02
   5.74781820E-02
   6.28983453E-02
   6.86491728E-02
   7.47404173E-02
   8.11818540E-02
   8.79832953E-02
   9.51545611E-02
  0.102705285    
  0.110645279    
  0.118984438    
  0.127732486    
  0.136899248    
  0.146494567    
  0.156528175    
  0.167009994    
  0.177949816    
  0.189357311    
  0.201242417    
  0.213614956    
  0.226484433    
  0.239860833    
  0.253753960    
  0.268173486    
  0.283129215    
  0.298631042    
  0.314688832    
  0.331312209    
  0.348510921    
  0.366294712    
  0.384673595    
  0.403657287    
  0.423255146    
  0.443477273    
  0.464333594    
  0.485834002    
  0.507988334    
  0.530806065    
  0.554297149    
  0.578471363    
  0.603338778    
  0.628908634    
  0.655191481    
  0.682196498    
  0.709934533    
  0.738413751    
   1.42153178E-03
   1.52741477E-03
   1.79089338E-03
   2.18928675E-03
   2.71459180E-03
   3.36616929E-03
   4.14731866E-03
   5.06356498E-03
   6.12174207E-03
   7.32947700E-03
   8.69490206E-03
   1.02264676E-02
   1.19328583E-02
   1.38228731E-02
   1.59054380E-02
   1.81895588E-02
   2.06842758E-02
   2.33986992E-02
   2.63419431E-02
   2.95231175E-02
   3.29514109E-02
   3.66359688E-02
   4.05859388E-02
   4.48104739E-02
   4.93187681E-02
   5.41200750E-02
   5.92235625E-02
   6.46383986E-02
   7.03737587E-02
   7.64388442E-02
   8.28429013E-02
   8.95951465E-02
   9.67046395E-02
  0.104180776    
  0.112032719    
  0.120269634    
  0.128900856    
  0.137935579    
  0.147383019    
  0.157252461    
  0.167553127    
  0.178294167    
  0.189484879    
  0.201134533    
  0.213252112    
  0.225846976    
  0.238928422    
  0.252505362    
  0.266587257    
  0.281183541    
  0.296303153    
  0.311955273    
  0.328149199    
  0.344894081    
  0.362199128    
  0.380073607    
  0.398526430    
  0.417567134    
  0.437204927    
  0.457449079    
  0.478308916    
  0.499793619    
  0.521912277    
  0.544674218    
  0.568088591    
  0.592164576    
  0.616911590    
  0.642339230    
  0.668456376    
  0.695271850    
   1.32692419E-03
   1.42575789E-03
   1.67169422E-03
   2.04356248E-03
   2.53389333E-03
   3.14208935E-03
   3.87123111E-03
   4.72647371E-03
   5.71419904E-03
   6.84152078E-03
   8.11603479E-03
   9.54563078E-03
   1.11384131E-02
   1.29025923E-02
   1.48464972E-02
   1.69785358E-02
   1.93071589E-02
   2.18408536E-02
   2.45881286E-02
   2.75575109E-02
   3.07575520E-02
   3.41967717E-02
   3.78837325E-02
   4.18269970E-02
   4.60351408E-02
   5.05167767E-02
   5.52804396E-02
   6.03347644E-02
   6.56882599E-02
   7.13495240E-02
   7.73272067E-02
   8.36298466E-02
   9.02659670E-02
   9.72443223E-02
  0.104573473    
  0.112261981    
  0.120318487    
  0.128751710    
  0.137570173    
  0.146782517    
  0.156397358    
  0.166423276    
  0.176868916    
  0.187742963    
  0.199053735    
  0.210809946    
  0.223020449    
  0.235693514    
  0.248837829    
  0.262462229    
  0.276575208    
  0.291185290    
  0.306300998    
  0.321931005    
  0.338083804    
  0.354768097    
  0.371992290    
  0.389765292    
  0.408095628    
  0.426991969    
  0.446462929    
  0.466517091    
  0.487162977    
  0.508409321    
  0.530264854    
  0.552737892    
  0.575837195    
  0.599571705    
  0.623950064    
  0.648980021    
   1.22629548E-03
   1.31763180E-03
   1.54491223E-03
   1.88857107E-03
   2.34170631E-03
   2.90376460E-03
   3.57759534E-03
   4.36796015E-03
   5.28075732E-03
   6.32256083E-03
   7.50039238E-03
   8.82154051E-03
   1.02934940E-02
   1.19238440E-02
   1.37202814E-02
   1.56905837E-02
   1.78425573E-02
   2.01840457E-02
   2.27229111E-02
   2.54670382E-02
   2.84243226E-02
   3.16026434E-02
   3.50098871E-02
   3.86540219E-02
   4.25429419E-02
   4.66846079E-02
   5.10868877E-02
   5.57577945E-02
   6.07051887E-02
   6.59369901E-02
   7.14611933E-02
   7.72856921E-02
   8.34183842E-02
   8.98673385E-02
   9.66404602E-02
  0.103745677    
  0.111191079    
  0.118984550    
  0.127134070    
  0.135647595    
  0.144533083    
  0.153798446    
  0.163451672    
  0.173500851    
  0.183953524    
  0.194817916    
  0.206102073    
  0.217813805    
  0.229961127    
  0.242551982    
  0.255594313    
  0.269096047    
  0.283065110    
  0.297509372    
  0.312436819    
  0.327855349    
  0.343772888    
  0.360197634    
  0.377137363    
  0.394600302    
  0.412594259    
  0.431127161    
  0.450206816    
  0.469841480    
  0.490039051    
  0.510807216    
  0.532154322    
  0.554088235    
  0.576617181    
  0.599748313    
   1.12010271E-03
   1.20352779E-03
   1.41112250E-03
   1.72501476E-03
   2.13890127E-03
   2.65227538E-03
   3.26774176E-03
   3.98964901E-03
   4.82338248E-03
   5.77494735E-03
   6.85075903E-03
   8.05747416E-03
   9.40193050E-03
   1.08910603E-02
   1.25318980E-02
   1.43315317E-02
   1.62971113E-02
   1.84357874E-02
   2.07547396E-02
   2.32611746E-02
   2.59622987E-02
   2.88653243E-02
   3.19774337E-02
   3.53059359E-02
   3.88580076E-02
   4.26409394E-02
   4.66619059E-02
   5.09282239E-02
   5.54470904E-02
   6.02257363E-02
   6.52714372E-02
   7.05914050E-02
   7.61928856E-02
   8.20832253E-02
   8.82696658E-02
   9.47594270E-02
  0.101559944    
  0.108678386    
  0.116122030    
  0.123898119    
  0.132013962    
  0.140476823    
  0.149293929    
  0.158472642    
  0.168019950    
  0.177943304    
  0.188250095    
  0.198947370    
  0.210042521    
  0.221542805    
  0.233455434    
  0.245787695    
  0.258546740    
  0.271739930    
  0.285374373    
  0.299457312    
  0.313996106    
  0.328998148    
  0.344470680    
  0.360421002    
  0.376856387    
  0.393784076    
  0.411211163    
  0.429145038    
  0.447593182    
  0.466562450    
  0.486060441    
  0.506094396    
  0.526671767    
  0.547799349    
   1.00882759E-03
   1.08396355E-03
   1.27093191E-03
   1.55363523E-03
   1.92639767E-03
   2.38876231E-03
   2.94307619E-03
   3.59325367E-03
   4.34414716E-03
   5.20116277E-03
   6.17007911E-03
   7.25689391E-03
   8.46776366E-03
   9.80893057E-03
   1.12867309E-02
   1.29075479E-02
   1.46778235E-02
   1.66040007E-02
   1.86925288E-02
   2.09499244E-02
   2.33826600E-02
   2.59972308E-02
   2.88001113E-02
   3.17978822E-02
   3.49970274E-02
   3.84040773E-02
   4.20255139E-02
   4.58679199E-02
   4.99377660E-02
   5.42416200E-02
   5.87859564E-02
   6.35773018E-02
   6.86221868E-02
   7.39272386E-02
   7.94989616E-02
   8.53439197E-02
   9.14687365E-02
   9.78799090E-02
  0.104583941    
  0.111587375    
  0.118896857    
  0.126518801    
  0.134459913    
  0.142726541    
  0.151325226    
  0.160262540    
  0.169545248    
  0.179179668    
  0.189172387    
  0.199529961    
  0.210258901    
  0.221365839    
  0.232857093    
  0.244739264    
  0.257019013    
  0.269702673    
  0.282796860    
  0.296308249    
  0.310243458    
  0.324608922    
  0.339411438    
  0.354656965    
  0.370352387    
  0.386504352    
  0.403119355    
  0.420203835    
  0.437764406    
  0.455807835    
  0.474340588    
  0.493368924    
   8.92975368E-04
   9.59481520E-04
   1.12497597E-03
   1.37521012E-03
   1.70515920E-03
   2.11442006E-03
   2.60506943E-03
   3.18057230E-03
   3.84522206E-03
   4.60380642E-03
   5.46143949E-03
   6.42342819E-03
   7.49522494E-03
   8.68235156E-03
   9.99042112E-03
   1.14250816E-02
   1.29920319E-02
   1.46969762E-02
   1.65456291E-02
   1.85437556E-02
   2.06970796E-02
   2.30113603E-02
   2.54923217E-02
   2.81457789E-02
   3.09774913E-02
   3.39932218E-02
   3.71987186E-02
   4.05998006E-02
   4.42022160E-02
   4.80117314E-02
   5.20341359E-02
   5.62751591E-02
   6.07406087E-02
   6.54363558E-02
   7.03681335E-02
   7.55418167E-02
   8.09631497E-02
   8.66379738E-02
   9.25720185E-02
   9.87711251E-02
  0.105241098    
  0.111987621    
  0.119016625    
  0.126333833    
  0.133944958    
  0.141855732    
  0.150072262    
  0.158600152    
  0.167445198    
  0.176613152    
  0.186109841    
  0.195941076    
  0.206112504    
  0.216630012    
  0.227499366    
  0.238726318    
  0.250316590    
  0.262276113    
  0.274610698    
  0.287326276    
  0.300428540    
  0.313923120    
  0.327815890    
  0.342112660    
  0.356819421    
  0.371941656    
  0.387485266    
  0.403456271    
  0.419860452    
  0.436703175    
   7.73071370E-04
   8.30646604E-04
   9.73916904E-04
   1.19054865E-03
   1.47618935E-03
   1.83049194E-03
   2.25525443E-03
   2.75347498E-03
   3.32887075E-03
   3.98558471E-03
   4.72804857E-03
   5.56085538E-03
   6.48872415E-03
   7.51643209E-03
   8.64884537E-03
   9.89085063E-03
   1.12473750E-02
   1.27233658E-02
   1.43237682E-02
   1.60535686E-02
   1.79177299E-02
   1.99212320E-02
   2.20690276E-02
   2.43661646E-02
   2.68176123E-02
   2.94283610E-02
   3.22034024E-02
   3.51477601E-02
   3.82664129E-02
   4.15643454E-02
   4.50465940E-02
   4.87180762E-02
   5.25838584E-02
   5.66490144E-02
   6.09185286E-02
   6.53974488E-02
   7.00907633E-02
   7.50035197E-02
   8.01407173E-02
   8.55073854E-02
   9.11085159E-02
   9.69491079E-02
  0.103034198    
  0.109368786    
  0.115957797    
  0.122806296    
  0.129919425    
  0.137302205    
  0.144959450    
  0.152896211    
  0.161117613    
  0.169628635    
  0.178434148    
  0.187539324    
  0.196949065    
  0.206668347    
  0.216702148    
  0.227055699    
  0.237733975    
  0.248741984    
  0.260084718    
  0.271767169    
  0.283794314    
  0.296171248    
  0.308903009    
  0.321994513    
  0.335450798    
  0.349277020    
  0.363478363    
  0.378059357    
   6.49659603E-04
   6.98043266E-04
   8.18440225E-04
   1.00048794E-03
   1.24052656E-03
   1.53826515E-03
   1.89521594E-03
   2.31389678E-03
   2.79743015E-03
   3.34930117E-03
   3.97323165E-03
   4.67308192E-03
   5.45281731E-03
   6.31645229E-03
   7.26807769E-03
   8.31180345E-03
   9.45175998E-03
   1.06921047E-02
   1.20370062E-02
   1.34906489E-02
   1.50571996E-02
   1.67408455E-02
   1.85457543E-02
   2.04761550E-02
   2.25362331E-02
   2.47301683E-02
   2.70621777E-02
   2.95364726E-02
   3.21572311E-02
   3.49286534E-02
   3.78549360E-02
   4.09402810E-02
   4.41889055E-02
   4.76050675E-02
   5.11929616E-02
   5.49568124E-02
   5.89008629E-02
   6.30293041E-02
   6.73463717E-02
   7.18562603E-02
   7.65632093E-02
   8.14713538E-02
   8.65849629E-02
   9.19082463E-02
   9.74453092E-02
  0.103200480    
  0.109178014    
  0.115382083    
  0.121816888    
  0.128486529    
  0.135395452    
  0.142547697    
  0.149947420    
  0.157598987    
  0.165506497    
  0.173674121    
  0.182106048    
  0.190806597    
  0.199780092    
  0.209030733    
  0.218562603    
  0.228379950    
  0.238486946    
  0.248887941    
  0.259587079    
  0.270588487    
  0.281896532    
  0.293515384    
  0.305449575    
  0.317702681    
   5.23300201E-04
   5.62273024E-04
   6.59251702E-04
   8.05889780E-04
   9.99238808E-04
   1.23906508E-03
   1.52658636E-03
   1.86382991E-03
   2.25331145E-03
   2.69783870E-03
   3.20040784E-03
   3.76413390E-03
   4.39220294E-03
   5.08785294E-03
   5.85437985E-03
   6.69509312E-03
   7.61331758E-03
   8.61240085E-03
   9.69571061E-03
   1.08666038E-02
   1.21284518E-02
   1.34846112E-02
   1.49384513E-02
   1.64933689E-02
   1.81527417E-02
   1.99199356E-02
   2.17983499E-02
   2.37913709E-02
   2.59023793E-02
   2.81347223E-02
   3.04918084E-02
   3.29770111E-02
   3.55937518E-02
   3.83454375E-02
   4.12354656E-02
   4.42672148E-02
   4.74441163E-02
   5.07695489E-02
   5.42469248E-02
   5.78796081E-02
   6.16709962E-02
   6.56244904E-02
   6.97434619E-02
   7.40313157E-02
   7.84913972E-02
   8.31271112E-02
   8.79419744E-02
   9.29392949E-02
   9.81224701E-02
  0.103494830    
  0.109059885    
  0.114820957    
  0.120781377    
  0.126944646    
  0.133314088    
  0.139893025    
  0.146684855    
  0.153693065    
  0.160921156    
  0.168372452    
  0.176050290    
  0.183958068    
  0.192099184    
  0.200477049    
  0.209095076    
  0.217956647    
  0.227065220    
  0.236424103    
  0.246036857    
  0.255906701    
   3.94566741E-04
   4.23951889E-04
   4.97073110E-04
   6.07637048E-04
   7.53420580E-04
   9.34247510E-04
   1.15103612E-03
   1.40531489E-03
   1.69898034E-03
   2.03415030E-03
   2.41308310E-03
   2.83812685E-03
   3.31168529E-03
   3.83619941E-03
   4.41415561E-03
   5.04804635E-03
   5.74037852E-03
   6.49367878E-03
   7.31048500E-03
   8.19332898E-03
   9.14475322E-03
   1.01672839E-02
   1.12634655E-02
   1.24358591E-02
   1.36870109E-02
   1.50194578E-02
   1.64357666E-02
   1.79384891E-02
   1.95301641E-02
   2.12133341E-02
   2.29905508E-02
   2.48643663E-02
   2.68373657E-02
   2.89121009E-02
   3.10911555E-02
   3.33770812E-02
   3.57724465E-02
   3.82797793E-02
   4.09016870E-02
   4.36406955E-02
   4.64993790E-02
   4.94802818E-02
   5.25859594E-02
   5.58189712E-02
   5.91818318E-02
   6.26771450E-02
   6.63074926E-02
   7.00754300E-02
   7.39834905E-02
   7.80341849E-02
   8.22302103E-02
   8.65740031E-02
   9.10680890E-02
   9.57151279E-02
  0.100517645    
  0.105478130    
  0.110599130    
  0.115883239    
  0.121333145    
  0.126951367    
  0.132740423    
  0.138702825    
  0.144841120    
  0.151157975    
  0.157655835    
  0.164337382    
  0.171205148    
  0.178261682    
  0.185509622    
  0.192951366    
   2.64043250E-04
   2.83707632E-04
   3.32639960E-04
   4.06628737E-04
   5.04186319E-04
   6.25194691E-04
   7.70268147E-04
   9.40430036E-04
   1.13694940E-03
   1.36124308E-03
   1.61482277E-03
   1.89925986E-03
   2.21616216E-03
   2.56716437E-03
   2.95392983E-03
   3.37812491E-03
   3.84142972E-03
   4.34553390E-03
   4.89213597E-03
   5.48293069E-03
   6.11961912E-03
   6.80389022E-03
   7.53744785E-03
   8.32200889E-03
   9.15926881E-03
   1.00509366E-02
   1.09987240E-02
   1.20043345E-02
   1.30694751E-02
   1.41958380E-02
   1.53851388E-02
   1.66390855E-02
   1.79593991E-02
   1.93477999E-02
   2.08060089E-02
   2.23357417E-02
   2.39387061E-02
   2.56166104E-02
   2.73711756E-02
   2.92041022E-02
   3.11171263E-02
   3.31119262E-02
   3.51902209E-02
   3.73537317E-02
   3.96041460E-02
   4.19431739E-02
   4.43725996E-02
   4.68940735E-02
   4.95093279E-02
   5.22200316E-02
   5.50279766E-02
   5.79348058E-02
   6.09422363E-02
   6.40520081E-02
   6.72658086E-02
   7.05853477E-02
   7.40123019E-02
   7.75484145E-02
   8.11954737E-02
   8.49551409E-02
   8.88291374E-02
   9.28191319E-02
   9.69268233E-02
  0.101154029    
  0.105502382    
  0.109973624    
  0.114569500    
  0.119291678    
  0.124141932    
  0.129121929    
   1.32321831E-04
   1.42176315E-04
   1.66698053E-04
   2.03776450E-04
   2.52665923E-04
   3.13307508E-04
   3.86008964E-04
   4.71282925E-04
   5.69765747E-04
   6.82167301E-04
   8.09244812E-04
   9.51786293E-04
   1.11059728E-03
   1.28649687E-03
   1.48031861E-03
   1.69289787E-03
   1.92507601E-03
   2.17770110E-03
   2.45162239E-03
   2.74769077E-03
   3.06675723E-03
   3.40966904E-03
   3.77728138E-03
   4.17045224E-03
   4.59003216E-03
   5.03687700E-03
   5.51184779E-03
   6.01579435E-03
   6.54957118E-03
   7.11403135E-03
   7.71003217E-03
   8.33843090E-03
   9.00008529E-03
   9.69586335E-03
   1.04266219E-02
   1.11932205E-02
   1.19965244E-02
   1.28373820E-02
   1.37166567E-02
   1.46352071E-02
   1.55938864E-02
   1.65935494E-02
   1.76350586E-02
   1.87192690E-02
   1.98470317E-02
   2.10192055E-02
   2.22366750E-02
   2.35002730E-02
   2.48108692E-02
   2.61692964E-02
   2.75764540E-02
   2.90331636E-02
   3.05402875E-02
   3.20987068E-02
   3.37092541E-02
   3.53728011E-02
   3.70901749E-02
   3.88622507E-02
   4.06899005E-02
   4.25739996E-02
   4.45153899E-02
   4.65149246E-02
   4.85734418E-02
   5.06918430E-02
   5.28709702E-02
   5.51116578E-02
   5.74147962E-02
   5.97812459E-02
   6.22118935E-02
   6.47075251E-02
