  0.100000001    
  0.189999998    
  0.280000001    
  0.369999975    
  0.459999979    
  0.550000012    
  0.639999986    
  0.730000019    
  0.819999993    
  0.909999967    
   9.87688377E-02
  0.187660784    
  0.276552737    
  0.365444660    
  0.454336613    
  0.543228626    
  0.632120550    
  0.721012533    
  0.809904456    
  0.898796380    
   9.51056555E-02
  0.180700734    
  0.266295820    
  0.351890892    
  0.437485993    
  0.523081124    
  0.608676195    
  0.694271266    
  0.779866338    
  0.865461409    
   8.91006514E-02
  0.169291243    
  0.249481827    
  0.329672396    
  0.409862995    
  0.490053594    
  0.570244193    
  0.650434792    
  0.730625331    
  0.810815930    
   8.09017047E-02
  0.153713226    
  0.226524755    
  0.299336284    
  0.372147799    
  0.444959372    
  0.517770886    
  0.590582430    
  0.663393915    
  0.736205459    
   7.07106814E-02
  0.134350285    
  0.197989896    
  0.261629492    
  0.325269103    
  0.388908744    
  0.452548325    
  0.516187966    
  0.579827547    
  0.643467128    
   5.87785244E-02
  0.111679196    
  0.164579868    
  0.217480525    
  0.270381212    
  0.323281884    
  0.376182556    
  0.429083228    
  0.481983900    
  0.534884572    
   4.53990437E-02
   8.62581804E-02
  0.127117321    
  0.167976454    
  0.208835587    
  0.249694735    
  0.290553868    
  0.331413031    
  0.372272164    
  0.413131267    
   3.09016984E-02
   5.87132238E-02
   8.65247548E-02
  0.114336275    
  0.142147794    
  0.169959337    
  0.197770864    
  0.225582391    
  0.253393918    
  0.281205446    
   1.56434495E-02
   2.97225527E-02
   4.38016579E-02
   5.78807592E-02
   7.19598606E-02
   8.60389695E-02
  0.100118071    
  0.114197180    
  0.128276289    
  0.142355382    
