  0.100000001    
  0.159999996    
  0.219999999    
  0.280000001    
  0.340000004    
  0.400000006    
  0.459999979    
  0.519999981    
  0.579999983    
  0.639999986    
  0.700000048    
  0.759999990    
  0.819999993    
  0.879999995    
  0.939999998    
   9.94521901E-02
  0.159123510    
  0.218794823    
  0.278466135    
  0.338137448    
  0.397808760    
  0.457480073    
  0.517151356    
  0.576822698    
  0.636494040    
  0.696165383    
  0.755836666    
  0.815507948    
  0.875179291    
  0.934850574    
   9.78147611E-02
  0.156503618    
  0.215192482    
  0.273881346    
  0.332570195    
  0.391259044    
  0.449947894    
  0.508636773    
  0.567325592    
  0.626014471    
  0.684703410    
  0.743392169    
  0.802081048    
  0.860769928    
  0.919458747    
   9.51056555E-02
  0.152169049    
  0.209232435    
  0.266295820    
  0.323359221    
  0.380422622    
  0.437485993    
  0.494549394    
  0.551612794    
  0.608676195    
  0.665739596    
  0.722802937    
  0.779866338    
  0.836929739    
  0.893993139    
   9.13545415E-02
  0.146167263    
  0.200979993    
  0.255792707    
  0.310605437    
  0.365418166    
  0.420230865    
  0.475043595    
  0.529856324    
  0.584669054    
  0.639481843    
  0.694294512    
  0.749107242    
  0.803919971    
  0.858732700    
   8.66025388E-02
  0.138564065    
  0.190525591    
  0.242487103    
  0.294448644    
  0.346410155    
  0.398371667    
  0.450333178    
  0.502294719    
  0.554256260    
  0.606217802    
  0.658179283    
  0.710140824    
  0.762102365    
  0.814063847    
   8.09017047E-02
  0.129442722    
  0.177983746    
  0.226524755    
  0.275065780    
  0.323606819    
  0.372147799    
  0.420688838    
  0.469229847    
  0.517770886    
  0.566311955    
  0.614852905    
  0.663393915    
  0.711934984    
  0.760475993    
   7.43144825E-02
  0.118903168    
  0.163491860    
  0.208080545    
  0.252669245    
  0.297257930    
  0.341846585    
  0.386435300    
  0.431023985    
  0.475612670    
  0.520201385    
  0.564790070    
  0.609378755    
  0.653967440    
  0.698556125    
   6.69130608E-02
  0.107060887    
  0.147208720    
  0.187356561    
  0.227504387    
  0.267652243    
  0.307800055    
  0.347947866    
  0.388095707    
  0.428243548    
  0.468391418    
  0.508539200    
  0.548687041    
  0.588834882    
  0.628982723    
   5.87785244E-02
   9.40456390E-02
  0.129312754    
  0.164579868    
  0.199846983    
  0.235114098    
  0.270381212    
  0.305648327    
  0.340915442    
  0.376182556    
  0.411449701    
  0.446716785    
  0.481983900    
  0.517251015    
  0.552518129    
   4.99999970E-02
   7.99999908E-02
  0.109999992    
  0.139999986    
  0.169999987    
  0.199999988    
  0.229999974    
  0.259999961    
  0.289999962    
  0.319999963    
  0.349999994    
  0.379999965    
  0.409999967    
  0.439999968    
  0.469999969    
   4.06736620E-02
   6.50778562E-02
   8.94820541E-02
  0.113886252    
  0.138290450    
  0.162694648    
  0.187098831    
  0.211503029    
  0.235907227    
  0.260311425    
  0.284715652    
  0.309119821    
  0.333524019    
  0.357928216    
  0.382332414    
   3.09016984E-02
   4.94427159E-02
   6.79837316E-02
   8.65247548E-02
  0.105065770    
  0.123606794    
  0.142147794    
  0.160688818    
  0.179229841    
  0.197770864    
  0.216311902    
  0.234852895    
  0.253393918    
  0.271934927    
  0.290475965    
   2.07911655E-02
   3.32658626E-02
   4.57405634E-02
   5.82152642E-02
   7.06899613E-02
   8.31646621E-02
   9.56393555E-02
  0.108114056    
  0.120588757    
  0.133063450    
  0.145538166    
  0.158012852    
  0.170487553    
  0.182962254    
  0.195436954    
   1.04528423E-02
   1.67245474E-02
   2.29962524E-02
   2.92679574E-02
   3.55396643E-02
   4.18113694E-02
   4.80830707E-02
   5.43547757E-02
   6.06264807E-02
   6.68981895E-02
   7.31699020E-02
   7.94415995E-02
   8.57133046E-02
   9.19850096E-02
   9.82567146E-02
