  0.100000001    
  0.144999996    
  0.189999998    
  0.234999985    
  0.280000001    
  0.324999988    
  0.369999975    
  0.414999992    
  0.459999979    
  0.504999995    
  0.550000012    
  0.594999969    
  0.639999986    
  0.685000002    
  0.730000019    
  0.775000036    
  0.819999993    
  0.865000010    
  0.909999967    
  0.955000043    
   9.96917337E-02
  0.144553006    
  0.189414293    
  0.234275550    
  0.279136837    
  0.323998123    
  0.368859380    
  0.413720667    
  0.458581954    
  0.503443241    
  0.548304558    
  0.593165755    
  0.638027072    
  0.682888329    
  0.727749646    
  0.772610962    
  0.817472160    
  0.862333477    
  0.907194734    
  0.952056050    
   9.87688377E-02
  0.143214807    
  0.187660784    
  0.232106745    
  0.276552737    
  0.320998698    
  0.365444660    
  0.409890652    
  0.454336613    
  0.498782605    
  0.543228626    
  0.587674558    
  0.632120550    
  0.676566541    
  0.721012533    
  0.765458524    
  0.809904456    
  0.854350448    
  0.898796380    
  0.943242431    
   9.72369909E-02
  0.140993640    
  0.184750274    
  0.228506908    
  0.272263587    
  0.316020221    
  0.359776855    
  0.403533518    
  0.447290123    
  0.491046786    
  0.534803450    
  0.578560054    
  0.622316718    
  0.666073382    
  0.709830046    
  0.753586709    
  0.797343314    
  0.841099977    
  0.884856582    
  0.928613305    
   9.51056555E-02
  0.137903199    
  0.180700734    
  0.223498270    
  0.266295820    
  0.309093356    
  0.351890892    
  0.394688457    
  0.437485993    
  0.480283558    
  0.523081124    
  0.565878630    
  0.608676195    
  0.651473761    
  0.694271266    
  0.737068832    
  0.779866338    
  0.822663903    
  0.865461409    
  0.908259034    
   9.23879519E-02
  0.133962527    
  0.175537109    
  0.217111662    
  0.258686274    
  0.300260842    
  0.341835380    
  0.383409977    
  0.424984545    
  0.466559142    
  0.508133709    
  0.549708247    
  0.591282845    
  0.632857442    
  0.674432039    
  0.716006637    
  0.757581174    
  0.799155772    
  0.840730309    
  0.882304966    
   8.91006514E-02
  0.129195943    
  0.169291243    
  0.209386528    
  0.249481827    
  0.289577097    
  0.329672396    
  0.369767696    
  0.409862995    
  0.449958295    
  0.490053594    
  0.530148864    
  0.570244193    
  0.610339463    
  0.650434792    
  0.690530121    
  0.730625331    
  0.770720661    
  0.810815930    
  0.850911260    
   8.52640197E-02
  0.123632818    
  0.162001625    
  0.200370416    
  0.238739237    
  0.277108043    
  0.315476835    
  0.353845656    
  0.392214447    
  0.430583268    
  0.468952090    
  0.507320881    
  0.545689702    
  0.584058523    
  0.622427344    
  0.660796165    
  0.699164927    
  0.737533748    
  0.775902510    
  0.814271390    
   8.09017047E-02
  0.117307462    
  0.153713226    
  0.190118983    
  0.226524755    
  0.262930512    
  0.299336284    
  0.335742056    
  0.372147799    
  0.408553571    
  0.444959372    
  0.481365085    
  0.517770886    
  0.554176629    
  0.590582430    
  0.626988232    
  0.663393915    
  0.699799716    
  0.736205459    
  0.772611260    
   7.60405958E-02
  0.110258862    
  0.144477129    
  0.178695396    
  0.212913662    
  0.247131929    
  0.281350195    
  0.315568477    
  0.349786729    
  0.384005010    
  0.418223292    
  0.452441514    
  0.486659795    
  0.520878077    
  0.555096388    
  0.589314640    
  0.623532891    
  0.657751143    
  0.691969395    
  0.726187706    
   7.07106814E-02
  0.102530479    
  0.134350285    
  0.166170076    
  0.197989896    
  0.229809687    
  0.261629492    
  0.293449312    
  0.325269103    
  0.357088923    
  0.388908744    
  0.420728505    
  0.452548325    
  0.484368145    
  0.516187966    
  0.548007786    
  0.579827547    
  0.611647367    
  0.643467128    
  0.675287008    
   6.49448037E-02
   9.41699594E-02
  0.123395123    
  0.152620286    
  0.181845456    
  0.211070597    
  0.240295753    
  0.269520938    
  0.298746079    
  0.327971250    
  0.357196420    
  0.386421561    
  0.415646732    
  0.444871902    
  0.474097073    
  0.503322244    
  0.532547414    
  0.561772585    
  0.590997696    
  0.620222926    
   5.87785244E-02
   8.52288604E-02
  0.111679196    
  0.138129517    
  0.164579868    
  0.191030204    
  0.217480525    
  0.243930876    
  0.270381212    
  0.296831548    
  0.323281884    
  0.349732190    
  0.376182556    
  0.402632892    
  0.429083228    
  0.455533594    
  0.481983900    
  0.508434236    
  0.534884572    
  0.561334908    
   5.22498488E-02
   7.57622793E-02
   9.92747098E-02
  0.122787140    
  0.146299571    
  0.169812009    
  0.193324432    
  0.216836870    
  0.240349293    
  0.263861746    
  0.287374169    
  0.310886592    
  0.334399015    
  0.357911468    
  0.381423920    
  0.404936343    
  0.428448766    
  0.451961190    
  0.475473613    
  0.498986065    
   4.53990437E-02
   6.58286139E-02
   8.62581804E-02
  0.106687747    
  0.127117321    
  0.147546887    
  0.167976454    
  0.188406020    
  0.208835587    
  0.229265168    
  0.249694735    
  0.270124286    
  0.290553868    
  0.310983449    
  0.331413031    
  0.351842612    
  0.372272164    
  0.392701715    
  0.413131267    
  0.433560878    
   3.82683426E-02
   5.54890968E-02
   7.27098510E-02
   8.99306014E-02
  0.107151359    
  0.124372110    
  0.141592860    
  0.158813626    
  0.176034361    
  0.193255126    
  0.210475892    
  0.227696627    
  0.244917393    
  0.262138158    
  0.279358894    
  0.296579659    
  0.313800395    
  0.331021160    
  0.348241895    
  0.365462691    
   3.09016984E-02
   4.48074602E-02
   5.87132238E-02
   7.26189837E-02
   8.65247548E-02
  0.100430511    
  0.114336275    
  0.128242046    
  0.142147794    
  0.156053573    
  0.169959337    
  0.183865085    
  0.197770864    
  0.211676627    
  0.225582391    
  0.239488170    
  0.253393918    
  0.267299682    
  0.281205446    
  0.295111209    
   2.33445298E-02
   3.38495672E-02
   4.43546064E-02
   5.48596419E-02
   6.53646812E-02
   7.58697167E-02
   8.63747522E-02
   9.68797952E-02
  0.107384831    
  0.117889874    
  0.128394917    
  0.138899952    
  0.149404988    
  0.159910038    
  0.170415074    
  0.180920124    
  0.191425145    
  0.201930195    
  0.212435216    
  0.222940266    
   1.56434495E-02
   2.26830002E-02
   2.97225527E-02
   3.67621034E-02
   4.38016579E-02
   5.08412085E-02
   5.78807592E-02
   6.49203137E-02
   7.19598606E-02
   7.89994150E-02
   8.60389695E-02
   9.30785164E-02
  0.100118071    
  0.107157625    
  0.114197180    
  0.121236734    
  0.128276289    
  0.135315835    
  0.142355382    
  0.149394944    
   7.84590840E-03
   1.13765672E-02
   1.49072260E-02
   1.84378829E-02
   2.19685435E-02
   2.54992004E-02
   2.90298592E-02
   3.25605199E-02
   3.60911787E-02
   3.96218374E-02
   4.31524962E-02
   4.66831513E-02
   5.02138138E-02
   5.37444726E-02
   5.72751313E-02
   6.08057939E-02
   6.43364489E-02
   6.78671077E-02
   7.13977665E-02
   7.49284253E-02
