  0.100000001    
  0.136000007    
  0.171999991    
  0.208000004    
  0.243999988    
  0.280000001    
  0.315999985    
  0.351999968    
  0.387999982    
  0.423999965    
  0.460000008    
  0.495999992    
  0.532000005    
  0.568000019    
  0.603999972    
  0.640000045    
  0.675999999    
  0.712000012    
  0.747999966    
  0.784000039    
  0.820000052    
  0.856000006    
  0.892000020    
  0.927999973    
  0.963999987    
   9.98026729E-02
  0.135731637    
  0.171660587    
  0.207589567    
  0.243518516    
  0.279447496    
  0.315376431    
  0.351305366    
  0.387234360    
  0.423163295    
  0.459092289    
  0.495021254    
  0.530950248    
  0.566879213    
  0.602808118    
  0.638737142    
  0.674666047    
  0.710595071    
  0.746523976    
  0.782453001    
  0.818381965    
  0.854310870    
  0.890239835    
  0.926168799    
  0.962097764    
   9.92114767E-02
  0.134927616    
  0.170643717    
  0.206359863    
  0.242075980    
  0.277792126    
  0.313508242    
  0.349224359    
  0.384940505    
  0.420656621    
  0.456372768    
  0.492088884    
  0.527805030    
  0.563521206    
  0.599237263    
  0.634953439    
  0.670669556    
  0.706385672    
  0.742101789    
  0.777817965    
  0.813534141    
  0.849250197    
  0.884966373    
  0.920682430    
  0.956398606    
   9.82287228E-02
  0.133591071    
  0.168953389    
  0.204315752    
  0.239678070    
  0.275040418    
  0.310402751    
  0.345765084    
  0.381127417    
  0.416489750    
  0.451852143    
  0.487214446    
  0.522576809    
  0.557939172    
  0.593301475    
  0.628663898    
  0.664026141    
  0.699388504    
  0.734750807    
  0.770113230    
  0.805475593    
  0.840837896    
  0.876200199    
  0.911562502    
  0.946924865    
   9.68583152E-02
  0.131727323    
  0.166596293    
  0.201465309    
  0.236334279    
  0.271203279    
  0.306072265    
  0.340941250    
  0.375810266    
  0.410679221    
  0.445548266    
  0.480417252    
  0.515286267    
  0.550155282    
  0.585024178    
  0.619893253    
  0.654762208    
  0.689631224    
  0.724500179    
  0.759369254    
  0.794238269    
  0.829107225    
  0.863976181    
  0.898845136    
  0.933714151    
   9.51056555E-02
  0.129343703    
  0.163581714    
  0.197819769    
  0.232057780    
  0.266295820    
  0.300533861    
  0.334771872    
  0.369009912    
  0.403247952    
  0.437486023    
  0.471724033    
  0.505962074    
  0.540200114    
  0.574438095    
  0.608676255    
  0.642914236    
  0.677152276    
  0.711390257    
  0.745628357    
  0.779866397    
  0.814104378    
  0.848342478    
  0.882580459    
  0.916818500    
   9.29776505E-02
  0.126449615    
  0.159921542    
  0.193393514    
  0.226865456    
  0.260337412    
  0.293809354    
  0.327281296    
  0.360753268    
  0.394225210    
  0.427697182    
  0.461169124    
  0.494641095    
  0.528113067    
  0.561584949    
  0.595057011    
  0.628528893    
  0.662000895    
  0.695472777    
  0.728944778    
  0.762416780    
  0.795888662    
  0.829360664    
  0.862832546    
  0.896304548    
   9.04827043E-02
  0.123056486    
  0.155630246    
  0.188204035    
  0.220777795    
  0.253351569    
  0.285925329    
  0.318499088    
  0.351072878    
  0.383646637    
  0.416220456    
  0.448794216    
  0.481368005    
  0.513941765    
  0.546515524    
  0.579089344    
  0.611663103    
  0.644236863    
  0.676810622    
  0.709384441    
  0.741958261    
  0.774531960    
  0.807105780    
  0.839679480    
  0.872253299    
   8.76306668E-02
  0.119177714    
  0.150724739    
  0.182271793    
  0.213818818    
  0.245365858    
  0.276912898    
  0.308459908    
  0.340006977    
  0.371553987    
  0.403101057    
  0.434648097    
  0.466195136    
  0.497742206    
  0.529289186    
  0.560836315    
  0.592383325    
  0.623930335    
  0.655477345    
  0.687024474    
  0.718571484    
  0.750118494    
  0.781665564    
  0.813212574    
  0.844759583    
   8.44327956E-02
  0.114828601    
  0.145224392    
  0.175620213    
  0.206016004    
  0.236411825    
  0.266807616    
  0.297203392    
  0.327599227    
  0.357995003    
  0.388390839    
  0.418786645    
  0.449182451    
  0.479578286    
  0.509974062    
  0.540369928    
  0.570765674    
  0.601161480    
  0.631557286    
  0.661953151    
  0.692348957    
  0.722744703    
  0.753140509    
  0.783536315    
  0.813932121    
   8.09017047E-02
  0.110026315    
  0.139150918    
  0.168275535    
  0.197400138    
  0.226524755    
  0.255649358    
  0.284773946    
  0.313898593    
  0.343023181    
  0.372147828    
  0.401272416    
  0.430397063    
  0.459521681    
  0.488646239    
  0.517770946    
  0.546895504    
  0.576020122    
  0.605144680    
  0.634269357    
  0.663393974    
  0.692518532    
  0.721643209    
  0.750767767    
  0.779892385    
   7.70513266E-02
  0.104789808    
  0.132528275    
  0.160266757    
  0.188005224    
  0.215743706    
  0.243482172    
  0.271220624    
  0.298959136    
  0.326697588    
  0.354436100    
  0.382174551    
  0.409913033    
  0.437651545    
  0.465389967    
  0.493128508    
  0.520866930    
  0.548605442    
  0.576343894    
  0.604082406    
  0.631820917    
  0.659559309    
  0.687297821    
  0.715036273    
  0.742774725    
   7.28968605E-02
   9.91397351E-02
  0.125382602    
  0.151625469    
  0.177868336    
  0.204111218    
  0.230354071    
  0.256596923    
  0.282839805    
  0.309082657    
  0.335325569    
  0.361568421    
  0.387811303    
  0.414054185    
  0.440297037    
  0.466539949    
  0.492782801    
  0.519025683    
  0.545268476    
  0.571511447    
  0.597754300    
  0.623997152    
  0.650240004    
  0.676482856    
  0.702725768    
   6.84547052E-02
   9.30984095E-02
  0.117742091    
  0.142385796    
  0.167029470    
  0.191673175    
  0.216316864    
  0.240960538    
  0.265604258    
  0.290247947    
  0.314891666    
  0.339535326    
  0.364179045    
  0.388822734    
  0.413466424    
  0.438110143    
  0.462753803    
  0.487397522    
  0.512041211    
  0.536684930    
  0.561328650    
  0.585972309    
  0.610615969    
  0.635259688    
  0.659903347    
   6.37423918E-02
   8.66896585E-02
  0.109636910    
  0.132584184    
  0.155531436    
  0.178478703    
  0.201425955    
  0.224373206    
  0.247320473    
  0.270267725    
  0.293215007    
  0.316162258    
  0.339109540    
  0.362056792    
  0.385004044    
  0.407951355    
  0.430898577    
  0.453845859    
  0.476793081    
  0.499740392    
  0.522687674    
  0.545634866    
  0.568582177    
  0.591529369    
  0.614476681    
   5.87785244E-02
   7.99387991E-02
  0.101099059    
  0.122259334    
  0.143419594    
  0.164579868    
  0.185740128    
  0.206900388    
  0.228060663    
  0.249220923    
  0.270381212    
  0.291541487    
  0.312701762    
  0.333862036    
  0.355022281    
  0.376182586    
  0.397342831    
  0.418503106    
  0.439663351    
  0.460823655    
  0.481983930    
  0.503144145    
  0.524304450    
  0.545464694    
  0.566624939    
   5.35826758E-02
   7.28724375E-02
   9.21621919E-02
  0.111451961    
  0.130741715    
  0.150031492    
  0.169321239    
  0.188611001    
  0.207900763    
  0.227190524    
  0.246480301    
  0.265770048    
  0.285059839    
  0.304349601    
  0.323639333    
  0.342929125    
  0.362218887    
  0.381508648    
  0.400798380    
  0.420088202    
  0.439377964    
  0.458667696    
  0.477957457    
  0.497247189    
  0.516536951    
   4.81753610E-02
   6.55184984E-02
   8.28616172E-02
  0.100204751    
  0.117547877    
  0.134891018    
  0.152234137    
  0.169577256    
  0.186920390    
  0.204263523    
  0.221606672    
  0.238949791    
  0.256292939    
  0.273636073    
  0.290979177    
  0.308322340    
  0.325665444    
  0.343008578    
  0.360351682    
  0.377694845    
  0.395037979    
  0.412381113    
  0.429724246    
  0.447067350    
  0.464410484    
   4.25779335E-02
   5.79059906E-02
   7.32340366E-02
   8.85621011E-02
  0.103890151    
  0.119218208    
  0.134546250    
  0.149874300    
  0.165202364    
  0.180530414    
  0.195858493    
  0.211186543    
  0.226514593    
  0.241842657    
  0.257170707    
  0.272498786    
  0.287826806    
  0.303154886    
  0.318482906    
  0.333810985    
  0.349139065    
  0.364467084    
  0.379795164    
  0.395123184    
  0.410451263    
   3.68124545E-02
   5.00649400E-02
   6.33174181E-02
   7.65699074E-02
   8.98223817E-02
  0.103074871    
  0.116327353    
  0.129579827    
  0.142832324    
  0.156084791    
  0.169337288    
  0.182589769    
  0.195842266    
  0.209094748    
  0.222347215    
  0.235599726    
  0.248852193    
  0.262104690    
  0.275357157    
  0.288609654    
  0.301862150    
  0.315114617    
  0.328367114    
  0.341619581    
  0.354872048    
   3.09016984E-02
   4.20263112E-02
   5.31509183E-02
   6.42755330E-02
   7.54001364E-02
   8.65247548E-02
   9.76493582E-02
  0.108773962    
  0.119898580    
  0.131023183    
  0.142147809    
  0.153272420    
  0.164397031    
  0.175521642    
  0.186646238    
  0.197770879    
  0.208895475    
  0.220020086    
  0.231144682    
  0.242269322    
  0.253393948    
  0.264518529    
  0.275643140    
  0.286767751    
  0.297892362    
   2.48689838E-02
   3.38218175E-02
   4.27746475E-02
   5.17274849E-02
   6.06803149E-02
   6.96331561E-02
   7.85859823E-02
   8.75388160E-02
   9.64916497E-02
  0.105444476    
  0.114397325    
  0.123350151    
  0.132302985    
  0.141255826    
  0.150208652    
  0.159161508    
  0.168114319    
  0.177067161    
  0.186019987    
  0.194972843    
  0.203925669    
  0.212878495    
  0.221831337    
  0.230784163    
  0.239736989    
   1.87381245E-02
   2.54838504E-02
   3.22295725E-02
   3.89752984E-02
   4.57210205E-02
   5.24667464E-02
   5.92124686E-02
   6.59581870E-02
   7.27039203E-02
   7.94496387E-02
   8.61953720E-02
   9.29410905E-02
   9.96868163E-02
  0.106432550    
  0.113178261    
  0.119924001    
  0.126669720    
  0.133415446    
  0.140161157    
  0.146906897    
  0.153652623    
  0.160398334    
  0.167144075    
  0.173889786    
  0.180635512    
   1.25333238E-02
   1.70453209E-02
   2.15573143E-02
   2.60693133E-02
   3.05813085E-02
   3.50933075E-02
   3.96053009E-02
   4.41172943E-02
   4.86292914E-02
   5.31412885E-02
   5.76532893E-02
   6.21652827E-02
   6.66772798E-02
   7.11892769E-02
   7.57012740E-02
   8.02132785E-02
   8.47252682E-02
   8.92372653E-02
   9.37492549E-02
   9.82612595E-02
  0.102773257    
  0.107285246    
  0.111797251    
  0.116309240    
  0.120821238    
   6.27904991E-03
   8.53950810E-03
   1.07999649E-02
   1.30604235E-02
   1.53208803E-02
   1.75813399E-02
   1.98417958E-02
   2.21022535E-02
   2.43627112E-02
   2.66231690E-02
   2.88836304E-02
   3.11440863E-02
   3.34045440E-02
   3.56650054E-02
   3.79254594E-02
   4.01859209E-02
   4.24463749E-02
   4.47068363E-02
   4.69672903E-02
   4.92277518E-02
   5.14882132E-02
   5.37486672E-02
   5.60091250E-02
   5.82695790E-02
   6.05300404E-02
