  0.100000001    
  0.129999995    
  0.159999996    
  0.189999998    
  0.219999999    
  0.250000000    
  0.280000001    
  0.310000002    
  0.340000004    
  0.369999975    
  0.400000006    
  0.429999977    
  0.459999979    
  0.489999980    
  0.519999981    
  0.550000012    
  0.579999983    
  0.610000014    
  0.639999986    
  0.670000017    
  0.700000048    
  0.730000019    
  0.759999990    
  0.789999962    
  0.819999993    
  0.850000024    
  0.879999995    
  0.910000026    
  0.939999998    
  0.969999969    
   9.98629555E-02
  0.129821837    
  0.159780711    
  0.189739600    
  0.219698489    
  0.249657378    
  0.279616266    
  0.309575140    
  0.339534044    
  0.369492888    
  0.399451822    
  0.429410666    
  0.459369540    
  0.489328444    
  0.519287348    
  0.549246252    
  0.579205096    
  0.609164000    
  0.639122844    
  0.669081807    
  0.699040711    
  0.728999555    
  0.758958399    
  0.788917303    
  0.818876207    
  0.848835111    
  0.878793955    
  0.908752859    
  0.938711762    
  0.968670607    
   9.94521901E-02
  0.129287839    
  0.159123510    
  0.188959166    
  0.218794823    
  0.248630479    
  0.278466135    
  0.308301806    
  0.338137448    
  0.367973089    
  0.397808760    
  0.427644402    
  0.457480073    
  0.487315714    
  0.517151356    
  0.546987057    
  0.576822698    
  0.606658399    
  0.636494040    
  0.666329682    
  0.696165383    
  0.726001024    
  0.755836666    
  0.785672247    
  0.815507948    
  0.845343649    
  0.875179291    
  0.905014992    
  0.934850574    
  0.964686215    
   9.87688377E-02
  0.128399476    
  0.158030137    
  0.187660784    
  0.217291445    
  0.246922091    
  0.276552737    
  0.306183398    
  0.335814059    
  0.365444660    
  0.395075351    
  0.424705982    
  0.454336613    
  0.483967274    
  0.513597906    
  0.543228626    
  0.572859228    
  0.602489889    
  0.632120550    
  0.661751211    
  0.691381872    
  0.721012533    
  0.750643134    
  0.780273795    
  0.809904456    
  0.839535117    
  0.869165778    
  0.898796439    
  0.928427041    
  0.958057702    
   9.78147611E-02
  0.127159193    
  0.156503618    
  0.185848042    
  0.215192482    
  0.244536906    
  0.273881346    
  0.303225756    
  0.332570195    
  0.361914605    
  0.391259044    
  0.420603454    
  0.449947894    
  0.479292303    
  0.508636773    
  0.537981212    
  0.567325592    
  0.596670091    
  0.626014471    
  0.655358911    
  0.684703410    
  0.714047790    
  0.743392169    
  0.772736609    
  0.802081048    
  0.831425488    
  0.860769928    
  0.890114367    
  0.919458747    
  0.948803186    
   9.65925828E-02
  0.125570357    
  0.154548123    
  0.183525905    
  0.212503672    
  0.241481453    
  0.270459235    
  0.299437016    
  0.328414768    
  0.357392520    
  0.386370331    
  0.415348083    
  0.444325864    
  0.473303616    
  0.502281427    
  0.531259179    
  0.560236931    
  0.589214742    
  0.618192494    
  0.647170305    
  0.676148117    
  0.705125868    
  0.734103620    
  0.763081372    
  0.792059183    
  0.821036935    
  0.850014687    
  0.878992498    
  0.907970250    
  0.936948001    
   9.51056555E-02
  0.123637348    
  0.152169049    
  0.180700734    
  0.209232435    
  0.237764135    
  0.266295820    
  0.294827521    
  0.323359221    
  0.351890892    
  0.380422622    
  0.408954293    
  0.437485993    
  0.466017693    
  0.494549394    
  0.523081124    
  0.551612794    
  0.580144525    
  0.608676195    
  0.637207925    
  0.665739596    
  0.694271266    
  0.722802937    
  0.751334608    
  0.779866338    
  0.808398068    
  0.836929739    
  0.865461469    
  0.893993139    
  0.922524810    
   9.33580399E-02
  0.121365450    
  0.149372861    
  0.177380279    
  0.205387682    
  0.233395100    
  0.261402518    
  0.289409935    
  0.317417353    
  0.345424712    
  0.373432159    
  0.401439548    
  0.429446965    
  0.457454383    
  0.485461801    
  0.513469219    
  0.541476607    
  0.569484055    
  0.597491443    
  0.625498891    
  0.653506339    
  0.681513727    
  0.709521115    
  0.737528503    
  0.765535891    
  0.793543339    
  0.821550727    
  0.849558175    
  0.877565563    
  0.905572951    
   9.13545415E-02
  0.118760899    
  0.146167263    
  0.173573628    
  0.200979993    
  0.228386357    
  0.255792707    
  0.283199072    
  0.310605437    
  0.338011771    
  0.365418166    
  0.392824501    
  0.420230865    
  0.447637230    
  0.475043595    
  0.502449989    
  0.529856324    
  0.557262719    
  0.584669054    
  0.612075448    
  0.639481843    
  0.666888177    
  0.694294512    
  0.721700847    
  0.749107242    
  0.776513636    
  0.803919971    
  0.831326365    
  0.858732700    
  0.886139035    
   8.91006514E-02
  0.115830846    
  0.142561048    
  0.169291243    
  0.196021438    
  0.222751632    
  0.249481827    
  0.276212037    
  0.302942216    
  0.329672396    
  0.356402606    
  0.383132786    
  0.409862995    
  0.436593175    
  0.463323385    
  0.490053594    
  0.516783774    
  0.543514013    
  0.570244193    
  0.596974373    
  0.623704612    
  0.650434792    
  0.677164972    
  0.703895152    
  0.730625331    
  0.757355571    
  0.784085751    
  0.810815990    
  0.837546110    
  0.864276290    
   8.66025388E-02
  0.112583295    
  0.138564065    
  0.164544821    
  0.190525591    
  0.216506347    
  0.242487103    
  0.268467873    
  0.294448644    
  0.320429385    
  0.346410155    
  0.372390896    
  0.398371667    
  0.424352437    
  0.450333178    
  0.476313978    
  0.502294719    
  0.528275490    
  0.554256260    
  0.580237031    
  0.606217802    
  0.632198572    
  0.658179283    
  0.684159994    
  0.710140824    
  0.736121595    
  0.762102365    
  0.788083136    
  0.814063847    
  0.840044618    
   8.38670582E-02
  0.109027170    
  0.134187281    
  0.159347400    
  0.184507519    
  0.209667638    
  0.234827757    
  0.259987861    
  0.285147995    
  0.310308069    
  0.335468233    
  0.360628307    
  0.385788441    
  0.410948545    
  0.436108679    
  0.461268812    
  0.486428916    
  0.511589050    
  0.536749125    
  0.561909258    
  0.587069452    
  0.612229526    
  0.637389600    
  0.662549675    
  0.687709868    
  0.712870002    
  0.738030076    
  0.763190210    
  0.788350344    
  0.813510418    
   8.09017047E-02
  0.105172209    
  0.129442722    
  0.153713226    
  0.177983746    
  0.202254251    
  0.226524755    
  0.250795275    
  0.275065780    
  0.299336284    
  0.323606819    
  0.347877294    
  0.372147799    
  0.396418303    
  0.420688838    
  0.444959372    
  0.469229847    
  0.493500382    
  0.517770886    
  0.542041421    
  0.566311955    
  0.590582430    
  0.614852905    
  0.639123380    
  0.663393915    
  0.687664449    
  0.711934984    
  0.736205518    
  0.760475993    
  0.784746468    
   7.77145922E-02
  0.101028964    
  0.124343343    
  0.147657722    
  0.170972109    
  0.194286481    
  0.217600852    
  0.240915239    
  0.264229625    
  0.287543982    
  0.310858369    
  0.334172726    
  0.357487112    
  0.380801499    
  0.404115856    
  0.427430272    
  0.450744629    
  0.474059016    
  0.497373372    
  0.520687759    
  0.544002175    
  0.567316532    
  0.590630889    
  0.613945246    
  0.637259662    
  0.660574079    
  0.683888435    
  0.707202792    
  0.730517149    
  0.753831506    
   7.43144825E-02
   9.66088250E-02
  0.118903168    
  0.141197518    
  0.163491860    
  0.185786203    
  0.208080545    
  0.230374888    
  0.252669245    
  0.274963558    
  0.297257930    
  0.319552243    
  0.341846585    
  0.364140928    
  0.386435300    
  0.408729643    
  0.431023985    
  0.453318357    
  0.475612670    
  0.497907043    
  0.520201385    
  0.542495728    
  0.564790070    
  0.587084353    
  0.609378755    
  0.631673098    
  0.653967440    
  0.676261783    
  0.698556125    
  0.720850468    
   7.07106814E-02
   9.19238776E-02
  0.113137081    
  0.134350285    
  0.155563489    
  0.176776692    
  0.197989896    
  0.219203100    
  0.240416303    
  0.261629492    
  0.282842726    
  0.304055899    
  0.325269103    
  0.346482307    
  0.367695510    
  0.388908744    
  0.410121918    
  0.431335151    
  0.452548325    
  0.473761559    
  0.494974762    
  0.516187966    
  0.537401140    
  0.558614314    
  0.579827547    
  0.601040781    
  0.622253954    
  0.643467188    
  0.664680362    
  0.685893536    
   6.69130608E-02
   8.69869664E-02
  0.107060887    
  0.127134800    
  0.147208720    
  0.167282641    
  0.187356561    
  0.207430482    
  0.227504387    
  0.247578293    
  0.267652243    
  0.287726134    
  0.307800055    
  0.327873975    
  0.347947866    
  0.368021816    
  0.388095707    
  0.408169657    
  0.428243548    
  0.448317498    
  0.468391418    
  0.488465339    
  0.508539200    
  0.528613091    
  0.548687041    
  0.568760991    
  0.588834882    
  0.608908832    
  0.628982723    
  0.649056613    
   6.29320368E-02
   8.18116441E-02
  0.100691259    
  0.119570874    
  0.138450488    
  0.157330096    
  0.176209703    
  0.195089325    
  0.213968933    
  0.232848525    
  0.251728147    
  0.270607740    
  0.289487362    
  0.308366984    
  0.327246577    
  0.346126229    
  0.365005821    
  0.383885443    
  0.402765036    
  0.421644658    
  0.440524310    
  0.459403902    
  0.478283495    
  0.497163087    
  0.516042709    
  0.534922361    
  0.553801954    
  0.572681546    
  0.591561139    
  0.610440731    
   5.87785244E-02
   7.64120817E-02
   9.40456390E-02
  0.111679196    
  0.129312754    
  0.146946311    
  0.164579868    
  0.182213426    
  0.199846983    
  0.217480525    
  0.235114098    
  0.252747655    
  0.270381212    
  0.288014770    
  0.305648327    
  0.323281884    
  0.340915442    
  0.358548999    
  0.376182556    
  0.393816113    
  0.411449701    
  0.429083228    
  0.446716785    
  0.464350313    
  0.481983900    
  0.499617457    
  0.517251015    
  0.534884572    
  0.552518129    
  0.570151687    
   5.44639006E-02
   7.08030686E-02
   8.71422365E-02
  0.103481404    
  0.119820580    
  0.136159748    
  0.152498916    
  0.168838084    
  0.185177252    
  0.201516420    
  0.217855603    
  0.234194756    
  0.250533938    
  0.266873091    
  0.283212274    
  0.299551457    
  0.315890610    
  0.332229793    
  0.348568946    
  0.364908129    
  0.381247312    
  0.397586465    
  0.413925618    
  0.430264771    
  0.446603984    
  0.462943166    
  0.479282320    
  0.495621502    
  0.511960626    
  0.528299809    
   4.99999970E-02
   6.49999902E-02
   7.99999908E-02
   9.49999914E-02
  0.109999992    
  0.124999993    
  0.139999986    
  0.154999986    
  0.169999987    
  0.184999973    
  0.199999988    
  0.214999974    
  0.229999974    
  0.244999975    
  0.259999961    
  0.274999976    
  0.289999962    
  0.304999977    
  0.319999963    
  0.334999979    
  0.349999994    
  0.364999980    
  0.379999965    
  0.394999951    
  0.409999967    
  0.424999982    
  0.439999968    
  0.454999983    
  0.469999969    
  0.484999955    
   4.53990437E-02
   5.90187535E-02
   7.26384670E-02
   8.62581804E-02
   9.98778939E-02
  0.113497607    
  0.127117321    
  0.140737027    
  0.154356748    
  0.167976454    
  0.181596175    
  0.195215881    
  0.208835587    
  0.222455308    
  0.236075014    
  0.249694735    
  0.263314456    
  0.276934177    
  0.290553868    
  0.304173589    
  0.317793310    
  0.331413031    
  0.345032722    
  0.358652413    
  0.372272164    
  0.385891885    
  0.399511576    
  0.413131297    
  0.426751018    
  0.440370709    
   4.06736620E-02
   5.28757572E-02
   6.50778562E-02
   7.72799551E-02
   8.94820541E-02
  0.101684153    
  0.113886252    
  0.126088351    
  0.138290450    
  0.150492534    
  0.162694648    
  0.174896732    
  0.187098831    
  0.199300930    
  0.211503029    
  0.223705143    
  0.235907227    
  0.248109341    
  0.260311425    
  0.272513539    
  0.284715652    
  0.296917737    
  0.309119821    
  0.321321905    
  0.333524019    
  0.345726132    
  0.357928216    
  0.370130330    
  0.382332414    
  0.394534498    
   3.58367972E-02
   4.65878360E-02
   5.73388748E-02
   6.80899173E-02
   7.88409561E-02
   8.95919949E-02
  0.100343034    
  0.111094072    
  0.121845111    
  0.132596150    
  0.143347189    
  0.154098228    
  0.164849266    
  0.175600305    
  0.186351344    
  0.197102398    
  0.207853422    
  0.218604475    
  0.229355499    
  0.240106553    
  0.250857592    
  0.261608630    
  0.272359669    
  0.283110678    
  0.293861747    
  0.304612786    
  0.315363824    
  0.326114863    
  0.336865902    
  0.347616941    
   3.09016984E-02
   4.01722044E-02
   4.94427159E-02
   5.87132238E-02
   6.79837316E-02
   7.72542432E-02
   8.65247548E-02
   9.57952589E-02
  0.105065770    
  0.114336275    
  0.123606794    
  0.132877290    
  0.142147794    
  0.151418313    
  0.160688818    
  0.169959337    
  0.179229841    
  0.188500360    
  0.197770864    
  0.207041383    
  0.216311902    
  0.225582391    
  0.234852895    
  0.244123399    
  0.253393918    
  0.262664437    
  0.271934927    
  0.281205446    
  0.290475965    
  0.299746454    
   2.58819070E-02
   3.36464792E-02
   4.14110497E-02
   4.91756238E-02
   5.69401942E-02
   6.47047684E-02
   7.24693388E-02
   8.02339166E-02
   8.79984871E-02
   9.57630500E-02
  0.103527628    
  0.111292198    
  0.119056769    
  0.126821339    
  0.134585917    
  0.142350495    
  0.150115058    
  0.157879636    
  0.165644199    
  0.173408777    
  0.181173369    
  0.188937932    
  0.196702495    
  0.204467058    
  0.212231636    
  0.219996214    
  0.227760777    
  0.235525370    
  0.243289933    
  0.251054496    
   2.07911655E-02
   2.70285141E-02
   3.32658626E-02
   3.95032130E-02
   4.57405634E-02
   5.19779138E-02
   5.82152642E-02
   6.44526109E-02
   7.06899613E-02
   7.69273043E-02
   8.31646621E-02
   8.94020051E-02
   9.56393555E-02
  0.101876706    
  0.108114056    
  0.114351414    
  0.120588757    
  0.126826108    
  0.133063450    
  0.139300808    
  0.145538166    
  0.151775509    
  0.158012852    
  0.164250195    
  0.170487553    
  0.176724911    
  0.182962254    
  0.189199612    
  0.195436954    
  0.201674297    
   1.56434383E-02
   2.03364678E-02
   2.50294991E-02
   2.97225304E-02
   3.44155617E-02
   3.91085930E-02
   4.38016243E-02
   4.84946556E-02
   5.31876869E-02
   5.78807145E-02
   6.25737533E-02
   6.72667772E-02
   7.19598085E-02
   7.66528398E-02
   8.13458711E-02
   8.60389099E-02
   9.07319337E-02
   9.54249725E-02
  0.100117996    
  0.104811035    
  0.109504066    
  0.114197098    
  0.118890122    
  0.123583145    
  0.128276184    
  0.132969216    
  0.137662247    
  0.142355278    
  0.147048309    
  0.151741341    
   1.04528423E-02
   1.35886939E-02
   1.67245474E-02
   1.98603999E-02
   2.29962524E-02
   2.61321049E-02
   2.92679574E-02
   3.24038118E-02
   3.55396643E-02
   3.86755131E-02
   4.18113694E-02
   4.49472181E-02
   4.80830707E-02
   5.12189232E-02
   5.43547757E-02
   5.74906319E-02
   6.06264807E-02
   6.37623370E-02
   6.68981895E-02
   7.00340420E-02
   7.31699020E-02
   7.63057470E-02
   7.94415995E-02
   8.25774446E-02
   8.57133046E-02
   8.88491571E-02
   9.19850096E-02
   9.51208621E-02
   9.82567146E-02
  0.101392567    
   5.23359748E-03
   6.80367649E-03
   8.37375596E-03
   9.94383451E-03
   1.15139140E-02
   1.30839935E-02
   1.46540729E-02
   1.62241515E-02
   1.77942310E-02
   1.93643086E-02
   2.09343899E-02
   2.25044675E-02
   2.40745470E-02
   2.56446265E-02
   2.72147059E-02
   2.87847854E-02
   3.03548630E-02
   3.19249444E-02
   3.34950238E-02
   3.50651033E-02
   3.66351828E-02
   3.82052623E-02
   3.97753380E-02
   4.13454175E-02
   4.29154970E-02
   4.44855802E-02
   4.60556559E-02
   4.76257391E-02
   4.91958149E-02
   5.07658944E-02
