  0.100000001    
  0.125714287    
  0.151428580    
  0.177142859    
  0.202857137    
  0.228571445    
  0.254285693    
  0.280000001    
  0.305714279    
  0.331428558    
  0.357142866    
  0.382857114    
  0.408571392    
  0.434285700    
  0.459999979    
  0.485714287    
  0.511428595    
  0.537142873    
  0.562857091    
  0.588571429    
  0.614285767    
  0.639999986    
  0.665714264    
  0.691428542    
  0.717142820    
  0.742857158    
  0.768571436    
  0.794285715    
  0.819999993    
  0.845714271    
  0.871428609    
  0.897142887    
  0.922857165    
  0.948571444    
  0.974285722    
   9.98993069E-02
  0.125587702    
  0.151276097    
  0.176964477    
  0.202652872    
  0.228341281    
  0.254029632    
  0.279718041    
  0.305406451    
  0.331094831    
  0.356783241    
  0.382471591    
  0.408159971    
  0.433848381    
  0.459536791    
  0.485225201    
  0.510913610    
  0.536602020    
  0.562290311    
  0.587978780    
  0.613667190    
  0.639355540    
  0.665043890    
  0.690732300    
  0.716420710    
  0.742109120    
  0.767797530    
  0.793485880    
  0.819174290    
  0.844862700    
  0.870551109    
  0.896239519    
  0.921927869    
  0.947616279    
  0.973304629    
   9.95974317E-02
  0.125208199    
  0.150818974    
  0.176429734    
  0.202040493    
  0.227651283    
  0.253262013    
  0.278872818    
  0.304483563    
  0.330094337    
  0.355705112    
  0.381315857    
  0.406926602    
  0.432537407    
  0.458148152    
  0.483758956    
  0.509369731    
  0.534980476    
  0.560591221    
  0.586202025    
  0.611812830    
  0.637423515    
  0.663034320    
  0.688645065    
  0.714255810    
  0.739866614    
  0.765477419    
  0.791088164    
  0.816698909    
  0.842309654    
  0.867920518    
  0.893531263    
  0.919142008    
  0.944752753    
  0.970363557    
   9.90949795E-02
  0.124576539    
  0.150058120    
  0.175539672    
  0.201021224    
  0.226502821    
  0.251984358    
  0.277465940    
  0.302947491    
  0.328429043    
  0.353910625    
  0.379392147    
  0.404873729    
  0.430355310    
  0.455836862    
  0.481318444    
  0.506800056    
  0.532281578    
  0.557763100    
  0.583244681    
  0.608726323    
  0.634207845    
  0.659689367    
  0.685170949    
  0.710652471    
  0.736134112    
  0.761615694    
  0.787097216    
  0.812578797    
  0.838060319    
  0.863541961    
  0.889023542    
  0.914505064    
  0.939986646    
  0.965468168    
   9.83929560E-02
  0.123694003    
  0.148995057    
  0.174296096    
  0.199597135    
  0.224898204    
  0.250199229    
  0.275500268    
  0.300801307    
  0.326102346    
  0.351403415    
  0.376704425    
  0.402005464    
  0.427306533    
  0.452607572    
  0.477908641    
  0.503209710    
  0.528510749    
  0.553811729    
  0.579112828    
  0.604413927    
  0.629714906    
  0.655015945    
  0.680316985    
  0.705618024    
  0.730919123    
  0.756220162    
  0.781521201    
  0.806822240    
  0.832123280    
  0.857424378    
  0.882725418    
  0.908026457    
  0.933327496    
  0.958628535    
   9.74927917E-02
  0.122562364    
  0.147631943    
  0.172701523    
  0.197771087    
  0.222840682    
  0.247910216    
  0.272979826    
  0.298049390    
  0.323118955    
  0.348188549    
  0.373258084    
  0.398327649    
  0.423397243    
  0.448466808    
  0.473536402    
  0.498605996    
  0.523675561    
  0.548745096    
  0.573814690    
  0.598884344    
  0.623953819    
  0.649023414    
  0.674092948    
  0.699162543    
  0.724232197    
  0.749301732    
  0.774371326    
  0.799440861    
  0.824510455    
  0.849580050    
  0.874649644    
  0.899719179    
  0.924788773    
  0.949858308    
   9.63962898E-02
  0.121183902    
  0.145971522    
  0.170759141    
  0.195546746    
  0.220334381    
  0.245121956    
  0.269909590    
  0.294697195    
  0.319484830    
  0.344272465    
  0.369060040    
  0.393847644    
  0.418635279    
  0.443422884    
  0.468210518    
  0.492998153    
  0.517785788    
  0.542573333    
  0.567360997    
  0.592148662    
  0.616936207    
  0.641723812    
  0.666511416    
  0.691299021    
  0.716086686    
  0.740874290    
  0.765661895    
  0.790449560    
  0.815237164    
  0.840024829    
  0.864812434    
  0.889600039    
  0.914387643    
  0.939175248    
   9.51056555E-02
  0.119561397    
  0.144017145    
  0.168472871    
  0.192928612    
  0.217384368    
  0.241840065    
  0.266295820    
  0.290751576    
  0.315207303    
  0.339663059    
  0.364118755    
  0.388574481    
  0.413030267    
  0.437485993    
  0.461941749    
  0.486397505    
  0.510853231    
  0.535308897    
  0.559764683    
  0.584220469    
  0.608676195    
  0.633131921    
  0.657587647    
  0.682043374    
  0.706499159    
  0.730954885    
  0.755410612    
  0.779866338    
  0.804322064    
  0.828777850    
  0.853233635    
  0.877689362    
  0.902145088    
  0.926600814    
   9.36234891E-02
  0.117698103    
  0.141772717    
  0.165847331    
  0.189921930    
  0.213996559    
  0.238071144    
  0.262145758    
  0.286220372    
  0.310294986    
  0.334369600    
  0.358444184    
  0.382518798    
  0.406593412    
  0.430668026    
  0.454742670    
  0.478817284    
  0.502891898    
  0.526966453    
  0.551041126    
  0.575115740    
  0.599190295    
  0.623264909    
  0.647339523    
  0.671414137    
  0.695488811    
  0.719563425    
  0.743637979    
  0.767712593    
  0.791787207    
  0.815861881    
  0.839936495    
  0.864011049    
  0.888085663    
  0.912160277    
   9.19527784E-02
  0.115597777    
  0.139242783    
  0.162887782    
  0.186532766    
  0.210177794    
  0.233822763    
  0.257467777    
  0.281112760    
  0.304757774    
  0.328402787    
  0.352047741    
  0.375692755    
  0.399337769    
  0.422982752    
  0.446627766    
  0.470272809    
  0.493917793    
  0.517562747    
  0.541207790    
  0.564852834    
  0.588497758    
  0.612142742    
  0.635787725    
  0.659432709    
  0.683077812    
  0.706722796    
  0.730367780    
  0.754012764    
  0.777657747    
  0.801302791    
  0.824947774    
  0.848592818    
  0.872237802    
  0.895882785    
   9.00968835E-02
  0.113264658    
  0.136432439    
  0.159600198    
  0.182767957    
  0.205935746    
  0.229103491    
  0.252271265    
  0.275439054    
  0.298606813    
  0.321774602    
  0.344942331    
  0.368110090    
  0.391277879    
  0.414445639    
  0.437613428    
  0.460781246    
  0.483949006    
  0.507116735    
  0.530284524    
  0.553452313    
  0.576620042    
  0.599787831    
  0.622955561    
  0.646123350    
  0.669291139    
  0.692458928    
  0.715626657    
  0.738794446    
  0.761962235    
  0.785130024    
  0.808297813    
  0.831465542    
  0.854633331    
  0.877801061    
   8.80595520E-02
  0.110703439    
  0.133347332    
  0.155991212    
  0.178635076    
  0.201278985    
  0.223922834    
  0.246566743    
  0.269210607    
  0.291854501    
  0.314498395    
  0.337142259    
  0.359786123    
  0.382430047    
  0.405073911    
  0.427717805    
  0.450361729    
  0.473005593    
  0.495649427    
  0.518293381    
  0.540937304    
  0.563581109    
  0.586224973    
  0.608868837    
  0.631512761    
  0.654156685    
  0.676800549    
  0.699444413    
  0.722088337    
  0.744732201    
  0.767376125    
  0.790019989    
  0.812663853    
  0.835307777    
  0.857951641    
   8.58448818E-02
  0.107919276    
  0.129993677    
  0.152068079    
  0.174142465    
  0.196216881    
  0.218291253    
  0.240365669    
  0.262440056    
  0.284514457    
  0.306588858    
  0.328663230    
  0.350737631    
  0.372812033    
  0.394886434    
  0.416960835    
  0.439035267    
  0.461109668    
  0.483184010    
  0.505258441    
  0.527332902    
  0.549407244    
  0.571481586    
  0.593555987    
  0.615630388    
  0.637704849    
  0.659779251    
  0.681853592    
  0.703927994    
  0.726002395    
  0.748076856    
  0.770151258    
  0.792225659    
  0.814300001    
  0.836374402    
   8.34573284E-02
  0.104917787    
  0.126378238    
  0.147838697    
  0.169299141    
  0.190759614    
  0.212220043    
  0.233680516    
  0.255140960    
  0.276601404    
  0.298061877    
  0.319522321    
  0.340982765    
  0.362443238    
  0.383903682    
  0.405364156    
  0.426824629    
  0.448285073    
  0.469745487    
  0.491205990    
  0.512666464    
  0.534126878    
  0.555587351    
  0.577047765    
  0.598508239    
  0.619968712    
  0.641429186    
  0.662889600    
  0.684350073    
  0.705810547    
  0.727271020    
  0.748731494    
  0.770191908    
  0.791652381    
  0.813112795    
   8.09017047E-02
  0.101704992    
  0.122508295    
  0.143311590    
  0.164114878    
  0.184918180    
  0.205721453    
  0.226524755    
  0.247328043    
  0.268131346    
  0.288934648    
  0.309737921    
  0.330541193    
  0.351344526    
  0.372147799    
  0.392951131    
  0.413754433    
  0.434557706    
  0.455360949    
  0.476164281    
  0.496967643    
  0.517770886    
  0.538574159    
  0.559377432    
  0.580180764    
  0.600984097    
  0.621787369    
  0.642590642    
  0.663393915    
  0.684197247    
  0.705000579    
  0.725803852    
  0.746607125    
  0.767410398    
  0.788213730    
   7.81831518E-02
   9.82873887E-02
  0.118391633    
  0.138495862    
  0.158600107    
  0.178704351    
  0.198808566    
  0.218912825    
  0.239017054    
  0.259121299    
  0.279225558    
  0.299329758    
  0.319433987    
  0.339538246    
  0.359642476    
  0.379746735    
  0.399850994    
  0.419955224    
  0.440059394    
  0.460163683    
  0.480267972    
  0.500372171    
  0.520476401    
  0.540580630    
  0.560684860    
  0.580789149    
  0.600893378    
  0.620997608    
  0.641101837    
  0.661206067    
  0.681310356    
  0.701414585    
  0.721518815    
  0.741623044    
  0.761727273    
   7.53071532E-02
   9.46718454E-02
  0.114036545    
  0.133401230    
  0.152765930    
  0.172130644    
  0.191495299    
  0.210860014    
  0.230224714    
  0.249589399    
  0.268954098    
  0.288318783    
  0.307683468    
  0.327048182    
  0.346412867    
  0.365777582    
  0.385142297    
  0.404506981    
  0.423871636    
  0.443236351    
  0.462601095    
  0.481965750    
  0.501330435    
  0.520695150    
  0.540059805    
  0.559424520    
  0.578789234    
  0.598153949    
  0.617518604    
  0.636883318    
  0.656248033    
  0.675612748    
  0.694977403    
  0.714342117    
  0.733706772    
   7.22794831E-02
   9.08656344E-02
  0.109451793    
  0.128037944    
  0.146624088    
  0.165210262    
  0.183796391    
  0.202382550    
  0.220968693    
  0.239554852    
  0.258141011    
  0.276727140    
  0.295313299    
  0.313899457    
  0.332485616    
  0.351071775    
  0.369657934    
  0.388244092    
  0.406830192    
  0.425416380    
  0.444002569    
  0.462588668    
  0.481174827    
  0.499760985    
  0.518347144    
  0.536933303    
  0.555519462    
  0.574105620    
  0.592691779    
  0.611277878    
  0.629864097    
  0.648450255    
  0.667036414    
  0.685622513    
  0.704208672    
   6.91062659E-02
   8.68764445E-02
  0.104646631    
  0.122416809    
  0.140186980    
  0.157957181    
  0.175727338    
  0.193497539    
  0.211267710    
  0.229037896    
  0.246808082    
  0.264578253    
  0.282348424    
  0.300118625    
  0.317888796    
  0.335658997    
  0.353429198    
  0.371199369    
  0.388969511    
  0.406739712    
  0.424509943    
  0.442280084    
  0.460050255    
  0.477820426    
  0.495590597    
  0.513360798    
  0.531130970    
  0.548901200    
  0.566671371    
  0.584441543    
  0.602211773    
  0.619981945    
  0.637752116    
  0.655522287    
  0.673292458    
   6.57938719E-02
   8.27123001E-02
   9.96307284E-02
  0.116549142    
  0.133467570    
  0.150386006    
  0.167304397    
  0.184222847    
  0.201141268    
  0.218059674    
  0.234978124    
  0.251896530    
  0.268814951    
  0.285733372    
  0.302651793    
  0.319570243    
  0.336488664    
  0.353407085    
  0.370325476    
  0.387243927    
  0.404162377    
  0.421080768    
  0.437999189    
  0.454917610    
  0.471836030    
  0.488754481    
  0.505672932    
  0.522591352    
  0.539509773    
  0.556428134    
  0.573346615    
  0.590265036    
  0.607183456    
  0.624101877    
  0.641020298    
   6.23489730E-02
   7.83815682E-02
   9.44141671E-02
  0.110446751    
  0.126479343    
  0.142511949    
  0.158544526    
  0.174577132    
  0.190609708    
  0.206642300    
  0.222674906    
  0.238707483    
  0.254740059    
  0.270772666    
  0.286805272    
  0.302837878    
  0.318870485    
  0.334903061    
  0.350935608    
  0.366968244    
  0.383000880    
  0.399033427    
  0.415066004    
  0.431098610    
  0.447131187    
  0.463163823    
  0.479196399    
  0.495229006    
  0.511261582    
  0.527294159    
  0.543326795    
  0.559359372    
  0.575391948    
  0.591424584    
  0.607457161    
   5.87785207E-02
   7.38929957E-02
   8.90074745E-02
  0.104121946    
  0.119236417    
  0.134350911    
  0.149465367    
  0.164579853    
  0.179694325    
  0.194808796    
  0.209923282    
  0.225037739    
  0.240152210    
  0.255266696    
  0.270381182    
  0.285495669    
  0.300610155    
  0.315724611    
  0.330839068    
  0.345953554    
  0.361068070    
  0.376182497    
  0.391296983    
  0.406411439    
  0.421525925    
  0.436640441    
  0.451754898    
  0.466869384    
  0.481983840    
  0.497098327    
  0.512212813    
  0.527327299    
  0.542441785    
  0.557556212    
  0.572670698    
   5.50896898E-02
   6.92556053E-02
   8.34215358E-02
   9.75874513E-02
  0.111753367    
  0.125919297    
  0.140085191    
  0.154251128    
  0.168417037    
  0.182582960    
  0.196748897    
  0.210914791    
  0.225080714    
  0.239246637    
  0.253412545    
  0.267578483    
  0.281744421    
  0.295910329    
  0.310076207    
  0.324242175    
  0.338408113    
  0.352573991    
  0.366739899    
  0.380905837    
  0.395071745    
  0.409237683    
  0.423403621    
  0.437569529    
  0.451735437    
  0.465901345    
  0.480067313    
  0.494233221    
  0.508399129    
  0.522565067    
  0.536730945    
   5.12899347E-02
   6.44787773E-02
   7.76676163E-02
   9.08564553E-02
  0.104045294    
  0.117234141    
  0.130422965    
  0.143611819    
  0.156800658    
  0.169989482    
  0.183178335    
  0.196367159    
  0.209555998    
  0.222744852    
  0.235933691    
  0.249122530    
  0.262311399    
  0.275500238    
  0.288689017    
  0.301877886    
  0.315066755    
  0.328255564    
  0.341444403    
  0.354633242    
  0.367822081    
  0.381010950    
  0.394199789    
  0.407388628    
  0.420577466    
  0.433766305    
  0.446955144    
  0.460143983    
  0.473332822    
  0.486521661    
  0.499710500    
   4.73868698E-02
   5.95720671E-02
   7.17572644E-02
   8.39424580E-02
   9.61276442E-02
  0.108312853    
  0.120498031    
  0.132683232    
  0.144868433    
  0.157053620    
  0.169238821    
  0.181424007    
  0.193609193    
  0.205794394    
  0.217979595    
  0.230164796    
  0.242349997    
  0.254535198    
  0.266720355    
  0.278905571    
  0.291090786    
  0.303275973    
  0.315461159    
  0.327646345    
  0.339831531    
  0.352016747    
  0.364201933    
  0.376387149    
  0.388572335    
  0.400757521    
  0.412942737    
  0.425127923    
  0.437313110    
  0.449498326    
  0.461683512    
   4.33883779E-02
   5.45453876E-02
   6.57024011E-02
   7.68594071E-02
   8.80164132E-02
   9.91734341E-02
  0.110330433    
  0.121487454    
  0.132644460    
  0.143801466    
  0.154958487    
  0.166115478    
  0.177272484    
  0.188429505    
  0.199586526    
  0.210743546    
  0.221900553    
  0.233057573    
  0.244214550    
  0.255371571    
  0.266528606    
  0.277685612    
  0.288842618    
  0.299999624    
  0.311156631    
  0.322313666    
  0.333470672    
  0.344627678    
  0.355784684    
  0.366941690    
  0.378098726    
  0.389255732    
  0.400412738    
  0.411569744    
  0.422726750    
   3.93025056E-02
   4.94088642E-02
   5.95152229E-02
   6.96215779E-02
   7.97279328E-02
   8.98343027E-02
   9.99406427E-02
  0.110047013    
  0.120153368    
  0.130259722    
  0.140366092    
  0.150472432    
  0.160578787    
  0.170685157    
  0.180791512    
  0.190897882    
  0.201004237    
  0.211110607    
  0.221216932    
  0.231323317    
  0.241429687    
  0.251536012    
  0.261642367    
  0.271748722    
  0.281855077    
  0.291961461    
  0.302067816    
  0.312174171    
  0.322280526    
  0.332386881    
  0.342493266    
  0.352599621    
  0.362705976    
  0.372812331    
  0.382918686    
   3.51374820E-02
   4.41728346E-02
   5.32081872E-02
   6.22435361E-02
   7.12788850E-02
   8.03142488E-02
   8.93495828E-02
   9.83849466E-02
  0.107420295    
  0.116455644    
  0.125491008    
  0.134526342    
  0.143561691    
  0.152597055    
  0.161632404    
  0.170667768    
  0.179703116    
  0.188738465    
  0.197773799    
  0.206809178    
  0.215844542    
  0.224879876    
  0.233915225    
  0.242950574    
  0.251985908    
  0.261021286    
  0.270056635    
  0.279091984    
  0.288127333    
  0.297162682    
  0.306198061    
  0.315233409    
  0.324268758    
  0.333304107    
  0.342339456    
   3.09016984E-02
   3.88478488E-02
   4.67940010E-02
   5.47401495E-02
   6.26863018E-02
   7.06324577E-02
   7.85785988E-02
   8.65247548E-02
   9.44709033E-02
  0.102417052    
  0.110363208    
  0.118309349    
  0.126255497    
  0.134201646    
  0.142147794    
  0.150093958    
  0.158040121    
  0.165986270    
  0.173932388    
  0.181878567    
  0.189824730    
  0.197770864    
  0.205717012    
  0.213663161    
  0.221609309    
  0.229555473    
  0.237501621    
  0.245447770    
  0.253393918    
  0.261340052    
  0.269286245    
  0.277232379    
  0.285178542    
  0.293124676    
  0.301070839    
   2.66036894E-02
   3.34446393E-02
   4.02855910E-02
   4.71265353E-02
   5.39674833E-02
   6.08084388E-02
   6.76493794E-02
   7.44903311E-02
   8.13312754E-02
   8.81722271E-02
   9.50131789E-02
  0.101854116    
  0.108695067    
  0.115536019    
  0.122376971    
  0.129217923    
  0.136058882    
  0.142899826    
  0.149740756    
  0.156581715    
  0.163422674    
  0.170263618    
  0.177104563    
  0.183945507    
  0.190786451    
  0.197627410    
  0.204468355    
  0.211309314    
  0.218150258    
  0.224991202    
  0.231832162    
  0.238673106    
  0.245514050    
  0.252355009    
  0.259195954    
   2.22520977E-02
   2.79740654E-02
   3.36960368E-02
   3.94180007E-02
   4.51399684E-02
   5.08619398E-02
   5.65839000E-02
   6.23058751E-02
   6.80278391E-02
   7.37498030E-02
   7.94717818E-02
   8.51937383E-02
   9.09157023E-02
   9.66376811E-02
  0.102359645    
  0.108081616    
  0.113803588    
  0.119525559    
  0.125247508    
  0.130969495    
  0.136691466    
  0.142413422    
  0.148135394    
  0.153857350    
  0.159579322    
  0.165301308    
  0.171023265    
  0.176745236    
  0.182467192    
  0.188189164    
  0.193911150    
  0.199633107    
  0.205355078    
  0.211077049    
  0.216799006    
   1.78556927E-02
   2.24471558E-02
   2.70386208E-02
   3.16300839E-02
   3.62215452E-02
   4.08130139E-02
   4.54044715E-02
   4.99959365E-02
   5.45874014E-02
   5.91788627E-02
   6.37703314E-02
   6.83617890E-02
   7.29532465E-02
   7.75447190E-02
   8.21361765E-02
   8.67276490E-02
   9.13191140E-02
   9.59105790E-02
  0.100502029    
  0.105093502    
  0.109684974    
  0.114276424    
  0.118867889    
  0.123459347    
  0.128050819    
  0.132642284    
  0.137233749    
  0.141825214    
  0.146416679    
  0.151008129    
  0.155599609    
  0.160191074    
  0.164782539    
  0.169373989    
  0.173965454    
   1.34233283E-02
   1.68750416E-02
   2.03267559E-02
   2.37784665E-02
   2.72301789E-02
   3.06818951E-02
   3.41336019E-02
   3.75853181E-02
   4.10370305E-02
   4.44887429E-02
   4.79404591E-02
   5.13921678E-02
   5.48438802E-02
   5.82955927E-02
   6.17473051E-02
   6.51990250E-02
   6.86507374E-02
   7.21024498E-02
   7.55541548E-02
   7.90058747E-02
   8.24575946E-02
   8.59092996E-02
   8.93610120E-02
   9.28127244E-02
   9.62644368E-02
   9.97161567E-02
  0.103167869    
  0.106619574    
  0.110071287    
  0.113522999    
  0.116974719    
  0.120426431    
  0.123878144    
  0.127329856    
  0.130781576    
   8.96393042E-03
   1.12689408E-02
   1.35739520E-02
   1.58789624E-02
   1.81839708E-02
   2.04889849E-02
   2.27939915E-02
   2.50990037E-02
   2.74040140E-02
   2.97090244E-02
   3.20140347E-02
   3.43190432E-02
   3.66240516E-02
   3.89290638E-02
   4.12340760E-02
   4.35390882E-02
   4.58441004E-02
   4.81491089E-02
   5.04541136E-02
   5.27591296E-02
   5.50641455E-02
   5.73691502E-02
   5.96741587E-02
   6.19791709E-02
   6.42841831E-02
   6.65891916E-02
   6.88942075E-02
   7.11992159E-02
   7.35042244E-02
   7.58092329E-02
   7.81142488E-02
   8.04192573E-02
   8.27242658E-02
   8.50292817E-02
   8.73342901E-02
   4.48648026E-03
   5.64014679E-03
   6.79381331E-03
   7.94747937E-03
   9.10114590E-03
   1.02548134E-02
   1.14084780E-02
   1.25621455E-02
   1.37158111E-02
   1.48694767E-02
   1.60231441E-02
   1.71768088E-02
   1.83304753E-02
   1.94841418E-02
   2.06378084E-02
   2.17914768E-02
   2.29451433E-02
   2.40988098E-02
   2.52524726E-02
   2.64061410E-02
   2.75598094E-02
   2.87134741E-02
   2.98671406E-02
   3.10208052E-02
   3.21744718E-02
   3.33281420E-02
   3.44818048E-02
   3.56354713E-02
   3.67891379E-02
   3.79428044E-02
   3.90964746E-02
   4.02501412E-02
   4.14038040E-02
   4.25574705E-02
   4.37111370E-02
