  0.100000001    
  0.122500002    
  0.144999996    
  0.167499989    
  0.189999998    
  0.212500006    
  0.234999985    
  0.257499993    
  0.280000001    
  0.302499980    
  0.324999988    
  0.347499996    
  0.369999975    
  0.392499983    
  0.414999992    
  0.437500000    
  0.459999979    
  0.482499987    
  0.504999995    
  0.527500033    
  0.550000012    
  0.572499990    
  0.594999969    
  0.617500007    
  0.639999986    
  0.662500024    
  0.685000002    
  0.707499981    
  0.730000019    
  0.752499998    
  0.775000036    
  0.797500014    
  0.819999993    
  0.842499971    
  0.865000010    
  0.887500048    
  0.909999967    
  0.932500005    
  0.955000043    
  0.977499962    
   9.99229029E-02
  0.122405559    
  0.144888207    
  0.167370856    
  0.189853504    
  0.212336168    
  0.234818801    
  0.257301450    
  0.279784113    
  0.302266747    
  0.324749410    
  0.347232074    
  0.369714707    
  0.392197371    
  0.414680034    
  0.437162697    
  0.459645331    
  0.482127994    
  0.504610658    
  0.527093351    
  0.549575984    
  0.572058618    
  0.594541252    
  0.617023945    
  0.639506578    
  0.661989272    
  0.684471905    
  0.706954479    
  0.729437172    
  0.751919806    
  0.774402499    
  0.796885133    
  0.819367766    
  0.841850400    
  0.864333093    
  0.886815786    
  0.909298360    
  0.931781054    
  0.954263747    
  0.976746321    
   9.96917337E-02
  0.122122370    
  0.144553006    
  0.166983634    
  0.189414293    
  0.211844936    
  0.234275550    
  0.256706208    
  0.279136837    
  0.301567465    
  0.323998123    
  0.346428752    
  0.368859380    
  0.391290039    
  0.413720667    
  0.436151326    
  0.458581954    
  0.481012583    
  0.503443241    
  0.525873899    
  0.548304558    
  0.570735157    
  0.593165755    
  0.615596473    
  0.638027072    
  0.660457730    
  0.682888329    
  0.705318987    
  0.727749646    
  0.750180244    
  0.772610962    
  0.795041561    
  0.817472160    
  0.839902818    
  0.862333477    
  0.884764135    
  0.907194734    
  0.929625392    
  0.952056050    
  0.974486649    
   9.93068442E-02
  0.121650890    
  0.143994927    
  0.166338950    
  0.188683003    
  0.211027056    
  0.233371079    
  0.255715132    
  0.278059155    
  0.300403178    
  0.322747231    
  0.345091283    
  0.367435306    
  0.389779359    
  0.412123412    
  0.434467435    
  0.456811458    
  0.479155511    
  0.501499593    
  0.523843646    
  0.546187639    
  0.568531692    
  0.590875685    
  0.613219798    
  0.635563791    
  0.657907903    
  0.680251896    
  0.702595890    
  0.724940002    
  0.747283995    
  0.769628108    
  0.791972101    
  0.814316154    
  0.836660147    
  0.859004200    
  0.881348312    
  0.903692245    
  0.926036358    
  0.948380411    
  0.970724404    
   9.87688377E-02
  0.120991826    
  0.143214807    
  0.165437788    
  0.187660784    
  0.209883779    
  0.232106745    
  0.254329741    
  0.276552737    
  0.298775703    
  0.320998698    
  0.343221694    
  0.365444660    
  0.387667656    
  0.409890652    
  0.432113647    
  0.454336613    
  0.476559609    
  0.498782605    
  0.521005630    
  0.543228626    
  0.565451562    
  0.587674558    
  0.609897554    
  0.632120550    
  0.654343545    
  0.676566541    
  0.698789477    
  0.721012533    
  0.743235469    
  0.765458524    
  0.787681460    
  0.809904456    
  0.832127392    
  0.854350448    
  0.876573443    
  0.898796380    
  0.921019375    
  0.943242431    
  0.965465307    
   9.80785266E-02
  0.120146193    
  0.142213851    
  0.164281517    
  0.186349198    
  0.208416864    
  0.230484515    
  0.252552181    
  0.274619877    
  0.296687514    
  0.318755209    
  0.340822875    
  0.362890512    
  0.384958208    
  0.407025874    
  0.429093540    
  0.451161206    
  0.473228872    
  0.495296538    
  0.517364264    
  0.539431870    
  0.561499536    
  0.583567202    
  0.605634928    
  0.627702534    
  0.649770260    
  0.671837926    
  0.693905532    
  0.715973258    
  0.738040924    
  0.760108590    
  0.782176256    
  0.804243922    
  0.826311529    
  0.848379254    
  0.870446980    
  0.892514527    
  0.914582253    
  0.936649978    
  0.958717525    
   9.72369909E-02
  0.119115315    
  0.140993640    
  0.162871942    
  0.184750274    
  0.206628606    
  0.228506908    
  0.250385255    
  0.272263587    
  0.294141889    
  0.316020221    
  0.337898552    
  0.359776855    
  0.381655186    
  0.403533518    
  0.425411820    
  0.447290123    
  0.469168454    
  0.491046786    
  0.512925148    
  0.534803450    
  0.556681752    
  0.578560054    
  0.600438416    
  0.622316718    
  0.644195080    
  0.666073382    
  0.687951684    
  0.709830046    
  0.731708348    
  0.753586709    
  0.775465012    
  0.797343314    
  0.819221616    
  0.841099977    
  0.862978339    
  0.884856582    
  0.906734943    
  0.928613305    
  0.950491548    
   9.62455198E-02
  0.117900766    
  0.139556006    
  0.161211237    
  0.182866484    
  0.204521745    
  0.226176962    
  0.247832209    
  0.269487470    
  0.291142672    
  0.312797934    
  0.334453195    
  0.356108397    
  0.377763659    
  0.399418920    
  0.421074152    
  0.442729384    
  0.464384615    
  0.486039877    
  0.507695138    
  0.529350400    
  0.551005602    
  0.572660804    
  0.594316125    
  0.615971327    
  0.637626588    
  0.659281850    
  0.680937052    
  0.702592313    
  0.724247575    
  0.745902836    
  0.767558038    
  0.789213240    
  0.810868502    
  0.832523763    
  0.854179025    
  0.875834227    
  0.897489488    
  0.919144750    
  0.940799952    
   9.51056555E-02
  0.116504431    
  0.137903199    
  0.159301966    
  0.180700734    
  0.202099517    
  0.223498270    
  0.244897053    
  0.266295820    
  0.287694573    
  0.309093356    
  0.330492139    
  0.351890892    
  0.373289675    
  0.394688457    
  0.416087240    
  0.437485993    
  0.458884776    
  0.480283558    
  0.501682341    
  0.523081124    
  0.544479847    
  0.565878630    
  0.587277412    
  0.608676195    
  0.630074978    
  0.651473761    
  0.672872484    
  0.694271266    
  0.715670049    
  0.737068832    
  0.758467615    
  0.779866338    
  0.801265121    
  0.822663903    
  0.844062746    
  0.865461409    
  0.886860251    
  0.908259034    
  0.929657757    
   9.38191339E-02
  0.114928447    
  0.136037737    
  0.157147035    
  0.178256348    
  0.199365675    
  0.220474958    
  0.241584271    
  0.262693584    
  0.283802867    
  0.304912180    
  0.326021492    
  0.347130775    
  0.368240088    
  0.389349401    
  0.410458714    
  0.431567997    
  0.452677310    
  0.473786622    
  0.494895965    
  0.516005278    
  0.537114561    
  0.558223844    
  0.579333186    
  0.600442469    
  0.621551812    
  0.642661095    
  0.663770378    
  0.684879720    
  0.705989003    
  0.727098346    
  0.748207629    
  0.769316912    
  0.790426195    
  0.811535537    
  0.832644880    
  0.853754103    
  0.874863446    
  0.895972788    
  0.917082012    
   9.23879519E-02
  0.113175243    
  0.133962527    
  0.154749811    
  0.175537109    
  0.196324393    
  0.217111662    
  0.237898961    
  0.258686274    
  0.279473543    
  0.300260842    
  0.321048111    
  0.341835380    
  0.362622678    
  0.383409977    
  0.404197276    
  0.424984545    
  0.445771843    
  0.466559142    
  0.487346470    
  0.508133709    
  0.528921008    
  0.549708247    
  0.570495605    
  0.591282845    
  0.612070203    
  0.632857442    
  0.653644741    
  0.674432039    
  0.695219338    
  0.716006637    
  0.736793935    
  0.757581174    
  0.778368473    
  0.799155772    
  0.819943130    
  0.840730309    
  0.861517668    
  0.882304966    
  0.903092206    
   9.08143148E-02
  0.111247540    
  0.131680757    
  0.152113974    
  0.172547191    
  0.192980424    
  0.213413626    
  0.233846858    
  0.254280090    
  0.274713278    
  0.295146525    
  0.315579742    
  0.336012959    
  0.356446177    
  0.376879394    
  0.397312641    
  0.417745829    
  0.438179076    
  0.458612293    
  0.479045540    
  0.499478757    
  0.519911945    
  0.540345132    
  0.560778439    
  0.581211627    
  0.601644874    
  0.622078061    
  0.642511249    
  0.662944555    
  0.683377743    
  0.703810990    
  0.724244177    
  0.744677365    
  0.765110612    
  0.785543859    
  0.805977106    
  0.826410234    
  0.846843481    
  0.867276788    
  0.887709916    
   8.91006514E-02
  0.109148301    
  0.129195943    
  0.149243578    
  0.169291243    
  0.189338893    
  0.209386528    
  0.229434177    
  0.249481827    
  0.269529462    
  0.289577097    
  0.309624761    
  0.329672396    
  0.349720061    
  0.369767696    
  0.389815360    
  0.409862995    
  0.429910630    
  0.449958295    
  0.470005959    
  0.490053594    
  0.510101259    
  0.530148864    
  0.550196528    
  0.570244193    
  0.590291858    
  0.610339463    
  0.630387127    
  0.650434792    
  0.670482397    
  0.690530121    
  0.710577726    
  0.730625331    
  0.750672996    
  0.770720661    
  0.790768325    
  0.810815930    
  0.830863595    
  0.850911260    
  0.870958865    
   8.72495994E-02
  0.106880762    
  0.126511917    
  0.146143079    
  0.165774241    
  0.185405403    
  0.205036551    
  0.224667713    
  0.244298890    
  0.263930023    
  0.283561200    
  0.303192347    
  0.322823495    
  0.342454672    
  0.362085849    
  0.381716996    
  0.401348144    
  0.420979321    
  0.440610468    
  0.460241675    
  0.479872823    
  0.499503970    
  0.519135118    
  0.538766265    
  0.558397412    
  0.578028619    
  0.597659767    
  0.617290914    
  0.636922121    
  0.656553268    
  0.676184416    
  0.695815563    
  0.715446711    
  0.735077858    
  0.754709065    
  0.774340272    
  0.793971360    
  0.813602507    
  0.833233714    
  0.852864802    
   8.52640197E-02
  0.104448423    
  0.123632818    
  0.142817214    
  0.162001625    
  0.181186035    
  0.200370416    
  0.219554827    
  0.238739237    
  0.257923633    
  0.277108043    
  0.296292454    
  0.315476835    
  0.334661245    
  0.353845656    
  0.373030066    
  0.392214447    
  0.411398858    
  0.430583268    
  0.449767709    
  0.468952090    
  0.488136470    
  0.507320881    
  0.526505291    
  0.545689702    
  0.564874113    
  0.584058523    
  0.603242874    
  0.622427344    
  0.641611695    
  0.660796165    
  0.679980516    
  0.699164927    
  0.718349278    
  0.737533748    
  0.756718159    
  0.775902510    
  0.795086920    
  0.814271390    
  0.833455741    
   8.31469595E-02
  0.101855025    
  0.120563090    
  0.139271155    
  0.157979220    
  0.176687300    
  0.195395336    
  0.214103416    
  0.232811481    
  0.251519531    
  0.270227611    
  0.288935691    
  0.307643741    
  0.326351792    
  0.345059872    
  0.363767952    
  0.382476002    
  0.401184082    
  0.419892132    
  0.438600242    
  0.457308292    
  0.476016343    
  0.494724393    
  0.513432503    
  0.532140553    
  0.550848603    
  0.569556653    
  0.588264704    
  0.606972814    
  0.625680864    
  0.644388974    
  0.663097024    
  0.681805074    
  0.700513124    
  0.719221234    
  0.737929285    
  0.756637275    
  0.775345385    
  0.794053495    
  0.812761486    
   8.09017047E-02
   9.91045833E-02
  0.117307462    
  0.135510340    
  0.153713226    
  0.171916112    
  0.190118983    
  0.208321869    
  0.226524755    
  0.244727626    
  0.262930512    
  0.281133413    
  0.299336284    
  0.317539155    
  0.335742056    
  0.353944927    
  0.372147799    
  0.390350699    
  0.408553571    
  0.426756501    
  0.444959372    
  0.463162214    
  0.481365085    
  0.499568015    
  0.517770886    
  0.535973787    
  0.554176629    
  0.572379529    
  0.590582430    
  0.608785272    
  0.626988232    
  0.645191073    
  0.663393915    
  0.681596816    
  0.699799716    
  0.718002617    
  0.736205459    
  0.754408360    
  0.772611260    
  0.790814102    
   7.85316899E-02
   9.62013230E-02
  0.113870949    
  0.131540567    
  0.149210200    
  0.166879848    
  0.184549451    
  0.202219099    
  0.219888732    
  0.237558335    
  0.255227983    
  0.272897601    
  0.290567219    
  0.308236867    
  0.325906515    
  0.343576133    
  0.361245751    
  0.378915399    
  0.396585017    
  0.414254695    
  0.431924284    
  0.449593902    
  0.467263520    
  0.484933168    
  0.502602816    
  0.520272434    
  0.537942052    
  0.555611670    
  0.573281348    
  0.590950966    
  0.608620584    
  0.626290202    
  0.643959820    
  0.661629438    
  0.679299116    
  0.696968794    
  0.714638352    
  0.732307971    
  0.749977648    
  0.767647207    
   7.60405958E-02
   9.31497291E-02
  0.110258862    
  0.127367988    
  0.144477129    
  0.161586270    
  0.178695396    
  0.195804521    
  0.212913662    
  0.230022788    
  0.247131929    
  0.264241070    
  0.281350195    
  0.298459321    
  0.315568477    
  0.332677603    
  0.349786729    
  0.366895854    
  0.384005010    
  0.401114166    
  0.418223292    
  0.435332417    
  0.452441514    
  0.469550699    
  0.486659795    
  0.503768981    
  0.520878077    
  0.537987173    
  0.555096388    
  0.572205484    
  0.589314640    
  0.606423736    
  0.623532891    
  0.640641987    
  0.657751143    
  0.674860299    
  0.691969395    
  0.709078550    
  0.726187706    
  0.743296802    
   7.34322518E-02
   8.99545029E-02
  0.106476761    
  0.122999012    
  0.139521271    
  0.156043530    
  0.172565773    
  0.189088032    
  0.205610290    
  0.222132534    
  0.238654807    
  0.255177051    
  0.271699309    
  0.288221568    
  0.304743826    
  0.321266085    
  0.337788343    
  0.354310602    
  0.370832860    
  0.387355149    
  0.403877378    
  0.420399606    
  0.436921865    
  0.453444153    
  0.469966382    
  0.486488670    
  0.503010929    
  0.519533157    
  0.536055446    
  0.552577674    
  0.569099963    
  0.585622191    
  0.602144420    
  0.618666649    
  0.635188937    
  0.651711226    
  0.668233454    
  0.684755743    
  0.701278031    
  0.717800200    
   7.07106814E-02
   8.66205841E-02
  0.102530479    
  0.118440375    
  0.134350285    
  0.150260195    
  0.166170076    
  0.182079986    
  0.197989896    
  0.213899776    
  0.229809687    
  0.245719597    
  0.261629492    
  0.277539402    
  0.293449312    
  0.309359223    
  0.325269103    
  0.341179013    
  0.357088923    
  0.372998834    
  0.388908744    
  0.404818624    
  0.420728505    
  0.436638445    
  0.452548325    
  0.468458265    
  0.484368145    
  0.500277996    
  0.516187966    
  0.532097816    
  0.548007786    
  0.563917637    
  0.579827547    
  0.595737457    
  0.611647367    
  0.627557278    
  0.643467128    
  0.659377038    
  0.675287008    
  0.691196859    
   6.78800717E-02
   8.31530839E-02
   9.84260961E-02
  0.113699108    
  0.128972128    
  0.144245148    
  0.159518152    
  0.174791172    
  0.190064192    
  0.205337197    
  0.220610216    
  0.235883236    
  0.251156241    
  0.266429275    
  0.281702280    
  0.296975315    
  0.312248319    
  0.327521324    
  0.342794359    
  0.358067393    
  0.373340398    
  0.388613403    
  0.403886408    
  0.419159442    
  0.434432447    
  0.449705482    
  0.464978486    
  0.480251491    
  0.495524526    
  0.510797501    
  0.526070595    
  0.541343570    
  0.556616545    
  0.571889579    
  0.587162614    
  0.602435648    
  0.617708623    
  0.632981658    
  0.648254693    
  0.663527668    
   6.49448037E-02
   7.95573890E-02
   9.41699594E-02
  0.108782537    
  0.123395123    
  0.138007715    
  0.152620286    
  0.167232871    
  0.181845456    
  0.196458012    
  0.211070597    
  0.225683197    
  0.240295753    
  0.254908353    
  0.269520938    
  0.284133524    
  0.298746079    
  0.313358665    
  0.327971250    
  0.342583865    
  0.357196420    
  0.371809006    
  0.386421561    
  0.401034176    
  0.415646732    
  0.430259347    
  0.444871902    
  0.459484488    
  0.474097073    
  0.488709658    
  0.503322244    
  0.517934799    
  0.532547414    
  0.547159970    
  0.561772585    
  0.576385140    
  0.590997696    
  0.605610311    
  0.620222926    
  0.634835422    
   6.19093962E-02
   7.58390129E-02
   8.97686183E-02
  0.103698231    
  0.117627852    
  0.131557465    
  0.145487070    
  0.159416690    
  0.173346311    
  0.187275901    
  0.201205522    
  0.215135142    
  0.229064748    
  0.242994368    
  0.256923974    
  0.270853609    
  0.284783214    
  0.298712820    
  0.312642455    
  0.326572090    
  0.340501696    
  0.354431272    
  0.368360877    
  0.382290512    
  0.396220118    
  0.410149753    
  0.424079359    
  0.438008964    
  0.451938599    
  0.465868205    
  0.479797840    
  0.493727446    
  0.507657051    
  0.521586657    
  0.535516262    
  0.549445927    
  0.563375473    
  0.577305138    
  0.591234744    
  0.605164289    
   5.87785244E-02
   7.20036924E-02
   8.52288604E-02
   9.84540209E-02
  0.111679196    
  0.124904364    
  0.138129517    
  0.151354700    
  0.164579868    
  0.177805021    
  0.191030204    
  0.204255372    
  0.217480525    
  0.230705693    
  0.243930876    
  0.257156044    
  0.270381212    
  0.283606380    
  0.296831548    
  0.310056746    
  0.323281884    
  0.336507052    
  0.349732190    
  0.362957388    
  0.376182556    
  0.389407724    
  0.402632892    
  0.415858060    
  0.429083228    
  0.442308396    
  0.455533594    
  0.468758732    
  0.481983900    
  0.495209038    
  0.508434236    
  0.521659434    
  0.534884572    
  0.548109770    
  0.561334908    
  0.574560046    
   5.55570200E-02
   6.80573508E-02
   8.05576742E-02
   9.30579975E-02
  0.105558336    
  0.118058667    
  0.130558982    
  0.143059313    
  0.155559659    
  0.168059975    
  0.180560306    
  0.193060637    
  0.205560952    
  0.218061283    
  0.230561629    
  0.243061960    
  0.255562276    
  0.268062621    
  0.280562937    
  0.293063283    
  0.305563599    
  0.318063915    
  0.330564231    
  0.343064606    
  0.355564922    
  0.368065268    
  0.380565584    
  0.393065900    
  0.405566245    
  0.418066561    
  0.430566907    
  0.443067223    
  0.455567539    
  0.468067855    
  0.480568230    
  0.493068576    
  0.505568862    
  0.518069208    
  0.530569553    
  0.543069839    
   5.22498488E-02
   6.40060678E-02
   7.57622793E-02
   8.75184909E-02
   9.92747098E-02
  0.111030929    
  0.122787140    
  0.134543359    
  0.146299571    
  0.158055782    
  0.169812009    
  0.181568220    
  0.193324432    
  0.205080643    
  0.216836870    
  0.228593081    
  0.240349293    
  0.252105504    
  0.263861746    
  0.275617957    
  0.287374169    
  0.299130380    
  0.310886592    
  0.322642833    
  0.334399015    
  0.346155256    
  0.357911468    
  0.369667679    
  0.381423920    
  0.393180102    
  0.404936343    
  0.416692555    
  0.428448766    
  0.440204948    
  0.451961190    
  0.463717431    
  0.475473613    
  0.487229854    
  0.498986065    
  0.510742247    
   4.88621183E-02
   5.98560944E-02
   7.08500668E-02
   8.18440393E-02
   9.28380191E-02
  0.103831999    
  0.114825971    
  0.125819951    
  0.136813924    
  0.147807896    
  0.158801883    
  0.169795856    
  0.180789828    
  0.191783801    
  0.202777788    
  0.213771760    
  0.224765733    
  0.235759705    
  0.246753693    
  0.257747680    
  0.268741637    
  0.279735625    
  0.290729582    
  0.301723570    
  0.312717557    
  0.323711544    
  0.334705502    
  0.345699459    
  0.356693476    
  0.367687434    
  0.378681421    
  0.389675409    
  0.400669366    
  0.411663324    
  0.422657311    
  0.433651328    
  0.444645256    
  0.455639243    
  0.466633230    
  0.477627188    
   4.53990437E-02
   5.56138270E-02
   6.58286139E-02
   7.60433897E-02
   8.62581804E-02
   9.64729711E-02
  0.106687747    
  0.116902530    
  0.127117321    
  0.137332097    
  0.147546887    
  0.157761678    
  0.167976454    
  0.178191230    
  0.188406020    
  0.198620811    
  0.208835587    
  0.219050378    
  0.229265168    
  0.239479974    
  0.249694735    
  0.259909511    
  0.270124286    
  0.280339092    
  0.290553868    
  0.300768673    
  0.310983449    
  0.321198225    
  0.331413031    
  0.341627806    
  0.351842612    
  0.362057388    
  0.372272164    
  0.382486910    
  0.392701715    
  0.402916521    
  0.413131267    
  0.423346072    
  0.433560878    
  0.443775624    
   4.18659747E-02
   5.12858182E-02
   6.07056618E-02
   7.01255053E-02
   7.95453489E-02
   8.89651999E-02
   9.83850360E-02
  0.107804880    
  0.117224731    
  0.126644567    
  0.136064410    
  0.145484254    
  0.154904097    
  0.164323941    
  0.173743784    
  0.183163643    
  0.192583472    
  0.202003315    
  0.211423174    
  0.220843032    
  0.230262861    
  0.239682704    
  0.249102533    
  0.258522391    
  0.267942220    
  0.277362078    
  0.286781937    
  0.296201766    
  0.305621624    
  0.315041453    
  0.324461311    
  0.333881140    
  0.343300998    
  0.352720827    
  0.362140685    
  0.371560544    
  0.380980343    
  0.390400201    
  0.399820089    
  0.409239888    
   3.82683426E-02
   4.68787216E-02
   5.54890968E-02
   6.40994683E-02
   7.27098510E-02
   8.13202336E-02
   8.99306014E-02
   9.85409766E-02
  0.107151359    
  0.115761727    
  0.124372110    
  0.132982492    
  0.141592860    
  0.150203243    
  0.158813626    
  0.167423993    
  0.176034361    
  0.184644744    
  0.193255126    
  0.201865524    
  0.210475892    
  0.219086260    
  0.227696627    
  0.236307025    
  0.244917393    
  0.253527790    
  0.262138158    
  0.270748526    
  0.279358894    
  0.287969291    
  0.296579659    
  0.305190027    
  0.313800395    
  0.322410762    
  0.331021160    
  0.339631557    
  0.348241895    
  0.356852293    
  0.365462691    
  0.374073029    
   3.46117057E-02
   4.23993394E-02
   5.01869693E-02
   5.79746030E-02
   6.57622367E-02
   7.35498741E-02
   8.13375041E-02
   8.91251341E-02
   9.69127715E-02
  0.104700401    
  0.112488039    
  0.120275676    
  0.128063306    
  0.135850936    
  0.143638566    
  0.151426211    
  0.159213841    
  0.167001471    
  0.174789101    
  0.182576761    
  0.190364376    
  0.198152006    
  0.205939636    
  0.213727280    
  0.221514910    
  0.229302555    
  0.237090185    
  0.244877800    
  0.252665460    
  0.260453075    
  0.268240720    
  0.276028365    
  0.283815980    
  0.291603595    
  0.299391240    
  0.307178885    
  0.314966500    
  0.322754145    
  0.330541790    
  0.338329405    
   3.09016984E-02
   3.78545783E-02
   4.48074602E-02
   5.17603382E-02
   5.87132238E-02
   6.56661093E-02
   7.26189837E-02
   7.95718655E-02
   8.65247548E-02
   9.34776291E-02
  0.100430511    
  0.107383400    
  0.114336275    
  0.121289156    
  0.128242046    
  0.135194927    
  0.142147794    
  0.149100691    
  0.156053573    
  0.163006470    
  0.169959337    
  0.176912218    
  0.183865085    
  0.190817982    
  0.197770864    
  0.204723746    
  0.211676627    
  0.218629509    
  0.225582391    
  0.232535273    
  0.239488170    
  0.246441036    
  0.253393918    
  0.260346800    
  0.267299682    
  0.274252564    
  0.281205446    
  0.288158327    
  0.295111209    
  0.302064091    
   2.71440428E-02
   3.32514532E-02
   3.93588580E-02
   4.54662666E-02
   5.15736789E-02
   5.76810911E-02
   6.37884960E-02
   6.98959082E-02
   7.60033205E-02
   8.21107179E-02
   8.82181302E-02
   9.43255424E-02
  0.100432947    
  0.106540360    
  0.112647772    
  0.118755184    
  0.124862589    
  0.130970001    
  0.137077406    
  0.143184826    
  0.149292231    
  0.155399635    
  0.161507040    
  0.167614460    
  0.173721865    
  0.179829285    
  0.185936689    
  0.192044094    
  0.198151514    
  0.204258919    
  0.210366338    
  0.216473743    
  0.222581133    
  0.228688538    
  0.234795958    
  0.240903378    
  0.247010767    
  0.253118187    
  0.259225607    
  0.265332997    
   2.33445298E-02
   2.85970494E-02
   3.38495672E-02
   3.91020849E-02
   4.43546064E-02
   4.96071279E-02
   5.48596419E-02
   6.01121634E-02
   6.53646812E-02
   7.06171989E-02
   7.58697167E-02
   8.11222419E-02
   8.63747522E-02
   9.16272774E-02
   9.68797952E-02
  0.102132320    
  0.107384831    
  0.112637356    
  0.117889874    
  0.123142406    
  0.128394917    
  0.133647427    
  0.138899952    
  0.144152477    
  0.149404988    
  0.154657513    
  0.159910038    
  0.165162548    
  0.170415074    
  0.175667584    
  0.180920124    
  0.186172634    
  0.191425145    
  0.196677655    
  0.201930195    
  0.207182720    
  0.212435216    
  0.217687741    
  0.222940266    
  0.228192776    
   1.95090231E-02
   2.38985550E-02
   2.82880832E-02
   3.26776132E-02
   3.70671451E-02
   4.14566770E-02
   4.58462015E-02
   5.02357334E-02
   5.46252653E-02
   5.90147935E-02
   6.34043217E-02
   6.77938536E-02
   7.21833855E-02
   7.65729174E-02
   8.09624493E-02
   8.53519738E-02
   8.97415057E-02
   9.41310376E-02
   9.85205695E-02
  0.102910101    
  0.107299633    
  0.111689158    
  0.116078682    
  0.120468222    
  0.124857746    
  0.129247278    
  0.133636817    
  0.138026342    
  0.142415881    
  0.146805406    
  0.151194945    
  0.155584469    
  0.159973994    
  0.164363518    
  0.168753058    
  0.173142597    
  0.177532107    
  0.181921646    
  0.186311185    
  0.190700695    
   1.56434495E-02
   1.91632248E-02
   2.26830002E-02
   2.62027755E-02
   2.97225527E-02
   3.32423300E-02
   3.67621034E-02
   4.02818806E-02
   4.38016579E-02
   4.73214313E-02
   5.08412085E-02
   5.43609858E-02
   5.78807592E-02
   6.14005364E-02
   6.49203137E-02
   6.84400871E-02
   7.19598606E-02
   7.54796416E-02
   7.89994150E-02
   8.25191960E-02
   8.60389695E-02
   8.95587429E-02
   9.30785164E-02
   9.65982974E-02
  0.100118071    
  0.103637852    
  0.107157625    
  0.110677399    
  0.114197180    
  0.117716953    
  0.121236734    
  0.124756508    
  0.128276289    
  0.131796047    
  0.135315835    
  0.138835624    
  0.142355382    
  0.145875171    
  0.149394944    
  0.152914703    
   1.17537407E-02
   1.43983318E-02
   1.70429219E-02
   1.96875129E-02
   2.23321058E-02
   2.49766987E-02
   2.76212879E-02
   3.02658807E-02
   3.29104736E-02
   3.55550610E-02
   3.81996557E-02
   4.08442467E-02
   4.34888341E-02
   4.61334288E-02
   4.87780198E-02
   5.14226146E-02
   5.40672019E-02
   5.67117929E-02
   5.93563877E-02
   6.20009825E-02
   6.46455735E-02
   6.72901645E-02
   6.99347481E-02
   7.25793466E-02
   7.52239376E-02
   7.78685287E-02
   8.05131197E-02
   8.31577107E-02
   8.58023018E-02
   8.84468928E-02
   9.10914913E-02
   9.37360823E-02
   9.63806659E-02
   9.90252569E-02
  0.101669855    
  0.104314446    
  0.106959030    
  0.109603629    
  0.112248227    
  0.114892803    
   7.84590840E-03
   9.61123779E-03
   1.13765672E-02
   1.31418956E-02
   1.49072260E-02
   1.66725554E-02
   1.84378829E-02
   2.02032141E-02
   2.19685435E-02
   2.37338711E-02
   2.54992004E-02
   2.72645317E-02
   2.90298592E-02
   3.07951886E-02
   3.25605199E-02
   3.43258493E-02
   3.60911787E-02
   3.78565080E-02
   3.96218374E-02
   4.13871706E-02
   4.31524962E-02
   4.49178256E-02
   4.66831513E-02
   4.84484844E-02
   5.02138138E-02
   5.19791469E-02
   5.37444726E-02
   5.55098020E-02
   5.72751313E-02
   5.90404607E-02
   6.08057939E-02
   6.25711232E-02
   6.43364489E-02
   6.61017746E-02
   6.78671077E-02
   6.96324408E-02
   7.13977665E-02
   7.31630996E-02
   7.49284253E-02
   7.66937509E-02
   3.92597867E-03
   4.80932416E-03
   5.69266919E-03
   6.57601422E-03
   7.45935971E-03
   8.34270474E-03
   9.22604930E-03
   1.01093948E-02
   1.09927403E-02
   1.18760848E-02
   1.27594303E-02
   1.36427758E-02
   1.45261204E-02
   1.54094659E-02
   1.62928123E-02
   1.71761569E-02
   1.80595014E-02
   1.89428478E-02
   1.98261924E-02
   2.07095388E-02
   2.15928834E-02
   2.24762280E-02
   2.33595725E-02
   2.42429189E-02
   2.51262635E-02
   2.60096099E-02
   2.68929545E-02
   2.77762990E-02
   2.86596455E-02
   2.95429900E-02
   3.04263365E-02
   3.13096829E-02
   3.21930274E-02
   3.30763683E-02
   3.39597166E-02
   3.48430648E-02
   3.57264057E-02
   3.66097540E-02
   3.74930985E-02
   3.83764394E-02
