  0.100000001    
  0.120000005    
  0.140000001    
  0.159999996    
  0.180000007    
  0.200000003    
  0.219999999    
  0.240000010    
  0.259999990    
  0.280000001    
  0.300000012    
  0.319999993    
  0.339999974    
  0.359999985    
  0.379999995    
  0.400000006    
  0.419999987    
  0.439999968    
  0.459999979    
  0.479999989    
  0.500000000    
  0.519999981    
  0.540000021    
  0.560000002    
  0.579999983    
  0.600000024    
  0.620000005    
  0.639999986    
  0.660000026    
  0.680000007    
  0.700000048    
  0.720000029    
  0.740000010    
  0.759999990    
  0.779999971    
  0.800000012    
  0.819999993    
  0.840000033    
  0.860000014    
  0.879999995    
  0.900000036    
  0.919999957    
  0.939999998    
  0.960000038    
  0.980000019    
   9.99390855E-02
  0.119926907    
  0.139914721    
  0.159902528    
  0.179890364    
  0.199878171    
  0.219865978    
  0.239853814    
  0.259841621    
  0.279829443    
  0.299817264    
  0.319805056    
  0.339792848    
  0.359780699    
  0.379768521    
  0.399756342    
  0.419744134    
  0.439731926    
  0.459719777    
  0.479707599    
  0.499695420    
  0.519683242    
  0.539671063    
  0.559658885    
  0.579646647    
  0.599634528    
  0.619622350    
  0.639610112    
  0.659597993    
  0.679585755    
  0.699573636    
  0.719561458    
  0.739549220    
  0.759537041    
  0.779524803    
  0.799512684    
  0.819500506    
  0.839488328    
  0.859476149    
  0.879463911    
  0.899451792    
  0.919439554    
  0.939427376    
  0.959415257    
  0.979403019    
   9.97564122E-02
  0.119707696    
  0.139658973    
  0.159610242    
  0.179561540    
  0.199512824    
  0.219464093    
  0.239415392    
  0.259366661    
  0.279317945    
  0.299269229    
  0.319220483    
  0.339171767    
  0.359123051    
  0.379074335    
  0.399025649    
  0.418976903    
  0.438928157    
  0.458879441    
  0.478830755    
  0.498782039    
  0.518733323    
  0.538684607    
  0.558635890    
  0.578587174    
  0.598538458    
  0.618489742    
  0.638440967    
  0.658392310    
  0.678343594    
  0.698294878    
  0.718246162    
  0.738197446    
  0.758148670    
  0.778099954    
  0.798051298    
  0.818002522    
  0.837953866    
  0.857905149    
  0.877856374    
  0.897807717    
  0.917758882    
  0.937710226    
  0.957661569    
  0.977612793    
   9.94521901E-02
  0.119342633    
  0.139233068    
  0.159123510    
  0.179013953    
  0.198904380    
  0.218794823    
  0.238685265    
  0.258575678    
  0.278466135    
  0.298356593    
  0.318247020    
  0.338137418    
  0.358027875    
  0.377918333    
  0.397808760    
  0.417699188    
  0.437589616    
  0.457480073    
  0.477370501    
  0.497260958    
  0.517151356    
  0.537041843    
  0.556932271    
  0.576822698    
  0.596713185    
  0.616603613    
  0.636494040    
  0.656384468    
  0.676274896    
  0.696165383    
  0.716055810    
  0.735946238    
  0.755836666    
  0.775727093    
  0.795617521    
  0.815507948    
  0.835398436    
  0.855288863    
  0.875179291    
  0.895069778    
  0.914960146    
  0.934850574    
  0.954741061    
  0.974631488    
   9.90268067E-02
  0.118832171    
  0.138637528    
  0.158442885    
  0.178248256    
  0.198053613    
  0.217858970    
  0.237664342    
  0.257469684    
  0.277275056    
  0.297080427    
  0.316885769    
  0.336691111    
  0.356496483    
  0.376301855    
  0.396107227    
  0.415912569    
  0.435717911    
  0.455523282    
  0.475328654    
  0.495134026    
  0.514939368    
  0.534744740    
  0.554550111    
  0.574355483    
  0.594160855    
  0.613966167    
  0.633771539    
  0.653576910    
  0.673382282    
  0.693187654    
  0.712993026    
  0.732798338    
  0.752603710    
  0.772409081    
  0.792214453    
  0.812019825    
  0.831825197    
  0.851630509    
  0.871435881    
  0.891241252    
  0.911046565    
  0.930851996    
  0.950657368    
  0.970462680    
   9.84807760E-02
  0.118176930    
  0.137873083    
  0.157569230    
  0.177265406    
  0.196961552    
  0.216657698    
  0.236353859    
  0.256049991    
  0.275746167    
  0.295442343    
  0.315138459    
  0.334834605    
  0.354530782    
  0.374226928    
  0.393923104    
  0.413619220    
  0.433315367    
  0.453011543    
  0.472707689    
  0.492403865    
  0.512099981    
  0.531796217    
  0.551492333    
  0.571188450    
  0.590884686    
  0.610580802    
  0.630276918    
  0.649973154    
  0.669669271    
  0.689365447    
  0.709061623    
  0.728757739    
  0.748453856    
  0.768149972    
  0.787846208    
  0.807542324    
  0.827238500    
  0.846934676    
  0.866630793    
  0.886326969    
  0.906023085    
  0.925719261    
  0.945415437    
  0.965111613    
   9.78147611E-02
  0.117377721    
  0.136940673    
  0.156503618    
  0.176066577    
  0.195629522    
  0.215192482    
  0.234755442    
  0.254318386    
  0.273881346    
  0.293444306    
  0.313007236    
  0.332570165    
  0.352133125    
  0.371696085    
  0.391259044    
  0.410822004    
  0.430384934    
  0.449947894    
  0.469510853    
  0.489073813    
  0.508636773    
  0.528199732    
  0.547762692    
  0.567325592    
  0.586888611    
  0.606451511    
  0.626014471    
  0.645577431    
  0.665140390    
  0.684703410    
  0.704266310    
  0.723829269    
  0.743392169    
  0.762955129    
  0.782518089    
  0.802081048    
  0.821644068    
  0.841206968    
  0.860769928    
  0.880332887    
  0.899895787    
  0.919458747    
  0.939021766    
  0.958584666    
   9.70295742E-02
  0.116435491    
  0.135841399    
  0.155247316    
  0.174653232    
  0.194059148    
  0.213465065    
  0.232870981    
  0.252276868    
  0.271682799    
  0.291088730    
  0.310494632    
  0.329900533    
  0.349306434    
  0.368712366    
  0.388118297    
  0.407524198    
  0.426930100    
  0.446336001    
  0.465741932    
  0.485147864    
  0.504553735    
  0.523959696    
  0.543365598    
  0.562771499    
  0.582177460    
  0.601583362    
  0.620989263    
  0.640395224    
  0.659801126    
  0.679207027    
  0.698612928    
  0.718018830    
  0.737424731    
  0.756830633    
  0.776236594    
  0.795642495    
  0.815048456    
  0.834454358    
  0.853860259    
  0.873266160    
  0.892672002    
  0.912077963    
  0.931483924    
  0.950889826    
   9.61261690E-02
  0.115351409    
  0.134576634    
  0.153801873    
  0.173027113    
  0.192252338    
  0.211477578    
  0.230702817    
  0.249928027    
  0.269153267    
  0.288378507    
  0.307603747    
  0.326828957    
  0.346054196    
  0.365279436    
  0.384504676    
  0.403729886    
  0.422955126    
  0.442180365    
  0.461405605    
  0.480630845    
  0.499856055    
  0.519081354    
  0.538306534    
  0.557531774    
  0.576757014    
  0.595982254    
  0.615207493    
  0.634432733    
  0.653657973    
  0.672883213    
  0.692108452    
  0.711333632    
  0.730558872    
  0.749784112    
  0.769009352    
  0.788234591    
  0.807459831    
  0.826685071    
  0.845910311    
  0.865135550    
  0.884360731    
  0.903585970    
  0.922811270    
  0.942036450    
   9.51056555E-02
  0.114126787    
  0.133147910    
  0.152169049    
  0.171190187    
  0.190211311    
  0.209232435    
  0.228253573    
  0.247274697    
  0.266295820    
  0.285316974    
  0.304338098    
  0.323359191    
  0.342380345    
  0.361401469    
  0.380422622    
  0.399443746    
  0.418464839    
  0.437485993    
  0.456507117    
  0.475528270    
  0.494549394    
  0.513570547    
  0.532591641    
  0.551612794    
  0.570633948    
  0.589655042    
  0.608676195    
  0.627697349    
  0.646718442    
  0.665739596    
  0.684760749    
  0.703781843    
  0.722802937    
  0.741824090    
  0.760845244    
  0.779866338    
  0.798887551    
  0.817908645    
  0.836929739    
  0.855950892    
  0.874971986    
  0.893993139    
  0.913014293    
  0.932035446    
   9.39692631E-02
  0.112763122    
  0.131556973    
  0.150350809    
  0.169144675    
  0.187938526    
  0.206732377    
  0.225526243    
  0.244320065    
  0.263113946    
  0.281907797    
  0.300701618    
  0.319495469    
  0.338289320    
  0.357083201    
  0.375877053    
  0.394670874    
  0.413464725    
  0.432258576    
  0.451052457    
  0.469846308    
  0.488640130    
  0.507434011    
  0.526227891    
  0.545021713    
  0.563815594    
  0.582609415    
  0.601403236    
  0.620197177    
  0.638990998    
  0.657784879    
  0.676578701    
  0.695372522    
  0.714166403    
  0.732960224    
  0.751754105    
  0.770547926    
  0.789341807    
  0.808135688    
  0.826929510    
  0.845723391    
  0.864517152    
  0.883311033    
  0.902104974    
  0.920898795    
   9.27183852E-02
  0.111262068    
  0.129805744    
  0.148349419    
  0.166893110    
  0.185436770    
  0.203980446    
  0.222524136    
  0.241067797    
  0.259611487    
  0.278155178    
  0.296698838    
  0.315242499    
  0.333786190    
  0.352329850    
  0.370873541    
  0.389417201    
  0.407960862    
  0.426504552    
  0.445048243    
  0.463591933    
  0.482135594    
  0.500679314    
  0.519222975    
  0.537766635    
  0.556310356    
  0.574854016    
  0.593397677    
  0.611941397    
  0.630485058    
  0.649028778    
  0.667572439    
  0.686116099    
  0.704659700    
  0.723203361    
  0.741747081    
  0.760290742    
  0.778834462    
  0.797378123    
  0.815921783    
  0.834465504    
  0.853009105    
  0.871552825    
  0.890096545    
  0.908640206    
   9.13545415E-02
  0.109625459    
  0.127896354    
  0.146167263    
  0.164438188    
  0.182709083    
  0.200979993    
  0.219250917    
  0.237521797    
  0.255792707    
  0.274063647    
  0.292334527    
  0.310605437    
  0.328876346    
  0.347147256    
  0.365418166    
  0.383689076    
  0.401959956    
  0.420230865    
  0.438501805    
  0.456772715    
  0.475043595    
  0.493314564    
  0.511585414    
  0.529856324    
  0.548127294    
  0.566398144    
  0.584669054    
  0.602940023    
  0.621210873    
  0.639481843    
  0.657752752    
  0.676023602    
  0.694294512    
  0.712565422    
  0.730836332    
  0.749107242    
  0.767378211    
  0.785649061    
  0.803919971    
  0.822190940    
  0.840461731    
  0.858732700    
  0.877003670    
  0.895274520    
   8.98794085E-02
  0.107855290    
  0.125831172    
  0.143807039    
  0.161782935    
  0.179758817    
  0.197734684    
  0.215710580    
  0.233686447    
  0.251662344    
  0.269638240    
  0.287614077    
  0.305589944    
  0.323565841    
  0.341541737    
  0.359517634    
  0.377493501    
  0.395469368    
  0.413445234    
  0.431421131    
  0.449397027    
  0.467372894    
  0.485348821    
  0.503324687    
  0.521300554    
  0.539276481    
  0.557252347    
  0.575228155    
  0.593204081    
  0.611179948    
  0.629155874    
  0.647131741    
  0.665107608    
  0.683083475    
  0.701059341    
  0.719035268    
  0.737011135    
  0.754987061    
  0.772962928    
  0.790938735    
  0.808914661    
  0.826890469    
  0.844866395    
  0.862842321    
  0.880818188    
   8.82947594E-02
  0.105953708    
  0.123612657    
  0.141271606    
  0.158930570    
  0.176589519    
  0.194248468    
  0.211907417    
  0.229566365    
  0.247225314    
  0.264884293    
  0.282543212    
  0.300202161    
  0.317861110    
  0.335520059    
  0.353179038    
  0.370837957    
  0.388496906    
  0.406155854    
  0.423814833    
  0.441473782    
  0.459132731    
  0.476791710    
  0.494450629    
  0.512109578    
  0.529768586    
  0.547427475    
  0.565086424    
  0.582745433    
  0.600404322    
  0.618063331    
  0.635722280    
  0.653381228    
  0.671040118    
  0.688699067    
  0.706358075    
  0.724017024    
  0.741675973    
  0.759334922    
  0.776993871    
  0.794652820    
  0.812311709    
  0.829970717    
  0.847629666    
  0.865288615    
   8.66025388E-02
  0.103923053    
  0.121243551    
  0.138564065    
  0.155884579    
  0.173205078    
  0.190525591    
  0.207846105    
  0.225166589    
  0.242487103    
  0.259807616    
  0.277128130    
  0.294448614    
  0.311769128    
  0.329089642    
  0.346410155    
  0.363730639    
  0.381051153    
  0.398371667    
  0.415692180    
  0.433012694    
  0.450333178    
  0.467653722    
  0.484974205    
  0.502294719    
  0.519615233    
  0.536935747    
  0.554256260    
  0.571576774    
  0.588897288    
  0.606217802    
  0.623538315    
  0.640858769    
  0.658179283    
  0.675499797    
  0.692820311    
  0.710140824    
  0.727461338    
  0.744781852    
  0.762102365    
  0.779422879    
  0.796743333    
  0.814063847    
  0.831384420    
  0.848704875    
   8.48048106E-02
  0.101765774    
  0.118726730    
  0.135687694    
  0.152648658    
  0.169609621    
  0.186570585    
  0.203531548    
  0.220492497    
  0.237453461    
  0.254414439    
  0.271375388    
  0.288336337    
  0.305297285    
  0.322258264    
  0.339219242    
  0.356180191    
  0.373141140    
  0.390102118    
  0.407063067    
  0.424024045    
  0.440984994    
  0.457945973    
  0.474906921    
  0.491867870    
  0.508828878    
  0.525789797    
  0.542750776    
  0.559711754    
  0.576672733    
  0.593633711    
  0.610594630    
  0.627555609    
  0.644516528    
  0.661477506    
  0.678438485    
  0.695399404    
  0.712360442    
  0.729321361    
  0.746282339    
  0.763243318    
  0.780204237    
  0.797165215    
  0.814126194    
  0.831087172    
   8.29037577E-02
   9.94845107E-02
  0.116065256    
  0.132646009    
  0.149226770    
  0.165807515    
  0.182388261    
  0.198969021    
  0.215549752    
  0.232130513    
  0.248711273    
  0.265292019    
  0.281872749    
  0.298453510    
  0.315034270    
  0.331615031    
  0.348195761    
  0.364776492    
  0.381357253    
  0.397938013    
  0.414518774    
  0.431099504    
  0.447680295    
  0.464261025    
  0.480841756    
  0.497422546    
  0.514003277    
  0.530584037    
  0.547164798    
  0.563745558    
  0.580326319    
  0.596907079    
  0.613487780    
  0.630068541    
  0.646649241    
  0.663230062    
  0.679810762    
  0.696391582    
  0.712972283    
  0.729553044    
  0.746133804    
  0.762714505    
  0.779295266    
  0.795876086    
  0.812456787    
   8.09017047E-02
   9.70820412E-02
  0.113262378    
  0.129442722    
  0.145623073    
  0.161803409    
  0.177983746    
  0.194164082    
  0.210344419    
  0.226524755    
  0.242705107    
  0.258885443    
  0.275065750    
  0.291246116    
  0.307426453    
  0.323606819    
  0.339787126    
  0.355967462    
  0.372147799    
  0.388328165    
  0.404508501    
  0.420688838    
  0.436869204    
  0.453049511    
  0.469229847    
  0.485410213    
  0.501590550    
  0.517770886    
  0.533951223    
  0.550131559    
  0.566311955    
  0.582492292    
  0.598672569    
  0.614852905    
  0.631033242    
  0.647213638    
  0.663393915    
  0.679574311    
  0.695754647    
  0.711934984    
  0.728115320    
  0.744295597    
  0.760475993    
  0.776656330    
  0.792836666    
   7.88010806E-02
   9.45612937E-02
  0.110321507    
  0.126081720    
  0.141841948    
  0.157602161    
  0.173362374    
  0.189122587    
  0.204882801    
  0.220643014    
  0.236403242    
  0.252163440    
  0.267923653    
  0.283683866    
  0.299444079    
  0.315204322    
  0.330964506    
  0.346724719    
  0.362484932    
  0.378245175    
  0.394005388    
  0.409765601    
  0.425525844    
  0.441286027    
  0.457046241    
  0.472806484    
  0.488566697    
  0.504326880    
  0.520087123    
  0.535847306    
  0.551607609    
  0.567367792    
  0.583127975    
  0.598888159    
  0.614648402    
  0.630408645    
  0.646168828    
  0.661929071    
  0.677689254    
  0.693449497    
  0.709209740    
  0.724969864    
  0.740730107    
  0.756490350    
  0.772250593    
   7.66044483E-02
   9.19253379E-02
  0.107246220    
  0.122567110    
  0.137887999    
  0.153208897    
  0.168529779    
  0.183850676    
  0.199171543    
  0.214492440    
  0.229813337    
  0.245134220    
  0.260455102    
  0.275775999    
  0.291096896    
  0.306417793    
  0.321738660    
  0.337059528    
  0.352380425    
  0.367701322    
  0.383022219    
  0.398343086    
  0.413664013    
  0.428984880    
  0.444305748    
  0.459626675    
  0.474947542    
  0.490268439    
  0.505589366    
  0.520910203    
  0.536231160    
  0.551551998    
  0.566872895    
  0.582193792    
  0.597514629    
  0.612835586    
  0.628156424    
  0.643477380    
  0.658798218    
  0.674119115    
  0.689440012    
  0.704760849    
  0.720081747    
  0.735402703    
  0.750723541    
   7.43144825E-02
   8.91773775E-02
  0.104040273    
  0.118903168    
  0.133766070    
  0.148628965    
  0.163491860    
  0.178354755    
  0.193217650    
  0.208080545    
  0.222943455    
  0.237806335    
  0.252669215    
  0.267532110    
  0.282395035    
  0.297257930    
  0.312120825    
  0.326983690    
  0.341846585    
  0.356709510    
  0.371572405    
  0.386435300    
  0.401298225    
  0.416161090    
  0.431023985    
  0.445886910    
  0.460749775    
  0.475612670    
  0.490475595    
  0.505338490    
  0.520201385    
  0.535064280    
  0.549927175    
  0.564790070    
  0.579652905    
  0.594515860    
  0.609378755    
  0.624241650    
  0.639104545    
  0.653967440    
  0.668830335    
  0.683693171    
  0.698556125    
  0.713419020    
  0.728281915    
   7.19339773E-02
   8.63207728E-02
  0.100707561    
  0.115094356    
  0.129481152    
  0.143867955    
  0.158254743    
  0.172641546    
  0.187028319    
  0.201415122    
  0.215801924    
  0.230188712    
  0.244575486    
  0.258962303    
  0.273349106    
  0.287735909    
  0.302122682    
  0.316509455    
  0.330896258    
  0.345283061    
  0.359669864    
  0.374056637    
  0.388443470    
  0.402830243    
  0.417217016    
  0.431603849    
  0.445990622    
  0.460377425    
  0.474764228    
  0.489151031    
  0.503537834    
  0.517924607    
  0.532311380    
  0.546698213    
  0.561084986    
  0.575471818    
  0.589858592    
  0.604245424    
  0.618632197    
  0.633018970    
  0.647405803    
  0.661792517    
  0.676179349    
  0.690566182    
  0.704952955    
   6.94658384E-02
   8.33590105E-02
   9.72521752E-02
  0.111145340    
  0.125038520    
  0.138931677    
  0.152824849    
  0.166718021    
  0.180611178    
  0.194504350    
  0.208397523    
  0.222290680    
  0.236183837    
  0.250077009    
  0.263970196    
  0.277863353    
  0.291756511    
  0.305649668    
  0.319542855    
  0.333436012    
  0.347329199    
  0.361222357    
  0.375115544    
  0.389008701    
  0.402901858    
  0.416795045    
  0.430688202    
  0.444581360    
  0.458474547    
  0.472367704    
  0.486260921    
  0.500154078    
  0.514047205    
  0.527940392    
  0.541833520    
  0.555726707    
  0.569619894    
  0.583513081    
  0.597406209    
  0.611299396    
  0.625192583    
  0.639085710    
  0.652978897    
  0.666872084    
  0.680765271    
   6.69130608E-02
   8.02956745E-02
   9.36782807E-02
  0.107060887    
  0.120443508    
  0.133826122    
  0.147208720    
  0.160591349    
  0.173973933    
  0.187356561    
  0.200739175    
  0.214121774    
  0.227504373    
  0.240886986    
  0.254269600    
  0.267652243    
  0.281034827    
  0.294417441    
  0.307800055    
  0.321182668    
  0.334565282    
  0.347947866    
  0.361330509    
  0.374713123    
  0.388095707    
  0.401478350    
  0.414860964    
  0.428243548    
  0.441626191    
  0.455008775    
  0.468391418    
  0.481774032    
  0.495156616    
  0.508539200    
  0.521921813    
  0.535304487    
  0.548687041    
  0.562069714    
  0.575452268    
  0.588834882    
  0.602217555    
  0.615600109    
  0.628982723    
  0.642365396    
  0.655747950    
   6.42787665E-02
   7.71345198E-02
   8.99902657E-02
  0.102846019    
  0.115701780    
  0.128557533    
  0.141413286    
  0.154269040    
  0.167124778    
  0.179980531    
  0.192836300    
  0.205692038    
  0.218547776    
  0.231403545    
  0.244259298    
  0.257115066    
  0.269970804    
  0.282826543    
  0.295682311    
  0.308538049    
  0.321393818    
  0.334249556    
  0.347105324    
  0.359961063    
  0.372816831    
  0.385672599    
  0.398528337    
  0.411384076    
  0.424239844    
  0.437095582    
  0.449951380    
  0.462807119    
  0.475662857    
  0.488518596    
  0.501374364    
  0.514230132    
  0.527085841    
  0.539941609    
  0.552797377    
  0.565653145    
  0.578508914    
  0.591364622    
  0.604220390    
  0.617076159    
  0.629931867    
   6.15661442E-02
   7.38793761E-02
   8.61926004E-02
   9.85058323E-02
  0.110819064    
  0.123132288    
  0.135445520    
  0.147758752    
  0.160071969    
  0.172385201    
  0.184698433    
  0.197011665    
  0.209324881    
  0.221638113    
  0.233951345    
  0.246264577    
  0.258577794    
  0.270891011    
  0.283204257    
  0.295517474    
  0.307830721    
  0.320143938    
  0.332457185    
  0.344770402    
  0.357083619    
  0.369396865    
  0.381710082    
  0.394023329    
  0.406336576    
  0.418649793    
  0.430963039    
  0.443276256    
  0.455589473    
  0.467902690    
  0.480215907    
  0.492529154    
  0.504842401    
  0.517155647    
  0.529468834    
  0.541782081    
  0.554095328    
  0.566408515    
  0.578721762    
  0.591035008    
  0.603348196    
   5.87785244E-02
   7.05342293E-02
   8.22899342E-02
   9.40456390E-02
  0.105801351    
  0.117557049    
  0.129312754    
  0.141068459    
  0.152824163    
  0.164579868    
  0.176335573    
  0.188091278    
  0.199846968    
  0.211602673    
  0.223358393    
  0.235114098    
  0.246869788    
  0.258625478    
  0.270381212    
  0.282136917    
  0.293892622    
  0.305648327    
  0.317404032    
  0.329159737    
  0.340915442    
  0.352671146    
  0.364426851    
  0.376182556    
  0.387938291    
  0.399693966    
  0.411449701    
  0.423205405    
  0.434961081    
  0.446716785    
  0.458472461    
  0.470228195    
  0.481983900    
  0.493739635    
  0.505495310    
  0.517251015    
  0.529006720    
  0.540762424    
  0.552518129    
  0.564273834    
  0.576029539    
   5.59192859E-02
   6.71031401E-02
   7.82869980E-02
   8.94708484E-02
  0.100654714    
  0.111838572    
  0.123022422    
  0.134206280    
  0.145390138    
  0.156573996    
  0.167757854    
  0.178941697    
  0.190125555    
  0.201309413    
  0.212493271    
  0.223677143    
  0.234860986    
  0.246044829    
  0.257228702    
  0.268412560    
  0.279596418    
  0.290780276    
  0.301964134    
  0.313147992    
  0.324331850    
  0.335515708    
  0.346699566    
  0.357883394    
  0.369067281    
  0.380251139    
  0.391434997    
  0.402618855    
  0.413802713    
  0.424986541    
  0.436170399    
  0.447354287    
  0.458538115    
  0.469722003    
  0.480905861    
  0.492089689    
  0.503273547    
  0.514457405    
  0.525641263    
  0.536825120    
  0.548008978    
   5.29919267E-02
   6.35903180E-02
   7.41886944E-02
   8.47870782E-02
   9.53854695E-02
  0.105983853    
  0.116582237    
  0.127180636    
  0.137778997    
  0.148377389    
  0.158975780    
  0.169574156    
  0.180172533    
  0.190770924    
  0.201369315    
  0.211967707    
  0.222566083    
  0.233164459    
  0.243762851    
  0.254361242    
  0.264959633    
  0.275557995    
  0.286156416    
  0.296754777    
  0.307353169    
  0.317951560    
  0.328549951    
  0.339148313    
  0.349746734    
  0.360345095    
  0.370943516    
  0.381541878    
  0.392140269    
  0.402738631    
  0.413337022    
  0.423935413    
  0.434533805    
  0.445132196    
  0.455730587    
  0.466328949    
  0.476927370    
  0.487525702    
  0.498124123    
  0.508722544    
  0.519320905    
   4.99999970E-02
   5.99999987E-02
   6.99999928E-02
   7.99999908E-02
   8.99999961E-02
   9.99999940E-02
  0.109999992    
  0.119999997    
  0.129999980    
  0.139999986    
  0.149999991    
  0.159999982    
  0.169999972    
  0.179999977    
  0.189999983    
  0.199999988    
  0.209999979    
  0.219999969    
  0.229999974    
  0.239999980    
  0.249999985    
  0.259999961    
  0.269999981    
  0.279999971    
  0.289999962    
  0.299999982    
  0.309999973    
  0.319999963    
  0.329999983    
  0.339999974    
  0.349999994    
  0.359999985    
  0.369999975    
  0.379999965    
  0.389999956    
  0.399999976    
  0.409999967    
  0.419999987    
  0.429999977    
  0.439999968    
  0.449999988    
  0.459999949    
  0.469999969    
  0.479999989    
  0.489999980    
   4.69471514E-02
   5.63365854E-02
   6.57260120E-02
   7.51154423E-02
   8.45048726E-02
   9.38943028E-02
  0.103283733    
  0.112673171    
  0.122062586    
  0.131452024    
  0.140841454    
  0.150230885    
  0.159620300    
  0.169009745    
  0.178399175    
  0.187788606    
  0.197178036    
  0.206567451    
  0.215956882    
  0.225346327    
  0.234735757    
  0.244125172    
  0.253514618    
  0.262904048    
  0.272293478    
  0.281682909    
  0.291072339    
  0.300461769    
  0.309851199    
  0.319240630    
  0.328630090    
  0.338019490    
  0.347408921    
  0.356798351    
  0.366187781    
  0.375577211    
  0.384966642    
  0.394356102    
  0.403745502    
  0.413134933    
  0.422524393    
  0.431913763    
  0.441303223    
  0.450692683    
  0.460082084    
   4.38371152E-02
   5.26045412E-02
   6.13719597E-02
   7.01393858E-02
   7.89068118E-02
   8.76742303E-02
   9.64416564E-02
  0.105209082    
  0.113976493    
  0.122743919    
  0.131511346    
  0.140278772    
  0.149046183    
  0.157813609    
  0.166581035    
  0.175348461    
  0.184115872    
  0.192883298    
  0.201650724    
  0.210418150    
  0.219185576    
  0.227952987    
  0.236720428    
  0.245487839    
  0.254255265    
  0.263022691    
  0.271790117    
  0.280557543    
  0.289324969    
  0.298092395    
  0.306859821    
  0.315627247    
  0.324394643    
  0.333162069    
  0.341929495    
  0.350696921    
  0.359464347    
  0.368231773    
  0.376999199    
  0.385766625    
  0.394534051    
  0.403301448    
  0.412068874    
  0.420836329    
  0.429603726    
   4.06736620E-02
   4.88083959E-02
   5.69431260E-02
   6.50778562E-02
   7.32125938E-02
   8.13473240E-02
   8.94820541E-02
   9.76167917E-02
  0.105751514    
  0.113886252    
  0.122020990    
  0.130155712    
  0.138290435    
  0.146425173    
  0.154559910    
  0.162694648    
  0.170829371    
  0.178964093    
  0.187098831    
  0.195233569    
  0.203368306    
  0.211503029    
  0.219637781    
  0.227772504    
  0.235907227    
  0.244041979    
  0.252176702    
  0.260311425    
  0.268446177    
  0.276580900    
  0.284715652    
  0.292850375    
  0.300985098    
  0.309119821    
  0.317254543    
  0.325389296    
  0.333524019    
  0.341658771    
  0.349793494    
  0.357928216    
  0.366062969    
  0.374197662    
  0.382332414    
  0.390467167    
  0.398601890    
   3.74606512E-02
   4.49527837E-02
   5.24449125E-02
   5.99370413E-02
   6.74291775E-02
   7.49213025E-02
   8.24134350E-02
   8.99055675E-02
   9.73976925E-02
  0.104889825    
  0.112381957    
  0.119874083    
  0.127366200    
  0.134858340    
  0.142350480    
  0.149842605    
  0.157334730    
  0.164826855    
  0.172318995    
  0.179811120    
  0.187303260    
  0.194795385    
  0.202287525    
  0.209779650    
  0.217271775    
  0.224763915    
  0.232256040    
  0.239748165    
  0.247240320    
  0.254732430    
  0.262224585    
  0.269716710    
  0.277208835    
  0.284700960    
  0.292193085    
  0.299685210    
  0.307177335    
  0.314669490    
  0.322161615    
  0.329653740    
  0.337145895    
  0.344637990    
  0.352130115    
  0.359622270    
  0.367114395    
   3.42020057E-02
   4.10424061E-02
   4.78828065E-02
   5.47232032E-02
   6.15636073E-02
   6.84040114E-02
   7.52444044E-02
   8.20848122E-02
   8.89252052E-02
   9.57656130E-02
  0.102606013    
  0.109446406    
  0.116286799    
  0.123127207    
  0.129967615    
  0.136808023    
  0.143648416    
  0.150488809    
  0.157329202    
  0.164169610    
  0.171010017    
  0.177850410    
  0.184690833    
  0.191531226    
  0.198371619    
  0.205212027    
  0.212052420    
  0.218892813    
  0.225733235    
  0.232573628    
  0.239414036    
  0.246254429    
  0.253094822    
  0.259935230    
  0.266775608    
  0.273616046    
  0.280456424    
  0.287296832    
  0.294137239    
  0.300977618    
  0.307818055    
  0.314658403    
  0.321498841    
  0.328339249    
  0.335179627    
   3.09016984E-02
   3.70820388E-02
   4.32623774E-02
   4.94427159E-02
   5.56230582E-02
   6.18033968E-02
   6.79837316E-02
   7.41640776E-02
   8.03444088E-02
   8.65247548E-02
   9.27050933E-02
   9.88854319E-02
  0.105065763    
  0.111246109    
  0.117426448    
  0.123606794    
  0.129787117    
  0.135967463    
  0.142147794    
  0.148328140    
  0.154508486    
  0.160688818    
  0.166869178    
  0.173049510    
  0.179229841    
  0.185410187    
  0.191590518    
  0.197770864    
  0.203951210    
  0.210131541    
  0.216311902    
  0.222492233    
  0.228672564    
  0.234852895    
  0.241033226    
  0.247213587    
  0.253393918    
  0.259574264    
  0.265754610    
  0.271934927    
  0.278115273    
  0.284295589    
  0.290475965    
  0.296656311    
  0.302836627    
   2.75637303E-02
   3.30764763E-02
   3.85892205E-02
   4.41019684E-02
   4.96147163E-02
   5.51274605E-02
   6.06402047E-02
   6.61529526E-02
   7.16656968E-02
   7.71784410E-02
   8.26911926E-02
   8.82039368E-02
   9.37166736E-02
   9.92294252E-02
  0.104742169    
  0.110254921    
  0.115767665    
  0.121280402    
  0.126793146    
  0.132305905    
  0.137818649    
  0.143331394    
  0.148844153    
  0.154356882    
  0.159869626    
  0.165382385    
  0.170895129    
  0.176407874    
  0.181920618    
  0.187433362    
  0.192946121    
  0.198458865    
  0.203971609    
  0.209484339    
  0.214997083    
  0.220509842    
  0.226022586    
  0.231535345    
  0.237048075    
  0.242560819    
  0.248073578    
  0.253586292    
  0.259099066    
  0.264611810    
  0.270124555    
   2.41921898E-02
   2.90306285E-02
   3.38690653E-02
   3.87075022E-02
   4.35459428E-02
   4.83843796E-02
   5.32228164E-02
   5.80612570E-02
   6.28996938E-02
   6.77381307E-02
   7.25765750E-02
   7.74150044E-02
   8.22534412E-02
   8.70918781E-02
   9.19303223E-02
   9.67687592E-02
  0.101607196    
  0.106445625    
  0.111284070    
  0.116122507    
  0.120960951    
  0.125799388    
  0.130637839    
  0.135476261    
  0.140314698    
  0.145153150    
  0.149991587    
  0.154830009    
  0.159668460    
  0.164506897    
  0.169345349    
  0.174183771    
  0.179022208    
  0.183860645    
  0.188699082    
  0.193537518    
  0.198375955    
  0.203214407    
  0.208052844    
  0.212891266    
  0.217729717    
  0.222568139    
  0.227406591    
  0.232245028    
  0.237083465    
   2.07911655E-02
   2.49493998E-02
   2.91076321E-02
   3.32658626E-02
   3.74240987E-02
   4.15823311E-02
   4.57405634E-02
   4.98987995E-02
   5.40570281E-02
   5.82152642E-02
   6.23735003E-02
   6.65317252E-02
   7.06899539E-02
   7.48481899E-02
   7.90064260E-02
   8.31646621E-02
   8.73228908E-02
   9.14811194E-02
   9.56393555E-02
   9.97975916E-02
  0.103955828    
  0.108114056    
  0.112272300    
  0.116430528    
  0.120588757    
  0.124747001    
  0.128905222    
  0.133063450    
  0.137221694    
  0.141379923    
  0.145538166    
  0.149696395    
  0.153854623    
  0.158012852    
  0.162171081    
  0.166329324    
  0.170487553    
  0.174645796    
  0.178804025    
  0.182962254    
  0.187120497    
  0.191278711    
  0.195436954    
  0.199595198    
  0.203753427    
   1.73648112E-02
   2.08377726E-02
   2.43107341E-02
   2.77836956E-02
   3.12566608E-02
   3.47296223E-02
   3.82025838E-02
   4.16755453E-02
   4.51485068E-02
   4.86214682E-02
   5.20944335E-02
   5.55673912E-02
   5.90403490E-02
   6.25133142E-02
   6.59862757E-02
   6.94592446E-02
   7.29321986E-02
   7.64051601E-02
   7.98781216E-02
   8.33510906E-02
   8.68240520E-02
   9.02970135E-02
   9.37699825E-02
   9.72429365E-02
  0.100715898    
  0.104188867    
  0.107661828    
  0.111134782    
  0.114607751    
  0.118080713    
  0.121553682    
  0.125026643    
  0.128499597    
  0.131972551    
  0.135445520    
  0.138918489    
  0.142391443    
  0.145864412    
  0.149337366    
  0.152810335    
  0.156283304    
  0.159756243    
  0.163229212    
  0.166702181    
  0.170175150    
   1.39173111E-02
   1.67007726E-02
   1.94842350E-02
   2.22676955E-02
   2.50511598E-02
   2.78346222E-02
   3.06180827E-02
   3.34015451E-02
   3.61850075E-02
   3.89684699E-02
   4.17519324E-02
   4.45353910E-02
   4.73188534E-02
   5.01023158E-02
   5.28857782E-02
   5.56692444E-02
   5.84527031E-02
   6.12361617E-02
   6.40196279E-02
   6.68030903E-02
   6.95865527E-02
   7.23700151E-02
   7.51534775E-02
   7.79369399E-02
   8.07204023E-02
   8.35038647E-02
   8.62873271E-02
   8.90707821E-02
   9.18542519E-02
   9.46377143E-02
   9.74211767E-02
  0.100204639    
  0.102988102    
  0.105771556    
  0.108555019    
  0.111338489    
  0.114121944    
  0.116905414    
  0.119688876    
  0.122472331    
  0.125255793    
  0.128039256    
  0.130822718    
  0.133606181    
  0.136389643    
   1.04528423E-02
   1.25434110E-02
   1.46339787E-02
   1.67245474E-02
   1.88151170E-02
   2.09056847E-02
   2.29962524E-02
   2.50868220E-02
   2.71773878E-02
   2.92679574E-02
   3.13585289E-02
   3.34490947E-02
   3.55396606E-02
   3.76302302E-02
   3.97207998E-02
   4.18113694E-02
   4.39019352E-02
   4.59925011E-02
   4.80830707E-02
   5.01736403E-02
   5.22642098E-02
   5.43547757E-02
   5.64453490E-02
   5.85359149E-02
   6.06264807E-02
   6.27170578E-02
   6.48076236E-02
   6.68981895E-02
   6.89887628E-02
   7.10793287E-02
   7.31699020E-02
   7.52604678E-02
   7.73510337E-02
   7.94415995E-02
   8.15321654E-02
   8.36227387E-02
   8.57133046E-02
   8.78038779E-02
   8.98944438E-02
   9.19850096E-02
   9.40755829E-02
   9.61661413E-02
   9.82567146E-02
  0.100347288    
  0.102437854    
   6.97565079E-03
   8.37078132E-03
   9.76591092E-03
   1.11610414E-02
   1.25561720E-02
   1.39513016E-02
   1.53464321E-02
   1.67415626E-02
   1.81366913E-02
   1.95318218E-02
   2.09269524E-02
   2.23220829E-02
   2.37172116E-02
   2.51123421E-02
   2.65074726E-02
   2.79026031E-02
   2.92977318E-02
   3.06928605E-02
   3.20879929E-02
   3.34831215E-02
   3.48782539E-02
   3.62733826E-02
   3.76685150E-02
   3.90636437E-02
   4.04587723E-02
   4.18539047E-02
   4.32490334E-02
   4.46441658E-02
   4.60392982E-02
   4.74344268E-02
   4.88295592E-02
   5.02246879E-02
   5.16198166E-02
   5.30149452E-02
   5.44100739E-02
   5.58052063E-02
   5.72003350E-02
   5.85954674E-02
   5.99905960E-02
   6.13857284E-02
   6.27808571E-02
   6.41759858E-02
   6.55711144E-02
   6.69662505E-02
   6.83613792E-02
   3.48993763E-03
   4.18792525E-03
   4.88591287E-03
   5.58390003E-03
   6.28188811E-03
   6.97987527E-03
   7.67786289E-03
   8.37585051E-03
   9.07383766E-03
   9.77182575E-03
   1.04698129E-02
   1.11678001E-02
   1.18657872E-02
   1.25637753E-02
   1.32617624E-02
   1.39597505E-02
   1.46577377E-02
   1.53557248E-02
   1.60537120E-02
   1.67517010E-02
   1.74496882E-02
   1.81476753E-02
   1.88456643E-02
   1.95436515E-02
   2.02416368E-02
   2.09396258E-02
   2.16376130E-02
   2.23356001E-02
   2.30335891E-02
   2.37315763E-02
   2.44295653E-02
   2.51275524E-02
   2.58255396E-02
   2.65235249E-02
   2.72215120E-02
   2.79195011E-02
   2.86174882E-02
   2.93154772E-02
   3.00134644E-02
   3.07114515E-02
   3.14094387E-02
   3.21074240E-02
   3.28054130E-02
   3.35034020E-02
   3.42013910E-02
