  0.100000001    
  0.118000001    
  0.136000007    
  0.153999999    
  0.171999991    
  0.189999998    
  0.208000004    
  0.225999981    
  0.243999988    
  0.261999995    
  0.280000001    
  0.298000008    
  0.315999985    
  0.333999991    
  0.351999968    
  0.370000005    
  0.387999982    
  0.405999988    
  0.423999965    
  0.442000002    
  0.460000008    
  0.477999985    
  0.495999992    
  0.513999999    
  0.532000005    
  0.550000012    
  0.568000019    
  0.585999966    
  0.603999972    
  0.621999979    
  0.640000045    
  0.657999992    
  0.675999999    
  0.694000006    
  0.712000012    
  0.730000019    
  0.747999966    
  0.766000032    
  0.784000039    
  0.801999986    
  0.820000052    
  0.838000000    
  0.856000006    
  0.874000013    
  0.892000020    
  0.910000026    
  0.927999973    
  0.945999980    
  0.963999987    
  0.981999993    
   9.99506563E-02
  0.117941774    
  0.135932893    
  0.153924003    
  0.171915114    
  0.189906240    
  0.207897365    
  0.225888461    
  0.243879586    
  0.261870712    
  0.279861838    
  0.297852963    
  0.315844059    
  0.333835185    
  0.351826280    
  0.369817436    
  0.387808502    
  0.405799627    
  0.423790723    
  0.441781878    
  0.459773004    
  0.477764100    
  0.495755225    
  0.513746381    
  0.531737506    
  0.549728632    
  0.567719758    
  0.585710824    
  0.603701890    
  0.621693015    
  0.639684200    
  0.657675266    
  0.675666392    
  0.693657517    
  0.711648643    
  0.729639769    
  0.747630835    
  0.765622020    
  0.783613145    
  0.801604211    
  0.819595397    
  0.837586462    
  0.855577588    
  0.873568714    
  0.891559839    
  0.909550965    
  0.927542031    
  0.945533156    
  0.963524282    
  0.981515408    
   9.98026729E-02
  0.117767155    
  0.135731637    
  0.153696120    
  0.171660587    
  0.189625069    
  0.207589567    
  0.225554019    
  0.243518516    
  0.261482984    
  0.279447496    
  0.297411978    
  0.315376431    
  0.333340913    
  0.351305366    
  0.369269907    
  0.387234360    
  0.405198842    
  0.423163295    
  0.441127807    
  0.459092289    
  0.477056772    
  0.495021254    
  0.512985766    
  0.530950248    
  0.548914731    
  0.566879213    
  0.584843636    
  0.602808118    
  0.620772600    
  0.638737142    
  0.656701565    
  0.674666047    
  0.692630529    
  0.710595071    
  0.728559554    
  0.746523976    
  0.764488518    
  0.782453001    
  0.800417423    
  0.818381965    
  0.836346388    
  0.854310870    
  0.872275352    
  0.890239835    
  0.908204377    
  0.926168799    
  0.944133282    
  0.962097764    
  0.980062246    
   9.95562002E-02
  0.117476314    
  0.135396436    
  0.153316543    
  0.171236649    
  0.189156771    
  0.207076892    
  0.224996984    
  0.242917106    
  0.260837227    
  0.278757364    
  0.296677470    
  0.314597577    
  0.332517684    
  0.350437790    
  0.368357927    
  0.386278033    
  0.404198140    
  0.422118247    
  0.440038383    
  0.457958519    
  0.475878596    
  0.493798733    
  0.511718869    
  0.529638946    
  0.547559083    
  0.565479219    
  0.583399296    
  0.601319373    
  0.619239509    
  0.637159705    
  0.655079782    
  0.672999859    
  0.690919995    
  0.708840132    
  0.726760268    
  0.744680285    
  0.762600482    
  0.780520618    
  0.798440695    
  0.816360831    
  0.834280908    
  0.852201045    
  0.870121181    
  0.888041258    
  0.905961394    
  0.923881471    
  0.941801608    
  0.959721684    
  0.977641821    
   9.92114767E-02
  0.117069535    
  0.134927616    
  0.152785674    
  0.170643717    
  0.188501790    
  0.206359863    
  0.224217907    
  0.242075980    
  0.259934038    
  0.277792126    
  0.295650184    
  0.313508242    
  0.331366301    
  0.349224359    
  0.367082447    
  0.384940505    
  0.402798563    
  0.420656621    
  0.438514709    
  0.456372768    
  0.474230826    
  0.492088884    
  0.509946942    
  0.527805030    
  0.545663118    
  0.563521206    
  0.581379175    
  0.599237263    
  0.617095351    
  0.634953439    
  0.652811468    
  0.670669556    
  0.688527644    
  0.706385672    
  0.724243760    
  0.742101789    
  0.759959936    
  0.777817965    
  0.795675993    
  0.813534141    
  0.831392109    
  0.849250197    
  0.867108285    
  0.884966373    
  0.902824402    
  0.920682430    
  0.938540518    
  0.956398606    
  0.974256635    
   9.87688377E-02
  0.116547227    
  0.134325624    
  0.152104005    
  0.169882387    
  0.187660784    
  0.205439180    
  0.223217547    
  0.240995944    
  0.258774340    
  0.276552737    
  0.294331133    
  0.312109500    
  0.329887897    
  0.347666264    
  0.365444690    
  0.383223057    
  0.401001453    
  0.418779820    
  0.436558247    
  0.454336643    
  0.472115010    
  0.489893407    
  0.507671833    
  0.525450230    
  0.543228626    
  0.561007023    
  0.578785360    
  0.596563756    
  0.614342153    
  0.632120609    
  0.649898946    
  0.667677343    
  0.685455739    
  0.703234136    
  0.721012533    
  0.738790870    
  0.756569326    
  0.774347723    
  0.792126060    
  0.809904516    
  0.827682853    
  0.845461249    
  0.863239646    
  0.881018043    
  0.898796439    
  0.916574776    
  0.934353173    
  0.952131569    
  0.969909966    
   9.82287228E-02
  0.115909897    
  0.133591071    
  0.151272237    
  0.168953389    
  0.186634570    
  0.204315752    
  0.221996889    
  0.239678070    
  0.257359236    
  0.275040418    
  0.292721599    
  0.310402751    
  0.328083932    
  0.345765084    
  0.363446265    
  0.381127417    
  0.398808599    
  0.416489750    
  0.434170961    
  0.451852143    
  0.469533294    
  0.487214446    
  0.504895627    
  0.522576809    
  0.540257990    
  0.557939172    
  0.575620294    
  0.593301475    
  0.610982656    
  0.628663898    
  0.646344960    
  0.664026141    
  0.681707323    
  0.699388504    
  0.717069685    
  0.734750807    
  0.752432048    
  0.770113230    
  0.787794352    
  0.805475593    
  0.823156714    
  0.840837896    
  0.858519077    
  0.876200199    
  0.893881381    
  0.911562502    
  0.929243684    
  0.946924865    
  0.964606047    
   9.75916758E-02
  0.115158178    
  0.132724687    
  0.150291175    
  0.167857677    
  0.185424179    
  0.202990681    
  0.220557168    
  0.238123670    
  0.255690187    
  0.273256689    
  0.290823191    
  0.308389664    
  0.325956196    
  0.343522668    
  0.361089200    
  0.378655672    
  0.396222174    
  0.413788676    
  0.431355208    
  0.448921710    
  0.466488183    
  0.484054685    
  0.501621187    
  0.519187689    
  0.536754191    
  0.554320753    
  0.571887195    
  0.589453697    
  0.607020199    
  0.624586761    
  0.642153203    
  0.659719706    
  0.677286208    
  0.694852710    
  0.712419212    
  0.729985714    
  0.747552276    
  0.765118778    
  0.782685220    
  0.800251782    
  0.817818224    
  0.835384727    
  0.852951229    
  0.870517731    
  0.888084233    
  0.905650735    
  0.923217237    
  0.940783739    
  0.958350241    
   9.68583152E-02
  0.114292815    
  0.131727323    
  0.149161801    
  0.166596293    
  0.184030801    
  0.201465309    
  0.218899772    
  0.236334279    
  0.253768772    
  0.271203279    
  0.288637787    
  0.306072265    
  0.323506773    
  0.340941250    
  0.358375788    
  0.375810266    
  0.393244743    
  0.410679221    
  0.428113759    
  0.445548266    
  0.462982744    
  0.480417252    
  0.497851759    
  0.515286267    
  0.532720745    
  0.550155282    
  0.567589700    
  0.585024178    
  0.602458715    
  0.619893253    
  0.637327731    
  0.654762208    
  0.672196746    
  0.689631224    
  0.707065701    
  0.724500179    
  0.741934717    
  0.759369254    
  0.776803672    
  0.794238269    
  0.811672688    
  0.829107225    
  0.846541703    
  0.863976181    
  0.881410718    
  0.898845136    
  0.916279674    
  0.933714151    
  0.951148689    
   9.60293710E-02
  0.113314658    
  0.130599946    
  0.147885233    
  0.165170506    
  0.182455808    
  0.199741095    
  0.217026368    
  0.234311655    
  0.251596957    
  0.268882245    
  0.286167532    
  0.303452790    
  0.320738077    
  0.338023365    
  0.355308682    
  0.372593939    
  0.389879227    
  0.407164514    
  0.424449831    
  0.441735119    
  0.459020376    
  0.476305664    
  0.493590951    
  0.510876238    
  0.528161526    
  0.545446873    
  0.562732100    
  0.580017388    
  0.597302675    
  0.614588022    
  0.631873250    
  0.649158537    
  0.666443825    
  0.683729112    
  0.701014400    
  0.718299687    
  0.735585034    
  0.752870321    
  0.770155549    
  0.787440896    
  0.804726124    
  0.822011411    
  0.839296699    
  0.856581986    
  0.873867273    
  0.891152561    
  0.908437848    
  0.925723135    
  0.943008423    
   9.51056555E-02
  0.112224676    
  0.129343703    
  0.146462709    
  0.163581714    
  0.180700734    
  0.197819769    
  0.214938760    
  0.232057780    
  0.249176815    
  0.266295820    
  0.283414871    
  0.300533861    
  0.317652881    
  0.334771872    
  0.351890922    
  0.369009912    
  0.386128932    
  0.403247952    
  0.420367002    
  0.437486023    
  0.454605013    
  0.471724033    
  0.488843054    
  0.505962074    
  0.523081124    
  0.540200114    
  0.557319105    
  0.574438095    
  0.591557145    
  0.608676255    
  0.625795186    
  0.642914236    
  0.660033226    
  0.677152276    
  0.694271266    
  0.711390257    
  0.728509367    
  0.745628357    
  0.762747347    
  0.779866397    
  0.796985388    
  0.814104378    
  0.831223428    
  0.848342478    
  0.865461469    
  0.882580459    
  0.899699450    
  0.916818500    
  0.933937490    
   9.40880775E-02
  0.111023933    
  0.127959788    
  0.144895643    
  0.161831483    
  0.178767338    
  0.195703208    
  0.212639034    
  0.229574904    
  0.246510759    
  0.263446629    
  0.280382484    
  0.297318310    
  0.314254165    
  0.331189990    
  0.348125905    
  0.365061730    
  0.381997585    
  0.398933411    
  0.415869296    
  0.432805151    
  0.449741006    
  0.466676861    
  0.483612716    
  0.500548601    
  0.517484426    
  0.534420311    
  0.551356077    
  0.568291962    
  0.585227847    
  0.602163732    
  0.619099557    
  0.636035383    
  0.652971268    
  0.669907153    
  0.686842978    
  0.703778803    
  0.720714688    
  0.737650573    
  0.754586399    
  0.771522284    
  0.788458109    
  0.805393934    
  0.822329819    
  0.839265645    
  0.856201530    
  0.873137355    
  0.890073180    
  0.907009065    
  0.923944890    
   9.29776505E-02
  0.109713629    
  0.126449615    
  0.143185586    
  0.159921542    
  0.176657528    
  0.193393514    
  0.210129470    
  0.226865456    
  0.243601441    
  0.260337412    
  0.277073413    
  0.293809354    
  0.310545325    
  0.327281296    
  0.344017297    
  0.360753268    
  0.377489239    
  0.394225210    
  0.410961211    
  0.427697182    
  0.444433153    
  0.461169124    
  0.477905124    
  0.494641095    
  0.511377096    
  0.528113067    
  0.544848979    
  0.561584949    
  0.578320980    
  0.595057011    
  0.611792922    
  0.628528893    
  0.645264864    
  0.662000895    
  0.678736866    
  0.695472777    
  0.712208807    
  0.728944778    
  0.745680749    
  0.762416780    
  0.779152691    
  0.795888662    
  0.812624693    
  0.829360664    
  0.846096635    
  0.862832546    
  0.879568517    
  0.896304548    
  0.913040519    
   9.17754620E-02
  0.108295046    
  0.124814630    
  0.141334206    
  0.157853782    
  0.174373373    
  0.190892965    
  0.207412526    
  0.223932102    
  0.240451694    
  0.256971300    
  0.273490876    
  0.290010422    
  0.306530029    
  0.323049575    
  0.339569211    
  0.356088758    
  0.372608364    
  0.389127910    
  0.405647516    
  0.422167122    
  0.438686669    
  0.455206275    
  0.471725851    
  0.488245457    
  0.504765034    
  0.521284640    
  0.537804186    
  0.554323733    
  0.570843339    
  0.587363005    
  0.603882492    
  0.620402098    
  0.636921704    
  0.653441250    
  0.669960856    
  0.686480403    
  0.703000069    
  0.719519615    
  0.736039162    
  0.752558827    
  0.769078374    
  0.785597920    
  0.802117527    
  0.818637133    
  0.835156679    
  0.851676226    
  0.868195832    
  0.884715438    
  0.901234984    
   9.04827043E-02
  0.106769592    
  0.123056486    
  0.139343366    
  0.155630246    
  0.171917140    
  0.188204035    
  0.204490900    
  0.220777795    
  0.237064689    
  0.253351569    
  0.269638479    
  0.285925329    
  0.302212238    
  0.318499088    
  0.334786028    
  0.351072878    
  0.367359787    
  0.383646637    
  0.399933547    
  0.416220456    
  0.432507306    
  0.448794216    
  0.465081096    
  0.481368005    
  0.497654885    
  0.513941765    
  0.530228615    
  0.546515524    
  0.562802434    
  0.579089344    
  0.595376194    
  0.611663103    
  0.627950013    
  0.644236863    
  0.660523772    
  0.676810622    
  0.693097532    
  0.709384441    
  0.725671291    
  0.741958261    
  0.758245051    
  0.774531960    
  0.790818870    
  0.807105780    
  0.823392630    
  0.839679480    
  0.855966389    
  0.872253299    
  0.888540149    
   8.91006514E-02
  0.105138771    
  0.121176891    
  0.137215003    
  0.153253108    
  0.169291243    
  0.185329363    
  0.201367453    
  0.217405587    
  0.233443707    
  0.249481827    
  0.265519947    
  0.281558037    
  0.297596186    
  0.313634276    
  0.329672426    
  0.345710516    
  0.361748636    
  0.377786726    
  0.393824875    
  0.409863025    
  0.425901115    
  0.441939235    
  0.457977355    
  0.474015474    
  0.490053594    
  0.506091714    
  0.522129774    
  0.538167894    
  0.554206014    
  0.570244193    
  0.586282313    
  0.602320433    
  0.618358552    
  0.634396672    
  0.650434792    
  0.666472852    
  0.682511032    
  0.698549151    
  0.714587212    
  0.730625391    
  0.746663451    
  0.762701571    
  0.778739691    
  0.794777870    
  0.810815990    
  0.826854050    
  0.842892170    
  0.858930290    
  0.874968410    
   8.76306668E-02
  0.103404187    
  0.119177714    
  0.134951219    
  0.150724739    
  0.166498259    
  0.182271793    
  0.198045284    
  0.213818818    
  0.229592338    
  0.245365858    
  0.261139393    
  0.276912898    
  0.292686403    
  0.308459908    
  0.324233472    
  0.340006977    
  0.355780482    
  0.371553987    
  0.387327552    
  0.403101057    
  0.418874562    
  0.434648097    
  0.450421631    
  0.466195136    
  0.481968671    
  0.497742206    
  0.513515651    
  0.529289186    
  0.545062721    
  0.560836315    
  0.576609790    
  0.592383325    
  0.608156800    
  0.623930335    
  0.639703870    
  0.655477345    
  0.671250939    
  0.687024474    
  0.702797949    
  0.718571484    
  0.734344959    
  0.750118494    
  0.765892029    
  0.781665564    
  0.797439098    
  0.813212574    
  0.828986049    
  0.844759583    
  0.860533118    
   8.60742033E-02
  0.101567559    
  0.117060922    
  0.132554278    
  0.148047626    
  0.163540989    
  0.179034352    
  0.194527686    
  0.210021049    
  0.225514412    
  0.241007775    
  0.256501138    
  0.271994472    
  0.287487835    
  0.302981168    
  0.318474561    
  0.333967894    
  0.349461257    
  0.364954591    
  0.380447984    
  0.395941347    
  0.411434680    
  0.426928043    
  0.442421407    
  0.457914770    
  0.473408133    
  0.488901496    
  0.504394829    
  0.519888163    
  0.535381556    
  0.550874949    
  0.566368222    
  0.581861615    
  0.597354949    
  0.612848341    
  0.628341675    
  0.643835008    
  0.659328401    
  0.674821794    
  0.690315127    
  0.705808520    
  0.721301794    
  0.736795187    
  0.752288520    
  0.767781913    
  0.783275247    
  0.798768580    
  0.814261973    
  0.829755306    
  0.845248699    
   8.44327956E-02
   9.96306986E-02
  0.114828601    
  0.130026504    
  0.145224392    
  0.160422310    
  0.175620213    
  0.190818101    
  0.206016004    
  0.221213907    
  0.236411825    
  0.251609743    
  0.266807616    
  0.282005519    
  0.297203392    
  0.312401325    
  0.327599227    
  0.342797130    
  0.357995003    
  0.373192936    
  0.388390839    
  0.403588742    
  0.418786645    
  0.433984548    
  0.449182451    
  0.464380383    
  0.479578286    
  0.494776130    
  0.509974062    
  0.525171936    
  0.540369928    
  0.555567741    
  0.570765674    
  0.585963607    
  0.601161480    
  0.616359413    
  0.631557286    
  0.646755219    
  0.661953151    
  0.677150965    
  0.692348957    
  0.707546830    
  0.722744703    
  0.737942636    
  0.753140509    
  0.768338442    
  0.783536315    
  0.798734188    
  0.813932121    
  0.829129994    
   8.27080533E-02
   9.75955054E-02
  0.112482958    
  0.127370402    
  0.142257839    
  0.157145306    
  0.172032759    
  0.186920181    
  0.201807648    
  0.216695100    
  0.231582552    
  0.246470004    
  0.261357427    
  0.276244909    
  0.291132331    
  0.306019813    
  0.320907235    
  0.335794687    
  0.350682110    
  0.365569592    
  0.380457073    
  0.395344496    
  0.410231948    
  0.425119400    
  0.440006852    
  0.454894304    
  0.469781756    
  0.484669179    
  0.499556631    
  0.514444113    
  0.529331565    
  0.544219017    
  0.559106469    
  0.573993921    
  0.588881373    
  0.603768826    
  0.618656218    
  0.633543730    
  0.648431182    
  0.663318574    
  0.678206086    
  0.693093479    
  0.707980931    
  0.722868383    
  0.737755835    
  0.752643347    
  0.767530739    
  0.782418191    
  0.797305644    
  0.812193096    
   8.09017047E-02
   9.54640061E-02
  0.110026315    
  0.124588616    
  0.139150918    
  0.153713226    
  0.168275535    
  0.182837829    
  0.197400138    
  0.211962447    
  0.226524755    
  0.241087079    
  0.255649358    
  0.270211667    
  0.284773946    
  0.299336284    
  0.313898593    
  0.328460902    
  0.343023181    
  0.357585520    
  0.372147828    
  0.386710107    
  0.401272416    
  0.415834725    
  0.430397063    
  0.444959372    
  0.459521681    
  0.474083930    
  0.488646239    
  0.503208578    
  0.517770946    
  0.532333195    
  0.546895504    
  0.561457813    
  0.576020122    
  0.590582430    
  0.605144680    
  0.619707048    
  0.634269357    
  0.648831606    
  0.663393974    
  0.677956223    
  0.692518532    
  0.707080841    
  0.721643209    
  0.736205518    
  0.750767767    
  0.765330076    
  0.779892385    
  0.794454694    
   7.90155008E-02
   9.32382867E-02
  0.107461087    
  0.121683866    
  0.135906652    
  0.150129452    
  0.164352238    
  0.178575009    
  0.192797810    
  0.207020611    
  0.221243396    
  0.235466197    
  0.249688968    
  0.263911754    
  0.278134525    
  0.292357355    
  0.306580126    
  0.320802927    
  0.335025698    
  0.349248499    
  0.363471299    
  0.377694070    
  0.391916871    
  0.406139672    
  0.420362473    
  0.434585243    
  0.448808044    
  0.463030785    
  0.477253586    
  0.491476387    
  0.505699217    
  0.519921958    
  0.534144759    
  0.548367560    
  0.562590361    
  0.576813161    
  0.591035903    
  0.605258763    
  0.619481564    
  0.633704305    
  0.647927165    
  0.662149906    
  0.676372707    
  0.690595448    
  0.704818249    
  0.719041049    
  0.733263791    
  0.747486591    
  0.761709392    
  0.775932193    
   7.70513266E-02
   9.09205601E-02
  0.104789808    
  0.118659034    
  0.132528275    
  0.146397516    
  0.160266757    
  0.174135983    
  0.188005224    
  0.201874465    
  0.215743706    
  0.229612947    
  0.243482172    
  0.257351428    
  0.271220624    
  0.285089910    
  0.298959136    
  0.312828362    
  0.326697588    
  0.340566844    
  0.354436100    
  0.368305326    
  0.382174551    
  0.396043807    
  0.409913033    
  0.423782289    
  0.437651545    
  0.451520741    
  0.465389967    
  0.479259223    
  0.493128508    
  0.506997705    
  0.520866930    
  0.534736216    
  0.548605442    
  0.562474668    
  0.576343894    
  0.590213180    
  0.604082406    
  0.617951632    
  0.631820917    
  0.645690084    
  0.659559309    
  0.673428595    
  0.687297821    
  0.701167047    
  0.715036273    
  0.728905499    
  0.742774725    
  0.756644011    
   7.50111043E-02
   8.85131061E-02
  0.102015108    
  0.115517102    
  0.129019096    
  0.142521098    
  0.156023100    
  0.169525087    
  0.183027089    
  0.196529090    
  0.210031092    
  0.223533094    
  0.237035081    
  0.250537068    
  0.264039069    
  0.277541101    
  0.291043073    
  0.304545075    
  0.318047047    
  0.331549078    
  0.345051080    
  0.358553082    
  0.372055084    
  0.385557085    
  0.399059087    
  0.412561089    
  0.426063091    
  0.439565033    
  0.453067064    
  0.466569066    
  0.480071098    
  0.493573070    
  0.507075071    
  0.520577073    
  0.534079075    
  0.547581077    
  0.561083019    
  0.574585080    
  0.588087082    
  0.601589024    
  0.615091085    
  0.628593028    
  0.642095029    
  0.655597091    
  0.669099092    
  0.682601094    
  0.696103036    
  0.709605038    
  0.723107040    
  0.736609042    
   7.28968605E-02
   8.60182941E-02
   9.91397351E-02
  0.112261169    
  0.125382602    
  0.138504043    
  0.151625469    
  0.164746895    
  0.177868336    
  0.190989777    
  0.204111218    
  0.217232659    
  0.230354071    
  0.243475512    
  0.256596923    
  0.269718379    
  0.282839805    
  0.295961261    
  0.309082657    
  0.322204143    
  0.335325569    
  0.348446995    
  0.361568421    
  0.374689877    
  0.387811303    
  0.400932759    
  0.414054185    
  0.427175581    
  0.440297037    
  0.453418463    
  0.466539949    
  0.479661345    
  0.492782801    
  0.505904198    
  0.519025683    
  0.532147110    
  0.545268476    
  0.558389962    
  0.571511447    
  0.584632814    
  0.597754300    
  0.610875726    
  0.623997152    
  0.637118578    
  0.650240004    
  0.663361490    
  0.676482856    
  0.689604282    
  0.702725768    
  0.715847194    
   7.07106814E-02
   8.34385976E-02
   9.61665288E-02
  0.108894445    
  0.121622361    
  0.134350285    
  0.147078216    
  0.159806117    
  0.172534049    
  0.185261965    
  0.197989896    
  0.210717827    
  0.223445728    
  0.236173660    
  0.248901561    
  0.261629522    
  0.274357408    
  0.287085354    
  0.299813241    
  0.312541187    
  0.325269133    
  0.337997019    
  0.350724965    
  0.363452882    
  0.376180798    
  0.388908744    
  0.401636660    
  0.414364547    
  0.427092463    
  0.439820409    
  0.452548355    
  0.465276241    
  0.478004187    
  0.490732104    
  0.503460050    
  0.516187966    
  0.528915823    
  0.541643798    
  0.554371715    
  0.567099631    
  0.579827607    
  0.592555463    
  0.605283380    
  0.618011296    
  0.630739272    
  0.643467188    
  0.656195045    
  0.668922961    
  0.681650937    
  0.694378853    
   6.84547052E-02
   8.07765573E-02
   9.30984095E-02
  0.105420247    
  0.117742091    
  0.130063936    
  0.142385796    
  0.154707626    
  0.167029470    
  0.179351330    
  0.191673175    
  0.203995034    
  0.216316864    
  0.228638709    
  0.240960538    
  0.253282428    
  0.265604258    
  0.277926087    
  0.290247947    
  0.302569807    
  0.314891666    
  0.327213496    
  0.339535326    
  0.351857185    
  0.364179045    
  0.376500905    
  0.388822734    
  0.401144564    
  0.413466424    
  0.425788254    
  0.438110143    
  0.450431973    
  0.462753803    
  0.475075662    
  0.487397522    
  0.499719381    
  0.512041211    
  0.524363101    
  0.536684930    
  0.549006760    
  0.561328650    
  0.573650420    
  0.585972309    
  0.598294139    
  0.610615969    
  0.622937858    
  0.635259688    
  0.647581518    
  0.659903347    
  0.672225237    
   6.61311820E-02
   7.80347958E-02
   8.99384096E-02
  0.101842016    
  0.113745622    
  0.125649244    
  0.137552857    
  0.149456456    
  0.161360070    
  0.173263684    
  0.185167313    
  0.197070926    
  0.208974525    
  0.220878139    
  0.232781738    
  0.244685367    
  0.256588966    
  0.268492579    
  0.280396193    
  0.292299807    
  0.304203451    
  0.316107035    
  0.328010648    
  0.339914262    
  0.351817876    
  0.363721490    
  0.375625104    
  0.387528688    
  0.399432302    
  0.411335915    
  0.423239589    
  0.435143173    
  0.447046787    
  0.458950400    
  0.470854014    
  0.482757628    
  0.494661212    
  0.506564856    
  0.518468499    
  0.530372083    
  0.542275727    
  0.554179311    
  0.566082895    
  0.577986538    
  0.589890122    
  0.601793766    
  0.613697350    
  0.625600934    
  0.637504578    
  0.649408162    
   6.37423918E-02
   7.52160251E-02
   8.66896585E-02
   9.81632844E-02
  0.109636910    
  0.121110544    
  0.132584184    
  0.144057795    
  0.155531436    
  0.167005062    
  0.178478703    
  0.189952344    
  0.201425955    
  0.212899581    
  0.224373206    
  0.235846862    
  0.247320473    
  0.258794099    
  0.270267725    
  0.281741381    
  0.293215007    
  0.304688632    
  0.316162258    
  0.327635914    
  0.339109540    
  0.350583166    
  0.362056792    
  0.373530388    
  0.385004044    
  0.396477669    
  0.407951355    
  0.419424951    
  0.430898577    
  0.442372203    
  0.453845859    
  0.465319484    
  0.476793081    
  0.488266766    
  0.499740392    
  0.511213958    
  0.522687674    
  0.534161270    
  0.545634866    
  0.557108521    
  0.568582177    
  0.580055773    
  0.591529369    
  0.603003025    
  0.614476681    
  0.625950277    
   6.12907074E-02
   7.23230317E-02
   8.33553672E-02
   9.43876877E-02
  0.105420008    
  0.116452336    
  0.127484664    
  0.138516977    
  0.149549320    
  0.160581648    
  0.171613976    
  0.182646304    
  0.193678617    
  0.204710945    
  0.215743259    
  0.226775616    
  0.237807930    
  0.248840258    
  0.259872556    
  0.270904928    
  0.281937242    
  0.292969555    
  0.304001898    
  0.315034211    
  0.326066554    
  0.337098897    
  0.348131210    
  0.359163523    
  0.370195836    
  0.381228179    
  0.392260551    
  0.403292835    
  0.414325178    
  0.425357491    
  0.436389834    
  0.447422147    
  0.458454460    
  0.469486833    
  0.480519146    
  0.491551459    
  0.502583802    
  0.513616085    
  0.524648428    
  0.535680771    
  0.546713114    
  0.557745457    
  0.568777740    
  0.579810083    
  0.590842366    
  0.601874709    
   5.87785244E-02
   6.93586618E-02
   7.99387991E-02
   9.05189291E-02
  0.101099059    
  0.111679196    
  0.122259334    
  0.132839456    
  0.143419594    
  0.153999731    
  0.164579868    
  0.175160006    
  0.185740128    
  0.196320266    
  0.206900388    
  0.217480540    
  0.228060663    
  0.238640800    
  0.249220923    
  0.259801090    
  0.270381212    
  0.280961335    
  0.291541487    
  0.302121609    
  0.312701762    
  0.323281884    
  0.333862036    
  0.344442129    
  0.355022281    
  0.365602404    
  0.376182586    
  0.386762679    
  0.397342831    
  0.407922953    
  0.418503106    
  0.429083228    
  0.439663351    
  0.450243503    
  0.460823655    
  0.471403748    
  0.481983930    
  0.492564023    
  0.503144145    
  0.513724327    
  0.524304450    
  0.534884572    
  0.545464694    
  0.556044817    
  0.566624939    
  0.577205122    
   5.62083386E-02
   6.63258359E-02
   7.64433444E-02
   8.65608379E-02
   9.66783315E-02
  0.106795840    
  0.116913341    
  0.127030835    
  0.137148336    
  0.147265837    
  0.157383338    
  0.167500854    
  0.177618340    
  0.187735841    
  0.197853327    
  0.207970843    
  0.218088329    
  0.228205845    
  0.238323331    
  0.248440847    
  0.258558363    
  0.268675834    
  0.278793335    
  0.288910836    
  0.299028367    
  0.309145868    
  0.319263369    
  0.329380840    
  0.339498341    
  0.349615842    
  0.359733373    
  0.369850844    
  0.379968345    
  0.390085846    
  0.400203347    
  0.410320878    
  0.420438349    
  0.430555880    
  0.440673381    
  0.450790852    
  0.460908383    
  0.471025854    
  0.481143355    
  0.491260856    
  0.501378357    
  0.511495888    
  0.521613359    
  0.531730831    
  0.541848361    
  0.551965833    
   5.35826758E-02
   6.32275566E-02
   7.28724375E-02
   8.25173184E-02
   9.21621919E-02
  0.101807080    
  0.111451961    
  0.121096835    
  0.130741715    
  0.140386596    
  0.150031492    
  0.159676373    
  0.169321239    
  0.178966135    
  0.188611001    
  0.198255897    
  0.207900763    
  0.217545658    
  0.227190524    
  0.236835420    
  0.246480301    
  0.256125182    
  0.265770048    
  0.275414944    
  0.285059839    
  0.294704705    
  0.304349601    
  0.313994467    
  0.323639333    
  0.333284229    
  0.342929125    
  0.352573991    
  0.362218887    
  0.371863753    
  0.381508648    
  0.391153544    
  0.400798380    
  0.410443306    
  0.420088202    
  0.429733038    
  0.439377964    
  0.449022800    
  0.458667696    
  0.468312591    
  0.477957457    
  0.487602353    
  0.497247189    
  0.506892085    
  0.516536951    
  0.526181877    
   5.09041362E-02
   6.00668825E-02
   6.92296326E-02
   7.83923715E-02
   8.75551105E-02
   9.67178568E-02
  0.105880611    
  0.115043342    
  0.124206088    
  0.133368835    
  0.142531589    
  0.151694328    
  0.160857067    
  0.170019805    
  0.179182544    
  0.188345313    
  0.197508037    
  0.206670791    
  0.215833530    
  0.224996284    
  0.234159037    
  0.243321761    
  0.252484500    
  0.261647254    
  0.270810008    
  0.279972762    
  0.289135516    
  0.298298210    
  0.307460964    
  0.316623718    
  0.325786501    
  0.334949225    
  0.344111979    
  0.353274703    
  0.362437457    
  0.371600211    
  0.380762935    
  0.389925718    
  0.399088442    
  0.408251166    
  0.417413950    
  0.426576674    
  0.435739428    
  0.444902152    
  0.454064906    
  0.463227659    
  0.472390383    
  0.481553137    
  0.490715861    
  0.499878615    
   4.81753610E-02
   5.68469279E-02
   6.55184984E-02
   7.41900578E-02
   8.28616172E-02
   9.15331841E-02
  0.100204751    
  0.108876310    
  0.117547877    
  0.126219451    
  0.134891018    
  0.143562585    
  0.152234137    
  0.160905704    
  0.169577256    
  0.178248838    
  0.186920390    
  0.195591956    
  0.204263523    
  0.212935105    
  0.221606672    
  0.230278224    
  0.238949791    
  0.247621357    
  0.256292939    
  0.264964491    
  0.273636073    
  0.282307595    
  0.290979177    
  0.299650729    
  0.308322340    
  0.316993862    
  0.325665444    
  0.334337026    
  0.343008578    
  0.351680160    
  0.360351682    
  0.369023293    
  0.377694845    
  0.386366397    
  0.395037979    
  0.403709531    
  0.412381113    
  0.421052665    
  0.429724246    
  0.438395798    
  0.447067350    
  0.455738902    
  0.464410484    
  0.473082036    
   4.53990437E-02
   5.35708703E-02
   6.17427006E-02
   6.99145272E-02
   7.80863464E-02
   8.62581804E-02
   9.44300145E-02
  0.102601826    
  0.110773660    
  0.118945487    
  0.127117321    
  0.135289147    
  0.143460974    
  0.151632801    
  0.159804612    
  0.167976454    
  0.176148281    
  0.184320107    
  0.192491934    
  0.200663775    
  0.208835602    
  0.217007414    
  0.225179255    
  0.233351082    
  0.241522908    
  0.249694735    
  0.257866561    
  0.266038388    
  0.274210215    
  0.282382041    
  0.290553898    
  0.298725694    
  0.306897521    
  0.315069348    
  0.323241204    
  0.331413031    
  0.339584827    
  0.347756684    
  0.355928510    
  0.364100307    
  0.372272164    
  0.380443990    
  0.388615817    
  0.396787643    
  0.404959470    
  0.413131297    
  0.421303093    
  0.429474950    
  0.437646776    
  0.445818603    
   4.25779335E-02
   5.02419583E-02
   5.79059906E-02
   6.55700117E-02
   7.32340366E-02
   8.08980688E-02
   8.85621011E-02
   9.62261185E-02
  0.103890151    
  0.111554176    
  0.119218208    
  0.126882240    
  0.134546250    
  0.142210290    
  0.149874300    
  0.157538354    
  0.165202364    
  0.172866389    
  0.180530414    
  0.188194454    
  0.195858493    
  0.203522503    
  0.211186543    
  0.218850568    
  0.226514593    
  0.234178632    
  0.241842657    
  0.249506667    
  0.257170707    
  0.264834732    
  0.272498786    
  0.280162781    
  0.287826806    
  0.295490831    
  0.303154886    
  0.310818911    
  0.318482906    
  0.326146960    
  0.333810985    
  0.341475010    
  0.349139065    
  0.356803060    
  0.364467084    
  0.372131139    
  0.379795164    
  0.387459189    
  0.395123184    
  0.402787209    
  0.410451263    
  0.418115288    
   3.97147909E-02
   4.68634516E-02
   5.40121160E-02
   6.11607768E-02
   6.83094338E-02
   7.54581019E-02
   8.26067626E-02
   8.97554159E-02
   9.69040841E-02
  0.104052745    
  0.111201413    
  0.118350074    
  0.125498727    
  0.132647395    
  0.139796048    
  0.146944717    
  0.154093370    
  0.161242038    
  0.168390691    
  0.175539374    
  0.182688028    
  0.189836681    
  0.196985349    
  0.204134017    
  0.211282685    
  0.218431354    
  0.225580007    
  0.232728645    
  0.239877313    
  0.247025982    
  0.254174680    
  0.261323303    
  0.268471986    
  0.275620639    
  0.282769293    
  0.289917976    
  0.297066599    
  0.304215312    
  0.311363965    
  0.318512619    
  0.325661302    
  0.332809925    
  0.339958608    
  0.347107261    
  0.354255915    
  0.361404598    
  0.368553221    
  0.375701904    
  0.382850558    
  0.389999241    
   3.68124545E-02
   4.34386954E-02
   5.00649400E-02
   5.66911809E-02
   6.33174181E-02
   6.99436590E-02
   7.65699074E-02
   8.31961408E-02
   8.98223817E-02
   9.64486301E-02
  0.103074871    
  0.109701119    
  0.116327353    
  0.122953594    
  0.129579827    
  0.136206090    
  0.142832324    
  0.149458557    
  0.156084791    
  0.162711054    
  0.169337288    
  0.175963521    
  0.182589769    
  0.189216018    
  0.195842266    
  0.202468500    
  0.209094748    
  0.215720966    
  0.222347215    
  0.228973463    
  0.235599726    
  0.242225945    
  0.248852193    
  0.255478442    
  0.262104690    
  0.268730938    
  0.275357157    
  0.281983405    
  0.288609654    
  0.295235872    
  0.301862150    
  0.308488369    
  0.315114617    
  0.321740866    
  0.328367114    
  0.334993333    
  0.341619581    
  0.348245800    
  0.354872048    
  0.361498296    
   3.38737927E-02
   3.99710722E-02
   4.60683592E-02
   5.21656387E-02
   5.82629181E-02
   6.43602014E-02
   7.04574883E-02
   7.65547603E-02
   8.26520473E-02
   8.87493268E-02
   9.48466137E-02
  0.100943901    
  0.107041173    
  0.113138460    
  0.119235732    
  0.125333026    
  0.131430298    
  0.137527585    
  0.143624857    
  0.149722159    
  0.155819446    
  0.161916718    
  0.168014005    
  0.174111277    
  0.180208564    
  0.186305851    
  0.192403138    
  0.198500395    
  0.204597682    
  0.210694969    
  0.216792271    
  0.222889543    
  0.228986830    
  0.235084102    
  0.241181388    
  0.247278675    
  0.253375947    
  0.259473234    
  0.265570521    
  0.271667808    
  0.277765095    
  0.283862352    
  0.289959639    
  0.296056926    
  0.302154213    
  0.308251500    
  0.314348757    
  0.320446044    
  0.326543331    
  0.332640618    
   3.09016984E-02
   3.64640020E-02
   4.20263112E-02
   4.75886129E-02
   5.31509183E-02
   5.87132238E-02
   6.42755330E-02
   6.98378310E-02
   7.54001364E-02
   8.09624419E-02
   8.65247548E-02
   9.20870602E-02
   9.76493582E-02
  0.103211664    
  0.108773962    
  0.114336282    
  0.119898580    
  0.125460893    
  0.131023183    
  0.136585504    
  0.142147809    
  0.147710115    
  0.153272420    
  0.158834726    
  0.164397031    
  0.169959337    
  0.175521642    
  0.181083933    
  0.186646238    
  0.192208543    
  0.197770879    
  0.203333169    
  0.208895475    
  0.214457780    
  0.220020086    
  0.225582391    
  0.231144682    
  0.236707017    
  0.242269322    
  0.247831613    
  0.253393948    
  0.258956224    
  0.264518529    
  0.270080835    
  0.275643140    
  0.281205446    
  0.286767751    
  0.292330056    
  0.297892362    
  0.303454667    
   2.78991070E-02
   3.29209454E-02
   3.79427895E-02
   4.29646261E-02
   4.79864627E-02
   5.30083030E-02
   5.80301434E-02
   6.30519763E-02
   6.80738166E-02
   7.30956569E-02
   7.81174973E-02
   8.31393450E-02
   8.81611779E-02
   9.31830183E-02
   9.82048512E-02
  0.103226699    
  0.108248532    
  0.113270372    
  0.118292205    
  0.123314053    
  0.128335893    
  0.133357733    
  0.138379574    
  0.143401414    
  0.148423254    
  0.153445095    
  0.158466935    
  0.163488761    
  0.168510601    
  0.173532441    
  0.178554296    
  0.183576122    
  0.188597962    
  0.193619803    
  0.198641643    
  0.203663483    
  0.208685309    
  0.213707164    
  0.218729019    
  0.223750830    
  0.228772700    
  0.233794525    
  0.238816366    
  0.243838206    
  0.248860046    
  0.253881872    
  0.258903712    
  0.263925552    
  0.268947393    
  0.273969233    
   2.48689838E-02
   2.93454006E-02
   3.38218175E-02
   3.82982343E-02
   4.27746475E-02
   4.72510681E-02
   5.17274849E-02
   5.62038980E-02
   6.06803149E-02
   6.51567355E-02
   6.96331561E-02
   7.41095692E-02
   7.85859823E-02
   8.30624029E-02
   8.75388160E-02
   9.20152366E-02
   9.64916497E-02
  0.100968070    
  0.105444476    
  0.109920904    
  0.114397325    
  0.118873738    
  0.123350151    
  0.127826571    
  0.132302985    
  0.136779413    
  0.141255826    
  0.145732239    
  0.150208652    
  0.154685065    
  0.159161508    
  0.163637906    
  0.168114319    
  0.172590747    
  0.177067161    
  0.181543574    
  0.186019987    
  0.190496415    
  0.194972843    
  0.199449241    
  0.203925669    
  0.208402082    
  0.212878495    
  0.217354909    
  0.221831337    
  0.226307750    
  0.230784163    
  0.235260576    
  0.239736989    
  0.244213417    
   2.18143165E-02
   2.57408936E-02
   2.96674725E-02
   3.35940458E-02
   3.75206210E-02
   4.14471999E-02
   4.53737788E-02
   4.93003502E-02
   5.32269292E-02
   5.71535081E-02
   6.10800870E-02
   6.50066659E-02
   6.89332336E-02
   7.28598163E-02
   7.67863840E-02
   8.07129741E-02
   8.46395418E-02
   8.85661244E-02
   9.24926922E-02
   9.64192823E-02
  0.100345857    
  0.104272433    
  0.108199008    
  0.112125583    
  0.116052166    
  0.119978741    
  0.123905323    
  0.127831891    
  0.131758466    
  0.135685042    
  0.139611632    
  0.143538207    
  0.147464782    
  0.151391357    
  0.155317932    
  0.159244508    
  0.163171083    
  0.167097673    
  0.171024248    
  0.174950808    
  0.178877413    
  0.182803974    
  0.186730549    
  0.190657124    
  0.194583714    
  0.198510289    
  0.202436849    
  0.206363425    
  0.210290015    
  0.214216590    
   1.87381245E-02
   2.21109856E-02
   2.54838504E-02
   2.88567096E-02
   3.22295725E-02
   3.56024355E-02
   3.89752984E-02
   4.23481576E-02
   4.57210205E-02
   4.90938835E-02
   5.24667464E-02
   5.58396094E-02
   5.92124686E-02
   6.25853315E-02
   6.59581870E-02
   6.93310574E-02
   7.27039203E-02
   7.60767832E-02
   7.94496387E-02
   8.28225091E-02
   8.61953720E-02
   8.95682275E-02
   9.29410905E-02
   9.63139534E-02
   9.96868163E-02
  0.103059679    
  0.106432550    
  0.109805398    
  0.113178261    
  0.116551124    
  0.119924001    
  0.123296849    
  0.126669720    
  0.130042583    
  0.133415446    
  0.136788309    
  0.140161157    
  0.143534034    
  0.146906897    
  0.150279745    
  0.153652623    
  0.157025471    
  0.160398334    
  0.163771197    
  0.167144075    
  0.170516938    
  0.173889786    
  0.177262649    
  0.180635512    
  0.184008375    
   1.56434383E-02
   1.84592567E-02
   2.12750752E-02
   2.40908936E-02
   2.69067101E-02
   2.97225304E-02
   3.25383507E-02
   3.53541635E-02
   3.81699838E-02
   4.09858041E-02
   4.38016243E-02
   4.66174446E-02
   4.94332574E-02
   5.22490777E-02
   5.50648943E-02
   5.78807183E-02
   6.06965348E-02
   6.35123551E-02
   6.63281679E-02
   6.91439956E-02
   7.19598159E-02
   7.47756287E-02
   7.75914490E-02
   8.04072693E-02
   8.32230896E-02
   8.60389099E-02
   8.88547227E-02
   9.16705355E-02
   9.44863558E-02
   9.73021761E-02
  0.100118004    
  0.102933817    
  0.105749637    
  0.108565457    
  0.111381277    
  0.114197098    
  0.117012903    
  0.119828731    
  0.122644551    
  0.125460371    
  0.128276199    
  0.131091997    
  0.133907825    
  0.136723638    
  0.139539465    
  0.142355278    
  0.145171091    
  0.147986919    
  0.150802732    
  0.153618559    
   1.25333238E-02
   1.47893215E-02
   1.70453209E-02
   1.93013176E-02
   2.15573143E-02
   2.38133147E-02
   2.60693133E-02
   2.83253081E-02
   3.05813085E-02
   3.28373052E-02
   3.50933075E-02
   3.73493060E-02
   3.96053009E-02
   4.18612994E-02
   4.41172943E-02
   4.63732965E-02
   4.86292914E-02
   5.08852936E-02
   5.31412885E-02
   5.53972907E-02
   5.76532893E-02
   5.99092841E-02
   6.21652827E-02
   6.44212812E-02
   6.66772798E-02
   6.89332783E-02
   7.11892769E-02
   7.34452680E-02
   7.57012740E-02
   7.79572725E-02
   8.02132785E-02
   8.24692696E-02
   8.47252682E-02
   8.69812667E-02
   8.92372653E-02
   9.14932638E-02
   9.37492549E-02
   9.60052609E-02
   9.82612595E-02
  0.100517251    
  0.102773257    
  0.105029248    
  0.107285246    
  0.109541252    
  0.111797251    
  0.114053249    
  0.116309240    
  0.118565239    
  0.120821238    
  0.123077236    
   9.41081904E-03
   1.11047663E-02
   1.27987145E-02
   1.44926608E-02
   1.61866080E-02
   1.78805552E-02
   1.95745025E-02
   2.12684479E-02
   2.29623970E-02
   2.46563442E-02
   2.63502933E-02
   2.80442405E-02
   2.97381859E-02
   3.14321332E-02
   3.31260785E-02
   3.48200314E-02
   3.65139730E-02
   3.82079221E-02
   3.99018675E-02
   4.15958203E-02
   4.32897657E-02
   4.49837111E-02
   4.66776602E-02
   4.83716093E-02
   5.00655547E-02
   5.17595038E-02
   5.34534529E-02
   5.51473945E-02
   5.68413436E-02
   5.85352890E-02
   6.02292456E-02
   6.19231872E-02
   6.36171326E-02
   6.53110817E-02
   6.70050308E-02
   6.86989799E-02
   7.03929216E-02
   7.20868707E-02
   7.37808198E-02
   7.54747614E-02
   7.71687180E-02
   7.88626596E-02
   8.05566087E-02
   8.22505578E-02
   8.39445069E-02
   8.56384560E-02
   8.73323977E-02
   8.90263394E-02
   9.07202885E-02
   9.24142376E-02
   6.27904991E-03
   7.40927877E-03
   8.53950810E-03
   9.66973696E-03
   1.07999649E-02
   1.19301947E-02
   1.30604235E-02
   1.41906515E-02
   1.53208803E-02
   1.64511111E-02
   1.75813399E-02
   1.87115688E-02
   1.98417958E-02
   2.09720265E-02
   2.21022535E-02
   2.32324842E-02
   2.43627112E-02
   2.54929420E-02
   2.66231690E-02
   2.77533997E-02
   2.88836304E-02
   3.00138574E-02
   3.11440863E-02
   3.22743170E-02
   3.34045440E-02
   3.45347747E-02
   3.56650054E-02
   3.67952287E-02
   3.79254594E-02
   3.90556902E-02
   4.01859209E-02
   4.13161479E-02
   4.24463749E-02
   4.35766056E-02
   4.47068363E-02
   4.58370633E-02
   4.69672903E-02
   4.80975248E-02
   4.92277518E-02
   5.03579788E-02
   5.14882132E-02
   5.26184365E-02
   5.37486672E-02
   5.48788980E-02
   5.60091250E-02
   5.71393557E-02
   5.82695790E-02
   5.93998097E-02
   6.05300404E-02
   6.16602674E-02
   3.14106094E-03
   3.70645174E-03
   4.27184300E-03
   4.83723357E-03
   5.40262414E-03
   5.96801564E-03
   6.53340667E-03
   7.09879678E-03
   7.66418828E-03
   8.22957885E-03
   8.79497081E-03
   9.36036184E-03
   9.92575195E-03
   1.04911430E-02
   1.10565331E-02
   1.16219250E-02
   1.21873152E-02
   1.27527071E-02
   1.33180972E-02
   1.38834892E-02
   1.44488802E-02
   1.50142703E-02
   1.55796614E-02
   1.61450524E-02
   1.67104434E-02
   1.72758345E-02
   1.78412255E-02
   1.84066147E-02
   1.89720076E-02
   1.95373986E-02
   2.01027915E-02
   2.06681807E-02
   2.12335717E-02
   2.17989627E-02
   2.23643538E-02
   2.29297448E-02
   2.34951340E-02
   2.40605269E-02
   2.46259179E-02
   2.51913071E-02
   2.57567000E-02
   2.63220891E-02
   2.68874802E-02
   2.74528731E-02
   2.80182641E-02
   2.85836551E-02
   2.91490443E-02
   2.97144353E-02
   3.02798264E-02
   3.08452174E-02
