  0.100000001    
  0.116363637    
  0.132727265    
  0.149090916    
  0.165454537    
  0.181818187    
  0.198181808    
  0.214545459    
  0.230909079    
  0.247272730    
  0.263636351    
  0.280000001    
  0.296363622    
  0.312727273    
  0.329090893    
  0.345454544    
  0.361818165    
  0.378181785    
  0.394545436    
  0.410909086    
  0.427272707    
  0.443636358    
  0.459999979    
  0.476363599    
  0.492727250    
  0.509090900    
  0.525454521    
  0.541818202    
  0.558181822    
  0.574545443    
  0.590909123    
  0.607272744    
  0.623636365    
  0.639999986    
  0.656363606    
  0.672727287    
  0.689090908    
  0.705454528    
  0.721818209    
  0.738181829    
  0.754545450    
  0.770909071    
  0.787272751    
  0.803636372    
  0.819999993    
  0.836363673    
  0.852727234    
  0.869090915    
  0.885454535    
  0.901818156    
  0.918181837    
  0.934545457    
  0.950909078    
  0.967272699    
  0.983636379    
   9.99592170E-02
  0.116316184    
  0.132673144    
  0.149030119    
  0.165387064    
  0.181744039    
  0.198100984    
  0.214457959    
  0.230814904    
  0.247171894    
  0.263528824    
  0.279885799    
  0.296242774    
  0.312599748    
  0.328956693    
  0.345313668    
  0.361670613    
  0.378027558    
  0.394384533    
  0.410741508    
  0.427098453    
  0.443455428    
  0.459812373    
  0.476169318    
  0.492526323    
  0.508883297    
  0.525240242    
  0.541597247    
  0.557954192    
  0.574311137    
  0.590668142    
  0.607025087    
  0.623382032    
  0.639738977    
  0.656095922    
  0.672452927    
  0.688809872    
  0.705166817    
  0.721523821    
  0.737880766    
  0.754237711    
  0.770594656    
  0.786951661    
  0.803308666    
  0.819665611    
  0.836022615    
  0.852379501    
  0.868736506    
  0.885093451    
  0.901450396    
  0.917807400    
  0.934164345    
  0.950521290    
  0.966878235    
  0.983235240    
   9.98369083E-02
  0.116173856    
  0.132510796    
  0.148847759    
  0.165184692    
  0.181521654    
  0.197858587    
  0.214195549    
  0.230532482    
  0.246869445    
  0.263206393    
  0.279543340    
  0.295880288    
  0.312217236    
  0.328554183    
  0.344891131    
  0.361228079    
  0.377564996    
  0.393901974    
  0.410238922    
  0.426575869    
  0.442912817    
  0.459249765    
  0.475586683    
  0.491923660    
  0.508260608    
  0.524597585    
  0.540934563    
  0.557271481    
  0.573608398    
  0.589945436    
  0.606282353    
  0.622619271    
  0.638956189    
  0.655293167    
  0.671630144    
  0.687967062    
  0.704303980    
  0.720641017    
  0.736977935    
  0.753314853    
  0.769651771    
  0.785988808    
  0.802325726    
  0.818662643    
  0.834999621    
  0.851336539    
  0.867673516    
  0.884010434    
  0.900347352    
  0.916684389    
  0.933021307    
  0.949358225    
  0.965695143    
  0.982032180    
   9.96331796E-02
  0.115936786    
  0.132240385    
  0.148544014    
  0.164847612    
  0.181151226    
  0.197454825    
  0.213758454    
  0.230062053    
  0.246365666    
  0.262669265    
  0.278972894    
  0.295276493    
  0.311580122    
  0.327883720    
  0.344187319    
  0.360490918    
  0.376794517    
  0.393098146    
  0.409401774    
  0.425705373    
  0.442009002    
  0.458312571    
  0.474616170    
  0.490919799    
  0.507223427    
  0.523527026    
  0.539830685    
  0.556134284    
  0.572437882    
  0.588741541    
  0.605045140    
  0.621348739    
  0.637652278    
  0.653955877    
  0.670259535    
  0.686563134    
  0.702866733    
  0.719170392    
  0.735473990    
  0.751777589    
  0.768081188    
  0.784384847    
  0.800688446    
  0.816992044    
  0.833295703    
  0.849599242    
  0.865902901    
  0.882206440    
  0.898510039    
  0.914813697    
  0.931117296    
  0.947420895    
  0.963724494    
  0.980028152    
   9.93481800E-02
  0.115605153    
  0.131862119    
  0.148119107    
  0.164376065    
  0.180633053    
  0.196890011    
  0.213146999    
  0.229403958    
  0.245660946    
  0.261917919    
  0.278174907    
  0.294431865    
  0.310688853    
  0.326945812    
  0.343202800    
  0.359459758    
  0.375716716    
  0.391973704    
  0.408230692    
  0.424487650    
  0.440744638    
  0.457001597    
  0.473258555    
  0.489515543    
  0.505772531    
  0.522029459    
  0.538286507    
  0.554543436    
  0.570800424    
  0.587057412    
  0.603314400    
  0.619571328    
  0.635828316    
  0.652085245    
  0.668342292    
  0.684599221    
  0.700856209    
  0.717113197    
  0.733370185    
  0.749627113    
  0.765884101    
  0.782141089    
  0.798398077    
  0.814655006    
  0.830912054    
  0.847168922    
  0.863425970    
  0.879682899    
  0.895939887    
  0.912196875    
  0.928453863    
  0.944710791    
  0.960967779    
  0.977224767    
   9.89821479E-02
  0.115179226    
  0.131376296    
  0.147573382    
  0.163770452    
  0.179967538    
  0.196164608    
  0.212361693    
  0.228558749    
  0.244755849    
  0.260952920    
  0.277150005    
  0.293347061    
  0.309544146    
  0.325741231    
  0.341938317    
  0.358135372    
  0.374332428    
  0.390529543    
  0.406726629    
  0.422923684    
  0.439120770    
  0.455317825    
  0.471514910    
  0.487711996    
  0.503909111    
  0.520106137    
  0.536303282    
  0.552500308    
  0.568697393    
  0.584894538    
  0.601091564    
  0.617288649    
  0.633485675    
  0.649682760    
  0.665879905    
  0.682076931    
  0.698274016    
  0.714471161    
  0.730668187    
  0.746865273    
  0.763062298    
  0.779259443    
  0.795456529    
  0.811653554    
  0.827850699    
  0.844047666    
  0.860244811    
  0.876441896    
  0.892638922    
  0.908836067    
  0.925033152    
  0.941230178    
  0.957427263    
  0.973624349    
   9.85353813E-02
  0.114659354    
  0.130783319    
  0.146907300    
  0.163031265    
  0.179155245    
  0.195279196    
  0.211403191    
  0.227527142    
  0.243651137    
  0.259775072    
  0.275899082    
  0.292023033    
  0.308147013    
  0.324270964    
  0.340394944    
  0.356518924    
  0.372642875    
  0.388766855    
  0.404890835    
  0.421014786    
  0.437138796    
  0.453262746    
  0.469386697    
  0.485510677    
  0.501634657    
  0.517758608    
  0.533882618    
  0.550006568    
  0.566130579    
  0.582254589    
  0.598378539    
  0.614502490    
  0.630626440    
  0.646750391    
  0.662874401    
  0.678998351    
  0.695122302    
  0.711246312    
  0.727370262    
  0.743494272    
  0.759618223    
  0.775742233    
  0.791866183    
  0.807990134    
  0.824114144    
  0.840238035    
  0.856362045    
  0.872485995    
  0.888609946    
  0.904734015    
  0.920857966    
  0.936981916    
  0.953105867    
  0.969229877    
   9.80082601E-02
  0.114045970    
  0.130083680    
  0.146121413    
  0.162159115    
  0.178196833    
  0.194234535    
  0.210272267    
  0.226309970    
  0.242347687    
  0.258385390    
  0.274423122    
  0.290460825    
  0.306498557    
  0.322536260    
  0.338573992    
  0.354611665    
  0.370649368    
  0.386687100    
  0.402724832    
  0.418762535    
  0.434800267    
  0.450837970    
  0.466875672    
  0.482913405    
  0.498951107    
  0.514988840    
  0.531026602    
  0.547064304    
  0.563101947    
  0.579139709    
  0.595177412    
  0.611215115    
  0.627252817    
  0.643290520    
  0.659328282    
  0.675365984    
  0.691403687    
  0.707441449    
  0.723479152    
  0.739516854    
  0.755554557    
  0.771592319    
  0.787630022    
  0.803667724    
  0.819705486    
  0.835743129    
  0.851780832    
  0.867818534    
  0.883856237    
  0.899893999    
  0.915931702    
  0.931969404    
  0.948007107    
  0.964044869    
   9.74011943E-02
  0.113339566    
  0.129277930    
  0.145216331    
  0.161154687    
  0.177093074    
  0.193031445    
  0.208969831    
  0.224908188    
  0.240846574    
  0.256784946    
  0.272723347    
  0.288661689    
  0.304600090    
  0.320538431    
  0.336476833    
  0.352415204    
  0.368353546    
  0.384291947    
  0.400230348    
  0.416168690    
  0.432107091    
  0.448045462    
  0.463983804    
  0.479922205    
  0.495860606    
  0.511798978    
  0.527737379    
  0.543675721    
  0.559614122    
  0.575552523    
  0.591490865    
  0.607429266    
  0.623367608    
  0.639305949    
  0.655244410    
  0.671182752    
  0.687121093    
  0.703059494    
  0.718997896    
  0.734936237    
  0.750874579    
  0.766813040    
  0.782751381    
  0.798689723    
  0.814628184    
  0.830566466    
  0.846504867    
  0.862443268    
  0.878381610    
  0.894320011    
  0.910258412    
  0.926196754    
  0.942135096    
  0.958073556    
   9.67146903E-02
  0.112540729    
  0.128366753    
  0.144192815    
  0.160018831    
  0.175844893    
  0.191670910    
  0.207496971    
  0.223322988    
  0.239149049    
  0.254975080    
  0.270801127    
  0.286627144    
  0.302453190    
  0.318279237    
  0.334105283    
  0.349931300    
  0.365757346    
  0.381583393    
  0.397409439    
  0.413235456    
  0.429061502    
  0.444887549    
  0.460713565    
  0.476539612    
  0.492365658    
  0.508191705    
  0.524017751    
  0.539843798    
  0.555669844    
  0.571495891    
  0.587321937    
  0.603147984    
  0.618973970    
  0.634800017    
  0.650626063    
  0.666452110    
  0.682278156    
  0.698104203    
  0.713930249    
  0.729756296    
  0.745582283    
  0.761408389    
  0.777234375    
  0.793060422    
  0.808886528    
  0.824712455    
  0.840538561    
  0.856364608    
  0.872190595    
  0.888016701    
  0.903842688    
  0.919668734    
  0.935494781    
  0.951320827    
   9.59492996E-02
  0.111650094    
  0.127350882    
  0.143051684    
  0.158752471    
  0.174453273    
  0.190154061    
  0.205854863    
  0.221555635    
  0.237256452    
  0.252957225    
  0.268658042    
  0.284358829    
  0.300059617    
  0.315760404    
  0.331461221    
  0.347161978    
  0.362862766    
  0.378563583    
  0.394264370    
  0.409965158    
  0.425665975    
  0.441366762    
  0.457067519    
  0.472768337    
  0.488469154    
  0.504169941    
  0.519870758    
  0.535571516    
  0.551272333    
  0.566973150    
  0.582673907    
  0.598374724    
  0.614075482    
  0.629776299    
  0.645477116    
  0.661177874    
  0.676878691    
  0.692579508    
  0.708280265    
  0.723981082    
  0.739681840    
  0.755382657    
  0.771083474    
  0.786784232    
  0.802485049    
  0.818185806    
  0.833886623    
  0.849587440    
  0.865288198    
  0.880989015    
  0.896689832    
  0.912390590    
  0.928091347    
  0.943792224    
   9.51056480E-02
  0.110668391    
  0.126231119    
  0.141793877    
  0.157356605    
  0.172919363    
  0.188482091    
  0.204044849    
  0.219607577    
  0.235170335    
  0.250733048    
  0.266295820    
  0.281858534    
  0.297421306    
  0.312984020    
  0.328546792    
  0.344109505    
  0.359672248    
  0.375234991    
  0.390797764    
  0.406360477    
  0.421923220    
  0.437485963    
  0.453048676    
  0.468611449    
  0.484174192    
  0.499736935    
  0.515299737    
  0.530862451    
  0.546425164    
  0.561987936    
  0.577550650    
  0.593113422    
  0.608676136    
  0.624238849    
  0.639801621    
  0.655364394    
  0.670927107    
  0.686489880    
  0.702052593    
  0.717615366    
  0.733178079    
  0.748740852    
  0.764303565    
  0.779866278    
  0.795429111    
  0.810991764    
  0.826554537    
  0.842117250    
  0.857680023    
  0.873242795    
  0.888805509    
  0.904368222    
  0.919930995    
  0.935493767    
   9.41844359E-02
  0.109596431    
  0.125008419    
  0.140420437    
  0.155832425    
  0.171244428    
  0.186656415    
  0.202068433    
  0.217480406    
  0.232892424    
  0.248304412    
  0.263716429    
  0.279128402    
  0.294540405    
  0.309952408    
  0.325364411    
  0.340776384    
  0.356188387    
  0.371600389    
  0.387012392    
  0.402424395    
  0.417836398    
  0.433248371    
  0.448660374    
  0.464072376    
  0.479484379    
  0.494896382    
  0.510308385    
  0.525720417    
  0.541132390    
  0.556544423    
  0.571956396    
  0.587368369    
  0.602780342    
  0.618192375    
  0.633604407    
  0.649016380    
  0.664428353    
  0.679840386    
  0.695252359    
  0.710664392    
  0.726076365    
  0.741488397    
  0.756900370    
  0.772312343    
  0.787724376    
  0.803136349    
  0.818548381    
  0.833960354    
  0.849372327    
  0.864784360    
  0.880196333    
  0.895608366    
  0.911020339    
  0.926432371    
   9.31864008E-02
  0.108435087    
  0.123683766    
  0.138932467    
  0.154181123    
  0.169429824    
  0.184678495    
  0.199927196    
  0.215175867    
  0.230424568    
  0.245673224    
  0.260921925    
  0.276170611    
  0.291419297    
  0.306667954    
  0.321916670    
  0.337165326    
  0.352414012    
  0.367662698    
  0.382911384    
  0.398160070    
  0.413408756    
  0.428657442    
  0.443906099    
  0.459154785    
  0.474403501    
  0.489652157    
  0.504900873    
  0.520149529    
  0.535398245    
  0.550646961    
  0.565895617    
  0.581144273    
  0.596392989    
  0.611641645    
  0.626890361    
  0.642139018    
  0.657387674    
  0.672636449    
  0.687885106    
  0.703133762    
  0.718382418    
  0.733631134    
  0.748879850    
  0.764128506    
  0.779377222    
  0.794625819    
  0.809874535    
  0.825123250    
  0.840371907    
  0.855620623    
  0.870869279    
  0.886117935    
  0.901366651    
  0.916615367    
   9.21123624E-02
  0.107185297    
  0.122258216    
  0.137331158    
  0.152404085    
  0.167477027    
  0.182549939    
  0.197622895    
  0.212695807    
  0.227768749    
  0.242841676    
  0.257914603    
  0.272987545    
  0.288060486    
  0.303133398    
  0.318206340    
  0.333279252    
  0.348352164    
  0.363425136    
  0.378498077    
  0.393570989    
  0.408643931    
  0.423716843    
  0.438789755    
  0.453862697    
  0.468935668    
  0.484008580    
  0.499081552    
  0.514154434    
  0.529227376    
  0.544300377    
  0.559373260    
  0.574446201    
  0.589519083    
  0.604592025    
  0.619664967    
  0.634737909    
  0.649810851    
  0.664883792    
  0.679956734    
  0.695029616    
  0.710102558    
  0.725175500    
  0.740248442    
  0.755321383    
  0.770394325    
  0.785467207    
  0.800540149    
  0.815613091    
  0.830686033    
  0.845758975    
  0.860831916    
  0.875904799    
  0.890977740    
  0.906050682    
   9.09631997E-02
  0.105848081    
  0.120732963    
  0.135617867    
  0.150502741    
  0.165387630    
  0.180272505    
  0.195157409    
  0.210042283    
  0.224927187    
  0.239812046    
  0.254696965    
  0.269581825    
  0.284466714    
  0.299351603    
  0.314236492    
  0.329121381    
  0.344006240    
  0.358891129    
  0.373776048    
  0.388660908    
  0.403545827    
  0.418430686    
  0.433315545    
  0.448200464    
  0.463085353    
  0.477970243    
  0.492855161    
  0.507740021    
  0.522624910    
  0.537509799    
  0.552394688    
  0.567279577    
  0.582164466    
  0.597049296    
  0.611934245    
  0.626819134    
  0.641703963    
  0.656588912    
  0.671473801    
  0.686358690    
  0.701243520    
  0.716128469    
  0.731013358    
  0.745898187    
  0.760783136    
  0.775667965    
  0.790552855    
  0.805437744    
  0.820322633    
  0.835207522    
  0.850092411    
  0.864977300    
  0.879862189    
  0.894747078    
   8.97398442E-02
  0.104424544    
  0.119109236    
  0.133793950    
  0.148478642    
  0.163163349    
  0.177848041    
  0.192532748    
  0.207217440    
  0.221902162    
  0.236586839    
  0.251271546    
  0.265956253    
  0.280640960    
  0.295325637    
  0.310010374    
  0.324695051    
  0.339379728    
  0.354064435    
  0.368749171    
  0.383433849    
  0.398118556    
  0.412803262    
  0.427487940    
  0.442172647    
  0.456857353    
  0.471542060    
  0.486226797    
  0.500911474    
  0.515596151    
  0.530280888    
  0.544965625    
  0.559650302    
  0.574334979    
  0.589019656    
  0.603704393    
  0.618389070    
  0.633073747    
  0.647758543    
  0.662443221    
  0.677127898    
  0.691812575    
  0.706497312    
  0.721181989    
  0.735866666    
  0.750551462    
  0.765236080    
  0.779920816    
  0.794605494    
  0.809290171    
  0.823974907    
  0.838659585    
  0.853344321    
  0.868028998    
  0.882713735    
   8.84432942E-02
  0.102915831    
  0.117388360    
  0.131860912    
  0.146333441    
  0.160805985    
  0.175278515    
  0.189751059    
  0.204223588    
  0.218696147    
  0.233168662    
  0.247641221    
  0.262113750    
  0.276586294    
  0.291058809    
  0.305531383    
  0.320003897    
  0.334476411    
  0.348948956    
  0.363421530    
  0.377894044    
  0.392366588    
  0.406839132    
  0.421311647    
  0.435784191    
  0.450256735    
  0.464729279    
  0.479201853    
  0.493674368    
  0.508146882    
  0.522619486    
  0.537092030    
  0.551564515    
  0.566037059    
  0.580509603    
  0.594982147    
  0.609454691    
  0.623927176    
  0.638399780    
  0.652872324    
  0.667344809    
  0.681817353    
  0.696289957    
  0.710762441    
  0.725234985    
  0.739707530    
  0.754180014    
  0.768652618    
  0.783125162    
  0.797597647    
  0.812070251    
  0.826542735    
  0.841015279    
  0.855487823    
  0.869960368    
   8.70746076E-02
  0.101323180    
  0.115571745    
  0.129820332    
  0.144068882    
  0.158317477    
  0.172566026    
  0.186814621    
  0.201063171    
  0.215311766    
  0.229560316    
  0.243808895    
  0.258057475    
  0.272306055    
  0.286554605    
  0.300803185    
  0.315051734    
  0.329300314    
  0.343548894    
  0.357797474    
  0.372046024    
  0.386294603    
  0.400543183    
  0.414791733    
  0.429040313    
  0.443288893    
  0.457537472    
  0.471786082    
  0.486034632    
  0.500283182    
  0.514531791    
  0.528780341    
  0.543028891    
  0.557277501    
  0.571526051    
  0.585774660    
  0.600023210    
  0.614271760    
  0.628520370    
  0.642768919    
  0.657017469    
  0.671266019    
  0.685514688    
  0.699763238    
  0.714011788    
  0.728260398    
  0.742508888    
  0.756757498    
  0.771006048    
  0.785254598    
  0.799503207    
  0.813751817    
  0.828000367    
  0.842248917    
  0.856497526    
   8.56349096E-02
   9.96478871E-02
  0.113660865    
  0.127673864    
  0.141686842    
  0.155699834    
  0.169712797    
  0.183725804    
  0.197738767    
  0.211751774    
  0.225764737    
  0.239777729    
  0.253790706    
  0.267803699    
  0.281816661    
  0.295829684    
  0.309842646    
  0.323855609    
  0.337868601    
  0.351881593    
  0.365894586    
  0.379907578    
  0.393920541    
  0.407933503    
  0.421946526    
  0.435959518    
  0.449972481    
  0.463985503    
  0.477998465    
  0.492011458    
  0.506024480    
  0.520037413    
  0.534050405    
  0.548063397    
  0.562076330    
  0.576089382    
  0.590102375    
  0.604115307    
  0.618128359    
  0.632141292    
  0.646154284    
  0.660167277    
  0.674180269    
  0.688193262    
  0.702206194    
  0.716219246    
  0.730232179    
  0.744245172    
  0.758258164    
  0.772271097    
  0.786284149    
  0.800297141    
  0.814310074    
  0.828323066    
  0.842336059    
   8.41253549E-02
   9.78913158E-02
  0.111657277    
  0.125423253    
  0.139189214    
  0.152955189    
  0.166721150    
  0.180487126    
  0.194253072    
  0.208019048    
  0.221785009    
  0.235550985    
  0.249316946    
  0.263082922    
  0.276848882    
  0.290614843    
  0.304380804    
  0.318146765    
  0.331912726    
  0.345678717    
  0.359444678    
  0.373210639    
  0.386976600    
  0.400742561    
  0.414508522    
  0.428274512    
  0.442040473    
  0.455806464    
  0.469572425    
  0.483338386    
  0.497104377    
  0.510870337    
  0.524636269    
  0.538402259    
  0.552168190    
  0.565934181    
  0.579700172    
  0.593466103    
  0.607232094    
  0.620998085    
  0.634764016    
  0.648529947    
  0.662295997    
  0.676061928    
  0.689827859    
  0.703593910    
  0.717359781    
  0.731125772    
  0.744891763    
  0.758657694    
  0.772423685    
  0.786189675    
  0.799955606    
  0.813721538    
  0.827487588    
   8.25471878E-02
   9.60549116E-02
  0.109562628    
  0.123070359    
  0.136578068    
  0.150085807    
  0.163593516    
  0.177101240    
  0.190608948    
  0.204116687    
  0.217624396    
  0.231132120    
  0.244639829    
  0.258147568    
  0.271655291    
  0.285163015    
  0.298670709    
  0.312178433    
  0.325686157    
  0.339193881    
  0.352701604    
  0.366209328    
  0.379717052    
  0.393224746    
  0.406732500    
  0.420240223    
  0.433747917    
  0.447255701    
  0.460763395    
  0.474271119    
  0.487778872    
  0.501286566    
  0.514794290    
  0.528302014    
  0.541809678    
  0.555317461    
  0.568825185    
  0.582332850    
  0.595840633    
  0.609348357    
  0.622856021    
  0.636363745    
  0.649871528    
  0.663379252    
  0.676886916    
  0.690394700    
  0.703902364    
  0.717410088    
  0.730917811    
  0.744425535    
  0.757933259    
  0.771440983    
  0.784948707    
  0.798456430    
  0.811964154    
   8.09016973E-02
   9.41401571E-02
  0.107378609    
  0.120617077    
  0.133855522    
  0.147093996    
  0.160332441    
  0.173570916    
  0.186809361    
  0.200047821    
  0.213286281    
  0.226524740    
  0.239763185    
  0.253001660    
  0.266240120    
  0.279478580    
  0.292717040    
  0.305955470    
  0.319193929    
  0.332432419    
  0.345670849    
  0.358909339    
  0.372147769    
  0.385386229    
  0.398624688    
  0.411863178    
  0.425101608    
  0.438340098    
  0.451578557    
  0.464816988    
  0.478055507    
  0.491293937    
  0.504532397    
  0.517770827    
  0.531009257    
  0.544247746    
  0.557486236    
  0.570724666    
  0.583963156    
  0.597201586    
  0.610440075    
  0.623678505    
  0.636916995    
  0.650155425    
  0.663393915    
  0.676632404    
  0.689870775    
  0.703109264    
  0.716347694    
  0.729586184    
  0.742824674    
  0.756063104    
  0.769301534    
  0.782540023    
  0.795778513    
   7.91902244E-02
   9.21486244E-02
  0.105107017    
  0.118065432    
  0.131023824    
  0.143982232    
  0.156940624    
  0.169899032    
  0.182857424    
  0.195815831    
  0.208774224    
  0.221732631    
  0.234691024    
  0.247649431    
  0.260607809    
  0.273566216    
  0.286524624    
  0.299483001    
  0.312441409    
  0.325399816    
  0.338358223    
  0.351316631    
  0.364275008    
  0.377233416    
  0.390191823    
  0.403150231    
  0.416108608    
  0.429067045    
  0.442025423    
  0.454983830    
  0.467942268    
  0.480900645    
  0.493859023    
  0.506817400    
  0.519775808    
  0.532734275    
  0.545692623    
  0.558651030    
  0.571609437    
  0.584567845    
  0.597526252    
  0.610484600    
  0.623443067    
  0.636401474    
  0.649359822    
  0.662318289    
  0.675276637    
  0.688235044    
  0.701193452    
  0.714151800    
  0.727110267    
  0.740068674    
  0.753027022    
  0.765985429    
  0.778943837    
   7.74141625E-02
   9.00819302E-02
  0.102749698    
  0.115417480    
  0.128085241    
  0.140753031    
  0.153420791    
  0.166088566    
  0.178756326    
  0.191424116    
  0.204091862    
  0.216759652    
  0.229427412    
  0.242095187    
  0.254762948    
  0.267430723    
  0.280098498    
  0.292766243    
  0.305434048    
  0.318101823    
  0.330769569    
  0.343437374    
  0.356105119    
  0.368772894    
  0.381440669    
  0.394108444    
  0.406776220    
  0.419444025    
  0.432111770    
  0.444779545    
  0.457447350    
  0.470115095    
  0.482782871    
  0.495450616    
  0.508118391    
  0.520786166    
  0.533453941    
  0.546121716    
  0.558789492    
  0.571457267    
  0.584125042    
  0.596792817    
  0.609460592    
  0.622128367    
  0.634796143    
  0.647463918    
  0.660131633    
  0.672799468    
  0.685467184    
  0.698134959    
  0.710802794    
  0.723470509    
  0.736138284    
  0.748806059    
  0.761473835    
   7.55749568E-02
   8.79417732E-02
  0.100308575    
  0.112675399    
  0.125042200    
  0.137409016    
  0.149775818    
  0.162142634    
  0.174509436    
  0.186876267    
  0.199243069    
  0.211609885    
  0.223976687    
  0.236343503    
  0.248710304    
  0.261077136    
  0.273443937    
  0.285810739    
  0.298177540    
  0.310544372    
  0.322911173    
  0.335278004    
  0.347644806    
  0.360011578    
  0.372378409    
  0.384745240    
  0.397112042    
  0.409478873    
  0.421845675    
  0.434212476    
  0.446579337    
  0.458946109    
  0.471312910    
  0.483679712    
  0.496046513    
  0.508413374    
  0.520780146    
  0.533146977    
  0.545513809    
  0.557880580    
  0.570247412    
  0.582614183    
  0.594981074    
  0.607347846    
  0.619714677    
  0.632081509    
  0.644448280    
  0.656815112    
  0.669181883    
  0.681548715    
  0.693915546    
  0.706282318    
  0.718649149    
  0.731015921    
  0.743382812    
   7.36741126E-02
   8.57298747E-02
   9.77856368E-02
  0.109841406    
  0.121897161    
  0.133952931    
  0.146008685    
  0.158064470    
  0.170120209    
  0.182175994    
  0.194231749    
  0.206287518    
  0.218343273    
  0.230399042    
  0.242454797    
  0.254510581    
  0.266566336    
  0.278622061    
  0.290677845    
  0.302733630    
  0.314789385    
  0.326845139    
  0.338900894    
  0.350956649    
  0.363012433    
  0.375068218    
  0.387123942    
  0.399179757    
  0.411235511    
  0.423291266    
  0.435347050    
  0.447402805    
  0.459458560    
  0.471514314    
  0.483570069    
  0.495625854    
  0.507681608    
  0.519737363    
  0.531793177    
  0.543848932    
  0.555904686    
  0.567960441    
  0.580016196    
  0.592071950    
  0.604127705    
  0.616183519    
  0.628239214    
  0.640295029    
  0.652350783    
  0.664406538    
  0.676462293    
  0.688518047    
  0.700573802    
  0.712629557    
  0.724685371    
   7.17131793E-02
   8.34480673E-02
   9.51829404E-02
  0.106917836    
  0.118652709    
  0.130387604    
  0.142122477    
  0.153857365    
  0.165592238    
  0.177327141    
  0.189062014    
  0.200796902    
  0.212531775    
  0.224266663    
  0.236001536    
  0.247736439    
  0.259471297    
  0.271206170    
  0.282941073    
  0.294675976    
  0.306410849    
  0.318145722    
  0.329880595    
  0.341615468    
  0.353350371    
  0.365085274    
  0.376820147    
  0.388555050    
  0.400289923    
  0.412024796    
  0.423759729    
  0.435494602    
  0.447229475    
  0.458964348    
  0.470699221    
  0.482434124    
  0.494168997    
  0.505903900    
  0.517638803    
  0.529373646    
  0.541108549    
  0.552843392    
  0.564578295    
  0.576313198    
  0.588048041    
  0.599783003    
  0.611517787    
  0.623252749    
  0.634987593    
  0.646722496    
  0.658457398    
  0.670192242    
  0.681927145    
  0.693661988    
  0.705396950    
   6.96937516E-02
   8.10981840E-02
   9.25026089E-02
  0.103907049    
  0.115311474    
  0.126715913    
  0.138120338    
  0.149524778    
  0.160929203    
  0.172333643    
  0.183738053    
  0.195142508    
  0.206546918    
  0.217951357    
  0.229355782    
  0.240760222    
  0.252164662    
  0.263569057    
  0.274973512    
  0.286377966    
  0.297782362    
  0.309186816    
  0.320591241    
  0.331995666    
  0.343400091    
  0.354804546    
  0.366208971    
  0.377613425    
  0.389017850    
  0.400422275    
  0.411826730    
  0.423231155    
  0.434635580    
  0.446040004    
  0.457444400    
  0.468848884    
  0.480253309    
  0.491657704    
  0.503062189    
  0.514466584    
  0.525871038    
  0.537275434    
  0.548679888    
  0.560084343    
  0.571488738    
  0.582893193    
  0.594297588    
  0.605702043    
  0.617106497    
  0.628510892    
  0.639915347    
  0.651319802    
  0.662724197    
  0.674128592    
  0.685533106    
   6.76174909E-02
   7.86821693E-02
   8.97468403E-02
  0.100811534    
  0.111876205    
  0.122940890    
  0.134005561    
  0.145070255    
  0.156134918    
  0.167199612    
  0.178264275    
  0.189328969    
  0.200393632    
  0.211458325    
  0.222522989    
  0.233587682    
  0.244652361    
  0.255717009    
  0.266781718    
  0.277846396    
  0.288911074    
  0.299975753    
  0.311040431    
  0.322105110    
  0.333169788    
  0.344234467    
  0.355299145    
  0.366363853    
  0.377428532    
  0.388493210    
  0.399557918    
  0.410622567    
  0.421687245    
  0.432751924    
  0.443816572    
  0.454881281    
  0.465945959    
  0.477010638    
  0.488075346    
  0.499139994    
  0.510204673    
  0.521269321    
  0.532334030    
  0.543398738    
  0.554463387    
  0.565528095    
  0.576592743    
  0.587657452    
  0.598722100    
  0.609786808    
  0.620851517    
  0.631916165    
  0.642980814    
  0.654045522    
  0.665110230    
   6.54860735E-02
   7.62019753E-02
   8.69178772E-02
   9.76337865E-02
  0.108349681    
  0.119065590    
  0.129781485    
  0.140497401    
  0.151213288    
  0.161929205    
  0.172645092    
  0.183361009    
  0.194076896    
  0.204792812    
  0.215508699    
  0.226224616    
  0.236940503    
  0.247656405    
  0.258372307    
  0.269088238    
  0.279804111    
  0.290520042    
  0.301235914    
  0.311951816    
  0.322667718    
  0.333383650    
  0.344099522    
  0.354815453    
  0.365531355    
  0.376247257    
  0.386963189    
  0.397679061    
  0.408394963    
  0.419110864    
  0.429826766    
  0.440542698    
  0.451258570    
  0.461974472    
  0.472690403    
  0.483406305    
  0.494122177    
  0.504838109    
  0.515554011    
  0.526269913    
  0.536985815    
  0.547701716    
  0.558417559    
  0.569133520    
  0.579849422    
  0.590565324    
  0.601281226    
  0.611997128    
  0.622713029    
  0.633428931    
  0.644144833    
   6.33012503E-02
   7.36596361E-02
   8.40180144E-02
   9.43764076E-02
  0.104734786    
  0.115093179    
  0.125451550    
  0.135809958    
  0.146168321    
  0.156526729    
  0.166885093    
  0.177243486    
  0.187601864    
  0.197960258    
  0.208318636    
  0.218677029    
  0.229035407    
  0.239393786    
  0.249752179    
  0.260110587    
  0.270468950    
  0.280827343    
  0.291185737    
  0.301544100    
  0.311902493    
  0.322260886    
  0.332619280    
  0.342977673    
  0.353336066    
  0.363694429    
  0.374052852    
  0.384411216    
  0.394769609    
  0.405127972    
  0.415486336    
  0.425844759    
  0.436203152    
  0.446561515    
  0.456919938    
  0.467278302    
  0.477636695    
  0.487995058    
  0.498353481    
  0.508711874    
  0.519070208    
  0.529428661    
  0.539786994    
  0.550145388    
  0.560503781    
  0.570862114    
  0.581220567    
  0.591578960    
  0.601937294    
  0.612295687    
  0.622654080    
   6.10647872E-02
   7.10572079E-02
   8.10496211E-02
   9.10420492E-02
  0.101034455    
  0.111026883    
  0.121019296    
  0.131011724    
  0.141004130    
  0.150996566    
  0.160988972    
  0.170981407    
  0.180973813    
  0.190966234    
  0.200958654    
  0.210951075    
  0.220943481    
  0.230935901    
  0.240928322    
  0.250920743    
  0.260913163    
  0.270905584    
  0.280898005    
  0.290890425    
  0.300882846    
  0.310875267    
  0.320867687    
  0.330860138    
  0.340852529    
  0.350844949    
  0.360837400    
  0.370829791    
  0.380822212    
  0.390814632    
  0.400807023    
  0.410799474    
  0.420791894    
  0.430784285    
  0.440776736    
  0.450769156    
  0.460761577    
  0.470753968    
  0.480746418    
  0.490738839    
  0.500731230    
  0.510723710    
  0.520716071    
  0.530708492    
  0.540700912    
  0.550693333    
  0.560685754    
  0.570678174    
  0.580670595    
  0.590663016    
  0.600655437    
   5.87785244E-02
   6.83968291E-02
   7.80151263E-02
   8.76334384E-02
   9.72517356E-02
  0.106870048    
  0.116488345    
  0.126106650    
  0.135724947    
  0.145343259    
  0.154961556    
  0.164579868    
  0.174198166    
  0.183816478    
  0.193434775    
  0.203053087    
  0.212671384    
  0.222289667    
  0.231907979    
  0.241526291    
  0.251144588    
  0.260762900    
  0.270381212    
  0.279999495    
  0.289617807    
  0.299236119    
  0.308854401    
  0.318472743    
  0.328091025    
  0.337709337    
  0.347327650    
  0.356945962    
  0.366564244    
  0.376182556    
  0.385800838    
  0.395419180    
  0.405037463    
  0.414655775    
  0.424274087    
  0.433892399    
  0.443510681    
  0.453128964    
  0.462747306    
  0.472365588    
  0.481983900    
  0.491602212    
  0.501220465    
  0.510838807    
  0.520457089    
  0.530075431    
  0.539693713    
  0.549312055    
  0.558930337    
  0.568548620    
  0.578166962    
   5.64443171E-02
   6.56806603E-02
   7.49169961E-02
   8.41533467E-02
   9.33896825E-02
  0.102626033    
  0.111862369    
  0.121098720    
  0.130335048    
  0.139571398    
  0.148807734    
  0.158044085    
  0.167280421    
  0.176516771    
  0.185753107    
  0.194989458    
  0.204225793    
  0.213462129    
  0.222698480    
  0.231934831    
  0.241171166    
  0.250407517    
  0.259643853    
  0.268880188    
  0.278116524    
  0.287352890    
  0.296589226    
  0.305825591    
  0.315061927    
  0.324298263    
  0.333534628    
  0.342770964    
  0.352007300    
  0.361243635    
  0.370479941    
  0.379716337    
  0.388952643    
  0.398188978    
  0.407425344    
  0.416661680    
  0.425898015    
  0.435134351    
  0.444370717    
  0.453607053    
  0.462843388    
  0.472079754    
  0.481316060    
  0.490552425    
  0.499788761    
  0.509025097    
  0.518261492    
  0.527497828    
  0.536734164    
  0.545970440    
  0.555206835    
   5.40640764E-02
   6.29109293E-02
   7.17577711E-02
   8.06046277E-02
   8.94514695E-02
   9.82983261E-02
  0.107145168    
  0.115992025    
  0.124838866    
  0.133685723    
  0.142532557    
  0.151379421    
  0.160226256    
  0.169073120    
  0.177919954    
  0.186766818    
  0.195613652    
  0.204460487    
  0.213307351    
  0.222154200    
  0.231001049    
  0.239847898    
  0.248694748    
  0.257541597    
  0.266388446    
  0.275235295    
  0.284082144    
  0.292929024    
  0.301775843    
  0.310622692    
  0.319469571    
  0.328316391    
  0.337163240    
  0.346010089    
  0.354856938    
  0.363703787    
  0.372550637    
  0.381397486    
  0.390244365    
  0.399091184    
  0.407938033    
  0.416784883    
  0.425631762    
  0.434478581    
  0.443325430    
  0.452172309    
  0.461019099    
  0.469865978    
  0.478712827    
  0.487559676    
  0.496406525    
  0.505253375    
  0.514100194    
  0.522947073    
  0.531793952    
   5.16397469E-02
   6.00898899E-02
   6.85400218E-02
   7.69901723E-02
   8.54403079E-02
   9.38904509E-02
  0.102340586    
  0.110790737    
  0.119240865    
  0.127691016    
  0.136141151    
  0.144591287    
  0.153041422    
  0.161491573    
  0.169941708    
  0.178391859    
  0.186841980    
  0.195292115    
  0.203742266    
  0.212192416    
  0.220642552    
  0.229092702    
  0.237542823    
  0.245992959    
  0.254443109    
  0.262893260    
  0.271343380    
  0.279793561    
  0.288243681    
  0.296693802    
  0.305143982    
  0.313594103    
  0.322044253    
  0.330494374    
  0.338944525    
  0.347394675    
  0.355844796    
  0.364294946    
  0.372745097    
  0.381195247    
  0.389645368    
  0.398095489    
  0.406545669    
  0.414995790    
  0.423445940    
  0.431896091    
  0.440346181    
  0.448796362    
  0.457246482    
  0.465696633    
  0.474146783    
  0.482596904    
  0.491047055    
  0.499497175    
  0.507947326    
   4.91732918E-02
   5.72198331E-02
   6.52663633E-02
   7.33129159E-02
   8.13594460E-02
   8.94059911E-02
   9.74525213E-02
  0.105499066    
  0.113545597    
  0.121592142    
  0.129638672    
  0.137685224    
  0.145731747    
  0.153778300    
  0.161824822    
  0.169871375    
  0.177917898    
  0.185964435    
  0.194010988    
  0.202057526    
  0.210104063    
  0.218150601    
  0.226197138    
  0.234243661    
  0.242290214    
  0.250336766    
  0.258383274    
  0.266429842    
  0.274476379    
  0.282522917    
  0.290569484    
  0.298615992    
  0.306662530    
  0.314709067    
  0.322755605    
  0.330802143    
  0.338848680    
  0.346895218    
  0.354941785    
  0.362988323    
  0.371034831    
  0.379081368    
  0.387127936    
  0.395174474    
  0.403220981    
  0.411267549    
  0.419314057    
  0.427360624    
  0.435407162    
  0.443453670    
  0.451500237    
  0.459546775    
  0.467593312    
  0.475639820    
  0.483686388    
   4.66667376E-02
   5.43031096E-02
   6.19394816E-02
   6.95758611E-02
   7.72122294E-02
   8.48486125E-02
   9.24849808E-02
  0.100121364    
  0.107757732    
  0.115394108    
  0.123030476    
  0.130666867    
  0.138303220    
  0.145939603    
  0.153575972    
  0.161212355    
  0.168848723    
  0.176485091    
  0.184121475    
  0.191757858    
  0.199394226    
  0.207030609    
  0.214666978    
  0.222303346    
  0.229939729    
  0.237576097    
  0.245212466    
  0.252848864    
  0.260485232    
  0.268121600    
  0.275757998    
  0.283394367    
  0.291030735    
  0.298667103    
  0.306303471    
  0.313939869    
  0.321576238    
  0.329212606    
  0.336849004    
  0.344485372    
  0.352121741    
  0.359758109    
  0.367394477    
  0.375030845    
  0.382667214    
  0.390303612    
  0.397939950    
  0.405576348    
  0.413212717    
  0.420849085    
  0.428485483    
  0.436121851    
  0.443758219    
  0.451394588    
  0.459030986    
   4.41221036E-02
   5.13420850E-02
   5.85620590E-02
   6.57820478E-02
   7.30020180E-02
   8.02220106E-02
   8.74419808E-02
   9.46619660E-02
  0.101881944    
  0.109101929    
  0.116321899    
  0.123541892    
  0.130761862    
  0.137981847    
  0.145201817    
  0.152421802    
  0.159641787    
  0.166861758    
  0.174081743    
  0.181301728    
  0.188521698    
  0.195741683    
  0.202961668    
  0.210181639    
  0.217401624    
  0.224621609    
  0.231841579    
  0.239061579    
  0.246281564    
  0.253501534    
  0.260721534    
  0.267941505    
  0.275161475    
  0.282381445    
  0.289601415    
  0.296821415    
  0.304041386    
  0.311261386    
  0.318481386    
  0.325701356    
  0.332921326    
  0.340141296    
  0.347361296    
  0.354581267    
  0.361801237    
  0.369021237    
  0.376241177    
  0.383461177    
  0.390681148    
  0.397901148    
  0.405121148    
  0.412341118    
  0.419561088    
  0.426781058    
  0.434001058    
   4.15414982E-02
   4.83391955E-02
   5.51368929E-02
   6.19345978E-02
   6.87322915E-02
   7.55299926E-02
   8.23276863E-02
   8.91253948E-02
   9.59230885E-02
  0.102720790    
  0.109518483    
  0.116316192    
  0.123113886    
  0.129911587    
  0.136709273    
  0.143506989    
  0.150304675    
  0.157102376    
  0.163900077    
  0.170697778    
  0.177495480    
  0.184293181    
  0.191090867    
  0.197888568    
  0.204686269    
  0.211483970    
  0.218281671    
  0.225079387    
  0.231877074    
  0.238674775    
  0.245472491    
  0.252270192    
  0.259067863    
  0.265865564    
  0.272663265    
  0.279460967    
  0.286258668    
  0.293056369    
  0.299854070    
  0.306651771    
  0.313449472    
  0.320247173    
  0.327044874    
  0.333842576    
  0.340640277    
  0.347437978    
  0.354235649    
  0.361033380    
  0.367831051    
  0.374628752    
  0.381426483    
  0.388224155    
  0.395021856    
  0.401819557    
  0.408617258    
   3.89270149E-02
   4.52968925E-02
   5.16667627E-02
   5.80366440E-02
   6.44065142E-02
   7.07763955E-02
   7.71462619E-02
   8.35161433E-02
   8.98860171E-02
   9.62558910E-02
  0.102625765    
  0.108995646    
  0.115365513    
  0.121735394    
  0.128105268    
  0.134475142    
  0.140845016    
  0.147214890    
  0.153584763    
  0.159954637    
  0.166324511    
  0.172694400    
  0.179064259    
  0.185434133    
  0.191804007    
  0.198173895    
  0.204543769    
  0.210913658    
  0.217283532    
  0.223653391    
  0.230023280    
  0.236393154    
  0.242763028    
  0.249132901    
  0.255502760    
  0.261872649    
  0.268242538    
  0.274612397    
  0.280982286    
  0.287352145    
  0.293722034    
  0.300091892    
  0.306461781    
  0.312831670    
  0.319201529    
  0.325571418    
  0.331941277    
  0.338311166    
  0.344681025    
  0.351050884    
  0.357420802    
  0.363790661    
  0.370160520    
  0.376530409    
  0.382900298    
   3.62807661E-02
   4.22176197E-02
   4.81544696E-02
   5.40913269E-02
   6.00281730E-02
   6.59650341E-02
   7.19018802E-02
   7.78387338E-02
   8.37755799E-02
   8.97124410E-02
   9.56492871E-02
  0.101586148    
  0.107522994    
  0.113459848    
  0.119396694    
  0.125333562    
  0.131270409    
  0.137207255    
  0.143144101    
  0.149080962    
  0.155017808    
  0.160954669    
  0.166891515    
  0.172828361    
  0.178765222    
  0.184702083    
  0.190638930    
  0.196575791    
  0.202512637    
  0.208449483    
  0.214386359    
  0.220323205    
  0.226260051    
  0.232196897    
  0.238133743    
  0.244070619    
  0.250007451    
  0.255944312    
  0.261881173    
  0.267818034    
  0.273754865    
  0.279691726    
  0.285628587    
  0.291565418    
  0.297502279    
  0.303439140    
  0.309375972    
  0.315312833    
  0.321249694    
  0.327186525    
  0.333123416    
  0.339060247    
  0.344997108    
  0.350933939    
  0.356870800    
   3.36049348E-02
   3.91039252E-02
   4.46029119E-02
   5.01019061E-02
   5.56008890E-02
   6.10998832E-02
   6.65988699E-02
   7.20978603E-02
   7.75968432E-02
   8.30958411E-02
   8.85948241E-02
   9.40938145E-02
   9.95928049E-02
  0.105091795    
  0.110590778    
  0.116089776    
  0.121588759    
  0.127087742    
  0.132586733    
  0.138085738    
  0.143584713    
  0.149083704    
  0.154582694    
  0.160081670    
  0.165580675    
  0.171079665    
  0.176578656    
  0.182077646    
  0.187576637    
  0.193075627    
  0.198574632    
  0.204073608    
  0.209572598    
  0.215071574    
  0.220570564    
  0.226069570    
  0.231568545    
  0.237067536    
  0.242566541    
  0.248065516    
  0.253564507    
  0.259063482    
  0.264562488    
  0.270061493    
  0.275560468    
  0.281059474    
  0.286558419    
  0.292057425    
  0.297556430    
  0.303055406    
  0.308554411    
  0.314053386    
  0.319552362    
  0.325051367    
  0.330550373    
   3.09016854E-02
   3.59583236E-02
   4.10149619E-02
   4.60716039E-02
   5.11282422E-02
   5.61848842E-02
   6.12415187E-02
   6.62981644E-02
   7.13547990E-02
   7.64114410E-02
   8.14680755E-02
   8.65247175E-02
   9.15813521E-02
   9.66380015E-02
  0.101694636    
  0.106751278    
  0.111807913    
  0.116864547    
  0.121921189    
  0.126977831    
  0.132034466    
  0.137091115    
  0.142147750    
  0.147204384    
  0.152261019    
  0.157317668    
  0.162374303    
  0.167430952    
  0.172487587    
  0.177544221    
  0.182600871    
  0.187657505    
  0.192714140    
  0.197770789    
  0.202827424    
  0.207884073    
  0.212940708    
  0.217997342    
  0.223053992    
  0.228110626    
  0.233167261    
  0.238223895    
  0.243280545    
  0.248337179    
  0.253393829    
  0.258450478    
  0.263507098    
  0.268563747    
  0.273620367    
  0.278677016    
  0.283733666    
  0.288790286    
  0.293846935    
  0.298903555    
  0.303960204    
   2.81732529E-02
   3.27834226E-02
   3.73935886E-02
   4.20037620E-02
   4.66139242E-02
   5.12240976E-02
   5.58342636E-02
   6.04444332E-02
   6.50545955E-02
   6.96647689E-02
   7.42749348E-02
   7.88851082E-02
   8.34952742E-02
   8.81054476E-02
   9.27156061E-02
   9.73257795E-02
  0.101935945    
  0.106546111    
  0.111156285    
  0.115766458    
  0.120376624    
  0.124986790    
  0.129596964    
  0.134207115    
  0.138817295    
  0.143427461    
  0.148037627    
  0.152647808    
  0.157257974    
  0.161868140    
  0.166478321    
  0.171088487    
  0.175698653    
  0.180308819    
  0.184918985    
  0.189529166    
  0.194139332    
  0.198749483    
  0.203359663    
  0.207969829    
  0.212579995    
  0.217190161    
  0.221800342    
  0.226410508    
  0.231020674    
  0.235630855    
  0.240241006    
  0.244851187    
  0.249461353    
  0.254071504    
  0.258681685    
  0.263291866    
  0.267902017    
  0.272512197    
  0.277122378    
   2.54218318E-02
   2.95817666E-02
   3.37417014E-02
   3.79016399E-02
   4.20615710E-02
   4.62215133E-02
   5.03814444E-02
   5.45413829E-02
   5.87013178E-02
   6.28612563E-02
   6.70211911E-02
   7.11811259E-02
   7.53410608E-02
   7.95009956E-02
   8.36609304E-02
   8.78208727E-02
   9.19808000E-02
   9.61407349E-02
  0.100300677    
  0.104460612    
  0.108620547    
  0.112780482    
  0.116940416    
  0.121100351    
  0.125260293    
  0.129420236    
  0.133580163    
  0.137740105    
  0.141900033    
  0.146059975    
  0.150219917    
  0.154379845    
  0.158539787    
  0.162699714    
  0.166859642    
  0.171019599    
  0.175179526    
  0.179339454    
  0.183499411    
  0.187659338    
  0.191819265    
  0.195979208    
  0.200139150    
  0.204299077    
  0.208459020    
  0.212618962    
  0.216778874    
  0.220938817    
  0.225098759    
  0.229258686    
  0.233418629    
  0.237578571    
  0.241738498    
  0.245898426    
  0.250058383    
   2.26496756E-02
   2.63559856E-02
   3.00622955E-02
   3.37686092E-02
   3.74749154E-02
   4.11812291E-02
   4.48875353E-02
   4.85938489E-02
   5.23001589E-02
   5.60064726E-02
   5.97127788E-02
   6.34190887E-02
   6.71254024E-02
   7.08317161E-02
   7.45380223E-02
   7.82443359E-02
   8.19506422E-02
   8.56569484E-02
   8.93632621E-02
   9.30695757E-02
   9.67758819E-02
  0.100482196    
  0.104188502    
  0.107894808    
  0.111601122    
  0.115307435    
  0.119013742    
  0.122720063    
  0.126426369    
  0.130132675    
  0.133838996    
  0.137545303    
  0.141251609    
  0.144957915    
  0.148664221    
  0.152370542    
  0.156076849    
  0.159783170    
  0.163489476    
  0.167195797    
  0.170902103    
  0.174608409    
  0.178314731    
  0.182021037    
  0.185727343    
  0.189433664    
  0.193139955    
  0.196846277    
  0.200552583    
  0.204258889    
  0.207965210    
  0.211671516    
  0.215377823    
  0.219084129    
  0.222790450    
   1.98590476E-02
   2.31087096E-02
   2.63583697E-02
   2.96080355E-02
   3.28576937E-02
   3.61073613E-02
   3.93570177E-02
   4.26066853E-02
   4.58563417E-02
   4.91060093E-02
   5.23556657E-02
   5.56053333E-02
   5.88549934E-02
   6.21046573E-02
   6.53543174E-02
   6.86039776E-02
   7.18536377E-02
   7.51032978E-02
   7.83529654E-02
   8.16026330E-02
   8.48522857E-02
   8.81019533E-02
   9.13516134E-02
   9.46012735E-02
   9.78509337E-02
  0.101100601    
  0.104350261    
  0.107599929    
  0.110849589    
  0.114099249    
  0.117348924    
  0.120598584    
  0.123848237    
  0.127097905    
  0.130347565    
  0.133597225    
  0.136846885    
  0.140096545    
  0.143346220    
  0.146595880    
  0.149845541    
  0.153095201    
  0.156344861    
  0.159594521    
  0.162844181    
  0.166093856    
  0.169343501    
  0.172593176    
  0.175842836    
  0.179092497    
  0.182342172    
  0.185591817    
  0.188841477    
  0.192091137    
  0.195340812    
   1.70522090E-02
   1.98425706E-02
   2.26329304E-02
   2.54232958E-02
   2.82136537E-02
   3.10040172E-02
   3.37943770E-02
   3.65847424E-02
   3.93751003E-02
   4.21654619E-02
   4.49558236E-02
   4.77461852E-02
   5.05365469E-02
   5.33269085E-02
   5.61172664E-02
   5.89076318E-02
   6.16979897E-02
   6.44883513E-02
   6.72787130E-02
   7.00690746E-02
   7.28594363E-02
   7.56497979E-02
   7.84401596E-02
   8.12305212E-02
   8.40208828E-02
   8.68112445E-02
   8.96016061E-02
   9.23919752E-02
   9.51823294E-02
   9.79726911E-02
  0.100763060    
  0.103553422    
  0.106343776    
  0.109134138    
  0.111924499    
  0.114714868    
  0.117505223    
  0.120295584    
  0.123085953    
  0.125876307    
  0.128666669    
  0.131457031    
  0.134247392    
  0.137037754    
  0.139828116    
  0.142618477    
  0.145408839    
  0.148199201    
  0.150989562    
  0.153779924    
  0.156570286    
  0.159360647    
  0.162151009    
  0.164941370    
  0.167731732    
   1.42314872E-02
   1.65602751E-02
   1.88890621E-02
   2.12178528E-02
   2.35466398E-02
   2.58754306E-02
   2.82042176E-02
   3.05330083E-02
   3.28617953E-02
   3.51905860E-02
   3.75193730E-02
   3.98481637E-02
   4.21769507E-02
   4.45057414E-02
   4.68345247E-02
   4.91633154E-02
   5.14921024E-02
   5.38208894E-02
   5.61496802E-02
   5.84784709E-02
   6.08072579E-02
   6.31360486E-02
   6.54648319E-02
   6.77936226E-02
   7.01224133E-02
   7.24512041E-02
   7.47799873E-02
   7.71087855E-02
   7.94375688E-02
   8.17663595E-02
   8.40951502E-02
   8.64239410E-02
   8.87527242E-02
   9.10815150E-02
   9.34102982E-02
   9.57390964E-02
   9.80678797E-02
  0.100396670    
  0.102725461    
  0.105054252    
  0.107383035    
  0.109711818    
  0.112040617    
  0.114369400    
  0.116698191    
  0.119026981    
  0.121355765    
  0.123684555    
  0.126013339    
  0.128342137    
  0.130670920    
  0.132999718    
  0.135328501    
  0.137657285    
  0.139986083    
   1.13991331E-02
   1.32644456E-02
   1.51297571E-02
   1.69950724E-02
   1.88603830E-02
   2.07256973E-02
   2.25910079E-02
   2.44563222E-02
   2.63216328E-02
   2.81869471E-02
   3.00522577E-02
   3.19175720E-02
   3.37828845E-02
   3.56481969E-02
   3.75135094E-02
   3.93788218E-02
   4.12441343E-02
   4.31094430E-02
   4.49747592E-02
   4.68400717E-02
   4.87053841E-02
   5.05706966E-02
   5.24360090E-02
   5.43013178E-02
   5.61666340E-02
   5.80319464E-02
   5.98972589E-02
   6.17625751E-02
   6.36278838E-02
   6.54931962E-02
   6.73585162E-02
   6.92238286E-02
   7.10891336E-02
   7.29544461E-02
   7.48197585E-02
   7.66850784E-02
   7.85503909E-02
   8.04156959E-02
   8.22810158E-02
   8.41463283E-02
   8.60116407E-02
   8.78769457E-02
   8.97422656E-02
   9.16075781E-02
   9.34728906E-02
   9.53382030E-02
   9.72035080E-02
   9.90688279E-02
  0.100934140    
  0.102799445    
  0.104664765    
  0.106530078    
  0.108395390    
  0.110260703    
  0.112126015    
   8.55749380E-03
   9.95780993E-03
   1.13581270E-02
   1.27584450E-02
   1.41587611E-02
   1.55590791E-02
   1.69593953E-02
   1.83597133E-02
   1.97600294E-02
   2.11603474E-02
   2.25606635E-02
   2.39609815E-02
   2.53612977E-02
   2.67616156E-02
   2.81619318E-02
   2.95622498E-02
   3.09625641E-02
   3.23628820E-02
   3.37632000E-02
   3.51635180E-02
   3.65638323E-02
   3.79641503E-02
   3.93644683E-02
   4.07647826E-02
   4.21651006E-02
   4.35654186E-02
   4.49657366E-02
   4.63660546E-02
   4.77663726E-02
   4.91666868E-02
   5.05670086E-02
   5.19673228E-02
   5.33676408E-02
   5.47679551E-02
   5.61682731E-02
   5.75685911E-02
   5.89689091E-02
   6.03692234E-02
   6.17695451E-02
   6.31698593E-02
   6.45701736E-02
   6.59704953E-02
   6.73708096E-02
   6.87711313E-02
   7.01714456E-02
   7.15717673E-02
   7.29720742E-02
   7.43723959E-02
   7.57727101E-02
   7.71730244E-02
   7.85733461E-02
   7.99736679E-02
   8.13739821E-02
   8.27742964E-02
   8.41746181E-02
   5.70888678E-03
   6.64306805E-03
   7.57724931E-03
   8.51143152E-03
   9.44561232E-03
   1.03797941E-02
   1.13139749E-02
   1.22481575E-02
   1.31823374E-02
   1.41165201E-02
   1.50507009E-02
   1.59848835E-02
   1.69190634E-02
   1.78532451E-02
   1.87874269E-02
   1.97216086E-02
   2.06557885E-02
   2.15899702E-02
   2.25241520E-02
   2.34583337E-02
   2.43925154E-02
   2.53266972E-02
   2.62608770E-02
   2.71950588E-02
   2.81292405E-02
   2.90634222E-02
   2.99976040E-02
   3.09317876E-02
   3.18659693E-02
   3.28001492E-02
   3.37343328E-02
   3.46685126E-02
   3.56026925E-02
   3.65368724E-02
   3.74710560E-02
   3.84052396E-02
   3.93394195E-02
   4.02735993E-02
   4.12077829E-02
   4.21419628E-02
   4.30761464E-02
   4.40103263E-02
   4.49445099E-02
   4.58786897E-02
   4.68128696E-02
   4.77470532E-02
   4.86812331E-02
   4.96154167E-02
   5.05495965E-02
   5.14837764E-02
   5.24179600E-02
   5.33521399E-02
   5.42863235E-02
   5.52205034E-02
   5.61546870E-02
   2.85559963E-03
   3.32287955E-03
   3.79015924E-03
   4.25743964E-03
   4.72471910E-03
   5.19199949E-03
   5.65927895E-03
   6.12655934E-03
   6.59383880E-03
   7.06111919E-03
   7.52839865E-03
   7.99567904E-03
   8.46295897E-03
   8.93023890E-03
   9.39751882E-03
   9.86479875E-03
   1.03320787E-02
   1.07993577E-02
   1.12666385E-02
   1.17339185E-02
   1.22011984E-02
   1.26684783E-02
   1.31357582E-02
   1.36030372E-02
   1.40703181E-02
   1.45375980E-02
   1.50048779E-02
   1.54721588E-02
   1.59394387E-02
   1.64067186E-02
   1.68739986E-02
   1.73412785E-02
   1.78085584E-02
   1.82758383E-02
   1.87431164E-02
   1.92103982E-02
   1.96776781E-02
   2.01449580E-02
   2.06122380E-02
   2.10795179E-02
   2.15467978E-02
   2.20140778E-02
   2.24813577E-02
   2.29486376E-02
   2.34159175E-02
   2.38831975E-02
   2.43504755E-02
   2.48177573E-02
   2.52850372E-02
   2.57523172E-02
   2.62195971E-02
   2.66868770E-02
   2.71541569E-02
   2.76214369E-02
   2.80887168E-02
