  0.100000001    
  0.115000002    
  0.129999995    
  0.144999996    
  0.159999996    
  0.175000012    
  0.189999998    
  0.204999998    
  0.219999999    
  0.234999985    
  0.250000000    
  0.264999986    
  0.280000001    
  0.294999987    
  0.310000002    
  0.324999988    
  0.340000004    
  0.354999989    
  0.369999975    
  0.384999990    
  0.400000006    
  0.414999992    
  0.429999977    
  0.444999963    
  0.459999979    
  0.474999994    
  0.489999980    
  0.504999995    
  0.519999981    
  0.534999967    
  0.550000012    
  0.564999998    
  0.579999983    
  0.594999969    
  0.610000014    
  0.625000000    
  0.639999986    
  0.655000031    
  0.670000017    
  0.685000002    
  0.700000048    
  0.714999974    
  0.730000019    
  0.745000064    
  0.759999990    
  0.775000036    
  0.789999962    
  0.805000007    
  0.819999993    
  0.834999979    
  0.850000024    
  0.865000010    
  0.879999995    
  0.894999981    
  0.910000026    
  0.925000012    
  0.939999998    
  0.954999983    
  0.969999969    
  0.985000014    
   9.99657363E-02
  0.114960596    
  0.129955456    
  0.144950315    
  0.159945175    
  0.174940050    
  0.189934894    
  0.204929754    
  0.219924614    
  0.234919459    
  0.249914333    
  0.264909178    
  0.279904068    
  0.294898897    
  0.309893787    
  0.324888617    
  0.339883506    
  0.354878336    
  0.369873196    
  0.384868056    
  0.399862945    
  0.414857775    
  0.429852635    
  0.444847465    
  0.459842354    
  0.474837214    
  0.489832073    
  0.504826963    
  0.519821823    
  0.534816623    
  0.549811542    
  0.564806402    
  0.579801261    
  0.594796062    
  0.609790981    
  0.624785841    
  0.639780700    
  0.654775560    
  0.669770420    
  0.684765279    
  0.699760199    
  0.714754939    
  0.729749858    
  0.744744778    
  0.759739578    
  0.774734497    
  0.789729238    
  0.804724157    
  0.819719017    
  0.834713876    
  0.849708736    
  0.864703596    
  0.879698455    
  0.894693315    
  0.909688175    
  0.924683034    
  0.939677894    
  0.954672754    
  0.969667554    
  0.984662473    
   9.98629555E-02
  0.114842393    
  0.129821837    
  0.144801274    
  0.159780711    
  0.174760178    
  0.189739600    
  0.204719052    
  0.219698489    
  0.234677926    
  0.249657378    
  0.264636815    
  0.279616266    
  0.294595689    
  0.309575140    
  0.324554592    
  0.339534044    
  0.354513466    
  0.369492888    
  0.384472340    
  0.399451822    
  0.414431244    
  0.429410666    
  0.444390088    
  0.459369540    
  0.474349022    
  0.489328444    
  0.504307926    
  0.519287348    
  0.534266770    
  0.549246252    
  0.564225674    
  0.579205096    
  0.594184518    
  0.609164000    
  0.624143422    
  0.639122844    
  0.654102385    
  0.669081807    
  0.684061229    
  0.699040711    
  0.714020073    
  0.728999555    
  0.743979037    
  0.758958399    
  0.773937881    
  0.788917303    
  0.803896785    
  0.818876207    
  0.833855629    
  0.848835111    
  0.863814533    
  0.878793955    
  0.893773377    
  0.908752859    
  0.923732281    
  0.938711762    
  0.953691185    
  0.968670607    
  0.983650088    
   9.96917337E-02
  0.114645496    
  0.129599243    
  0.144553006    
  0.159506768    
  0.174460545    
  0.189414293    
  0.204368040    
  0.219321802    
  0.234275550    
  0.249229327    
  0.264183074    
  0.279136837    
  0.294090599    
  0.309044361    
  0.323998123    
  0.338951886    
  0.353905648    
  0.368859380    
  0.383813143    
  0.398766935    
  0.413720667    
  0.428674430    
  0.443628162    
  0.458581954    
  0.473535717    
  0.488489449    
  0.503443241    
  0.518396974    
  0.533350706    
  0.548304558    
  0.563258290    
  0.578212023    
  0.593165755    
  0.608119547    
  0.623073339    
  0.638027072    
  0.652980864    
  0.667934597    
  0.682888329    
  0.697842181    
  0.712795854    
  0.727749646    
  0.742703438    
  0.757657170    
  0.772610962    
  0.787564635    
  0.802518427    
  0.817472160    
  0.832425952    
  0.847379744    
  0.862333477    
  0.877287209    
  0.892240942    
  0.907194793    
  0.922148526    
  0.937102258    
  0.952055991    
  0.967009783    
  0.981963575    
   9.94521901E-02
  0.114370026    
  0.129287839    
  0.144205675    
  0.159123510    
  0.174041346    
  0.188959166    
  0.203876987    
  0.218794823    
  0.233712628    
  0.248630479    
  0.263548285    
  0.278466135    
  0.293383956    
  0.308301806    
  0.323219597    
  0.338137448    
  0.353055269    
  0.367973089    
  0.382890940    
  0.397808760    
  0.412726581    
  0.427644402    
  0.442562222    
  0.457480073    
  0.472397894    
  0.487315714    
  0.502233565    
  0.517151356    
  0.532069206    
  0.546987057    
  0.561904907    
  0.576822698    
  0.591740489    
  0.606658399    
  0.621576190    
  0.636494040    
  0.651411891    
  0.666329682    
  0.681247532    
  0.696165383    
  0.711083114    
  0.726001024    
  0.740918875    
  0.755836666    
  0.770754516    
  0.785672247    
  0.800590158    
  0.815507948    
  0.830425799    
  0.845343649    
  0.860261440    
  0.875179291    
  0.890097082    
  0.905014992    
  0.919932783    
  0.934850574    
  0.949768424    
  0.964686215    
  0.979604125    
   9.91444886E-02
  0.114016160    
  0.128887832    
  0.143759504    
  0.158631176    
  0.173502862    
  0.188374519    
  0.203246206    
  0.218117878    
  0.232989535    
  0.247861221    
  0.262732893    
  0.277604580    
  0.292476237    
  0.307347924    
  0.322219580    
  0.337091267    
  0.351962924    
  0.366834581    
  0.381706268    
  0.396577954    
  0.411449611    
  0.426321268    
  0.441192925    
  0.456064612    
  0.470936328    
  0.485807985    
  0.500679672    
  0.515551329    
  0.530422986    
  0.545294702    
  0.560166359    
  0.575038016    
  0.589909673    
  0.604781389    
  0.619653046    
  0.634524703    
  0.649396420    
  0.664268076    
  0.679139733    
  0.694011450    
  0.708883047    
  0.723754764    
  0.738626480    
  0.753498077    
  0.768369794    
  0.783241451    
  0.798113167    
  0.812984824    
  0.827856481    
  0.842728198    
  0.857599854    
  0.872471511    
  0.887343168    
  0.902214885    
  0.917086542    
  0.931958199    
  0.946829855    
  0.961701512    
  0.976573229    
   9.87688377E-02
  0.113584161    
  0.128399476    
  0.143214807    
  0.158030137    
  0.172845468    
  0.187660784    
  0.202476114    
  0.217291445    
  0.232106745    
  0.246922091    
  0.261737406    
  0.276552737    
  0.291368067    
  0.306183398    
  0.320998698    
  0.335814059    
  0.350629359    
  0.365444660    
  0.380260020    
  0.395075351    
  0.409890652    
  0.424705982    
  0.439521283    
  0.454336613    
  0.469151974    
  0.483967274    
  0.498782605    
  0.513597906    
  0.528413236    
  0.543228626    
  0.558043897    
  0.572859228    
  0.587674558    
  0.602489889    
  0.617305219    
  0.632120550    
  0.646935880    
  0.661751211    
  0.676566541    
  0.691381872    
  0.706197143    
  0.721012533    
  0.735827923    
  0.750643134    
  0.765458524    
  0.780273795    
  0.795089126    
  0.809904456    
  0.824719787    
  0.839535117    
  0.854350448    
  0.869165778    
  0.883981049    
  0.898796439    
  0.913611770    
  0.928427041    
  0.943242371    
  0.958057702    
  0.972873032    
   9.83254910E-02
  0.113074318    
  0.127823129    
  0.142571956    
  0.157320783    
  0.172069624    
  0.186818436    
  0.201567248    
  0.216316074    
  0.231064886    
  0.245813727    
  0.260562539    
  0.275311381    
  0.290060192    
  0.304809034    
  0.319557846    
  0.334306687    
  0.349055469    
  0.363804281    
  0.378553122    
  0.393301964    
  0.408050776    
  0.422799587    
  0.437548399    
  0.452297240    
  0.467046082    
  0.481794894    
  0.496543735    
  0.511292517    
  0.526041329    
  0.540790200    
  0.555539012    
  0.570287824    
  0.585036635    
  0.599785507    
  0.614534318    
  0.629283130    
  0.644032001    
  0.658780813    
  0.673529625    
  0.688278496    
  0.703027248    
  0.717776120    
  0.732524991    
  0.747273743    
  0.762022614    
  0.776771367    
  0.791520238    
  0.806268990    
  0.821017802    
  0.835766673    
  0.850515485    
  0.865264297    
  0.880013108    
  0.894761980    
  0.909510791    
  0.924259603    
  0.939008415    
  0.953757226    
  0.968506098    
   9.78147611E-02
  0.112486981    
  0.127159193    
  0.141831398    
  0.156503618    
  0.171175852    
  0.185848042    
  0.200520262    
  0.215192482    
  0.229864672    
  0.244536906    
  0.259209096    
  0.273881346    
  0.288553536    
  0.303225756    
  0.317897975    
  0.332570195    
  0.347242385    
  0.361914605    
  0.376586825    
  0.391259044    
  0.405931264    
  0.420603454    
  0.435275644    
  0.449947894    
  0.464620113    
  0.479292303    
  0.493964553    
  0.508636773    
  0.523308933    
  0.537981212    
  0.552653432    
  0.567325592    
  0.581997812    
  0.596670091    
  0.611342251    
  0.626014471    
  0.640686750    
  0.655358911    
  0.670031130    
  0.684703410    
  0.699375510    
  0.714047790    
  0.728720069    
  0.743392169    
  0.758064449    
  0.772736609    
  0.787408829    
  0.802081048    
  0.816753268    
  0.831425488    
  0.846097708    
  0.860769928    
  0.875442088    
  0.890114367    
  0.904786587    
  0.919458747    
  0.934130967    
  0.948803186    
  0.963475406    
   9.72369909E-02
  0.111822538    
  0.126408085    
  0.140993640    
  0.155579180    
  0.170164749    
  0.184750274    
  0.199335828    
  0.213921383    
  0.228506908    
  0.243092477    
  0.257678002    
  0.272263587    
  0.286849111    
  0.301434666    
  0.316020221    
  0.330605775    
  0.345191300    
  0.359776855    
  0.374362409    
  0.388947964    
  0.403533518    
  0.418119043    
  0.432704568    
  0.447290123    
  0.461875707    
  0.476461232    
  0.491046786    
  0.505632341    
  0.520217896    
  0.534803450    
  0.549389005    
  0.563974559    
  0.578560054    
  0.593145669    
  0.607731223    
  0.622316718    
  0.636902332    
  0.651487827    
  0.666073382    
  0.680658996    
  0.695244431    
  0.709830046    
  0.724415660    
  0.739001095    
  0.753586709    
  0.768172204    
  0.782757759    
  0.797343314    
  0.811928868    
  0.826514423    
  0.841099977    
  0.855685532    
  0.870271027    
  0.884856641    
  0.899442196    
  0.914027691    
  0.928613245    
  0.943198800    
  0.957784355    
   9.65925828E-02
  0.111081474    
  0.125570357    
  0.140059233    
  0.154548123    
  0.169037029    
  0.183525905    
  0.198014796    
  0.212503672    
  0.226992548    
  0.241481453    
  0.255970329    
  0.270459235    
  0.284948111    
  0.299437016    
  0.313925892    
  0.328414768    
  0.342903644    
  0.357392520    
  0.371881425    
  0.386370331    
  0.400859207    
  0.415348083    
  0.429836959    
  0.444325864    
  0.458814770    
  0.473303616    
  0.487792522    
  0.502281427    
  0.516770303    
  0.531259179    
  0.545748055    
  0.560236931    
  0.574725807    
  0.589214742    
  0.603703618    
  0.618192494    
  0.632681429    
  0.647170305    
  0.661659181    
  0.676148117    
  0.690636933    
  0.705125868    
  0.719614804    
  0.734103620    
  0.748592556    
  0.763081372    
  0.777570307    
  0.792059183    
  0.806548059    
  0.821036935    
  0.835525811    
  0.850014687    
  0.864503562    
  0.878992498    
  0.893481374    
  0.907970250    
  0.922459126    
  0.936948001    
  0.951436937    
   9.58819762E-02
  0.110264271    
  0.124646559    
  0.139028862    
  0.153411150    
  0.167793468    
  0.182175756    
  0.196558043    
  0.210940346    
  0.225322619    
  0.239704937    
  0.254087210    
  0.268469542    
  0.282851815    
  0.297234118    
  0.311616421    
  0.325998724    
  0.340380996    
  0.354763269    
  0.369145602    
  0.383527905    
  0.397910178    
  0.412292480    
  0.426674753    
  0.441057056    
  0.455439389    
  0.469821662    
  0.484203964    
  0.498586237    
  0.512968540    
  0.527350843    
  0.541733146    
  0.556115448    
  0.570497692    
  0.584880054    
  0.599262357    
  0.613644600    
  0.628026962    
  0.642409265    
  0.656791508    
  0.671173871    
  0.685556114    
  0.699938416    
  0.714320779    
  0.728703022    
  0.743085325    
  0.757467568    
  0.771849930    
  0.786232173    
  0.800614476    
  0.814996779    
  0.829379082    
  0.843761384    
  0.858143628    
  0.872525990    
  0.886908293    
  0.901290536    
  0.915672839    
  0.930055141    
  0.944437444    
   9.51056555E-02
  0.109371506    
  0.123637348    
  0.137903199    
  0.152169049    
  0.166434899    
  0.180700734    
  0.194966584    
  0.209232435    
  0.223498270    
  0.237764135    
  0.252029955    
  0.266295820    
  0.280561656    
  0.294827521    
  0.309093356    
  0.323359221    
  0.337625057    
  0.351890892    
  0.366156757    
  0.380422622    
  0.394688457    
  0.408954293    
  0.423220128    
  0.437485993    
  0.451751858    
  0.466017693    
  0.480283558    
  0.494549394    
  0.508815229    
  0.523081124    
  0.537346959    
  0.551612794    
  0.565878630    
  0.580144525    
  0.594410360    
  0.608676195    
  0.622942090    
  0.637207925    
  0.651473761    
  0.665739596    
  0.680005372    
  0.694271266    
  0.708537161    
  0.722802937    
  0.737068832    
  0.751334608    
  0.765600502    
  0.779866338    
  0.794132173    
  0.808398068    
  0.822663903    
  0.836929739    
  0.851195574    
  0.865461469    
  0.879727304    
  0.893993139    
  0.908258975    
  0.922524810    
  0.936790705    
   9.42641497E-02
  0.108403772    
  0.122543387    
  0.136683017    
  0.150822639    
  0.164962277    
  0.179101884    
  0.193241507    
  0.207381129    
  0.221520737    
  0.235660374    
  0.249799982    
  0.263939619    
  0.278079242    
  0.292218864    
  0.306358486    
  0.320498109    
  0.334637731    
  0.348777324    
  0.362916976    
  0.377056599    
  0.391196221    
  0.405335814    
  0.419475436    
  0.433615059    
  0.447754711    
  0.461894304    
  0.476033956    
  0.490173548    
  0.504313171    
  0.518452823    
  0.532592416    
  0.546732068    
  0.560871661    
  0.575011313    
  0.589150906    
  0.603290558    
  0.617430210    
  0.631569803    
  0.645709455    
  0.659849107    
  0.673988640    
  0.688128293    
  0.702268004    
  0.716407537    
  0.730547190    
  0.744686723    
  0.758826435    
  0.772966027    
  0.787105620    
  0.801245272    
  0.815384924    
  0.829524517    
  0.843664110    
  0.857803762    
  0.871943414    
  0.886083007    
  0.900222600    
  0.914362252    
  0.928501904    
   9.33580399E-02
  0.107361749    
  0.121365450    
  0.135369152    
  0.149372861    
  0.163376585    
  0.177380279    
  0.191383973    
  0.205387682    
  0.219391376    
  0.233395100    
  0.247398794    
  0.261402518    
  0.275406212    
  0.289409935    
  0.303413630    
  0.317417353    
  0.331421018    
  0.345424712    
  0.359428436    
  0.373432159    
  0.387435853    
  0.401439548    
  0.415443242    
  0.429446965    
  0.443450689    
  0.457454383    
  0.471458107    
  0.485461801    
  0.499465495    
  0.513469219    
  0.527472913    
  0.541476607    
  0.555480301    
  0.569484055    
  0.583487749    
  0.597491443    
  0.611495197    
  0.625498891    
  0.639502585    
  0.653506339    
  0.667509973    
  0.681513727    
  0.695517480    
  0.709521115    
  0.723524868    
  0.737528503    
  0.751532257    
  0.765535891    
  0.779539585    
  0.793543339    
  0.807547033    
  0.821550727    
  0.835554421    
  0.849558175    
  0.863561869    
  0.877565563    
  0.891569257    
  0.905572951    
  0.919576705    
   9.23879519E-02
  0.106246144    
  0.120104328    
  0.133962527    
  0.147820711    
  0.161678925    
  0.175537109    
  0.189395294    
  0.203253493    
  0.217111662    
  0.230969876    
  0.244828060    
  0.258686274    
  0.272544444    
  0.286402643    
  0.300260842    
  0.314119041    
  0.327977210    
  0.341835380    
  0.355693609    
  0.369551808    
  0.383409977    
  0.397268176    
  0.411126345    
  0.424984545    
  0.438842773    
  0.452700943    
  0.466559142    
  0.480417311    
  0.494275510    
  0.508133709    
  0.521991909    
  0.535850108    
  0.549708247    
  0.563566506    
  0.577424705    
  0.591282845    
  0.605141103    
  0.618999302    
  0.632857442    
  0.646715701    
  0.660573840    
  0.674432039    
  0.688290298    
  0.702148438    
  0.716006637    
  0.729864776    
  0.743723035    
  0.757581174    
  0.771439373    
  0.785297573    
  0.799155772    
  0.813013971    
  0.826872110    
  0.840730369    
  0.854588568    
  0.868446708    
  0.882304907    
  0.896163106    
  0.910021305    
   9.13545415E-02
  0.105057724    
  0.118760899    
  0.132464081    
  0.146167263    
  0.159870461    
  0.173573628    
  0.187276810    
  0.200979993    
  0.214683160    
  0.228386357    
  0.242089525    
  0.255792707    
  0.269495904    
  0.283199072    
  0.296902239    
  0.310605437    
  0.324308604    
  0.338011771    
  0.351714969    
  0.365418166    
  0.379121333    
  0.392824501    
  0.406527668    
  0.420230865    
  0.433934063    
  0.447637230    
  0.461340427    
  0.475043595    
  0.488746762    
  0.502449989    
  0.516153157    
  0.529856324    
  0.543559492    
  0.557262719    
  0.570965886    
  0.584669054    
  0.598372281    
  0.612075448    
  0.625778615    
  0.639481843    
  0.653184950    
  0.666888177    
  0.680591404    
  0.694294512    
  0.707997739    
  0.721700847    
  0.735404074    
  0.749107242    
  0.762810409    
  0.776513636    
  0.790216804    
  0.803919971    
  0.817623138    
  0.831326365    
  0.845029533    
  0.858732700    
  0.872435868    
  0.886139035    
  0.899842262    
   9.02585313E-02
  0.103797309    
  0.117336079    
  0.130874857    
  0.144413635    
  0.157952428    
  0.171491206    
  0.185029984    
  0.198568761    
  0.212107524    
  0.225646317    
  0.239185080    
  0.252723873    
  0.266262650    
  0.279801428    
  0.293340206    
  0.306878984    
  0.320417762    
  0.333956540    
  0.347495317    
  0.361034125    
  0.374572873    
  0.388111651    
  0.401650399    
  0.415189207    
  0.428727984    
  0.442266762    
  0.455805570    
  0.469344318    
  0.482883096    
  0.496421903    
  0.509960651    
  0.523499429    
  0.537038207    
  0.550577044    
  0.564115763    
  0.577654541    
  0.591193378    
  0.604732156    
  0.618270934    
  0.631809711    
  0.645348430    
  0.658887267    
  0.672426105    
  0.685964823    
  0.699503601    
  0.713042319    
  0.726581156    
  0.740119934    
  0.753658652    
  0.767197490    
  0.780736268    
  0.794275045    
  0.807813823    
  0.821352601    
  0.834891379    
  0.848430157    
  0.861968935    
  0.875507653    
  0.889046490    
   8.91006514E-02
  0.102465756    
  0.115830846    
  0.129195943    
  0.142561048    
  0.155926153    
  0.169291243    
  0.182656333    
  0.196021438    
  0.209386528    
  0.222751632    
  0.236116722    
  0.249481827    
  0.262846917    
  0.276212037    
  0.289577097    
  0.302942216    
  0.316307306    
  0.329672396    
  0.343037516    
  0.356402606    
  0.369767696    
  0.383132786    
  0.396497875    
  0.409862995    
  0.423228085    
  0.436593175    
  0.449958295    
  0.463323385    
  0.476688474    
  0.490053594    
  0.503418684    
  0.516783774    
  0.530148864    
  0.543514013    
  0.556879103    
  0.570244193    
  0.583609283    
  0.596974373    
  0.610339463    
  0.623704612    
  0.637069643    
  0.650434792    
  0.663799942    
  0.677164972    
  0.690530121    
  0.703895152    
  0.717260242    
  0.730625331    
  0.743990421    
  0.757355571    
  0.770720661    
  0.784085751    
  0.797450840    
  0.810815990    
  0.824181080    
  0.837546110    
  0.850911200    
  0.864276290    
  0.877641439    
   8.78817067E-02
  0.101063967    
  0.114246219    
  0.127428472    
  0.140610725    
  0.153793007    
  0.166975245    
  0.180157498    
  0.193339750    
  0.206522003    
  0.219704270    
  0.232886508    
  0.246068791    
  0.259251028    
  0.272433311    
  0.285615534    
  0.298797816    
  0.311980069    
  0.325162292    
  0.338344574    
  0.351526827    
  0.364709079    
  0.377891332    
  0.391073555    
  0.404255837    
  0.417438120    
  0.430620342    
  0.443802625    
  0.456984878    
  0.470167100    
  0.483349413    
  0.496531636    
  0.509713888    
  0.522896111    
  0.536078453    
  0.549260676    
  0.562442899    
  0.575625241    
  0.588807464    
  0.601989686    
  0.615172029    
  0.628354192    
  0.641536474    
  0.654718757    
  0.667900980    
  0.681083262    
  0.694265485    
  0.707447767    
  0.720629990    
  0.733812273    
  0.746994555    
  0.760176778    
  0.773359001    
  0.786541283    
  0.799723566    
  0.812905788    
  0.826088071    
  0.839270294    
  0.852452517    
  0.865634859    
   8.66025388E-02
   9.95929241E-02
  0.112583295    
  0.125573680    
  0.138564065    
  0.151554450    
  0.164544821    
  0.177535206    
  0.190525591    
  0.203515947    
  0.216506347    
  0.229496717    
  0.242487103    
  0.255477488    
  0.268467873    
  0.281458229    
  0.294448644    
  0.307438999    
  0.320429385    
  0.333419770    
  0.346410155    
  0.359400541    
  0.372390896    
  0.385381252    
  0.398371667    
  0.411362052    
  0.424352437    
  0.437342823    
  0.450333178    
  0.463323563    
  0.476313978    
  0.489304334    
  0.502294719    
  0.515285075    
  0.528275490    
  0.541265845    
  0.554256260    
  0.567246675    
  0.580237031    
  0.593227386    
  0.606217802    
  0.619208157    
  0.632198572    
  0.645188987    
  0.658179283    
  0.671169698    
  0.684159994    
  0.697150469    
  0.710140824    
  0.723131180    
  0.736121595    
  0.749111950    
  0.762102365    
  0.775092721    
  0.788083136    
  0.801073492    
  0.814063847    
  0.827054203    
  0.840044618    
  0.853035033    
   8.52640197E-02
   9.80536193E-02
  0.110843219    
  0.123632818    
  0.136422426    
  0.149212033    
  0.162001625    
  0.174791232    
  0.187580839    
  0.200370416    
  0.213160038    
  0.225949630    
  0.238739237    
  0.251528829    
  0.264318436    
  0.277108043    
  0.289897650    
  0.302687258    
  0.315476835    
  0.328266442    
  0.341056079    
  0.353845656    
  0.366635233    
  0.379424840    
  0.392214447    
  0.405004054    
  0.417793661    
  0.430583268    
  0.443372875    
  0.456162453    
  0.468952090    
  0.481741697    
  0.494531274    
  0.507320881    
  0.520110488    
  0.532900095    
  0.545689702    
  0.558479309    
  0.571268916    
  0.584058523    
  0.596848130    
  0.609637678    
  0.622427344    
  0.635216951    
  0.648006499    
  0.660796165    
  0.673585713    
  0.686375320    
  0.699164927    
  0.711954534    
  0.724744141    
  0.737533748    
  0.750323355    
  0.763112903    
  0.775902569    
  0.788692176    
  0.801481724    
  0.814271331    
  0.827060938    
  0.839850545    
   8.38670582E-02
   9.64471176E-02
  0.109027170    
  0.121607229    
  0.134187281    
  0.146767363    
  0.159347400    
  0.171927467    
  0.184507519    
  0.197087571    
  0.209667638    
  0.222247690    
  0.234827757    
  0.247407809    
  0.259987861    
  0.272567928    
  0.285147995    
  0.297728032    
  0.310308069    
  0.322888166    
  0.335468233    
  0.348048270    
  0.360628307    
  0.373208374    
  0.385788441    
  0.398368508    
  0.410948545    
  0.423528612    
  0.436108679    
  0.448688716    
  0.461268812    
  0.473848850    
  0.486428916    
  0.499008954    
  0.511589050    
  0.524169087    
  0.536749125    
  0.549329221    
  0.561909258    
  0.574489355    
  0.587069452    
  0.599649429    
  0.612229526    
  0.624809623    
  0.637389600    
  0.649969697    
  0.662549675    
  0.675129771    
  0.687709868    
  0.700289905    
  0.712870002    
  0.725450039    
  0.738030076    
  0.750610113    
  0.763190210    
  0.775770247    
  0.788350344    
  0.800930381    
  0.813510418    
  0.826090515    
   8.24126229E-02
   9.47745144E-02
  0.107136399    
  0.119498290    
  0.131860182    
  0.144222096    
  0.156583980    
  0.168945864    
  0.181307763    
  0.193669647    
  0.206031546    
  0.218393430    
  0.230755329    
  0.243117213    
  0.255479127    
  0.267841011    
  0.280202895    
  0.292564780    
  0.304926664    
  0.317288578    
  0.329650491    
  0.342012346    
  0.354374230    
  0.366736114    
  0.379098028    
  0.391459942    
  0.403821826    
  0.416183710    
  0.428545594    
  0.440907478    
  0.453269422    
  0.465631306    
  0.477993160    
  0.490355045    
  0.502716959    
  0.515078843    
  0.527440727    
  0.539802670    
  0.552164555    
  0.564526439    
  0.576888382    
  0.589250207    
  0.601612151    
  0.613974035    
  0.626335919    
  0.638697803    
  0.651059628    
  0.663421571    
  0.675783455    
  0.688145339    
  0.700507283    
  0.712869167    
  0.725231051    
  0.737592936    
  0.749954820    
  0.762316704    
  0.774678588    
  0.787040472    
  0.799402356    
  0.811764300    
   8.09017047E-02
   9.30369571E-02
  0.105172209    
  0.117307462    
  0.129442722    
  0.141577989    
  0.153713226    
  0.165848479    
  0.177983746    
  0.190118983    
  0.202254251    
  0.214389488    
  0.226524755    
  0.238660008    
  0.250795275    
  0.262930512    
  0.275065780    
  0.287201017    
  0.299336284    
  0.311471552    
  0.323606819    
  0.335742056    
  0.347877294    
  0.360012531    
  0.372147799    
  0.384283066    
  0.396418303    
  0.408553571    
  0.420688838    
  0.432824075    
  0.444959372    
  0.457094610    
  0.469229847    
  0.481365085    
  0.493500382    
  0.505635619    
  0.517770886    
  0.529906154    
  0.542041421    
  0.554176629    
  0.566311955    
  0.578447163    
  0.590582430    
  0.602717698    
  0.614852905    
  0.626988232    
  0.639123380    
  0.651258707    
  0.663393915    
  0.675529182    
  0.687664449    
  0.699799716    
  0.711934984    
  0.724070191    
  0.736205518    
  0.748340726    
  0.760475993    
  0.772611201    
  0.784746468    
  0.796881735    
   7.93353319E-02
   9.12356302E-02
  0.103135929    
  0.115036227    
  0.126936525    
  0.138836846    
  0.150737122    
  0.162637427    
  0.174537733    
  0.186438024    
  0.198338330    
  0.210238621    
  0.222138926    
  0.234039217    
  0.245939538    
  0.257839829    
  0.269740134    
  0.281640410    
  0.293540716    
  0.305441022    
  0.317341328    
  0.329241633    
  0.341141909    
  0.353042185    
  0.364942521    
  0.376842827    
  0.388743103    
  0.400643408    
  0.412543714    
  0.424443990    
  0.436344326    
  0.448244631    
  0.460144907    
  0.472045213    
  0.483945549    
  0.495845824    
  0.507746100    
  0.519646466    
  0.531546712    
  0.543447018    
  0.555347383    
  0.567247629    
  0.579147935    
  0.591048300    
  0.602948487    
  0.614848852    
  0.626749098    
  0.638649404    
  0.650549710    
  0.662450016    
  0.674350321    
  0.686250627    
  0.698150933    
  0.710051179    
  0.721951544    
  0.733851850    
  0.745752096    
  0.757652402    
  0.769552708    
  0.781453013    
   7.77145922E-02
   8.93717855E-02
  0.101028964    
  0.112686157    
  0.124343343    
  0.136000544    
  0.147657722    
  0.159314916    
  0.170972109    
  0.182629272    
  0.194286481    
  0.205943659    
  0.217600852    
  0.229258031    
  0.240915239    
  0.252572417    
  0.264229625    
  0.275886804    
  0.287543982    
  0.299201161    
  0.310858369    
  0.322515547    
  0.334172726    
  0.345829904    
  0.357487112    
  0.369144320    
  0.380801499    
  0.392458677    
  0.404115856    
  0.415773034    
  0.427430272    
  0.439087451    
  0.450744629    
  0.462401807    
  0.474059016    
  0.485716194    
  0.497373372    
  0.509030581    
  0.520687759    
  0.532344937    
  0.544002175    
  0.555659294    
  0.567316532    
  0.578973770    
  0.590630889    
  0.602288127    
  0.613945246    
  0.625602484    
  0.637259662    
  0.648916841    
  0.660574079    
  0.672231257    
  0.683888435    
  0.695545614    
  0.707202792    
  0.718859971    
  0.730517149    
  0.742174327    
  0.753831506    
  0.765488744    
   7.60405958E-02
   8.74466896E-02
   9.88527685E-02
  0.110258862    
  0.121664949    
  0.133071050    
  0.144477129    
  0.155883223    
  0.167289317    
  0.178695396    
  0.190101489    
  0.201507568    
  0.212913662    
  0.224319741    
  0.235725850    
  0.247131929    
  0.258538038    
  0.269944102    
  0.281350195    
  0.292756289    
  0.304162383    
  0.315568477    
  0.326974541    
  0.338380635    
  0.349786729    
  0.361192822    
  0.372598916    
  0.384005010    
  0.395411074    
  0.406817168    
  0.418223292    
  0.429629356    
  0.441035450    
  0.452441514    
  0.463847637    
  0.475253731    
  0.486659795    
  0.498065919    
  0.509472013    
  0.520878077    
  0.532284200    
  0.543690264    
  0.555096388    
  0.566502512    
  0.577908516    
  0.589314640    
  0.600720704    
  0.612126827    
  0.623532891    
  0.634938955    
  0.646345079    
  0.657751143    
  0.669157267    
  0.680563331    
  0.691969454    
  0.703375518    
  0.714781582    
  0.726187706    
  0.737593770    
  0.748999894    
   7.43144825E-02
   8.54616538E-02
   9.66088250E-02
  0.107755996    
  0.118903168    
  0.130050346    
  0.141197518    
  0.152344689    
  0.163491860    
  0.174639016    
  0.185786203    
  0.196933359    
  0.208080545    
  0.219227716    
  0.230374888    
  0.241522059    
  0.252669245    
  0.263816386    
  0.274963558    
  0.286110759    
  0.297257930    
  0.308405101    
  0.319552243    
  0.330699414    
  0.341846585    
  0.352993786    
  0.364140928    
  0.375288129    
  0.386435300    
  0.397582442    
  0.408729643    
  0.419876814    
  0.431023985    
  0.442171127    
  0.453318357    
  0.464465499    
  0.475612670    
  0.486759871    
  0.497907043    
  0.509054184    
  0.520201385    
  0.531348526    
  0.542495728    
  0.553642929    
  0.564790070    
  0.575937271    
  0.587084353    
  0.598231554    
  0.609378755    
  0.620525897    
  0.631673098    
  0.642820239    
  0.653967440    
  0.665114582    
  0.676261783    
  0.687408984    
  0.698556125    
  0.709703267    
  0.720850468    
  0.731997669    
   7.25374445E-02
   8.34180564E-02
   9.42986682E-02
  0.105179287    
  0.116059899    
  0.126940534    
  0.137821138    
  0.148701757    
  0.159582362    
  0.170462966    
  0.181343600    
  0.192224205    
  0.203104839    
  0.213985443    
  0.224866062    
  0.235746667    
  0.246627301    
  0.257507890    
  0.268388510    
  0.279269129    
  0.290149778    
  0.301030368    
  0.311910987    
  0.322791576    
  0.333672196    
  0.344552845    
  0.355433434    
  0.366314083    
  0.377194673    
  0.388075292    
  0.398955941    
  0.409836531    
  0.420717150    
  0.431597739    
  0.442478389    
  0.453359008    
  0.464239597    
  0.475120246    
  0.486000866    
  0.496881455    
  0.507762134    
  0.518642664    
  0.529523313    
  0.540403962    
  0.551284552    
  0.562165201    
  0.573045731    
  0.583926380    
  0.594807029    
  0.605687618    
  0.616568267    
  0.627448857    
  0.638329446    
  0.649210095    
  0.660090744    
  0.670971334    
  0.681851923    
  0.692732513    
  0.703613162    
  0.714493811    
   7.07106814E-02
   8.13172832E-02
   9.19238776E-02
  0.102530479    
  0.113137081    
  0.123743691    
  0.134350285    
  0.144956887    
  0.155563489    
  0.166170076    
  0.176776692    
  0.187383279    
  0.197989896    
  0.208596483    
  0.219203100    
  0.229809687    
  0.240416303    
  0.251022905    
  0.261629492    
  0.272236109    
  0.282842726    
  0.293449312    
  0.304055899    
  0.314662486    
  0.325269103    
  0.335875720    
  0.346482307    
  0.357088923    
  0.367695510    
  0.378302097    
  0.388908744    
  0.399515331    
  0.410121918    
  0.420728505    
  0.431335151    
  0.441941738    
  0.452548325    
  0.463154942    
  0.473761559    
  0.484368145    
  0.494974762    
  0.505581319    
  0.516187966    
  0.526794612    
  0.537401140    
  0.548007786    
  0.558614314    
  0.569220960    
  0.579827547    
  0.590434134    
  0.601040781    
  0.611647367    
  0.622253954    
  0.632860541    
  0.643467188    
  0.654073775    
  0.664680362    
  0.675286949    
  0.685893536    
  0.696500182    
   6.88354596E-02
   7.91607797E-02
   8.94860998E-02
   9.98114124E-02
  0.110136732    
  0.120462067    
  0.130787373    
  0.141112700    
  0.151438013    
  0.161763325    
  0.172088653    
  0.182413965    
  0.192739293    
  0.203064606    
  0.213389933    
  0.223715246    
  0.234040573    
  0.244365886    
  0.254691184    
  0.265016526    
  0.275341839    
  0.285667151    
  0.295992464    
  0.306317776    
  0.316643119    
  0.326968431    
  0.337293744    
  0.347619087    
  0.357944399    
  0.368269682    
  0.378595054    
  0.388920367    
  0.399245650    
  0.409570962    
  0.419896334    
  0.430221617    
  0.440546930    
  0.450872302    
  0.461197615    
  0.471522897    
  0.481848270    
  0.492173523    
  0.502498865    
  0.512824237    
  0.523149490    
  0.533474863    
  0.543800116    
  0.554125488    
  0.564450800    
  0.574776113    
  0.585101426    
  0.595426738    
  0.605752051    
  0.616077363    
  0.626402736    
  0.636728048    
  0.647053361    
  0.657378614    
  0.667703927    
  0.678029299    
   6.69130608E-02
   7.69500136E-02
   8.69869664E-02
   9.70239267E-02
  0.107060887    
  0.117097855    
  0.127134800    
  0.137171760    
  0.147208720    
  0.157245666    
  0.167282641    
  0.177319586    
  0.187356561    
  0.197393507    
  0.207430482    
  0.217467427    
  0.227504387    
  0.237541348    
  0.247578293    
  0.257615268    
  0.267652243    
  0.277689189    
  0.287726134    
  0.297763079    
  0.307800055    
  0.317837000    
  0.327873975    
  0.337910920    
  0.347947866    
  0.357984841    
  0.368021816    
  0.378058761    
  0.388095707    
  0.398132652    
  0.408169657    
  0.418206602    
  0.428243548    
  0.438280553    
  0.448317498    
  0.458354443    
  0.468391418    
  0.478428334    
  0.488465339    
  0.498502314    
  0.508539200    
  0.518576205    
  0.528613091    
  0.538650095    
  0.548687041    
  0.558723986    
  0.568760991    
  0.578797936    
  0.588834882    
  0.598871827    
  0.608908832    
  0.618945777    
  0.628982723    
  0.639019668    
  0.649056613    
  0.659093618    
   6.49448037E-02
   7.46865273E-02
   8.44282433E-02
   9.41699594E-02
  0.103911683    
  0.113653414    
  0.123395123    
  0.133136854    
  0.142878562    
  0.152620286    
  0.162362009    
  0.172103718    
  0.181845456    
  0.191587165    
  0.201328889    
  0.211070597    
  0.220812336    
  0.230554044    
  0.240295753    
  0.250037491    
  0.259779215    
  0.269520938    
  0.279262632    
  0.289004356    
  0.298746079    
  0.308487803    
  0.318229526    
  0.327971250    
  0.337712973    
  0.347454667    
  0.357196420    
  0.366938144    
  0.376679838    
  0.386421561    
  0.396163315    
  0.405905008    
  0.415646732    
  0.425388485    
  0.435130209    
  0.444871902    
  0.454613656    
  0.464355320    
  0.474097073    
  0.483838826    
  0.493580490    
  0.503322244    
  0.513063908    
  0.522805691    
  0.532547414    
  0.542289078    
  0.552030861    
  0.561772585    
  0.571514249    
  0.581255972    
  0.590997756    
  0.600739419    
  0.610481143    
  0.620222867    
  0.629964590    
  0.639706314    
   6.29320368E-02
   7.23718479E-02
   8.18116441E-02
   9.12514552E-02
  0.100691259    
  0.110131077    
  0.119570874    
  0.129010677    
  0.138450488    
  0.147890285    
  0.157330096    
  0.166769892    
  0.176209703    
  0.185649499    
  0.195089325    
  0.204529122    
  0.213968933    
  0.223408729    
  0.232848525    
  0.242288336    
  0.251728147    
  0.261167943    
  0.270607740    
  0.280047536    
  0.289487362    
  0.298927188    
  0.308366984    
  0.317806780    
  0.327246577    
  0.336686373    
  0.346126229    
  0.355566025    
  0.365005821    
  0.374445617    
  0.383885443    
  0.393325239    
  0.402765036    
  0.412204862    
  0.421644658    
  0.431084454    
  0.440524310    
  0.449964046    
  0.459403902    
  0.468843728    
  0.478283495    
  0.487723321    
  0.497163087    
  0.506602883    
  0.516042709    
  0.525482535    
  0.534922361    
  0.544362128    
  0.553801954    
  0.563241720    
  0.572681546    
  0.582121372    
  0.591561139    
  0.601000965    
  0.610440731    
  0.619880557    
   6.08761385E-02
   7.00075552E-02
   7.91389719E-02
   8.82703960E-02
   9.74018201E-02
  0.106533244    
  0.115664661    
  0.124796078    
  0.133927494    
  0.143058911    
  0.152190343    
  0.161321759    
  0.170453191    
  0.179584593    
  0.188716024    
  0.197847441    
  0.206978872    
  0.216110274    
  0.225241691    
  0.234373122    
  0.243504554    
  0.252635956    
  0.261767387    
  0.270898789    
  0.280030221    
  0.289161652    
  0.298293054    
  0.307424486    
  0.316555887    
  0.325687319    
  0.334818751    
  0.343950182    
  0.353081584    
  0.362212986    
  0.371344447    
  0.380475849    
  0.389607280    
  0.398738712    
  0.407870114    
  0.417001545    
  0.426132977    
  0.435264349    
  0.444395810    
  0.453527272    
  0.462658644    
  0.471790075    
  0.480921447    
  0.490052909    
  0.499184310    
  0.508315742    
  0.517447174    
  0.526578605    
  0.535709977    
  0.544841409    
  0.553972840    
  0.563104272    
  0.572235703    
  0.581367075    
  0.590498507    
  0.599629939    
   5.87785244E-02
   6.75953031E-02
   7.64120817E-02
   8.52288604E-02
   9.40456390E-02
  0.102862425    
  0.111679196    
  0.120495975    
  0.129312754    
  0.138129517    
  0.146946311    
  0.155763075    
  0.164579868    
  0.173396632    
  0.182213426    
  0.191030204    
  0.199846983    
  0.208663762    
  0.217480525    
  0.226297319    
  0.235114098    
  0.243930876    
  0.252747655    
  0.261564404    
  0.270381212    
  0.279197991    
  0.288014770    
  0.296831548    
  0.305648327    
  0.314465076    
  0.323281884    
  0.332098663    
  0.340915442    
  0.349732190    
  0.358548999    
  0.367365777    
  0.376182556    
  0.384999365    
  0.393816113    
  0.402632892    
  0.411449701    
  0.420266420    
  0.429083228    
  0.437900037    
  0.446716785    
  0.455533594    
  0.464350313    
  0.473167121    
  0.481983900    
  0.490800679    
  0.499617457    
  0.508434236    
  0.517251015    
  0.526067793    
  0.534884572    
  0.543701351    
  0.552518129    
  0.561334908    
  0.570151687    
  0.578968465    
   5.66406250E-02
   6.51367232E-02
   7.36328065E-02
   8.21289048E-02
   9.06249955E-02
   9.91211012E-02
  0.107617185    
  0.116113283    
  0.124609374    
  0.133105457    
  0.141601562    
  0.150097653    
  0.158593744    
  0.167089835    
  0.175585940    
  0.184082031    
  0.192578122    
  0.201074213    
  0.209570304    
  0.218066394    
  0.226562500    
  0.235058591    
  0.243554682    
  0.252050757    
  0.260546863    
  0.269042969    
  0.277539045    
  0.286035150    
  0.294531226    
  0.303027332    
  0.311523438    
  0.320019543    
  0.328515619    
  0.337011695    
  0.345507830    
  0.354003906    
  0.362499982    
  0.370996118    
  0.379492193    
  0.387988269    
  0.396484405    
  0.404980451    
  0.413476586    
  0.421972692    
  0.430468738    
  0.438964874    
  0.447460920    
  0.455957025    
  0.464453131    
  0.472949207    
  0.481445312    
  0.489941418    
  0.498437494    
  0.506933570    
  0.515429676    
  0.523925781    
  0.532421887    
  0.540917933    
  0.549414039    
  0.557910144    
   5.44639006E-02
   6.26334846E-02
   7.08030686E-02
   7.89726526E-02
   8.71422365E-02
   9.53118280E-02
  0.103481404    
  0.111650996    
  0.119820580    
  0.127990156    
  0.136159748    
  0.144329324    
  0.152498916    
  0.160668492    
  0.168838084    
  0.177007660    
  0.185177252    
  0.193346843    
  0.201516420    
  0.209686011    
  0.217855603    
  0.226025179    
  0.234194756    
  0.242364332    
  0.250533938    
  0.258703530    
  0.266873091    
  0.275042683    
  0.283212274    
  0.291381836    
  0.299551457    
  0.307721019    
  0.315890610    
  0.324060172    
  0.332229793    
  0.340399384    
  0.348568946    
  0.356738567    
  0.364908129    
  0.373077720    
  0.381247312    
  0.389416873    
  0.397586465    
  0.405756086    
  0.413925618    
  0.422095239    
  0.430264771    
  0.438434392    
  0.446603984    
  0.454773545    
  0.462943166    
  0.471112728    
  0.479282320    
  0.487451881    
  0.495621502    
  0.503791094    
  0.511960626    
  0.520130217    
  0.528299809    
  0.536469400    
   5.22498488E-02
   6.00873269E-02
   6.79247975E-02
   7.57622793E-02
   8.35997537E-02
   9.14372429E-02
   9.92747098E-02
  0.107112192    
  0.114949666    
  0.122787140    
  0.130624622    
  0.138462096    
  0.146299571    
  0.154137045    
  0.161974534    
  0.169812009    
  0.177649483    
  0.185486957    
  0.193324432    
  0.201161906    
  0.208999395    
  0.216836870    
  0.224674344    
  0.232511804    
  0.240349293    
  0.248186782    
  0.256024241    
  0.263861746    
  0.271699190    
  0.279536664    
  0.287374169    
  0.295211643    
  0.303049117    
  0.310886592    
  0.318724096    
  0.326561570    
  0.334399015    
  0.342236519    
  0.350073993    
  0.357911468    
  0.365748972    
  0.373586416    
  0.381423920    
  0.389261395    
  0.397098839    
  0.404936343    
  0.412773788    
  0.420611292    
  0.428448766    
  0.436286241    
  0.444123715    
  0.451961190    
  0.459798664    
  0.467636138    
  0.475473642    
  0.483311117    
  0.491148591    
  0.498986036    
  0.506823540    
  0.514661014    
   4.99999970E-02
   5.74999973E-02
   6.49999902E-02
   7.24999905E-02
   7.99999908E-02
   8.74999985E-02
   9.49999914E-02
  0.102499992    
  0.109999992    
  0.117499985    
  0.124999993    
  0.132499978    
  0.139999986    
  0.147499979    
  0.154999986    
  0.162499979    
  0.169999987    
  0.177499980    
  0.184999973    
  0.192499980    
  0.199999988    
  0.207499981    
  0.214999974    
  0.222499967    
  0.229999974    
  0.237499982    
  0.244999975    
  0.252499968    
  0.259999961    
  0.267499954    
  0.274999976    
  0.282499969    
  0.289999962    
  0.297499955    
  0.304999977    
  0.312499970    
  0.319999963    
  0.327499986    
  0.334999979    
  0.342499971    
  0.349999994    
  0.357499957    
  0.364999980    
  0.372500002    
  0.379999965    
  0.387499988    
  0.394999951    
  0.402499974    
  0.409999967    
  0.417499959    
  0.424999982    
  0.432499975    
  0.439999968    
  0.447499961    
  0.454999983    
  0.462499976    
  0.469999969    
  0.477499962    
  0.484999955    
  0.492499977    
   4.77158763E-02
   5.48732579E-02
   6.20306358E-02
   6.91880211E-02
   7.63453990E-02
   8.35027844E-02
   9.06601623E-02
   9.78175476E-02
  0.104974926    
  0.112132303    
  0.119289689    
  0.126447067    
  0.133604452    
  0.140761822    
  0.147919208    
  0.155076593    
  0.162233979    
  0.169391349    
  0.176548734    
  0.183706120    
  0.190863505    
  0.198020875    
  0.205178261    
  0.212335631    
  0.219493017    
  0.226650402    
  0.233807787    
  0.240965173    
  0.248122543    
  0.255279928    
  0.262437314    
  0.269594699    
  0.276752084    
  0.283909440    
  0.291066855    
  0.298224211    
  0.305381596    
  0.312539011    
  0.319696367    
  0.326853752    
  0.334011137    
  0.341168493    
  0.348325908    
  0.355483294    
  0.362640649    
  0.369798064    
  0.376955390    
  0.384112805    
  0.391270190    
  0.398427546    
  0.405584961    
  0.412742317    
  0.419899702    
  0.427057087    
  0.434214473    
  0.441371858    
  0.448529243    
  0.455686599    
  0.462843984    
  0.470001370    
   4.53990437E-02
   5.22089005E-02
   5.90187535E-02
   6.58286139E-02
   7.26384670E-02
   7.94483274E-02
   8.62581804E-02
   9.30680409E-02
   9.98778939E-02
  0.106687747    
  0.113497607    
  0.120307460    
  0.127117321    
  0.133927166    
  0.140737027    
  0.147546887    
  0.154356748    
  0.161166593    
  0.167976454    
  0.174786314    
  0.181596175    
  0.188406020    
  0.195215881    
  0.202025726    
  0.208835587    
  0.215645447    
  0.222455308    
  0.229265168    
  0.236075014    
  0.242884859    
  0.249694735    
  0.256504595    
  0.263314456    
  0.270124286    
  0.276934177    
  0.283744007    
  0.290553868    
  0.297363758    
  0.304173589    
  0.310983449    
  0.317793310    
  0.324603140    
  0.331413031    
  0.338222891    
  0.345032722    
  0.351842612    
  0.358652413    
  0.365462303    
  0.372272164    
  0.379081994    
  0.385891885    
  0.392701715    
  0.399511576    
  0.406321436    
  0.413131297    
  0.419941157    
  0.426751018    
  0.433560848    
  0.440370709    
  0.447180569    
   4.30511050E-02
   4.95087691E-02
   5.59664331E-02
   6.24240972E-02
   6.88817650E-02
   7.53394365E-02
   8.17970932E-02
   8.82547572E-02
   9.47124287E-02
  0.101170085    
  0.107627757    
  0.114085414    
  0.120543085    
  0.127000749    
  0.133458421    
  0.139916077    
  0.146373749    
  0.152831405    
  0.159289062    
  0.165746748    
  0.172204420    
  0.178662077    
  0.185119733    
  0.191577390    
  0.198035061    
  0.204492733    
  0.210950390    
  0.217408061    
  0.223865733    
  0.230323389    
  0.236781076    
  0.243238732    
  0.249696389    
  0.256154060    
  0.262611747    
  0.269069403    
  0.275527060    
  0.281984746    
  0.288442403    
  0.294900060    
  0.301357746    
  0.307815373    
  0.314273059    
  0.320730746    
  0.327188373    
  0.333646059    
  0.340103686    
  0.346561372    
  0.353019029    
  0.359476686    
  0.365934372    
  0.372392029    
  0.378849715    
  0.385307372    
  0.391765058    
  0.398222715    
  0.404680371    
  0.411138028    
  0.417595685    
  0.424053371    
   4.06736620E-02
   4.67747115E-02
   5.28757572E-02
   5.89768067E-02
   6.50778562E-02
   7.11789131E-02
   7.72799551E-02
   8.33810046E-02
   8.94820541E-02
   9.55830961E-02
  0.101684153    
  0.107785195    
  0.113886252    
  0.119987294    
  0.126088351    
  0.132189393    
  0.138290450    
  0.144391492    
  0.150492534    
  0.156593591    
  0.162694648    
  0.168795690    
  0.174896732    
  0.180997774    
  0.187098831    
  0.193199888    
  0.199300930    
  0.205401987    
  0.211503029    
  0.217604071    
  0.223705143    
  0.229806185    
  0.235907227    
  0.242008269    
  0.248109341    
  0.254210383    
  0.260311425    
  0.266412497    
  0.272513539    
  0.278614581    
  0.284715652    
  0.290816665    
  0.296917737    
  0.303018808    
  0.309119821    
  0.315220892    
  0.321321905    
  0.327422976    
  0.333524019    
  0.339625061    
  0.345726132    
  0.351827174    
  0.357928216    
  0.364029258    
  0.370130330    
  0.376231372    
  0.382332414    
  0.388433456    
  0.394534498    
  0.400635570    
   3.82683426E-02
   4.40085940E-02
   4.97488454E-02
   5.54890968E-02
   6.12293482E-02
   6.69696033E-02
   7.27098510E-02
   7.84500986E-02
   8.41903538E-02
   8.99306014E-02
   9.56708565E-02
  0.101411104    
  0.107151359    
  0.112891607    
  0.118631862    
  0.124372110    
  0.130112365    
  0.135852605    
  0.141592860    
  0.147333115    
  0.153073370    
  0.158813626    
  0.164553866    
  0.170294106    
  0.176034361    
  0.181774631    
  0.187514871    
  0.193255126    
  0.198995382    
  0.204735622    
  0.210475892    
  0.216216132    
  0.221956387    
  0.227696627    
  0.233436897    
  0.239177138    
  0.244917393    
  0.250657648    
  0.256397903    
  0.262138158    
  0.267878413    
  0.273618639    
  0.279358894    
  0.285099179    
  0.290839404    
  0.296579659    
  0.302319884    
  0.308060169    
  0.313800395    
  0.319540650    
  0.325280935    
  0.331021160    
  0.336761415    
  0.342501670    
  0.348241925    
  0.353982180    
  0.359722406    
  0.365462661    
  0.371202916    
  0.376943171    
   3.58367972E-02
   4.12123166E-02
   4.65878360E-02
   5.19633554E-02
   5.73388748E-02
   6.27143979E-02
   6.80899173E-02
   7.34654367E-02
   7.88409561E-02
   8.42164680E-02
   8.95919949E-02
   9.49675068E-02
  0.100343034    
  0.105718546    
  0.111094072    
  0.116469592    
  0.121845111    
  0.127220631    
  0.132596150    
  0.137971669    
  0.143347189    
  0.148722708    
  0.154098228    
  0.159473732    
  0.164849266    
  0.170224786    
  0.175600305    
  0.180975825    
  0.186351344    
  0.191726863    
  0.197102398    
  0.202477902    
  0.207853422    
  0.213228941    
  0.218604475    
  0.223979980    
  0.229355499    
  0.234731033    
  0.240106553    
  0.245482072    
  0.250857592    
  0.256233096    
  0.261608630    
  0.266984165    
  0.272359669    
  0.277735204    
  0.283110678    
  0.288486212    
  0.293861747    
  0.299237251    
  0.304612786    
  0.309988320    
  0.315363824    
  0.320739329    
  0.326114863    
  0.331490397    
  0.336865902    
  0.342241406    
  0.347616941    
  0.352992475    
   3.33806835E-02
   3.83877829E-02
   4.33948822E-02
   4.84019853E-02
   5.34090884E-02
   5.84161952E-02
   6.34232908E-02
   6.84303939E-02
   7.34374970E-02
   7.84445927E-02
   8.34517032E-02
   8.84587988E-02
   9.34659094E-02
   9.84730050E-02
  0.103480116    
  0.108487211    
  0.113494314    
  0.118501417    
  0.123508513    
  0.128515616    
  0.133522734    
  0.138529822    
  0.143536925    
  0.148544014    
  0.153551131    
  0.158558235    
  0.163565338    
  0.168572441    
  0.173579529    
  0.178586632    
  0.183593750    
  0.188600853    
  0.193607941    
  0.198615044    
  0.203622162    
  0.208629251    
  0.213636354    
  0.218643472    
  0.223650575    
  0.228657663    
  0.233664781    
  0.238671869    
  0.243678987    
  0.248686090    
  0.253693163    
  0.258700281    
  0.263707370    
  0.268714488    
  0.273721576    
  0.278728694    
  0.283735812    
  0.288742900    
  0.293749988    
  0.298757076    
  0.303764194    
  0.308771312    
  0.313778400    
  0.318785489    
  0.323792607    
  0.328799725    
   3.09016984E-02
   3.55369523E-02
   4.01722044E-02
   4.48074602E-02
   4.94427159E-02
   5.40779755E-02
   5.87132238E-02
   6.33484796E-02
   6.79837316E-02
   7.26189837E-02
   7.72542432E-02
   8.18894953E-02
   8.65247548E-02
   9.11599994E-02
   9.57952589E-02
  0.100430511    
  0.105065770    
  0.109701023    
  0.114336275    
  0.118971534    
  0.123606794    
  0.128242046    
  0.132877290    
  0.137512535    
  0.142147794    
  0.146783054    
  0.151418313    
  0.156053573    
  0.160688818    
  0.165324077    
  0.169959337    
  0.174594596    
  0.179229841    
  0.183865085    
  0.188500360    
  0.193135604    
  0.197770864    
  0.202406123    
  0.207041383    
  0.211676627    
  0.216311902    
  0.220947132    
  0.225582391    
  0.230217665    
  0.234852895    
  0.239488170    
  0.244123399    
  0.248758659    
  0.253393918    
  0.258029163    
  0.262664437    
  0.267299682    
  0.271934927    
  0.276570171    
  0.281205446    
  0.285840690    
  0.290475965    
  0.295111209    
  0.299746454    
  0.304381728    
   2.84015238E-02
   3.26617546E-02
   3.69219780E-02
   4.11822088E-02
   4.54424359E-02
   4.97026704E-02
   5.39628938E-02
   5.82231246E-02
   6.24833517E-02
   6.67435750E-02
   7.10038096E-02
   7.52640367E-02
   7.95242637E-02
   8.37844908E-02
   8.80447254E-02
   9.23049524E-02
   9.65651795E-02
  0.100825407    
  0.105085634    
  0.109345861    
  0.113606095    
  0.117866322    
  0.122126549    
  0.126386777    
  0.130647004    
  0.134907231    
  0.139167458    
  0.143427700    
  0.147687912    
  0.151948139    
  0.156208381    
  0.160468608    
  0.164728835    
  0.168989062    
  0.173249304    
  0.177509516    
  0.181769744    
  0.186029986    
  0.190290213    
  0.194550440    
  0.198810682    
  0.203070894    
  0.207331136    
  0.211591378    
  0.215851575    
  0.220111817    
  0.224372029    
  0.228632271    
  0.232892498    
  0.237152711    
  0.241412953    
  0.245673180    
  0.249933407    
  0.254193634    
  0.258453876    
  0.262714088    
  0.266974330    
  0.271234542    
  0.275494784    
  0.279755026    
   2.58819070E-02
   2.97641940E-02
   3.36464792E-02
   3.75287645E-02
   4.14110497E-02
   4.52933423E-02
   4.91756238E-02
   5.30579090E-02
   5.69401942E-02
   6.08224794E-02
   6.47047684E-02
   6.85870498E-02
   7.24693388E-02
   7.63516203E-02
   8.02339166E-02
   8.41161981E-02
   8.79984871E-02
   9.18807685E-02
   9.57630500E-02
   9.96453390E-02
  0.103527628    
  0.107409917    
  0.111292198    
  0.115174480    
  0.119056769    
  0.122939058    
  0.126821339    
  0.130703628    
  0.134585917    
  0.138468191    
  0.142350495    
  0.146232769    
  0.150115058    
  0.153997347    
  0.157879636    
  0.161761925    
  0.165644199    
  0.169526502    
  0.173408777    
  0.177291065    
  0.181173369    
  0.185055628    
  0.188937932    
  0.192820221    
  0.196702495    
  0.200584784    
  0.204467058    
  0.208349362    
  0.212231636    
  0.216113925    
  0.219996214    
  0.223878503    
  0.227760777    
  0.231643066    
  0.235525370    
  0.239407644    
  0.243289933    
  0.247172207    
  0.251054496    
  0.254936785    
   2.33445298E-02
   2.68462095E-02
   3.03478874E-02
   3.38495672E-02
   3.73512469E-02
   4.08529304E-02
   4.43546064E-02
   4.78562862E-02
   5.13579659E-02
   5.48596419E-02
   5.83613254E-02
   6.18630014E-02
   6.53646812E-02
   6.88663572E-02
   7.23680407E-02
   7.58697167E-02
   7.93714002E-02
   8.28730762E-02
   8.63747522E-02
   8.98764357E-02
   9.33781192E-02
   9.68797952E-02
  0.100381471    
  0.103883147    
  0.107384831    
  0.110886514    
  0.114388190    
  0.117889874    
  0.121391550    
  0.124893226    
  0.128394917    
  0.131896600    
  0.135398269    
  0.138899952    
  0.142401636    
  0.145903319    
  0.149404988    
  0.152906686    
  0.156408355    
  0.159910038    
  0.163411722    
  0.166913390    
  0.170415074    
  0.173916772    
  0.177418426    
  0.180920124    
  0.184421778    
  0.187923476    
  0.191425145    
  0.194926828    
  0.198428512    
  0.201930195    
  0.205431864    
  0.208933547    
  0.212435231    
  0.215936914    
  0.219438583    
  0.222940266    
  0.226441935    
  0.229943618    
   2.07911655E-02
   2.39098407E-02
   2.70285141E-02
   3.01471893E-02
   3.32658626E-02
   3.63845415E-02
   3.95032130E-02
   4.26218882E-02
   4.57405634E-02
   4.88592349E-02
   5.19779138E-02
   5.50965853E-02
   5.82152642E-02
   6.13339357E-02
   6.44526109E-02
   6.75712824E-02
   7.06899613E-02
   7.38086328E-02
   7.69273043E-02
   8.00459832E-02
   8.31646621E-02
   8.62833336E-02
   8.94020051E-02
   9.25206766E-02
   9.56393555E-02
   9.87580344E-02
  0.101876706    
  0.104995385    
  0.108114056    
  0.111232728    
  0.114351414    
  0.117470086    
  0.120588757    
  0.123707429    
  0.126826108    
  0.129944786    
  0.133063450    
  0.136182144    
  0.139300808    
  0.142419487    
  0.145538166    
  0.148656830    
  0.151775509    
  0.154894203    
  0.158012852    
  0.161131546    
  0.164250195    
  0.167368889    
  0.170487553    
  0.173606232    
  0.176724911    
  0.179843590    
  0.182962254    
  0.186080933    
  0.189199612    
  0.192318290    
  0.195436954    
  0.198555633    
  0.201674297    
  0.204792976    
   1.82235520E-02
   2.09570862E-02
   2.36906167E-02
   2.64241509E-02
   2.91576833E-02
   3.18912193E-02
   3.46247479E-02
   3.73582803E-02
   4.00918163E-02
   4.28253449E-02
   4.55588810E-02
   4.82924096E-02
   5.10259457E-02
   5.37594780E-02
   5.64930141E-02
   5.92265427E-02
   6.19600788E-02
   6.46936074E-02
   6.74271360E-02
   7.01606721E-02
   7.28942081E-02
   7.56277442E-02
   7.83612728E-02
   8.10948014E-02
   8.38283375E-02
   8.65618736E-02
   8.92954022E-02
   9.20289382E-02
   9.47624668E-02
   9.74960029E-02
  0.100229539    
  0.102963068    
  0.105696604    
  0.108430132    
  0.111163676    
  0.113897204    
  0.116630733    
  0.119364277    
  0.122097805    
  0.124831334    
  0.127564877    
  0.130298391    
  0.133031934    
  0.135765478    
  0.138498992    
  0.141232535    
  0.143966064    
  0.146699592    
  0.149433121    
  0.152166665    
  0.154900193    
  0.157633737    
  0.160367265    
  0.163100794    
  0.165834337    
  0.168567866    
  0.171301395    
  0.174034923    
  0.176768452    
  0.179501995    
   1.56434383E-02
   1.79899540E-02
   2.03364678E-02
   2.26829834E-02
   2.50294991E-02
   2.73760166E-02
   2.97225304E-02
   3.20690461E-02
   3.44155617E-02
   3.67620736E-02
   3.91085930E-02
   4.14551049E-02
   4.38016243E-02
   4.61481363E-02
   4.84946556E-02
   5.08411676E-02
   5.31876869E-02
   5.55341989E-02
   5.78807145E-02
   6.02272302E-02
   6.25737533E-02
   6.49202615E-02
   6.72667772E-02
   6.96132928E-02
   7.19598085E-02
   7.43063241E-02
   7.66528398E-02
   7.89993554E-02
   8.13458711E-02
   8.36923867E-02
   8.60389099E-02
   8.83854181E-02
   9.07319337E-02
   9.30784494E-02
   9.54249725E-02
   9.77714807E-02
  0.100117996    
  0.102464519    
  0.104811035    
  0.107157543    
  0.109504066    
  0.111850575    
  0.114197098    
  0.116543621    
  0.118890122    
  0.121236645    
  0.123583145    
  0.125929669    
  0.128276184    
  0.130622700    
  0.132969216    
  0.135315731    
  0.137662247    
  0.140008762    
  0.142355278    
  0.144701794    
  0.147048309    
  0.149394825    
  0.151741341    
  0.154087856    
   1.30526125E-02
   1.50105050E-02
   1.69683956E-02
   1.89262871E-02
   2.08841804E-02
   2.28420738E-02
   2.47999635E-02
   2.67578550E-02
   2.87157483E-02
   3.06736380E-02
   3.26315314E-02
   3.45894210E-02
   3.65473144E-02
   3.85052040E-02
   4.04630974E-02
   4.24209908E-02
   4.43788841E-02
   4.63367738E-02
   4.82946634E-02
   5.02525568E-02
   5.22104502E-02
   5.41683398E-02
   5.61262295E-02
   5.80841228E-02
   6.00420162E-02
   6.19999096E-02
   6.39577955E-02
   6.59156963E-02
   6.78735822E-02
   6.98314756E-02
   7.17893690E-02
   7.37472624E-02
   7.57051483E-02
   7.76630417E-02
   7.96209350E-02
   8.15788284E-02
   8.35367218E-02
   8.54946151E-02
   8.74525085E-02
   8.94103944E-02
   9.13682953E-02
   9.33261737E-02
   9.52840745E-02
   9.72419754E-02
   9.91998538E-02
  0.101157755    
  0.103115633    
  0.105073534    
  0.107031420    
  0.108989313    
  0.110947207    
  0.112905100    
  0.114862993    
  0.116820879    
  0.118778780    
  0.120736666    
  0.122694559    
  0.124652445    
  0.126610339    
  0.128568232    
   1.04528423E-02
   1.20207686E-02
   1.35886939E-02
   1.51566202E-02
   1.67245474E-02
   1.82924755E-02
   1.98603999E-02
   2.14283261E-02
   2.29962524E-02
   2.45641768E-02
   2.61321049E-02
   2.77000293E-02
   2.92679574E-02
   3.08358818E-02
   3.24038118E-02
   3.39717343E-02
   3.55396643E-02
   3.71075869E-02
   3.86755131E-02
   4.02434394E-02
   4.18113694E-02
   4.33792919E-02
   4.49472181E-02
   4.65151444E-02
   4.80830707E-02
   4.96509969E-02
   5.12189232E-02
   5.27868532E-02
   5.43547757E-02
   5.59227020E-02
   5.74906319E-02
   5.90585582E-02
   6.06264807E-02
   6.21944070E-02
   6.37623370E-02
   6.53302595E-02
   6.68981895E-02
   6.84661195E-02
   7.00340420E-02
   7.16019645E-02
   7.31699020E-02
   7.47378170E-02
   7.63057470E-02
   7.78736770E-02
   7.94415995E-02
   8.10095295E-02
   8.25774446E-02
   8.41453820E-02
   8.57133046E-02
   8.72812271E-02
   8.88491571E-02
   9.04170871E-02
   9.19850096E-02
   9.35529321E-02
   9.51208621E-02
   9.66887921E-02
   9.82567146E-02
   9.98246372E-02
  0.101392567    
  0.102960497    
   7.84590840E-03
   9.02279466E-03
   1.01996809E-02
   1.13765672E-02
   1.25534534E-02
   1.37303406E-02
   1.49072260E-02
   1.60841122E-02
   1.72609985E-02
   1.84378829E-02
   1.96147710E-02
   2.07916554E-02
   2.19685435E-02
   2.31454279E-02
   2.43223161E-02
   2.54992004E-02
   2.66760886E-02
   2.78529748E-02
   2.90298592E-02
   3.02067474E-02
   3.13836336E-02
   3.25605199E-02
   3.37374061E-02
   3.49142887E-02
   3.60911787E-02
   3.72680649E-02
   3.84449512E-02
   3.96218374E-02
   4.07987237E-02
   4.19756062E-02
   4.31524962E-02
   4.43293825E-02
   4.55062687E-02
   4.66831513E-02
   4.78600413E-02
   4.90369275E-02
   5.02138138E-02
   5.13907038E-02
   5.25675863E-02
   5.37444726E-02
   5.49213625E-02
   5.60982414E-02
   5.72751313E-02
   5.84520213E-02
   5.96289039E-02
   6.08057939E-02
   6.19826727E-02
   6.31595626E-02
   6.43364489E-02
   6.55133352E-02
   6.66902214E-02
   6.78671077E-02
   6.90439939E-02
   7.02208802E-02
   7.13977665E-02
   7.25746527E-02
   7.37515390E-02
   7.49284253E-02
   7.61053115E-02
   7.72821978E-02
   5.23359748E-03
   6.01863721E-03
   6.80367649E-03
   7.58871576E-03
   8.37375596E-03
   9.15879570E-03
   9.94383451E-03
   1.07288742E-02
   1.15139140E-02
   1.22989528E-02
   1.30839935E-02
   1.38690323E-02
   1.46540729E-02
   1.54391117E-02
   1.62241515E-02
   1.70091912E-02
   1.77942310E-02
   1.85792707E-02
   1.93643086E-02
   2.01493502E-02
   2.09343899E-02
   2.17194278E-02
   2.25044675E-02
   2.32895073E-02
   2.40745470E-02
   2.48595867E-02
   2.56446265E-02
   2.64296662E-02
   2.72147059E-02
   2.79997438E-02
   2.87847854E-02
   2.95698252E-02
   3.03548630E-02
   3.11399028E-02
   3.19249444E-02
   3.27099822E-02
   3.34950238E-02
   3.42800654E-02
   3.50651033E-02
   3.58501412E-02
   3.66351828E-02
   3.74202207E-02
   3.82052623E-02
   3.89903039E-02
   3.97753380E-02
   4.05603833E-02
   4.13454175E-02
   4.21304591E-02
   4.29154970E-02
   4.37005386E-02
   4.44855802E-02
   4.52706181E-02
   4.60556559E-02
   4.68406938E-02
   4.76257391E-02
   4.84107770E-02
   4.91958149E-02
   4.99808528E-02
   5.07658944E-02
   5.15509360E-02
   2.61768769E-03
   3.01034073E-03
   3.40299378E-03
   3.79564683E-03
   4.18830011E-03
   4.58095362E-03
   4.97360621E-03
   5.36625925E-03
   5.75891277E-03
   6.15156535E-03
   6.54421886E-03
   6.93687145E-03
   7.32952496E-03
   7.72217801E-03
   8.11483152E-03
   8.50748457E-03
   8.90013762E-03
   9.29279067E-03
   9.68544371E-03
   1.00780968E-02
   1.04707507E-02
   1.08634029E-02
   1.12560559E-02
   1.16487090E-02
   1.20413620E-02
   1.24340160E-02
   1.28266681E-02
   1.32193221E-02
   1.36119751E-02
   1.40046272E-02
   1.43972822E-02
   1.47899343E-02
   1.51825873E-02
   1.55752404E-02
   1.59678943E-02
   1.63605474E-02
   1.67532004E-02
   1.71458535E-02
   1.75385065E-02
   1.79311596E-02
   1.83238145E-02
   1.87164657E-02
   1.91091187E-02
   1.95017736E-02
   1.98944248E-02
   2.02870797E-02
   2.06797309E-02
   2.10723858E-02
   2.14650370E-02
   2.18576901E-02
   2.22503450E-02
   2.26429980E-02
   2.30356511E-02
   2.34283023E-02
   2.38209572E-02
   2.42136102E-02
   2.46062633E-02
   2.49989163E-02
   2.53915675E-02
   2.57842224E-02
