  0.100000001    
  0.113846153    
  0.127692312    
  0.141538456    
  0.155384615    
  0.169230774    
  0.183076918    
  0.196923077    
  0.210769236    
  0.224615380    
  0.238461554    
  0.252307683    
  0.266153842    
  0.280000001    
  0.293846160    
  0.307692319    
  0.321538448    
  0.335384607    
  0.349230766    
  0.363076925    
  0.376923084    
  0.390769213    
  0.404615372    
  0.418461502    
  0.432307661    
  0.446153849    
  0.459999979    
  0.473846138    
  0.487692297    
  0.501538455    
  0.515384614    
  0.529230773    
  0.543076932    
  0.556923091    
  0.570769191    
  0.584615409    
  0.598461509    
  0.612307727    
  0.626153886    
  0.639999986    
  0.653846204    
  0.667692304    
  0.681538463    
  0.695384622    
  0.709230781    
  0.723076940    
  0.736923039    
  0.750769258    
  0.764615357    
  0.778461516    
  0.792307734    
  0.806153834    
  0.819999993    
  0.833846152    
  0.847692311    
  0.861538470    
  0.875384629    
  0.889230788    
  0.903076887    
  0.916923106    
  0.930769265    
  0.944615364    
  0.958461523    
  0.972307682    
  0.986153841    
   9.99708027E-02
  0.113812909    
  0.127655029    
  0.141497120    
  0.155339241    
  0.169181362    
  0.183023453    
  0.196865574    
  0.210707694    
  0.224549785    
  0.238391921    
  0.252234012    
  0.266076118    
  0.279918253    
  0.293760359    
  0.307602465    
  0.321444571    
  0.335286677    
  0.349128783    
  0.362970918    
  0.376813024    
  0.390655100    
  0.404497236    
  0.418339312    
  0.432181418    
  0.446023583    
  0.459865659    
  0.473707765    
  0.487549901    
  0.501392007    
  0.515234113    
  0.529076219    
  0.542918324    
  0.556760490    
  0.570602536    
  0.584444702    
  0.598286748    
  0.612128913    
  0.625971019    
  0.639813125    
  0.653655291    
  0.667497337    
  0.681339443    
  0.695181549    
  0.709023654    
  0.722865820    
  0.736707866    
  0.750550032    
  0.764392078    
  0.778234184    
  0.792076349    
  0.805918455    
  0.819760561    
  0.833602667    
  0.847444773    
  0.861286879    
  0.875128984    
  0.888971150    
  0.902813196    
  0.916655362    
  0.930497468    
  0.944339514    
  0.958181620    
  0.972023785    
  0.985865891    
   9.98832211E-02
  0.113713205    
  0.127543196    
  0.141373172    
  0.155203164    
  0.169033155    
  0.182863131    
  0.196693122    
  0.210523099    
  0.224353075    
  0.238183081    
  0.252013057    
  0.265843034    
  0.279673010    
  0.293503016    
  0.307332993    
  0.321162969    
  0.334992945    
  0.348822951    
  0.362652928    
  0.376482934    
  0.390312880    
  0.404142886    
  0.417972833    
  0.431802809    
  0.445632845    
  0.459462792    
  0.473292798    
  0.487122774    
  0.500952780    
  0.514782786    
  0.528612733    
  0.542442739    
  0.556272745    
  0.570102632    
  0.583932698    
  0.597762644    
  0.611592710    
  0.625422657    
  0.639252603    
  0.653082669    
  0.666912615    
  0.680742562    
  0.694572568    
  0.708402574    
  0.722232521    
  0.736062467    
  0.749892533    
  0.763722479    
  0.777552426    
  0.791382492    
  0.805212438    
  0.819042444    
  0.832872391    
  0.846702397    
  0.860532403    
  0.874362350    
  0.888192356    
  0.902022302    
  0.915852368    
  0.929682314    
  0.943512261    
  0.957342267    
  0.971172273    
  0.985002220    
   9.97373164E-02
  0.113547094    
  0.127356887    
  0.141166657    
  0.154976442    
  0.168786228    
  0.182595998    
  0.196405798    
  0.210215583    
  0.224025354    
  0.237835154    
  0.251644909    
  0.265454710    
  0.279264480    
  0.293074280    
  0.306884050    
  0.320693821    
  0.334503621    
  0.348313391    
  0.362123191    
  0.375932962    
  0.389742732    
  0.403552502    
  0.417362273    
  0.431172073    
  0.444981873    
  0.458791643    
  0.472601414    
  0.486411214    
  0.500221014    
  0.514030755    
  0.527840555    
  0.541650355    
  0.555460155    
  0.569269896    
  0.583079696    
  0.596889436    
  0.610699296    
  0.624509096    
  0.638318837    
  0.652128637    
  0.665938377    
  0.679748178    
  0.693557978    
  0.707367718    
  0.721177518    
  0.734987259    
  0.748797119    
  0.762606859    
  0.776416600    
  0.790226460    
  0.804036200    
  0.817846000    
  0.831655800    
  0.845465541    
  0.859275341    
  0.873085141    
  0.886894941    
  0.900704622    
  0.914514482    
  0.928324282    
  0.942134023    
  0.955943823    
  0.969753563    
  0.983563364    
   9.95331630E-02
  0.113314681    
  0.127096206    
  0.140877709    
  0.154659227    
  0.168440744    
  0.182222247    
  0.196003765    
  0.209785298    
  0.223566800    
  0.237348333    
  0.251129836    
  0.264911354    
  0.278692871    
  0.292474389    
  0.306255907    
  0.320037395    
  0.333818913    
  0.347600430    
  0.361381948    
  0.375163466    
  0.388944954    
  0.402726471    
  0.416507989    
  0.430289507    
  0.444071054    
  0.457852542    
  0.471634060    
  0.485415578    
  0.499197096    
  0.512978613    
  0.526760161    
  0.540541649    
  0.554323196    
  0.568104625    
  0.581886232    
  0.595667660    
  0.609449267    
  0.623230755    
  0.637012243    
  0.650793791    
  0.664575279    
  0.678356826    
  0.692138314    
  0.705919862    
  0.719701350    
  0.733482838    
  0.747264385    
  0.761045873    
  0.774827361    
  0.788608968    
  0.802390397    
  0.816171944    
  0.829953492    
  0.843734980    
  0.857516527    
  0.871298015    
  0.885079563    
  0.898860991    
  0.912642598    
  0.926424086    
  0.940205574    
  0.953987062    
  0.967768610    
  0.981550097    
   9.92708877E-02
  0.113016084    
  0.126761287    
  0.140506476    
  0.154251680    
  0.167996883    
  0.181742072    
  0.195487291    
  0.209232494    
  0.222977683    
  0.236722901    
  0.250468075    
  0.264213264    
  0.277958483    
  0.291703701    
  0.305448890    
  0.319194078    
  0.332939267    
  0.346684486    
  0.360429674    
  0.374174893    
  0.387920052    
  0.401665270    
  0.415410429    
  0.429155648    
  0.442900866    
  0.456646055    
  0.470391273    
  0.484136462    
  0.497881681    
  0.511626899    
  0.525372088    
  0.539117277    
  0.552862465    
  0.566607654    
  0.580352902    
  0.594098032    
  0.607843280    
  0.621588528    
  0.635333657    
  0.649078906    
  0.662824094    
  0.676569283    
  0.690314472    
  0.704059660    
  0.717804909    
  0.731550038    
  0.745295286    
  0.759040415    
  0.772785664    
  0.786530912    
  0.800276041    
  0.814021289    
  0.827766478    
  0.841511667    
  0.855256855    
  0.869002104    
  0.882747293    
  0.896492422    
  0.910237670    
  0.923982918    
  0.937728047    
  0.951473236    
  0.965218425    
  0.978963673    
   9.89506468E-02
  0.112651497    
  0.126352370    
  0.140053213    
  0.153754070    
  0.167454943    
  0.181155786    
  0.194856644    
  0.208557516    
  0.222258359    
  0.235959247    
  0.249660075    
  0.263360947    
  0.277061790    
  0.290762663    
  0.304463536    
  0.318164349    
  0.331865221    
  0.345566094    
  0.359266937    
  0.372967809    
  0.386668652    
  0.400369495    
  0.414070338    
  0.427771211    
  0.441472113    
  0.455172926    
  0.468873799    
  0.482574672    
  0.496275514    
  0.509976387    
  0.523677230    
  0.537378132    
  0.551078975    
  0.564779758    
  0.578480721    
  0.592181504    
  0.605882406    
  0.619583309    
  0.633284092    
  0.646984994    
  0.660685837    
  0.674386680    
  0.688087523    
  0.701788425    
  0.715489268    
  0.729190052    
  0.742891014    
  0.756591797    
  0.770292699    
  0.783993602    
  0.797694385    
  0.811395288    
  0.825096130    
  0.838796973    
  0.852497876    
  0.866198719    
  0.879899561    
  0.893600404    
  0.907301307    
  0.921002150    
  0.934702992    
  0.948403835    
  0.962104678    
  0.975805581    
   9.85726044E-02
  0.112221122    
  0.125869647    
  0.139518142    
  0.153166667    
  0.166815177    
  0.180463687    
  0.194112211    
  0.207760721    
  0.221409231    
  0.235057771    
  0.248706251    
  0.262354791    
  0.276003301    
  0.289651811    
  0.303300351    
  0.316948831    
  0.330597341    
  0.344245881    
  0.357894391    
  0.371542901    
  0.385191411    
  0.398839921    
  0.412488401    
  0.426136941    
  0.439785480    
  0.453433961    
  0.467082471    
  0.480731010    
  0.494379520    
  0.508028030    
  0.521676540    
  0.535325110    
  0.548973620    
  0.562622070    
  0.576270640    
  0.589919090    
  0.603567660    
  0.617216229    
  0.630864680    
  0.644513249    
  0.658161700    
  0.671810210    
  0.685458720    
  0.699107289    
  0.712755799    
  0.726404250    
  0.740052819    
  0.753701270    
  0.767349780    
  0.780998409    
  0.794646859    
  0.808295369    
  0.821943879    
  0.835592389    
  0.849240899    
  0.862889469    
  0.876537979    
  0.890186429    
  0.903834999    
  0.917483509    
  0.931131959    
  0.944780529    
  0.958429039    
  0.972077549    
   9.81370136E-02
  0.111725219    
  0.125313416    
  0.138901621    
  0.152489826    
  0.166078031    
  0.179666221    
  0.193254426    
  0.206842631    
  0.220430836    
  0.234019056    
  0.247607231    
  0.261195451    
  0.274783641    
  0.288371861    
  0.301960051    
  0.315548241    
  0.329136431    
  0.342724651    
  0.356312871    
  0.369901061    
  0.383489251    
  0.397077441    
  0.410665631    
  0.424253821    
  0.437842071    
  0.451430261    
  0.465018451    
  0.478606671    
  0.492194861    
  0.505783081    
  0.519371271    
  0.532959521    
  0.546547711    
  0.560135841    
  0.573724091    
  0.587312281    
  0.600900531    
  0.614488721    
  0.628076911    
  0.641665161    
  0.655253291    
  0.668841481    
  0.682429731    
  0.696017921    
  0.709606111    
  0.723194301    
  0.736782551    
  0.750370681    
  0.763958871    
  0.777547181    
  0.791135311    
  0.804723501    
  0.818311751    
  0.831899941    
  0.845488131    
  0.859076321    
  0.872664571    
  0.886252701    
  0.899840951    
  0.913429201    
  0.927017331    
  0.940605521    
  0.954193711    
  0.967781961    
   9.76441130E-02
  0.111164063    
  0.124684021    
  0.138203964    
  0.151723921    
  0.165243879    
  0.178763822    
  0.192283779    
  0.205803737    
  0.219323680    
  0.232843652    
  0.246363595    
  0.259883553    
  0.273403496    
  0.286923468    
  0.300443411    
  0.313963354    
  0.327483296    
  0.341003269    
  0.354523242    
  0.368043184    
  0.381563127    
  0.395083070    
  0.408603013    
  0.422122955    
  0.435642958    
  0.449162871    
  0.462682843    
  0.476202786    
  0.489722759    
  0.503242731    
  0.516762674    
  0.530282617    
  0.543802559    
  0.557322502    
  0.570842505    
  0.584362388    
  0.597882450    
  0.611402392    
  0.624922276    
  0.638442278    
  0.651962221    
  0.665482163    
  0.679002106    
  0.692522049    
  0.706042051    
  0.719561934    
  0.733081937    
  0.746601820    
  0.760121822    
  0.773641825    
  0.787161708    
  0.800681710    
  0.814201653    
  0.827721596    
  0.841241539    
  0.854761541    
  0.868281484    
  0.881801367    
  0.895321369    
  0.908841372    
  0.922361255    
  0.935881197    
  0.949401140    
  0.962921143    
   9.70941857E-02
  0.110537991    
  0.123981811    
  0.137425616    
  0.150869429    
  0.164313242    
  0.177757040    
  0.191200852    
  0.204644665    
  0.218088478    
  0.231532305    
  0.244976088    
  0.258419901    
  0.271863729    
  0.285307527    
  0.298751354    
  0.312195122    
  0.325638950    
  0.339082778    
  0.352526575    
  0.365970403    
  0.379414171    
  0.392857999    
  0.406301767    
  0.419745594    
  0.433189452    
  0.446633220    
  0.460077047    
  0.473520845    
  0.486964673    
  0.500408471    
  0.513852298    
  0.527296126    
  0.540739954    
  0.554183662    
  0.567627549    
  0.581071317    
  0.594515204    
  0.607959032    
  0.621402740    
  0.634846628    
  0.648290396    
  0.661734223    
  0.675178051    
  0.688621819    
  0.702065647    
  0.715509415    
  0.728953302    
  0.742397070    
  0.755840838    
  0.769284725    
  0.782728493    
  0.796172321    
  0.809616089    
  0.823059916    
  0.836503744    
  0.849947572    
  0.863391399    
  0.876835108    
  0.890278995    
  0.903722823    
  0.917166591    
  0.930610418    
  0.944054186    
  0.957498014    
   9.64875519E-02
  0.109847367    
  0.123207189    
  0.136566997    
  0.149926811    
  0.163286626    
  0.176646441    
  0.190006256    
  0.203366071    
  0.216725886    
  0.230085716    
  0.243445501    
  0.256805331    
  0.270165145    
  0.283524960    
  0.296884775    
  0.310244590    
  0.323604405    
  0.336964220    
  0.350324035    
  0.363683850    
  0.377043635    
  0.390403479    
  0.403763264    
  0.417123079    
  0.430482924    
  0.443842709    
  0.457202524    
  0.470562369    
  0.483922184    
  0.497281998    
  0.510641813    
  0.524001658    
  0.537361443    
  0.550721228    
  0.564081073    
  0.577440858    
  0.590800762    
  0.604160547    
  0.617520332    
  0.630880177    
  0.644239962    
  0.657599807    
  0.670959592    
  0.684319437    
  0.697679222    
  0.711039007    
  0.724398851    
  0.737758636    
  0.751118481    
  0.764478326    
  0.777838111    
  0.791197896    
  0.804557741    
  0.817917585    
  0.831277370    
  0.844637215    
  0.857997000    
  0.871356785    
  0.884716630    
  0.898076475    
  0.911436260    
  0.924796045    
  0.938155890    
  0.951515675    
   9.58245844E-02
  0.109092601    
  0.122360624    
  0.135628626    
  0.148896649    
  0.162164688    
  0.175432697    
  0.188700721    
  0.201968744    
  0.215236753    
  0.228504792    
  0.241772786    
  0.255040795    
  0.268308818    
  0.281576842    
  0.294844866    
  0.308112860    
  0.321380883    
  0.334648907    
  0.347916931    
  0.361184955    
  0.374452949    
  0.387720972    
  0.400988996    
  0.414257020    
  0.427525073    
  0.440793067    
  0.454061091    
  0.467329115    
  0.480597138    
  0.493865162    
  0.507133186    
  0.520401180    
  0.533669233    
  0.546937168    
  0.560205281    
  0.573473215    
  0.586741328    
  0.600009322    
  0.613277316    
  0.626545370    
  0.639813364    
  0.653081357    
  0.666349411    
  0.679617405    
  0.692885458    
  0.706153393    
  0.719421506    
  0.732689440    
  0.745957494    
  0.759225547    
  0.772493541    
  0.785761535    
  0.799029589    
  0.812297583    
  0.825565636    
  0.838833630    
  0.852101684    
  0.865369618    
  0.878637731    
  0.891905725    
  0.905173719    
  0.918441713    
  0.931709766    
  0.944977760    
   9.51056555E-02
  0.108274132    
  0.121442609    
  0.134611070    
  0.147779554    
  0.160948038    
  0.174116507    
  0.187284976    
  0.200453460    
  0.213621929    
  0.226790413    
  0.239958867    
  0.253127366    
  0.266295820    
  0.279464304    
  0.292632788    
  0.305801243    
  0.318969727    
  0.332138211    
  0.345306695    
  0.358475178    
  0.371643603    
  0.384812087    
  0.397980541    
  0.411149025    
  0.424317539    
  0.437485993    
  0.450654477    
  0.463822961    
  0.476991415    
  0.490159899    
  0.503328383    
  0.516496897    
  0.529665351    
  0.542833745    
  0.556002319    
  0.569170713    
  0.582339287    
  0.595507741    
  0.608676195    
  0.621844709    
  0.635013103    
  0.648181617    
  0.661350071    
  0.674518585    
  0.687687039    
  0.700855494    
  0.714024007    
  0.727192461    
  0.740360916    
  0.753529429    
  0.766697884    
  0.779866338    
  0.793034852    
  0.806203306    
  0.819371819    
  0.832540274    
  0.845708728    
  0.858877182    
  0.872045696    
  0.885214210    
  0.898382604    
  0.911551118    
  0.924719572    
  0.937888086    
   9.43311825E-02
  0.107392423    
  0.120453663    
  0.133514896    
  0.146576136    
  0.159637392    
  0.172698617    
  0.185759857    
  0.198821113    
  0.211882338    
  0.224943593    
  0.238004819    
  0.251066059    
  0.264127314    
  0.277188540    
  0.290249795    
  0.303311020    
  0.316372275    
  0.329433501    
  0.342494756    
  0.355556011    
  0.368617207    
  0.381678462    
  0.394739687    
  0.407800913    
  0.420862198    
  0.433923423    
  0.446984649    
  0.460045904    
  0.473107159    
  0.486168385    
  0.499229640    
  0.512290895    
  0.525352120    
  0.538413346    
  0.551474631    
  0.564535797    
  0.577597082    
  0.590658367    
  0.603719532    
  0.616780818    
  0.629842043    
  0.642903268    
  0.655964553    
  0.669025779    
  0.682087004    
  0.695148230    
  0.708209515    
  0.721270680    
  0.734331965    
  0.747393250    
  0.760454416    
  0.773515701    
  0.786576927    
  0.799638152    
  0.812699437    
  0.825760663    
  0.838821888    
  0.851883113    
  0.864944398    
  0.878005624    
  0.891066849    
  0.904128075    
  0.917189300    
  0.930250585    
   9.35016200E-02
  0.106448002    
  0.119394384    
  0.132340744    
  0.145287141    
  0.158233523    
  0.171179891    
  0.184126273    
  0.197072655    
  0.210019022    
  0.222965419    
  0.235911772    
  0.248858154    
  0.261804551    
  0.274750918    
  0.287697315    
  0.300643653    
  0.313590050    
  0.326536417    
  0.339482814    
  0.352429181    
  0.365375549    
  0.378321946    
  0.391268283    
  0.404214680    
  0.417161077    
  0.430107445    
  0.443053812    
  0.456000209    
  0.468946576    
  0.481892973    
  0.494839340    
  0.507785738    
  0.520732105    
  0.533678472    
  0.546624899    
  0.559571207    
  0.572517633    
  0.585464060    
  0.598410368    
  0.611356795    
  0.624303102    
  0.637249529    
  0.650195897    
  0.663142264    
  0.676088691    
  0.689034998    
  0.701981425    
  0.714927733    
  0.727874160    
  0.740820587    
  0.753766894    
  0.766713262    
  0.779659688    
  0.792606056    
  0.805552423    
  0.818498850    
  0.831445217    
  0.844391525    
  0.857337952    
  0.870284379    
  0.883230686    
  0.896177053    
  0.909123421    
  0.922069848    
   9.26174670E-02
  0.105441421    
  0.118265383    
  0.131089330    
  0.143913284    
  0.156737253    
  0.169561192    
  0.182385162    
  0.195209116    
  0.208033070    
  0.220857039    
  0.233680978    
  0.246504933    
  0.259328902    
  0.272152871    
  0.284976810    
  0.297800750    
  0.310624719    
  0.323448688    
  0.336272627    
  0.349096596    
  0.361920536    
  0.374744505    
  0.387568444    
  0.400392383    
  0.413216382    
  0.426040322    
  0.438864291    
  0.451688230    
  0.464512199    
  0.477336168    
  0.490160108    
  0.502984107    
  0.515808046    
  0.528631926    
  0.541455984    
  0.554279864    
  0.567103863    
  0.579927862    
  0.592751741    
  0.605575800    
  0.618399680    
  0.631223619    
  0.644047618    
  0.656871557    
  0.669695497    
  0.682519436    
  0.695343435    
  0.708167374    
  0.720991313    
  0.733815312    
  0.746639252    
  0.759463191    
  0.772287130    
  0.785111129    
  0.797935069    
  0.810759068    
  0.823583007    
  0.836406887    
  0.849230945    
  0.862054884    
  0.874878824    
  0.887702763    
  0.900526702    
  0.913350701    
   9.16792229E-02
  0.104373269    
  0.117067315    
  0.129761353    
  0.142455399    
  0.155149460    
  0.167843491    
  0.180537537    
  0.193231598    
  0.205925629    
  0.218619689    
  0.231313720    
  0.244007766    
  0.256701827    
  0.269395858    
  0.282089919    
  0.294783950    
  0.307478011    
  0.320172042    
  0.332866102    
  0.345560163    
  0.358254164    
  0.370948225    
  0.383642256    
  0.396336287    
  0.409030378    
  0.421724409    
  0.434418440    
  0.447112501    
  0.459806561    
  0.472500592    
  0.485194653    
  0.497888714    
  0.510582745    
  0.523276746    
  0.535970867    
  0.548664868    
  0.561358929    
  0.574052989    
  0.586746991    
  0.599441111    
  0.612135112    
  0.624829173    
  0.637523234    
  0.650217235    
  0.662911296    
  0.675605297    
  0.688299417    
  0.700993419    
  0.713687479    
  0.726381540    
  0.739075541    
  0.751769602    
  0.764463663    
  0.777157724    
  0.789851785    
  0.802545786    
  0.815239847    
  0.827933848    
  0.840627968    
  0.853322029    
  0.866016030    
  0.878710091    
  0.891404092    
  0.904098153    
   9.06874388E-02
  0.103244156    
  0.115800880    
  0.128357589    
  0.140914321    
  0.153471053    
  0.166027769    
  0.178584486    
  0.191141218    
  0.203697935    
  0.216254666    
  0.228811368    
  0.241368100    
  0.253924817    
  0.266481549    
  0.279038280    
  0.291594982    
  0.304151714    
  0.316708416    
  0.329265147    
  0.341821879    
  0.354378581    
  0.366935313    
  0.379492015    
  0.392048746    
  0.404605478    
  0.417162180    
  0.429718912    
  0.442275643    
  0.454832375    
  0.467389077    
  0.479945809    
  0.492502540    
  0.505059242    
  0.517615914    
  0.530172706    
  0.542729378    
  0.555286169    
  0.567842901    
  0.580399573    
  0.592956364    
  0.605513036    
  0.618069768    
  0.630626500    
  0.643183231    
  0.655739963    
  0.668296635    
  0.680853367    
  0.693410039    
  0.705966771    
  0.718523562    
  0.731080234    
  0.743636966    
  0.756193697    
  0.768750429    
  0.781307161    
  0.793863893    
  0.806420624    
  0.818977296    
  0.831534028    
  0.844090760    
  0.856647432    
  0.869204164    
  0.881760895    
  0.894317627    
   8.96426961E-02
  0.102054752    
  0.114466824    
  0.126878887    
  0.139290959    
  0.151703015    
  0.164115071    
  0.176527143    
  0.188939214    
  0.201351270    
  0.213763356    
  0.226175398    
  0.238587469    
  0.250999540    
  0.263411611    
  0.275823683    
  0.288235724    
  0.300647795    
  0.313059866    
  0.325471938    
  0.337884009    
  0.350296050    
  0.362708122    
  0.375120163    
  0.387532234    
  0.399944305    
  0.412356377    
  0.424768418    
  0.437180489    
  0.449592561    
  0.462004632    
  0.474416703    
  0.486828774    
  0.499240845    
  0.511652887    
  0.524065018    
  0.536477029    
  0.548889101    
  0.561301172    
  0.573713243    
  0.586125314    
  0.598537326    
  0.610949397    
  0.623361468    
  0.635773540    
  0.648185611    
  0.660597622    
  0.673009753    
  0.685421765    
  0.697833836    
  0.710245967    
  0.722657979    
  0.735070050    
  0.747482121    
  0.759894192    
  0.772306263    
  0.784718335    
  0.797130406    
  0.809542418    
  0.821954548    
  0.834366620    
  0.846778631    
  0.859190702    
  0.871602774    
  0.884014845    
   8.85456055E-02
  0.100805759    
  0.113065928    
  0.125326082    
  0.137586251    
  0.149846405    
  0.162106559    
  0.174366727    
  0.186626896    
  0.198887035    
  0.211147219    
  0.223407358    
  0.235667527    
  0.247927696    
  0.260187864    
  0.272448003    
  0.284708142    
  0.296968311    
  0.309228480    
  0.321488649    
  0.333748817    
  0.346008956    
  0.358269125    
  0.370529264    
  0.382789433    
  0.395049602    
  0.407309741    
  0.419569910    
  0.431830078    
  0.444090247    
  0.456350416    
  0.468610585    
  0.480870754    
  0.493130893    
  0.505391002    
  0.517651260    
  0.529911339    
  0.542171538    
  0.554431736    
  0.566691816    
  0.578952074    
  0.591212153    
  0.603472352    
  0.615732491    
  0.627992690    
  0.640252829    
  0.652512968    
  0.664773166    
  0.677033246    
  0.689293444    
  0.701553643    
  0.713813782    
  0.726073921    
  0.738334119    
  0.750594258    
  0.762854457    
  0.775114596    
  0.787374735    
  0.799634874    
  0.811895072    
  0.824155271    
  0.836415350    
  0.848675549    
  0.860935688    
  0.873195887    
   8.73968005E-02
   9.94978920E-02
  0.111598998    
  0.123700082    
  0.135801181    
  0.147902280    
  0.160003364    
  0.172104463    
  0.184205562    
  0.196306661    
  0.208407775    
  0.220508844    
  0.232609943    
  0.244711041    
  0.256812155    
  0.268913239    
  0.281014323    
  0.293115407    
  0.305216521    
  0.317317605    
  0.329418719    
  0.341519803    
  0.353620887    
  0.365721971    
  0.377823055    
  0.389924198    
  0.402025253    
  0.414126366    
  0.426227450    
  0.438328564    
  0.450429678    
  0.462530762    
  0.474631876    
  0.486732960    
  0.498834014    
  0.510935187    
  0.523036182    
  0.535137355    
  0.547238469    
  0.559339523    
  0.571440637    
  0.583541691    
  0.595642805    
  0.607743919    
  0.619845033    
  0.631946087    
  0.644047141    
  0.656148314    
  0.668249369    
  0.680350482    
  0.692451596    
  0.704552650    
  0.716653764    
  0.728754878    
  0.740855932    
  0.752957046    
  0.765058160    
  0.777159274    
  0.789260328    
  0.801361442    
  0.813462555    
  0.825563610    
  0.837664723    
  0.849765778    
  0.861866891    
   8.61969665E-02
   9.81319323E-02
  0.110066898    
  0.122001857    
  0.133936822    
  0.145871788    
  0.157806754    
  0.169741720    
  0.181676686    
  0.193611637    
  0.205546618    
  0.217481568    
  0.229416534    
  0.241351500    
  0.253286481    
  0.265221447    
  0.277156383    
  0.289091349    
  0.301026314    
  0.312961280    
  0.324896246    
  0.336831212    
  0.348766178    
  0.360701114    
  0.372636080    
  0.384571075    
  0.396506011    
  0.408440977    
  0.420375943    
  0.432310939    
  0.444245905    
  0.456180871    
  0.468115836    
  0.480050802    
  0.491985708    
  0.503920734    
  0.515855670    
  0.527790666    
  0.539725661    
  0.551660538    
  0.563595593    
  0.575530529    
  0.587465465    
  0.599400461    
  0.611335397    
  0.623270392    
  0.635205269    
  0.647140324    
  0.659075260    
  0.671010196    
  0.682945192    
  0.694880128    
  0.706815124    
  0.718750060    
  0.730685055    
  0.742619991    
  0.754554987    
  0.766489923    
  0.778424859    
  0.790359914    
  0.802294850    
  0.814229786    
  0.826164722    
  0.838099718    
  0.850034654    
   8.49467963E-02
   9.67086554E-02
  0.108470522    
  0.120232381    
  0.131994247    
  0.143756121    
  0.155517966    
  0.167279840    
  0.179041713    
  0.190803558    
  0.202565446    
  0.214327291    
  0.226089150    
  0.237851024    
  0.249612898    
  0.261374772    
  0.273136616    
  0.284898460    
  0.296660334    
  0.308422208    
  0.320184082    
  0.331945926    
  0.343707770    
  0.355469614    
  0.367231488    
  0.378993392    
  0.390755236    
  0.402517110    
  0.414278954    
  0.426040828    
  0.437802702    
  0.449564576    
  0.461326450    
  0.473088294    
  0.484850138    
  0.496612042    
  0.508373857    
  0.520135760    
  0.531897664    
  0.543659449    
  0.555421412    
  0.567183197    
  0.578945041    
  0.590706944    
  0.602468789    
  0.614230692    
  0.625992477    
  0.637754381    
  0.649516225    
  0.661278069    
  0.673040032    
  0.684801817    
  0.696563721    
  0.708325565    
  0.720087409    
  0.731849313    
  0.743611157    
  0.755373061    
  0.767134845    
  0.778896749    
  0.790658653    
  0.802420437    
  0.814182341    
  0.825944185    
  0.837706089    
   8.36470127E-02
   9.52289030E-02
  0.106810801    
  0.118392691    
  0.129974589    
  0.141556486    
  0.153138369    
  0.164720267    
  0.176302165    
  0.187884063    
  0.199465960    
  0.211047843    
  0.222629741    
  0.234211639    
  0.245793536    
  0.257375419    
  0.268957317    
  0.280539215    
  0.292121112    
  0.303703010    
  0.315284908    
  0.326866776    
  0.338448673    
  0.350030541    
  0.361612439    
  0.373194367    
  0.384776235    
  0.396358132    
  0.407940030    
  0.419521928    
  0.431103826    
  0.442685723    
  0.454267621    
  0.465849519    
  0.477431387    
  0.489013314    
  0.500595152    
  0.512177110    
  0.523759007    
  0.535340846    
  0.546922803    
  0.558504641    
  0.570086539    
  0.581668437    
  0.593250334    
  0.604832232    
  0.616414130    
  0.627996027    
  0.639577925    
  0.651159823    
  0.662741780    
  0.674323618    
  0.685905516    
  0.697487414    
  0.709069312    
  0.720651209    
  0.732233107    
  0.743815005    
  0.755396843    
  0.766978800    
  0.778560698    
  0.790142536    
  0.801724434    
  0.813306332    
  0.824888229    
   8.22983906E-02
   9.36935470E-02
  0.105088711    
  0.116483867    
  0.127879024    
  0.139274195    
  0.150669351    
  0.162064508    
  0.173459679    
  0.184854835    
  0.196250007    
  0.207645148    
  0.219040319    
  0.230435476    
  0.241830647    
  0.253225803    
  0.264620960    
  0.276016116    
  0.287411273    
  0.298806459    
  0.310201615    
  0.321596742    
  0.332991928    
  0.344387054    
  0.355782241    
  0.367177427    
  0.378572553    
  0.389967710    
  0.401362896    
  0.412758052    
  0.424153209    
  0.435548395    
  0.446943551    
  0.458338708    
  0.469733834    
  0.481129050    
  0.492524177    
  0.503919363    
  0.515314519    
  0.526709676    
  0.538104892    
  0.549499989    
  0.560895145    
  0.572290301    
  0.583685458    
  0.595080674    
  0.606475770    
  0.617870986    
  0.629266083    
  0.640661240    
  0.652056456    
  0.663451612    
  0.674846768    
  0.686241925    
  0.697637081    
  0.709032238    
  0.720427394    
  0.731822610    
  0.743217707    
  0.754612923    
  0.766008079    
  0.777403176    
  0.788798392    
  0.800193548    
  0.811588705    
   8.09017047E-02
   9.21034738E-02
  0.103305250    
  0.114507020    
  0.125708789    
  0.136910573    
  0.148112342    
  0.159314111    
  0.170515895    
  0.181717664    
  0.192919448    
  0.204121202    
  0.215322986    
  0.226524755    
  0.237726539    
  0.248928323    
  0.260130078    
  0.271331847    
  0.282533616    
  0.293735415    
  0.304937184    
  0.316138923    
  0.327340722    
  0.338542461    
  0.349744260    
  0.360946059    
  0.372147799    
  0.383349568    
  0.394551367    
  0.405753136    
  0.416954905    
  0.428156704    
  0.439358473    
  0.450560242    
  0.461761981    
  0.472963810    
  0.484165549    
  0.495367348    
  0.506569147    
  0.517770886    
  0.528972685    
  0.540174425    
  0.551376224    
  0.562577963    
  0.573779762    
  0.584981561    
  0.596183240    
  0.607385099    
  0.618586838    
  0.629788578    
  0.640990436    
  0.652192175    
  0.663393915    
  0.674595714    
  0.685797513    
  0.696999252    
  0.708201051    
  0.719402850    
  0.730604529    
  0.741806388    
  0.753008187    
  0.764209867    
  0.775411665    
  0.786613464    
  0.797815204    
   7.94577673E-02
   9.04596075E-02
  0.101461455    
  0.112463295    
  0.123465143    
  0.134466991    
  0.145468831    
  0.156470671    
  0.167472526    
  0.178474367    
  0.189476222    
  0.200478047    
  0.211479902    
  0.222481743    
  0.233483598    
  0.244485438    
  0.255487263    
  0.266489118    
  0.277490973    
  0.288492799    
  0.299494654    
  0.310496479    
  0.321498334    
  0.332500160    
  0.343502015    
  0.354503870    
  0.365505695    
  0.376507550    
  0.387509406    
  0.398511261    
  0.409513086    
  0.420514941    
  0.431516796    
  0.442518651    
  0.453520447    
  0.464522332    
  0.475524157    
  0.486526042    
  0.497527897    
  0.508529663    
  0.519531608    
  0.530533373    
  0.541535258    
  0.552537084    
  0.563538909    
  0.574540794    
  0.585542560    
  0.596544504    
  0.607546270    
  0.618548155    
  0.629550040    
  0.640551805    
  0.651553690    
  0.662555516    
  0.673557401    
  0.684559226    
  0.695561051    
  0.706562936    
  0.717564702    
  0.728566587    
  0.739568472    
  0.750570238    
  0.761572123    
  0.772573948    
  0.783575833    
   7.79674351E-02
   8.87629241E-02
   9.95584205E-02
  0.110353902    
  0.121149398    
  0.131944895    
  0.142740384    
  0.153535873    
  0.164331362    
  0.175126851    
  0.185922354    
  0.196717829    
  0.207513317    
  0.218308821    
  0.229104310    
  0.239899814    
  0.250695288    
  0.261490762    
  0.272286266    
  0.283081770    
  0.293877274    
  0.304672748    
  0.315468222    
  0.326263696    
  0.337059200    
  0.347854704    
  0.358650178    
  0.369445682    
  0.380241185    
  0.391036659    
  0.401832163    
  0.412627667    
  0.423423141    
  0.434218645    
  0.445014089    
  0.455809653    
  0.466605097    
  0.477400631    
  0.488196135    
  0.498991579    
  0.509787142    
  0.520582557    
  0.531378031    
  0.542173564    
  0.552969038    
  0.563764572    
  0.574559987    
  0.585355520    
  0.596150994    
  0.606946468    
  0.617742002    
  0.628537476    
  0.639332950    
  0.650128484    
  0.660923958    
  0.671719432    
  0.682514966    
  0.693310440    
  0.704105914    
  0.714901447    
  0.725696921    
  0.736492395    
  0.747287869    
  0.758083344    
  0.768878877    
   7.64315724E-02
   8.70144069E-02
   9.75972414E-02
  0.108180068    
  0.118762903    
  0.129345745    
  0.139928564    
  0.150511399    
  0.161094248    
  0.171677068    
  0.182259917    
  0.192842737    
  0.203425571    
  0.214008406    
  0.224591240    
  0.235174075    
  0.245756894    
  0.256339729    
  0.266922563    
  0.277505398    
  0.288088232    
  0.298671067    
  0.309253901    
  0.319836706    
  0.330419540    
  0.341002405    
  0.351585209    
  0.362168044    
  0.372750878    
  0.383333743    
  0.393916577    
  0.404499412    
  0.415082246    
  0.425665081    
  0.436247855    
  0.446830750    
  0.457413554    
  0.467996418    
  0.478579253    
  0.489162058    
  0.499744922    
  0.510327756    
  0.520910561    
  0.531493425    
  0.542076230    
  0.552659094    
  0.563241839    
  0.573824763    
  0.584407568    
  0.594990373    
  0.605573237    
  0.616156042    
  0.626738906    
  0.637321711    
  0.647904575    
  0.658487380    
  0.669070244    
  0.679653049    
  0.690235853    
  0.700818777    
  0.711401582    
  0.721984386    
  0.732567191    
  0.743150055    
  0.753732860    
   7.48510808E-02
   8.52150694E-02
   9.55790728E-02
  0.105943061    
  0.116307057    
  0.126671061    
  0.137035042    
  0.147399053    
  0.157763049    
  0.168127030    
  0.178491041    
  0.188855022    
  0.199219018    
  0.209583014    
  0.219947025    
  0.230311021    
  0.240674987    
  0.251038998    
  0.261402994    
  0.271766990    
  0.282130986    
  0.292494982    
  0.302858979    
  0.313222945    
  0.323586941    
  0.333950967    
  0.344314933    
  0.354678929    
  0.365042955    
  0.375406951    
  0.385770947    
  0.396134943    
  0.406498939    
  0.416862935    
  0.427226901    
  0.437590927    
  0.447954893    
  0.458318919    
  0.468682945    
  0.479046881    
  0.489410937    
  0.499774873    
  0.510138869    
  0.520502865    
  0.530866861    
  0.541230857    
  0.551594853    
  0.561958909    
  0.572322845    
  0.582686841    
  0.593050897    
  0.603414834    
  0.613778830    
  0.624142826    
  0.634506822    
  0.644870818    
  0.655234814    
  0.665598810    
  0.675962806    
  0.686326802    
  0.696690798    
  0.707054794    
  0.717418790    
  0.727782786    
  0.738146782    
   7.32268691E-02
   8.33659768E-02
   9.35050845E-02
  0.103644177    
  0.113783285    
  0.123922400    
  0.134061500    
  0.144200608    
  0.154339716    
  0.164478809    
  0.174617931    
  0.184757024    
  0.194896132    
  0.205035239    
  0.215174347    
  0.225313455    
  0.235452533    
  0.245591640    
  0.255730748    
  0.265869856    
  0.276008964    
  0.286148071    
  0.296287179    
  0.306426257    
  0.316565365    
  0.326704502    
  0.336843580    
  0.346982688    
  0.357121795    
  0.367260903    
  0.377400011    
  0.387539119    
  0.397678226    
  0.407817334    
  0.417956412    
  0.428095549    
  0.438234627    
  0.448373765    
  0.458512872    
  0.468651950    
  0.478791118    
  0.488930166    
  0.499069273    
  0.509208381    
  0.519347489    
  0.529486597    
  0.539625645    
  0.549764812    
  0.559903860    
  0.570042968    
  0.580182135    
  0.590321183    
  0.600460351    
  0.610599458    
  0.620738566    
  0.630877674    
  0.641016781    
  0.651155889    
  0.661294937    
  0.671434104    
  0.681573212    
  0.691712260    
  0.701851368    
  0.711990476    
  0.722129583    
   7.15598986E-02
   8.14681873E-02
   9.13764834E-02
  0.101284772    
  0.111193068    
  0.121101364    
  0.131009653    
  0.140917942    
  0.150826246    
  0.160734534    
  0.170642838    
  0.180551112    
  0.190459400    
  0.200367704    
  0.210276008    
  0.220184296    
  0.230092570    
  0.240000874    
  0.249909163    
  0.259817451    
  0.269725770    
  0.279634029    
  0.289542317    
  0.299450606    
  0.309358895    
  0.319267213    
  0.329175502    
  0.339083791    
  0.348992079    
  0.358900398    
  0.368808687    
  0.378716975    
  0.388625264    
  0.398533583    
  0.408441842    
  0.418350160    
  0.428258419    
  0.438166767    
  0.448075056    
  0.457983315    
  0.467891663    
  0.477799892    
  0.487708211    
  0.497616500    
  0.507524788    
  0.517433107    
  0.527341366    
  0.537249684    
  0.547157943    
  0.557066262    
  0.566974580    
  0.576882839    
  0.586791098    
  0.596699417    
  0.606607735    
  0.616515994    
  0.626424313    
  0.636332631    
  0.646240890    
  0.656149209    
  0.666057527    
  0.675965726    
  0.685874045    
  0.695782363    
  0.705690622    
   6.98511377E-02
   7.95228332E-02
   8.91945288E-02
   9.88662168E-02
  0.108537920    
  0.118209615    
  0.127881303    
  0.137553006    
  0.147224709    
  0.156896397    
  0.166568100    
  0.176239789    
  0.185911477    
  0.195583180    
  0.205254883    
  0.214926586    
  0.224598259    
  0.234269962    
  0.243941665    
  0.253613353    
  0.263285071    
  0.272956729    
  0.282628447    
  0.292300105    
  0.301971823    
  0.311643541    
  0.321315199    
  0.330986917    
  0.340658605    
  0.350330323    
  0.360002011    
  0.369673699    
  0.379345417    
  0.389017105    
  0.398688763    
  0.408360511    
  0.418032169    
  0.427703917    
  0.437375605    
  0.447047263    
  0.456719011    
  0.466390669    
  0.476062357    
  0.485734046    
  0.495405763    
  0.505077481    
  0.514749110    
  0.524420857    
  0.534092486    
  0.543764234    
  0.553435981    
  0.563107610    
  0.572779298    
  0.582450986    
  0.592122734    
  0.601794422    
  0.611466110    
  0.621137798    
  0.630809486    
  0.640481234    
  0.650152922    
  0.659824550    
  0.669496238    
  0.679167986    
  0.688839674    
   6.81015849E-02
   7.75310323E-02
   8.69604871E-02
   9.63899344E-02
  0.105819389    
  0.115248837    
  0.124678284    
  0.134107739    
  0.143537194    
  0.152966633    
  0.162396103    
  0.171825528    
  0.181254983    
  0.190684438    
  0.200113893    
  0.209543347    
  0.218972772    
  0.228402227    
  0.237831682    
  0.247261137    
  0.256690592    
  0.266120017    
  0.275549471    
  0.284978926    
  0.294408381    
  0.303837836    
  0.313267291    
  0.322696716    
  0.332126170    
  0.341555625    
  0.350985080    
  0.360414535    
  0.369843990    
  0.379273444    
  0.388702869    
  0.398132354    
  0.407561779    
  0.416991264    
  0.426420718    
  0.435850143    
  0.445279628    
  0.454709053    
  0.464138508    
  0.473567963    
  0.482997388    
  0.492426842    
  0.501856267    
  0.511285782    
  0.520715177    
  0.530144632    
  0.539574146    
  0.549003541    
  0.558432996    
  0.567862451    
  0.577291906    
  0.586721361    
  0.596150815    
  0.605580270    
  0.615009665    
  0.624439180    
  0.633868635    
  0.643298030    
  0.652727485    
  0.662156940    
  0.671586394    
   6.63122684E-02
   7.54939616E-02
   8.46756622E-02
   9.38573554E-02
  0.103039056    
  0.112220757    
  0.121402450    
  0.130584151    
  0.139765859    
  0.148947552    
  0.158129260    
  0.167310938    
  0.176492646    
  0.185674340    
  0.194856048    
  0.204037741    
  0.213219434    
  0.222401127    
  0.231582835    
  0.240764529    
  0.249946237    
  0.259127915    
  0.268309623    
  0.277491301    
  0.286673009    
  0.295854717    
  0.305036396    
  0.314218104    
  0.323399812    
  0.332581520    
  0.341763228    
  0.350944906    
  0.360126615    
  0.369308323    
  0.378489971    
  0.387671709    
  0.396853387    
  0.406035125    
  0.415216833    
  0.424398482    
  0.433580220    
  0.442761898    
  0.451943606    
  0.461125284    
  0.470306993    
  0.479488701    
  0.488670349    
  0.497852117    
  0.507033765    
  0.516215444    
  0.525397182    
  0.534578860    
  0.543760598    
  0.552942276    
  0.562123954    
  0.571305692    
  0.580487370    
  0.589669108    
  0.598850727    
  0.608032465    
  0.617214203    
  0.626395822    
  0.635577559    
  0.644759238    
  0.653940976    
   6.44842237E-02
   7.34128058E-02
   8.23413953E-02
   9.12699699E-02
  0.100198559    
  0.109127149    
  0.118055724    
  0.126984313    
  0.135912895    
  0.144841477    
  0.153770074    
  0.162698641    
  0.171627238    
  0.180555820    
  0.189484403    
  0.198413000    
  0.207341567    
  0.216270149    
  0.225198731    
  0.234127328    
  0.243055910    
  0.251984477    
  0.260913074    
  0.269841641    
  0.278770238    
  0.287698835    
  0.296627402    
  0.305555999    
  0.314484566    
  0.323413163    
  0.332341760    
  0.341270328    
  0.350198925    
  0.359127522    
  0.368056059    
  0.376984686    
  0.385913253    
  0.394841880    
  0.403770447    
  0.412699014    
  0.421627641    
  0.430556178    
  0.439484775    
  0.448413342    
  0.457341939    
  0.466270536    
  0.475199074    
  0.484127700    
  0.493056267    
  0.501984835    
  0.510913491    
  0.519842029    
  0.528770626    
  0.537699223    
  0.546627760    
  0.555556357    
  0.564484954    
  0.573413551    
  0.582342088    
  0.591270745    
  0.600199282    
  0.609127879    
  0.618056417    
  0.626985013    
  0.635913610    
   6.26185164E-02
   7.12887719E-02
   7.99590349E-02
   8.86292830E-02
   9.72995460E-02
  0.105969802    
  0.114640050    
  0.123310313    
  0.131980568    
  0.140650824    
  0.149321094    
  0.157991335    
  0.166661590    
  0.175331846    
  0.184002116    
  0.192672372    
  0.201342613    
  0.210012868    
  0.218683124    
  0.227353394    
  0.236023650    
  0.244693890    
  0.253364146    
  0.262034386    
  0.270704657    
  0.279374927    
  0.288045168    
  0.296715438    
  0.305385679    
  0.314055949    
  0.322726220    
  0.331396461    
  0.340066731    
  0.348736972    
  0.357407212    
  0.366077513    
  0.374747723    
  0.383418024    
  0.392088294    
  0.400758505    
  0.409428805    
  0.418099016    
  0.426769286    
  0.435439557    
  0.444109797    
  0.452780068    
  0.461450279    
  0.470120579    
  0.478790790    
  0.487461060    
  0.496131361    
  0.504801571    
  0.513471842    
  0.522142112    
  0.530812383    
  0.539482594    
  0.548152864    
  0.556823134    
  0.565493345    
  0.574163675    
  0.582833946    
  0.591504157    
  0.600174427    
  0.608844638    
  0.617514908    
   6.07162490E-02
   6.91231117E-02
   7.75299817E-02
   8.59368369E-02
   9.43437070E-02
  0.102750577    
  0.111157432    
  0.119564302    
  0.127971172    
  0.136378035    
  0.144784912    
  0.153191760    
  0.161598623    
  0.170005500    
  0.178412363    
  0.186819226    
  0.195226073    
  0.203632951    
  0.212039813    
  0.220446691    
  0.228853554    
  0.237260401    
  0.245667264    
  0.254074126    
  0.262481004    
  0.270887882    
  0.279294729    
  0.287701607    
  0.296108454    
  0.304515332    
  0.312922210    
  0.321329057    
  0.329735935    
  0.338142812    
  0.346549630    
  0.354956537    
  0.363363385    
  0.371770263    
  0.380177140    
  0.388583988    
  0.396990865    
  0.405397713    
  0.413804591    
  0.422211438    
  0.430618316    
  0.439025193    
  0.447432011    
  0.455838919    
  0.464245766    
  0.472652614    
  0.481059521    
  0.489466369    
  0.497873217    
  0.506280065    
  0.514686942    
  0.523093820    
  0.531500697    
  0.539907575    
  0.548314393    
  0.556721330    
  0.565128148    
  0.573535025    
  0.581941843    
  0.590348721    
  0.598755598    
   5.87785244E-02
   6.69170916E-02
   7.50556588E-02
   8.31942186E-02
   9.13327858E-02
   9.94713530E-02
  0.107609913    
  0.115748480    
  0.123887047    
  0.132025599    
  0.140164182    
  0.148302734    
  0.156441301    
  0.164579868    
  0.172718436    
  0.180857003    
  0.188995555    
  0.197134122    
  0.205272689    
  0.213411257    
  0.221549824    
  0.229688376    
  0.237826943    
  0.245965496    
  0.254104078    
  0.262242645    
  0.270381212    
  0.278519779    
  0.286658347    
  0.294796914    
  0.302935481    
  0.311074048    
  0.319212615    
  0.327351183    
  0.335489720    
  0.343628317    
  0.351766855    
  0.359905452    
  0.368044019    
  0.376182556    
  0.384321153    
  0.392459691    
  0.400598258    
  0.408736825    
  0.416875392    
  0.425013959    
  0.433152497    
  0.441291094    
  0.449429631    
  0.457568198    
  0.465706795    
  0.473845333    
  0.481983900    
  0.490122467    
  0.498261034    
  0.506399572    
  0.514538169    
  0.522676706    
  0.530815244    
  0.538953900    
  0.547092438    
  0.555230975    
  0.563369513    
  0.571508110    
  0.579646647    
   5.68064712E-02
   6.46719784E-02
   7.25374967E-02
   8.04030001E-02
   8.82685110E-02
   9.61340293E-02
  0.103999533    
  0.111865044    
  0.119730562    
  0.127596065    
  0.135461584    
  0.143327087    
  0.151192605    
  0.159058109    
  0.166923627    
  0.174789146    
  0.182654634    
  0.190520152    
  0.198385671    
  0.206251174    
  0.214116693    
  0.221982196    
  0.229847699    
  0.237713203    
  0.245578721    
  0.253444254    
  0.261309743    
  0.269175261    
  0.277040780    
  0.284906298    
  0.292771786    
  0.300637305    
  0.308502823    
  0.316368341    
  0.324233830    
  0.332099378    
  0.339964837    
  0.347830385    
  0.355695903    
  0.363561392    
  0.371426940    
  0.379292428    
  0.387157947    
  0.395023435    
  0.402888954    
  0.410754472    
  0.418619961    
  0.426485509    
  0.434350997    
  0.442216486    
  0.450082034    
  0.457947522    
  0.465813041    
  0.473678559    
  0.481544077    
  0.489409596    
  0.497275084    
  0.505140603    
  0.513006091    
  0.520871639    
  0.528737128    
  0.536602616    
  0.544468164    
  0.552333653    
  0.560199201    
   5.48012517E-02
   6.23891130E-02
   6.99769855E-02
   7.75648430E-02
   8.51527080E-02
   9.27405804E-02
  0.100328438    
  0.107916310    
  0.115504175    
  0.123092033    
  0.130679905    
  0.138267770    
  0.145855635    
  0.153443500    
  0.161031365    
  0.168619230    
  0.176207080    
  0.183794960    
  0.191382825    
  0.198970690    
  0.206558555    
  0.214146405    
  0.221734285    
  0.229322135    
  0.236910000    
  0.244497880    
  0.252085745    
  0.259673595    
  0.267261475    
  0.274849355    
  0.282437205    
  0.290025085    
  0.297612935    
  0.305200815    
  0.312788635    
  0.320376545    
  0.327964395    
  0.335552275    
  0.343140155    
  0.350727975    
  0.358315885    
  0.365903735    
  0.373491585    
  0.381079465    
  0.388667315    
  0.396255195    
  0.403843045    
  0.411430925    
  0.419018775    
  0.426606625    
  0.434194535    
  0.441782385    
  0.449370235    
  0.456958115    
  0.464545965    
  0.472133845    
  0.479721725    
  0.487309575    
  0.494897425    
  0.502485335    
  0.510073185    
  0.517661035    
  0.525248885    
  0.532836735    
  0.540424645    
   5.27640246E-02
   6.00698106E-02
   6.73756003E-02
   7.46813789E-02
   8.19871724E-02
   8.92929658E-02
   9.65987444E-02
  0.103904538    
  0.111210324    
  0.118516110    
  0.125821903    
  0.133127689    
  0.140433475    
  0.147739261    
  0.155045047    
  0.162350848    
  0.169656619    
  0.176962405    
  0.184268206    
  0.191573992    
  0.198879778    
  0.206185549    
  0.213491350    
  0.220797122    
  0.228102908    
  0.235408723    
  0.242714494    
  0.250020295    
  0.257326066    
  0.264631867    
  0.271937639    
  0.279243439    
  0.286549240    
  0.293855011    
  0.301160783    
  0.308466613    
  0.315772355    
  0.323078185    
  0.330383986    
  0.337689728    
  0.344995558    
  0.352301329    
  0.359607100    
  0.366912901    
  0.374218702    
  0.381524473    
  0.388830245    
  0.396136045    
  0.403441817    
  0.410747617    
  0.418053418    
  0.425359190    
  0.432664990    
  0.439970762    
  0.447276562    
  0.454582363    
  0.461888134    
  0.469193935    
  0.476499677    
  0.483805507    
  0.491111308    
  0.498417050    
  0.505722880    
  0.513028622    
  0.520334423    
   5.06959818E-02
   5.77154234E-02
   6.47348687E-02
   7.17543066E-02
   7.87737519E-02
   8.57931972E-02
   9.28126350E-02
   9.98320803E-02
  0.106851526    
  0.113870971    
  0.120890424    
  0.127909854    
  0.134929299    
  0.141948745    
  0.148968190    
  0.155987635    
  0.163007066    
  0.170026511    
  0.177045956    
  0.184065402    
  0.191084847    
  0.198104277    
  0.205123723    
  0.212143153    
  0.219162598    
  0.226182058    
  0.233201489    
  0.240220934    
  0.247240394    
  0.254259825    
  0.261279285    
  0.268298715    
  0.275318176    
  0.282337606    
  0.289357036    
  0.296376497    
  0.303395927    
  0.310415387    
  0.317434847    
  0.324454248    
  0.331473738    
  0.338493168    
  0.345512599    
  0.352532059    
  0.359551489    
  0.366570950    
  0.373590350    
  0.380609840    
  0.387629241    
  0.394648701    
  0.401668161    
  0.408687592    
  0.415707022    
  0.422726482    
  0.429745913    
  0.436765373    
  0.443784803    
  0.450804263    
  0.457823664    
  0.464843154    
  0.471862584    
  0.478882015    
  0.485901445    
  0.492920905    
  0.499940336    
   4.85983342E-02
   5.53273335E-02
   6.20563366E-02
   6.87853321E-02
   7.55143315E-02
   8.22433382E-02
   8.89723301E-02
   9.57013369E-02
  0.102430336    
  0.109159335    
  0.115888342    
  0.122617334    
  0.129346341    
  0.136075333    
  0.142804340    
  0.149533346    
  0.156262323    
  0.162991330    
  0.169720337    
  0.176449344    
  0.183178335    
  0.189907327    
  0.196636334    
  0.203365326    
  0.210094318    
  0.216823339    
  0.223552331    
  0.230281323    
  0.237010330    
  0.243739337    
  0.250468343    
  0.257197350    
  0.263926357    
  0.270655334    
  0.277384311    
  0.284113348    
  0.290842324    
  0.297571361    
  0.304300368    
  0.311029345    
  0.317758352    
  0.324487329    
  0.331216335    
  0.337945342    
  0.344674349    
  0.351403356    
  0.358132333    
  0.364861339    
  0.371590316    
  0.378319323    
  0.385048360    
  0.391777337    
  0.398506343    
  0.405235350    
  0.411964357    
  0.418693334    
  0.425422341    
  0.432151347    
  0.438880324    
  0.445609361    
  0.452338368    
  0.459067345    
  0.465796322    
  0.472525328    
  0.479254335    
   4.64723110E-02
   5.29069379E-02
   5.93415685E-02
   6.57761917E-02
   7.22108185E-02
   7.86454529E-02
   8.50800723E-02
   9.15147066E-02
   9.79493335E-02
  0.104383960    
  0.110818595    
  0.117253214    
  0.123687841    
  0.130122468    
  0.136557102    
  0.142991737    
  0.149426341    
  0.155860975    
  0.162295610    
  0.168730244    
  0.175164863    
  0.181599483    
  0.188034117    
  0.194468737    
  0.200903356    
  0.207338005    
  0.213772625    
  0.220207244    
  0.226641878    
  0.233076513    
  0.239511147    
  0.245945767    
  0.252380401    
  0.258815020    
  0.265249640    
  0.271684289    
  0.278118908    
  0.284553558    
  0.290988177    
  0.297422796    
  0.303857446    
  0.310292035    
  0.316726685    
  0.323161304    
  0.329595923    
  0.336030573    
  0.342465162    
  0.348899812    
  0.355334431    
  0.361769050    
  0.368203729    
  0.374638319    
  0.381072938    
  0.387507588    
  0.393942207    
  0.400376827    
  0.406811476    
  0.413246095    
  0.419680715    
  0.426115364    
  0.432549983    
  0.438984603    
  0.445419222    
  0.451853842    
  0.458288491    
   4.43191566E-02
   5.04556522E-02
   5.65921552E-02
   6.27286509E-02
   6.88651502E-02
   7.50016496E-02
   8.11381415E-02
   8.72746482E-02
   9.34111476E-02
   9.95476395E-02
  0.105684146    
  0.111820638    
  0.117957138    
  0.124093637    
  0.130230144    
  0.136366636    
  0.142503127    
  0.148639619    
  0.154776126    
  0.160912633    
  0.167049125    
  0.173185617    
  0.179322124    
  0.185458601    
  0.191595107    
  0.197731614    
  0.203868106    
  0.210004613    
  0.216141105    
  0.222277611    
  0.228414103    
  0.234550610    
  0.240687117    
  0.246823609    
  0.252960086    
  0.259096622    
  0.265233099    
  0.271369606    
  0.277506113    
  0.283642590    
  0.289779127    
  0.295915604    
  0.302052081    
  0.308188587    
  0.314325094    
  0.320461601    
  0.326598078    
  0.332734585    
  0.338871062    
  0.345007569    
  0.351144105    
  0.357280582    
  0.363417089    
  0.369553566    
  0.375690073    
  0.381826580    
  0.387963086    
  0.394099593    
  0.400236040    
  0.406372577    
  0.412509084    
  0.418645561    
  0.424782068    
  0.430918545    
  0.437055051    
   4.21401039E-02
   4.79748845E-02
   5.38096726E-02
   5.96444495E-02
   6.54792339E-02
   7.13140219E-02
   7.71488026E-02
   8.29835832E-02
   8.88183713E-02
   9.46531519E-02
  0.100487940    
  0.106322713    
  0.112157501    
  0.117992289    
  0.123827070    
  0.129661858    
  0.135496631    
  0.141331419    
  0.147166207    
  0.153000981    
  0.158835769    
  0.164670542    
  0.170505330    
  0.176340103    
  0.182174891    
  0.188009694    
  0.193844467    
  0.199679241    
  0.205514029    
  0.211348817    
  0.217183605    
  0.223018393    
  0.228853181    
  0.234687954    
  0.240522727    
  0.246357530    
  0.252192289    
  0.258027107    
  0.263861895    
  0.269696653    
  0.275531471    
  0.281366229    
  0.287201017    
  0.293035805    
  0.298870564    
  0.304705352    
  0.310540110    
  0.316374928    
  0.322209686    
  0.328044474    
  0.333879292    
  0.339714050    
  0.345548838    
  0.351383626    
  0.357218415    
  0.363053203    
  0.368887991    
  0.374722779    
  0.380557537    
  0.386392325    
  0.392227113    
  0.398061872    
  0.403896660    
  0.409731448    
  0.415566236    
   3.99364606E-02
   4.54661213E-02
   5.09957895E-02
   5.65254465E-02
   6.20551147E-02
   6.75847754E-02
   7.31144398E-02
   7.86441043E-02
   8.41737688E-02
   8.97034258E-02
   9.52330977E-02
  0.100762755    
  0.106292419    
  0.111822084    
  0.117351748    
  0.122881420    
  0.128411070    
  0.133940741    
  0.139470398    
  0.145000070    
  0.150529727    
  0.156059384    
  0.161589056    
  0.167118713    
  0.172648370    
  0.178178042    
  0.183707699    
  0.189237371    
  0.194767028    
  0.200296700    
  0.205826372    
  0.211356029    
  0.216885701    
  0.222415358    
  0.227945000    
  0.233474687    
  0.239004329    
  0.244534031    
  0.250063688    
  0.255593330    
  0.261123031    
  0.266652673    
  0.272182316    
  0.277711987    
  0.283241659    
  0.288771331    
  0.294300973    
  0.299830645    
  0.305360287    
  0.310889959    
  0.316419661    
  0.321949303    
  0.327478975    
  0.333008617    
  0.338538289    
  0.344067961    
  0.349597633    
  0.355127275    
  0.360656917    
  0.366186619    
  0.371716291    
  0.377245933    
  0.382775605    
  0.388305247    
  0.393834919    
   3.77094708E-02
   4.29307818E-02
   4.81520966E-02
   5.33734038E-02
   5.85947186E-02
   6.38160333E-02
   6.90373406E-02
   7.42586553E-02
   7.94799626E-02
   8.47012699E-02
   8.99225920E-02
   9.51438919E-02
  0.100365207    
  0.105586521    
  0.110807836    
  0.116029151    
  0.121250451    
  0.126471758    
  0.131693080    
  0.136914387    
  0.142135710    
  0.147357002    
  0.152578324    
  0.157799616    
  0.163020939    
  0.168242261    
  0.173463568    
  0.178684875    
  0.183906183    
  0.189127505    
  0.194348812    
  0.199570134    
  0.204791442    
  0.210012749    
  0.215234041    
  0.220455378    
  0.225676671    
  0.230898008    
  0.236119315    
  0.241340607    
  0.246561944    
  0.251783252    
  0.257004559    
  0.262225866    
  0.267447174    
  0.272668481    
  0.277889788    
  0.283111125    
  0.288332403    
  0.293553710    
  0.298775047    
  0.303996354    
  0.309217662    
  0.314438969    
  0.319660276    
  0.324881613    
  0.330102921    
  0.335324228    
  0.340545535    
  0.345766872    
  0.350988179    
  0.356209457    
  0.361430764    
  0.366652101    
  0.371873409    
   3.54604870E-02
   4.03704010E-02
   4.52803150E-02
   5.01902252E-02
   5.51001430E-02
   6.00100569E-02
   6.49199635E-02
   6.98298812E-02
   7.47397989E-02
   7.96497092E-02
   8.45596269E-02
   8.94695297E-02
   9.43794474E-02
   9.92893651E-02
  0.104199283    
  0.109109193    
  0.114019103    
  0.118929014    
  0.123838931    
  0.128748849    
  0.133658767    
  0.138568670    
  0.143478587    
  0.148388490    
  0.153298408    
  0.158208326    
  0.163118228    
  0.168028146    
  0.172938064    
  0.177847981    
  0.182757899    
  0.187667817    
  0.192577720    
  0.197487637    
  0.202397540    
  0.207307473    
  0.212217361    
  0.217127308    
  0.222037211    
  0.226947114    
  0.231857046    
  0.236766949    
  0.241676852    
  0.246586770    
  0.251496702    
  0.256406605    
  0.261316508    
  0.266226441    
  0.271136343    
  0.276046246    
  0.280956179    
  0.285866082    
  0.290775985    
  0.295685917    
  0.300595820    
  0.305505723    
  0.310415655    
  0.315325558    
  0.320235461    
  0.325145394    
  0.330055326    
  0.334965199    
  0.339875132    
  0.344785035    
  0.349694967    
   3.31907719E-02
   3.77864167E-02
   4.23820652E-02
   4.69777063E-02
   5.15733548E-02
   5.61689995E-02
   6.07646406E-02
   6.53602928E-02
   6.99559376E-02
   7.45515749E-02
   7.91472271E-02
   8.37428644E-02
   8.83385167E-02
   9.29341614E-02
   9.75298062E-02
  0.102125458    
  0.106721096    
  0.111316741    
  0.115912385    
  0.120508038    
  0.125103682    
  0.129699320    
  0.134294972    
  0.138890609    
  0.143486246    
  0.148081914    
  0.152677551    
  0.157273188    
  0.161868840    
  0.166464478    
  0.171060130    
  0.175655782    
  0.180251420    
  0.184847072    
  0.189442694    
  0.194038361    
  0.198633999    
  0.203229666    
  0.207825303    
  0.212420940    
  0.217016608    
  0.221612230    
  0.226207882    
  0.230803519    
  0.235399172    
  0.239994824    
  0.244590446    
  0.249186113    
  0.253781736    
  0.258377373    
  0.262973040    
  0.267568678    
  0.272164315    
  0.276759982    
  0.281355619    
  0.285951257    
  0.290546924    
  0.295142561    
  0.299738199    
  0.304333866    
  0.308929503    
  0.313525140    
  0.318120778    
  0.322716415    
  0.327312082    
   3.09016984E-02
   3.51803936E-02
   3.94590907E-02
   4.37377840E-02
   4.80164848E-02
   5.22951819E-02
   5.65738752E-02
   6.08525723E-02
   6.51312694E-02
   6.94099665E-02
   7.36886710E-02
   7.79673532E-02
   8.22460577E-02
   8.65247548E-02
   9.08034518E-02
   9.50821489E-02
   9.93608385E-02
  0.103639536    
  0.107918233    
  0.112196930    
  0.116475627    
  0.120754316    
  0.125033021    
  0.129311711    
  0.133590400    
  0.137869105    
  0.142147794    
  0.146426499    
  0.150705203    
  0.154983893    
  0.159262598    
  0.163541287    
  0.167819992    
  0.172098681    
  0.176377371    
  0.180656090    
  0.184934765    
  0.189213485    
  0.193492174    
  0.197770864    
  0.202049568    
  0.206328258    
  0.210606948    
  0.214885652    
  0.219164342    
  0.223443046    
  0.227721721    
  0.232000440    
  0.236279130    
  0.240557820    
  0.244836539    
  0.249115214    
  0.253393918    
  0.257672608    
  0.261951298    
  0.266230017    
  0.270508707    
  0.274787396    
  0.279066086    
  0.283344805    
  0.287623495    
  0.291902184    
  0.296180874    
  0.300459564    
  0.304738283    
   2.85945628E-02
   3.25538106E-02
   3.65130566E-02
   4.04723026E-02
   4.44315523E-02
   4.83907983E-02
   5.23500443E-02
   5.63092940E-02
   6.02685399E-02
   6.42277822E-02
   6.81870356E-02
   7.21462816E-02
   7.61055276E-02
   8.00647736E-02
   8.40240270E-02
   8.79832730E-02
   9.19425115E-02
   9.59017575E-02
   9.98610109E-02
  0.103820257    
  0.107779503    
  0.111738749    
  0.115697995    
  0.119657233    
  0.123616487    
  0.127575740    
  0.131534979    
  0.135494232    
  0.139453471    
  0.143412724    
  0.147371978    
  0.151331231    
  0.155290470    
  0.159249723    
  0.163208947    
  0.167168215    
  0.171127453    
  0.175086722    
  0.179045960    
  0.183005199    
  0.186964467    
  0.190923691    
  0.194882944    
  0.198842183    
  0.202801436    
  0.206760690    
  0.210719913    
  0.214679182    
  0.218638420    
  0.222597659    
  0.226556927    
  0.230516165    
  0.234475404    
  0.238434657    
  0.242393911    
  0.246353149    
  0.250312418    
  0.254271656    
  0.258230895    
  0.262190163    
  0.266149402    
  0.270108640    
  0.274067879    
  0.278027117    
  0.281986386    
   2.62707323E-02
   2.99082175E-02
   3.35457064E-02
   3.71831879E-02
   4.08206768E-02
   4.44581620E-02
   4.80956472E-02
   5.17331362E-02
   5.53706214E-02
   5.90081066E-02
   6.26455992E-02
   6.62830770E-02
   6.99205622E-02
   7.35580474E-02
   7.71955401E-02
   8.08330253E-02
   8.44705030E-02
   8.81079957E-02
   9.17454809E-02
   9.53829661E-02
   9.90204513E-02
  0.102657937    
  0.106295422    
  0.109932899    
  0.113570385    
  0.117207885    
  0.120845363    
  0.124482848    
  0.128120333    
  0.131757826    
  0.135395318    
  0.139032796    
  0.142670289    
  0.146307781    
  0.149945244    
  0.153582752    
  0.157220215    
  0.160857722    
  0.164495215    
  0.168132678    
  0.171770185    
  0.175407663    
  0.179045141    
  0.182682633    
  0.186320126    
  0.189957604    
  0.193595082    
  0.197232589    
  0.200870052    
  0.204507545    
  0.208145037    
  0.211782515    
  0.215420008    
  0.219057485    
  0.222694978    
  0.226332471    
  0.229969949    
  0.233607441    
  0.237244904    
  0.240882412    
  0.244519904    
  0.248157367    
  0.251794875    
  0.255432338    
  0.259069830    
   2.39315610E-02
   2.72451602E-02
   3.05587631E-02
   3.38723622E-02
   3.71859632E-02
   4.04995643E-02
   4.38131616E-02
   4.71267626E-02
   5.04403673E-02
   5.37539646E-02
   5.70675693E-02
   6.03811629E-02
   6.36947677E-02
   6.70083687E-02
   7.03219697E-02
   7.36355707E-02
   7.69491643E-02
   8.02627653E-02
   8.35763738E-02
   8.68899748E-02
   9.02035758E-02
   9.35171694E-02
   9.68307704E-02
  0.100144364    
  0.103457965    
  0.106771573    
  0.110085167    
  0.113398775    
  0.116712376    
  0.120025977    
  0.123339579    
  0.126653180    
  0.129966781    
  0.133280382    
  0.136593968    
  0.139907584    
  0.143221170    
  0.146534786    
  0.149848387    
  0.153161973    
  0.156475604    
  0.159789190    
  0.163102791    
  0.166416392    
  0.169729993    
  0.173043594    
  0.176357180    
  0.179670796    
  0.182984382    
  0.186297983    
  0.189611599    
  0.192925185    
  0.196238786    
  0.199552387    
  0.202865988    
  0.206179589    
  0.209493190    
  0.212806806    
  0.216120392    
  0.219434008    
  0.222747609    
  0.226061195    
  0.229374796    
  0.232688397    
  0.236001998    
   2.15784125E-02
   2.45661922E-02
   2.75539737E-02
   3.05417515E-02
   3.35295312E-02
   3.65173146E-02
   3.95050906E-02
   4.24928740E-02
   4.54806536E-02
   4.84684333E-02
   5.14562167E-02
   5.44439889E-02
   5.74317724E-02
   6.04195520E-02
   6.34073317E-02
   6.63951188E-02
   6.93828911E-02
   7.23706707E-02
   7.53584504E-02
   7.83462375E-02
   8.13340172E-02
   8.43217894E-02
   8.73095691E-02
   9.02973488E-02
   9.32851285E-02
   9.62729156E-02
   9.92606878E-02
  0.102248468    
  0.105236255    
  0.108224034    
  0.111211814    
  0.114199594    
  0.117187373    
  0.120175160    
  0.123162925    
  0.126150727    
  0.129138485    
  0.132126287    
  0.135114059    
  0.138101831    
  0.141089633    
  0.144077390    
  0.147065178    
  0.150052950    
  0.153040737    
  0.156028524    
  0.159016281    
  0.162004083    
  0.164991856    
  0.167979628    
  0.170967430    
  0.173955187    
  0.176942974    
  0.179930761    
  0.182918534    
  0.185906321    
  0.188894093    
  0.191881880    
  0.194869652    
  0.197857440    
  0.200845227    
  0.203832999    
  0.206820771    
  0.209808558    
  0.212796330    
   1.92126632E-02
   2.18728781E-02
   2.45330930E-02
   2.71933060E-02
   2.98535228E-02
   3.25137377E-02
   3.51739526E-02
   3.78341675E-02
   4.04943824E-02
   4.31545973E-02
   4.58148159E-02
   4.84750271E-02
   5.11352420E-02
   5.37954569E-02
   5.64556718E-02
   5.91158904E-02
   6.17760979E-02
   6.44363165E-02
   6.70965314E-02
   6.97567463E-02
   7.24169612E-02
   7.50771761E-02
   7.77373910E-02
   8.03975984E-02
   8.30578133E-02
   8.57180357E-02
   8.83782431E-02
   9.10384655E-02
   9.36986804E-02
   9.63588953E-02
   9.90191102E-02
  0.101679325    
  0.104339540    
  0.106999755    
  0.109659962    
  0.112320192    
  0.114980392    
  0.117640622    
  0.120300837    
  0.122961044    
  0.125621274    
  0.128281474    
  0.130941689    
  0.133601904    
  0.136262119    
  0.138922334    
  0.141582549    
  0.144242764    
  0.146902978    
  0.149563193    
  0.152223423    
  0.154883623    
  0.157543838    
  0.160204053    
  0.162864268    
  0.165524483    
  0.168184698    
  0.170844913    
  0.173505127    
  0.176165342    
  0.178825557    
  0.181485772    
  0.184145987    
  0.186806202    
  0.189466417    
   1.68357063E-02
   1.91668030E-02
   2.14979015E-02
   2.38289982E-02
   2.61600967E-02
   2.84911953E-02
   3.08222920E-02
   3.31533886E-02
   3.54844891E-02
   3.78155857E-02
   4.01466861E-02
   4.24777791E-02
   4.48088795E-02
   4.71399762E-02
   4.94710766E-02
   5.18021733E-02
   5.41332662E-02
   5.64643666E-02
   5.87954633E-02
   6.11265637E-02
   6.34576604E-02
   6.57887533E-02
   6.81198537E-02
   7.04509467E-02
   7.27820471E-02
   7.51131475E-02
   7.74442405E-02
   7.97753409E-02
   8.21064413E-02
   8.44375417E-02
   8.67686346E-02
   8.90997350E-02
   9.14308354E-02
   9.37619358E-02
   9.60930213E-02
   9.84241292E-02
  0.100755222    
  0.103086330    
  0.105417430    
  0.107748516    
  0.110079624    
  0.112410709    
  0.114741810    
  0.117072910    
  0.119404010    
  0.121735111    
  0.124066196    
  0.126397312    
  0.128728390    
  0.131059498    
  0.133390605    
  0.135721684    
  0.138052791    
  0.140383884    
  0.142714977    
  0.145046085    
  0.147377178    
  0.149708286    
  0.152039364    
  0.154370472    
  0.156701580    
  0.159032658    
  0.161363766    
  0.163694859    
  0.166025966    
   1.44488951E-02
   1.64495111E-02
   1.84501279E-02
   2.04507429E-02
   2.24513598E-02
   2.44519766E-02
   2.64525916E-02
   2.84532085E-02
   3.04538254E-02
   3.24544385E-02
   3.44550572E-02
   3.64556722E-02
   3.84562872E-02
   4.04569060E-02
   4.24575210E-02
   4.44581397E-02
   4.64587510E-02
   4.84593697E-02
   5.04599847E-02
   5.24606034E-02
   5.44612184E-02
   5.64618334E-02
   5.84624484E-02
   6.04630597E-02
   6.24636784E-02
   6.44643009E-02
   6.64649084E-02
   6.84655309E-02
   7.04661459E-02
   7.24667609E-02
   7.44673759E-02
   7.64679983E-02
   7.84686133E-02
   8.04692283E-02
   8.24698359E-02
   8.44704658E-02
   8.64710733E-02
   8.84716958E-02
   9.04723182E-02
   9.24729258E-02
   9.44735482E-02
   9.64741558E-02
   9.84747708E-02
  0.100475393    
  0.102476008    
  0.104476623    
  0.106477231    
  0.108477861    
  0.110478468    
  0.112479083    
  0.114479706    
  0.116480321    
  0.118480936    
  0.120481551    
  0.122482166    
  0.124482788    
  0.126483396    
  0.128484026    
  0.130484626    
  0.132485256    
  0.134485871    
  0.136486471    
  0.138487101    
  0.140487716    
  0.142488331    
   1.20536685E-02
   1.37226377E-02
   1.53916078E-02
   1.70605760E-02
   1.87295470E-02
   2.03985162E-02
   2.20674854E-02
   2.37364545E-02
   2.54054256E-02
   2.70743929E-02
   2.87433658E-02
   3.04123312E-02
   3.20813023E-02
   3.37502733E-02
   3.54192406E-02
   3.70882116E-02
   3.87571789E-02
   4.04261500E-02
   4.20951173E-02
   4.37640883E-02
   4.54330593E-02
   4.71020266E-02
   4.87709939E-02
   5.04399613E-02
   5.21089323E-02
   5.37779070E-02
   5.54468744E-02
   5.71158417E-02
   5.87848127E-02
   6.04537837E-02
   6.21227548E-02
   6.37917221E-02
   6.54606968E-02
   6.71296641E-02
   6.87986240E-02
   7.04676062E-02
   7.21365660E-02
   7.38055408E-02
   7.54745156E-02
   7.71434754E-02
   7.88124576E-02
   8.04814175E-02
   8.21503848E-02
   8.38193595E-02
   8.54883268E-02
   8.71572942E-02
   8.88262615E-02
   9.04952362E-02
   9.21642035E-02
   9.38331708E-02
   9.55021456E-02
   9.71711129E-02
   9.88400802E-02
  0.100509048    
  0.102178022    
  0.103846990    
  0.105515964    
  0.107184932    
  0.108853891    
  0.110522874    
  0.112191841    
  0.113860801    
  0.115529776    
  0.117198743    
  0.118867718    
   9.65138059E-03
   1.09877251E-02
   1.23240706E-02
   1.36604141E-02
   1.49967596E-02
   1.63331050E-02
   1.76694486E-02
   1.90057941E-02
   2.03421395E-02
   2.16784831E-02
   2.30148304E-02
   2.43511740E-02
   2.56875195E-02
   2.70238649E-02
   2.83602104E-02
   2.96965558E-02
   3.10328975E-02
   3.23692448E-02
   3.37055884E-02
   3.50419320E-02
   3.63782793E-02
   3.77146229E-02
   3.90509665E-02
   4.03873101E-02
   4.17236537E-02
   4.30600047E-02
   4.43963446E-02
   4.57326919E-02
   4.70690355E-02
   4.84053828E-02
   4.97417264E-02
   5.10780737E-02
   5.24144173E-02
   5.37507646E-02
   5.50871044E-02
   5.64234555E-02
   5.77597953E-02
   5.90961464E-02
   6.04324900E-02
   6.17688298E-02
   6.31051809E-02
   6.44415244E-02
   6.57778680E-02
   6.71142116E-02
   6.84505552E-02
   6.97869062E-02
   7.11232424E-02
   7.24595934E-02
   7.37959370E-02
   7.51322806E-02
   7.64686316E-02
   7.78049678E-02
   7.91413188E-02
   8.04776624E-02
   8.18140060E-02
   8.31503496E-02
   8.44867006E-02
   8.58230442E-02
   8.71593803E-02
   8.84957314E-02
   8.98320824E-02
   9.11684185E-02
   9.25047621E-02
   9.38411132E-02
   9.51774567E-02
   7.24347821E-03
   8.24642181E-03
   9.24936496E-03
   1.02523072E-02
   1.12552512E-02
   1.22581944E-02
   1.32611366E-02
   1.42640807E-02
   1.52670238E-02
   1.62699670E-02
   1.72729101E-02
   1.82758514E-02
   1.92787964E-02
   2.02817395E-02
   2.12846827E-02
   2.22876258E-02
   2.32905671E-02
   2.42935121E-02
   2.52964552E-02
   2.62993984E-02
   2.73023415E-02
   2.83052828E-02
   2.93082260E-02
   3.03111672E-02
   3.13141122E-02
   3.23170573E-02
   3.33199985E-02
   3.43229435E-02
   3.53258848E-02
   3.63288298E-02
   3.73317711E-02
   3.83347161E-02
   3.93376611E-02
   4.03406024E-02
   4.13435437E-02
   4.23464887E-02
   4.33494300E-02
   4.43523787E-02
   4.53553200E-02
   4.63582613E-02
   4.73612063E-02
   4.83641475E-02
   4.93670888E-02
   5.03700338E-02
   5.13729788E-02
   5.23759201E-02
   5.33788614E-02
   5.43818064E-02
   5.53847477E-02
   5.63876927E-02
   5.73906377E-02
   5.83935790E-02
   5.93965203E-02
   6.03994653E-02
   6.14024103E-02
   6.24053515E-02
   6.34082928E-02
   6.44112378E-02
   6.54141754E-02
   6.64171278E-02
   6.74200729E-02
   6.84230104E-02
   6.94259554E-02
   7.04288930E-02
   7.14318380E-02
   4.83132387E-03
   5.50027611E-03
   6.16922881E-03
   6.83818106E-03
   7.50713376E-03
   8.17608647E-03
   8.84503871E-03
   9.51399188E-03
   1.01829441E-02
   1.08518964E-02
   1.15208495E-02
   1.21898009E-02
   1.28587540E-02
   1.35277063E-02
   1.41966594E-02
   1.48656126E-02
   1.55345639E-02
   1.62035171E-02
   1.68724693E-02
   1.75414216E-02
   1.82103738E-02
   1.88793261E-02
   1.95482783E-02
   2.02172305E-02
   2.08861828E-02
   2.15551369E-02
   2.22240891E-02
   2.28930414E-02
   2.35619936E-02
   2.42309459E-02
   2.48999000E-02
   2.55688522E-02
   2.62378044E-02
   2.69067585E-02
   2.75757071E-02
   2.82446630E-02
   2.89136134E-02
   2.95825694E-02
   3.02515216E-02
   3.09204720E-02
   3.15894261E-02
   3.22583765E-02
   3.29273306E-02
   3.35962810E-02
   3.42652351E-02
   3.49341892E-02
   3.56031395E-02
   3.62720937E-02
   3.69410440E-02
   3.76099981E-02
   3.82789522E-02
   3.89479026E-02
   3.96168530E-02
   4.02858071E-02
   4.09547612E-02
   4.16237116E-02
   4.22926657E-02
   4.29616198E-02
   4.36305702E-02
   4.42995243E-02
   4.49684784E-02
   4.56374250E-02
   4.63063791E-02
   4.69753332E-02
   4.76442836E-02
   2.41637114E-03
   2.75094574E-03
   3.08552012E-03
   3.42009449E-03
   3.75466910E-03
   4.08924371E-03
   4.42381809E-03
   4.75839246E-03
   5.09296730E-03
   5.42754121E-03
   5.76211605E-03
   6.09668996E-03
   6.43126480E-03
   6.76583918E-03
   7.10041402E-03
   7.43498839E-03
   7.76956230E-03
   8.10413714E-03
   8.43871199E-03
   8.77328590E-03
   9.10786074E-03
   9.44243465E-03
   9.77700949E-03
   1.01115834E-02
   1.04461573E-02
   1.07807331E-02
   1.11153070E-02
   1.14498818E-02
   1.17844557E-02
   1.21190306E-02
   1.24536054E-02
   1.27881803E-02
   1.31227542E-02
   1.34573290E-02
   1.37919020E-02
   1.41264787E-02
   1.44610517E-02
   1.47956274E-02
   1.51302023E-02
   1.54647753E-02
   1.57993510E-02
   1.61339249E-02
   1.64684989E-02
   1.68030728E-02
   1.71376485E-02
   1.74722224E-02
   1.78067964E-02
   1.81413721E-02
   1.84759460E-02
   1.88105199E-02
   1.91450957E-02
   1.94796696E-02
   1.98142435E-02
   2.01488174E-02
   2.04833932E-02
   2.08179671E-02
   2.11525410E-02
   2.14871168E-02
   2.18216889E-02
   2.21562665E-02
   2.24908404E-02
   2.28254143E-02
   2.31599882E-02
   2.34945621E-02
   2.38291379E-02
