  0.100000001    
  0.112857148    
  0.125714287    
  0.138571426    
  0.151428580    
  0.164285719    
  0.177142859    
  0.189999998    
  0.202857137    
  0.215714276    
  0.228571445    
  0.241428554    
  0.254285693    
  0.267142862    
  0.280000001    
  0.292857140    
  0.305714279    
  0.318571419    
  0.331428558    
  0.344285727    
  0.357142866    
  0.369999975    
  0.382857114    
  0.395714253    
  0.408571392    
  0.421428561    
  0.434285700    
  0.447142839    
  0.459999979    
  0.472857118    
  0.485714287    
  0.498571426    
  0.511428595    
  0.524285734    
  0.537142873    
  0.550000012    
  0.562857091    
  0.575714290    
  0.588571429    
  0.601428568    
  0.614285767    
  0.627142847    
  0.639999986    
  0.652857184    
  0.665714264    
  0.678571463    
  0.691428542    
  0.704285741    
  0.717142820    
  0.730000019    
  0.742857158    
  0.755714297    
  0.768571436    
  0.781428576    
  0.794285715    
  0.807142854    
  0.819999993    
  0.832857132    
  0.845714271    
  0.858571410    
  0.871428609    
  0.884285688    
  0.897142887    
  0.909999967    
  0.922857165    
  0.935714304    
  0.948571444    
  0.961428583    
  0.974285722    
  0.987142861    
   9.99748260E-02
  0.112828732    
  0.125682637    
  0.138536543    
  0.151390448    
  0.164244354    
  0.177098259    
  0.189952165    
  0.202806070    
  0.215659961    
  0.228513896    
  0.241367772    
  0.254221678    
  0.267075598    
  0.279929519    
  0.292783409    
  0.305637300    
  0.318491220    
  0.331345111    
  0.344199032    
  0.357052952    
  0.369906813    
  0.382760733    
  0.395614624    
  0.408468515    
  0.421322465    
  0.434176356    
  0.447030276    
  0.459884167    
  0.472738057    
  0.485592008    
  0.498445898    
  0.511299849    
  0.524153709    
  0.537007630    
  0.549861550    
  0.562715352    
  0.575569332    
  0.588423252    
  0.601277173    
  0.614131093    
  0.626984954    
  0.639838874    
  0.652692795    
  0.665546656    
  0.678400636    
  0.691254437    
  0.704108417    
  0.716962278    
  0.729816198    
  0.742670119    
  0.755524039    
  0.768377960    
  0.781231821    
  0.794085741    
  0.806939662    
  0.819793522    
  0.832647443    
  0.845501363    
  0.858355224    
  0.871209204    
  0.884063065    
  0.896916986    
  0.909770846    
  0.922624826    
  0.935478747    
  0.948332608    
  0.961186528    
  0.974040449    
  0.986894310    
   9.98993069E-02
  0.112743504    
  0.125587702    
  0.138431892    
  0.151276097    
  0.164120287    
  0.176964477    
  0.189808682    
  0.202652872    
  0.215497062    
  0.228341281    
  0.241185442    
  0.254029632    
  0.266873866    
  0.279718041    
  0.292562246    
  0.305406451    
  0.318250626    
  0.331094831    
  0.343939036    
  0.356783241    
  0.369627386    
  0.382471591    
  0.395315796    
  0.408159971    
  0.421004206    
  0.433848381    
  0.446692586    
  0.459536791    
  0.472380966    
  0.485225201    
  0.498069376    
  0.510913610    
  0.523757815    
  0.536602020    
  0.549446166    
  0.562290311    
  0.575134575    
  0.587978780    
  0.600822926    
  0.613667190    
  0.626511335    
  0.639355540    
  0.652199805    
  0.665043890    
  0.677888155    
  0.690732300    
  0.703576565    
  0.716420710    
  0.729264915    
  0.742109120    
  0.754953325    
  0.767797530    
  0.780641735    
  0.793485880    
  0.806330085    
  0.819174290    
  0.832018495    
  0.844862700    
  0.857706845    
  0.870551109    
  0.883395255    
  0.896239519    
  0.909083605    
  0.921927869    
  0.934772074    
  0.947616279    
  0.960460484    
  0.973304629    
  0.986148834    
   9.97734889E-02
  0.112601519    
  0.125429526    
  0.138257548    
  0.151085585    
  0.163913593    
  0.176741615    
  0.189569622    
  0.202397645    
  0.215225667    
  0.228053704    
  0.240881696    
  0.253709704    
  0.266537756    
  0.279365778    
  0.292193800    
  0.305021793    
  0.317849815    
  0.330677837    
  0.343505889    
  0.356333911    
  0.369161904    
  0.381989896    
  0.394817919    
  0.407645941    
  0.420473993    
  0.433302015    
  0.446130008    
  0.458958030    
  0.471786052    
  0.484614104    
  0.497442126    
  0.510270178    
  0.523098171    
  0.535926163    
  0.548754215    
  0.561582148    
  0.574410260    
  0.587238252    
  0.600066304    
  0.612894356    
  0.625722289    
  0.638550341    
  0.651378393    
  0.664206386    
  0.677034438    
  0.689862370    
  0.702690482    
  0.715518415    
  0.728346527    
  0.741174519    
  0.754002512    
  0.766830564    
  0.779658556    
  0.792486608    
  0.805314600    
  0.818142593    
  0.830970645    
  0.843798637    
  0.856626689    
  0.869454741    
  0.882282674    
  0.895110786    
  0.907938719    
  0.920766830    
  0.933594823    
  0.946422815    
  0.959250867    
  0.972078860    
  0.984906912    
   9.95974317E-02
  0.112402819    
  0.125208199    
  0.138013586    
  0.150818974    
  0.163624361    
  0.176429734    
  0.189235121    
  0.202040493    
  0.214845881    
  0.227651283    
  0.240456641    
  0.253262013    
  0.266067415    
  0.278872818    
  0.291678190    
  0.304483563    
  0.317288935    
  0.330094337    
  0.342899740    
  0.355705112    
  0.368510455    
  0.381315857    
  0.394121230    
  0.406926602    
  0.419732004    
  0.432537407    
  0.445342779    
  0.458148152    
  0.470953524    
  0.483758956    
  0.496564329    
  0.509369731    
  0.522175133    
  0.534980476    
  0.547785878    
  0.560591221    
  0.573396623    
  0.586202025    
  0.599007428    
  0.611812830    
  0.624618173    
  0.637423515    
  0.650228977    
  0.663034320    
  0.675839722    
  0.688645065    
  0.701450527    
  0.714255810    
  0.727061272    
  0.739866614    
  0.752672017    
  0.765477419    
  0.778282762    
  0.791088164    
  0.803893566    
  0.816698909    
  0.829504311    
  0.842309654    
  0.855115056    
  0.867920518    
  0.880725801    
  0.893531263    
  0.906336606    
  0.919142008    
  0.931947410    
  0.944752753    
  0.957558155    
  0.970363557    
  0.983168900    
   9.93712172E-02
  0.112147525    
  0.124923818    
  0.137700111    
  0.150476426    
  0.163252726    
  0.176029012    
  0.188805312    
  0.201581612    
  0.214357898    
  0.227134228    
  0.239910498    
  0.252686799    
  0.265463114    
  0.278239399    
  0.291015714    
  0.303792000    
  0.316568315    
  0.329344600    
  0.342120916    
  0.354897231    
  0.367673486    
  0.380449772    
  0.393226087    
  0.406002373    
  0.418778688    
  0.431555003    
  0.444331288    
  0.457107574    
  0.469883889    
  0.482660204    
  0.495436490    
  0.508212805    
  0.520989120    
  0.533765435    
  0.546541691    
  0.559317946    
  0.572094321    
  0.584870577    
  0.597646892    
  0.610423267    
  0.623199463    
  0.635975778    
  0.648752153    
  0.661528349    
  0.674304724    
  0.687080979    
  0.699857295    
  0.712633550    
  0.725409925    
  0.738186240    
  0.750962496    
  0.763738811    
  0.776515126    
  0.789291382    
  0.802067697    
  0.814844012    
  0.827620268    
  0.840396583    
  0.853172898    
  0.865949214    
  0.878725469    
  0.891501844    
  0.904278040    
  0.917054415    
  0.929830730    
  0.942606986    
  0.955383301    
  0.968159616    
  0.980935872    
   9.90949795E-02
  0.111835763    
  0.124576539    
  0.137317315    
  0.150058120    
  0.162798896    
  0.175539672    
  0.188280448    
  0.201021224    
  0.213762015    
  0.226502821    
  0.239243567    
  0.251984358    
  0.264725149    
  0.277465940    
  0.290206701    
  0.302947491    
  0.315688282    
  0.328429043    
  0.341169864    
  0.353910625    
  0.366651386    
  0.379392147    
  0.392132938    
  0.404873729    
  0.417614520    
  0.430355310    
  0.443096071    
  0.455836862    
  0.468577653    
  0.481318444    
  0.494059235    
  0.506800056    
  0.519540846    
  0.532281578    
  0.545022368    
  0.557763100    
  0.570503950    
  0.583244681    
  0.595985472    
  0.608726323    
  0.621467054    
  0.634207845    
  0.646948636    
  0.659689367    
  0.672430217    
  0.685170949    
  0.697911799    
  0.710652471    
  0.723393321    
  0.736134112    
  0.748874903    
  0.761615694    
  0.774356425    
  0.787097216    
  0.799838006    
  0.812578797    
  0.825319588    
  0.838060319    
  0.850801110    
  0.863541961    
  0.876282692    
  0.889023542    
  0.901764214    
  0.914505064    
  0.927245855    
  0.939986646    
  0.952727437    
  0.965468168    
  0.978208959    
   9.87688377E-02
  0.111467689    
  0.124166541    
  0.136865392    
  0.149564251    
  0.162263095    
  0.174961939    
  0.187660784    
  0.200359628    
  0.213058487    
  0.225757360    
  0.238456175    
  0.251155019    
  0.263853908    
  0.276552737    
  0.289251596    
  0.301950425    
  0.314649284    
  0.327348143    
  0.340047002    
  0.352745861    
  0.365444660    
  0.378143519    
  0.390842348    
  0.403541207    
  0.416240096    
  0.428938925    
  0.441637784    
  0.454336613    
  0.467035472    
  0.479734361    
  0.492433190    
  0.505132079    
  0.517830908    
  0.530529737    
  0.543228626    
  0.555927396    
  0.568626285    
  0.581325173    
  0.594024003    
  0.606722891    
  0.619421721    
  0.632120550    
  0.644819438    
  0.657518208    
  0.670217156    
  0.682915926    
  0.695614815    
  0.708313644    
  0.721012533    
  0.733711362    
  0.746410191    
  0.759109080    
  0.771807909    
  0.784506738    
  0.797205627    
  0.809904456    
  0.822603285    
  0.835302114    
  0.848001003    
  0.860699892    
  0.873398662    
  0.886097610    
  0.898796380    
  0.911495268    
  0.924194157    
  0.936892986    
  0.949591815    
  0.962290645    
  0.974989533    
   9.83929560E-02
  0.111043483    
  0.123694003    
  0.136344522    
  0.148995057    
  0.161645576    
  0.174296096    
  0.186946616    
  0.199597135    
  0.212247655    
  0.224898204    
  0.237548694    
  0.250199229    
  0.262849748    
  0.275500268    
  0.288150787    
  0.300801307    
  0.313451827    
  0.326102346    
  0.338752896    
  0.351403415    
  0.364053905    
  0.376704425    
  0.389354944    
  0.402005464    
  0.414656013    
  0.427306533    
  0.439957052    
  0.452607572    
  0.465258092    
  0.477908641    
  0.490559161    
  0.503209710    
  0.515860260    
  0.528510749    
  0.541161299    
  0.553811729    
  0.566462338    
  0.579112828    
  0.591763377    
  0.604413927    
  0.617064416    
  0.629714906    
  0.642365515    
  0.655015945    
  0.667666554    
  0.680316985    
  0.692967594    
  0.705618024    
  0.718268633    
  0.730919123    
  0.743569672    
  0.756220162    
  0.768870711    
  0.781521201    
  0.794171751    
  0.806822240    
  0.819472790    
  0.832123280    
  0.844773829    
  0.857424378    
  0.870074868    
  0.882725418    
  0.895375907    
  0.908026457    
  0.920677006    
  0.933327496    
  0.945978045    
  0.958628535    
  0.971279085    
   9.79675427E-02
  0.110563375    
  0.123159193    
  0.135755017    
  0.148350850    
  0.160946682    
  0.173542500    
  0.186138332    
  0.198734149    
  0.211329967    
  0.223925829    
  0.236521617    
  0.249117434    
  0.261713296    
  0.274309129    
  0.286904931    
  0.299500763    
  0.312096596    
  0.324692398    
  0.337288260    
  0.349884093    
  0.362479866    
  0.375075698    
  0.387671530    
  0.400267333    
  0.412863195    
  0.425459027    
  0.438054860    
  0.450650662    
  0.463246495    
  0.475842357    
  0.488438159    
  0.501034021    
  0.513629854    
  0.526225686    
  0.538821459    
  0.551417232    
  0.564013124    
  0.576608956    
  0.589204788    
  0.601800680    
  0.614396453    
  0.626992226    
  0.639588118    
  0.652183890    
  0.664779782    
  0.677375555    
  0.689971447    
  0.702567160    
  0.715163052    
  0.727758884    
  0.740354717    
  0.752950549    
  0.765546381    
  0.778142214    
  0.790737987    
  0.803333819    
  0.815929651    
  0.828525484    
  0.841121316    
  0.853717208    
  0.866312921    
  0.878908813    
  0.891504586    
  0.904100478    
  0.916696310    
  0.929292142    
  0.941887915    
  0.954483747    
  0.967079580    
   9.74927917E-02
  0.110027581    
  0.122562364    
  0.135097146    
  0.147631943    
  0.160166726    
  0.172701523    
  0.185236305    
  0.197771087    
  0.210305870    
  0.222840682    
  0.235375434    
  0.247910216    
  0.260445029    
  0.272979826    
  0.285514593    
  0.298049390    
  0.310584158    
  0.323118955    
  0.335653752    
  0.348188549    
  0.360723287    
  0.373258084    
  0.385792881    
  0.398327649    
  0.410862476    
  0.423397243    
  0.435932040    
  0.448466808    
  0.461001605    
  0.473536402    
  0.486071199    
  0.498605996    
  0.511140764    
  0.523675561    
  0.536210358    
  0.548745096    
  0.561279953    
  0.573814690    
  0.586349487    
  0.598884344    
  0.611419082    
  0.623953819    
  0.636488676    
  0.649023414    
  0.661558270    
  0.674092948    
  0.686627805    
  0.699162543    
  0.711697400    
  0.724232197    
  0.736766934    
  0.749301732    
  0.761836529    
  0.774371326    
  0.786906064    
  0.799440861    
  0.811975658    
  0.824510455    
  0.837045252    
  0.849580050    
  0.862114787    
  0.874649644    
  0.887184381    
  0.899719179    
  0.912253976    
  0.924788773    
  0.937323570    
  0.949858308    
  0.962393105    
   9.69689488E-02
  0.109436393    
  0.121903822    
  0.134371251    
  0.146838710    
  0.159306139    
  0.171773568    
  0.184240997    
  0.196708426    
  0.209175870    
  0.221643329    
  0.234110728    
  0.246578157    
  0.259045631    
  0.271513045    
  0.283980489    
  0.296447933    
  0.308915347    
  0.321382791    
  0.333850265    
  0.346317679    
  0.358785093    
  0.371252507    
  0.383719951    
  0.396187395    
  0.408654839    
  0.421122283    
  0.433589697    
  0.446057141    
  0.458524585    
  0.470992029    
  0.483459473    
  0.495926946    
  0.508394361    
  0.520861804    
  0.533329248    
  0.545796633    
  0.558264077    
  0.570731521    
  0.583198965    
  0.595666468    
  0.608133852    
  0.620601237    
  0.633068740    
  0.645536125    
  0.658003628    
  0.670471013    
  0.682938457    
  0.695405841    
  0.707873344    
  0.720340788    
  0.732808232    
  0.745275617    
  0.757743061    
  0.770210505    
  0.782677948    
  0.795145392    
  0.807612777    
  0.820080221    
  0.832547665    
  0.845015168    
  0.857482553    
  0.869950056    
  0.882417381    
  0.894884884    
  0.907352328    
  0.919819772    
  0.932287216    
  0.944754601    
  0.957222044    
   9.63962898E-02
  0.108790100    
  0.121183902    
  0.133577704    
  0.145971522    
  0.158365324    
  0.170759141    
  0.183152944    
  0.195546746    
  0.207940549    
  0.220334381    
  0.232728153    
  0.245121956    
  0.257515788    
  0.269909590    
  0.282303393    
  0.294697195    
  0.307091027    
  0.319484830    
  0.331878662    
  0.344272465    
  0.356666237    
  0.369060040    
  0.381453842    
  0.393847644    
  0.406241477    
  0.418635279    
  0.431029081    
  0.443422884    
  0.455816686    
  0.468210518    
  0.480604321    
  0.492998153    
  0.505391955    
  0.517785788    
  0.530179560    
  0.542573333    
  0.554967165    
  0.567360997    
  0.579754770    
  0.592148662    
  0.604542434    
  0.616936207    
  0.629330099    
  0.641723812    
  0.654117703    
  0.666511416    
  0.678905308    
  0.691299021    
  0.703692913    
  0.716086686    
  0.728480518    
  0.740874290    
  0.753268123    
  0.765661895    
  0.778055727    
  0.790449560    
  0.802843332    
  0.815237164    
  0.827630937    
  0.840024829    
  0.852418542    
  0.864812434    
  0.877206147    
  0.889600039    
  0.901993811    
  0.914387643    
  0.926781416    
  0.939175248    
  0.951569021    
   9.57750827E-02
  0.108089022    
  0.120402962    
  0.132716894    
  0.145030841    
  0.157344773    
  0.169658720    
  0.181972653    
  0.194286585    
  0.206600517    
  0.218914479    
  0.231228396    
  0.243542328    
  0.255856276    
  0.268170238    
  0.280484170    
  0.292798102    
  0.305112034    
  0.317425966    
  0.329739928    
  0.342053860    
  0.354367763    
  0.366681695    
  0.378995627    
  0.391309589    
  0.403623551    
  0.415937483    
  0.428251415    
  0.440565348    
  0.452879280    
  0.465193242    
  0.477507174    
  0.489821136    
  0.502135098    
  0.514449000    
  0.526762962    
  0.539076805    
  0.551390827    
  0.563704729    
  0.576018691    
  0.588332713    
  0.600646555    
  0.612960517    
  0.625274479    
  0.637588382    
  0.649902344    
  0.662216246    
  0.674530208    
  0.686844110    
  0.699158072    
  0.711472034    
  0.723785996    
  0.736099899    
  0.748413861    
  0.760727763    
  0.773041725    
  0.785355628    
  0.797669590    
  0.809983492    
  0.822297454    
  0.834611416    
  0.846925318    
  0.859239340    
  0.871553183    
  0.883867204    
  0.896181107    
  0.908495069    
  0.920808971    
  0.933122933    
  0.945436835    
   9.51056555E-02
  0.107333526    
  0.119561397    
  0.131789267    
  0.144017145    
  0.156245008    
  0.168472871    
  0.180700734    
  0.192928612    
  0.205156475    
  0.217384368    
  0.229612201    
  0.241840065    
  0.254067957    
  0.266295820    
  0.278523713    
  0.290751576    
  0.302979439    
  0.315207303    
  0.327435195    
  0.339663059    
  0.351890892    
  0.364118755    
  0.376346618    
  0.388574481    
  0.400802404    
  0.413030267    
  0.425258130    
  0.437485993    
  0.449713856    
  0.461941749    
  0.474169612    
  0.486397505    
  0.498625368    
  0.510853231    
  0.523081124    
  0.535308897    
  0.547536850    
  0.559764683    
  0.571992576    
  0.584220469    
  0.596448302    
  0.608676195    
  0.620904088    
  0.633131921    
  0.645359814    
  0.657587647    
  0.669815540    
  0.682043374    
  0.694271266    
  0.706499159    
  0.718727052    
  0.730954885    
  0.743182778    
  0.755410612    
  0.767638505    
  0.779866338    
  0.792094231    
  0.804322064    
  0.816549957    
  0.828777850    
  0.841005683    
  0.853233635    
  0.865461409    
  0.877689362    
  0.889917195    
  0.902145088    
  0.914372921    
  0.926600814    
  0.938828647    
   9.43883359E-02
  0.106523983    
  0.118659623    
  0.130795270    
  0.142930910    
  0.155066550    
  0.167202190    
  0.179337829    
  0.191473469    
  0.203609109    
  0.215744779    
  0.227880388    
  0.240016028    
  0.252151698    
  0.264287353    
  0.276422977    
  0.288558632    
  0.300694257    
  0.312829912    
  0.324965566    
  0.337101221    
  0.349236816    
  0.361372471    
  0.373508096    
  0.385643750    
  0.397779405    
  0.409915060    
  0.422050685    
  0.434186339    
  0.446321964    
  0.458457619    
  0.470593274    
  0.482728928    
  0.494864583    
  0.507000208    
  0.519135833    
  0.531271458    
  0.543407142    
  0.555542767    
  0.567678392    
  0.579814136    
  0.591949701    
  0.604085326    
  0.616221011    
  0.628356636    
  0.640492320    
  0.652627885    
  0.664763570    
  0.676899195    
  0.689034879    
  0.701170504    
  0.713306129    
  0.725441813    
  0.737577438    
  0.749713063    
  0.761848688    
  0.773984373    
  0.786119998    
  0.798255622    
  0.810391247    
  0.822526991    
  0.834662557    
  0.846798241    
  0.858933806    
  0.871069551    
  0.883205175    
  0.895340800    
  0.907476425    
  0.919612110    
  0.931747735    
   9.36234891E-02
  0.105660796    
  0.117698103    
  0.129735410    
  0.141772717    
  0.153810024    
  0.165847331    
  0.177884623    
  0.189921930    
  0.201959237    
  0.213996559    
  0.226033837    
  0.238071144    
  0.250108480    
  0.262145758    
  0.274183065    
  0.286220372    
  0.298257679    
  0.310294986    
  0.322332323    
  0.334369600    
  0.346406877    
  0.358444184    
  0.370481491    
  0.382518798    
  0.394556135    
  0.406593412    
  0.418630719    
  0.430668026    
  0.442705333    
  0.454742670    
  0.466779977    
  0.478817284    
  0.490854591    
  0.502891898    
  0.514929175    
  0.526966453    
  0.539003789    
  0.551041126    
  0.563078403    
  0.575115740    
  0.587153018    
  0.599190295    
  0.611227691    
  0.623264909    
  0.635302305    
  0.647339523    
  0.659376860    
  0.671414137    
  0.683451474    
  0.695488811    
  0.707526088    
  0.719563425    
  0.731600702    
  0.743637979    
  0.755675316    
  0.767712593    
  0.779749930    
  0.791787207    
  0.803824484    
  0.815861881    
  0.827899098    
  0.839936495    
  0.851973712    
  0.864011049    
  0.876048386    
  0.888085663    
  0.900123000    
  0.912160277    
  0.924197614    
   9.28115025E-02
  0.104744412    
  0.116677314    
  0.128610224    
  0.140543133    
  0.152476043    
  0.164408952    
  0.176341847    
  0.188274756    
  0.200207651    
  0.212140590    
  0.224073470    
  0.236006364    
  0.247939304    
  0.259872198    
  0.271805108    
  0.283738017    
  0.295670927    
  0.307603806    
  0.319536746    
  0.331469655    
  0.343402535    
  0.355335444    
  0.367268324    
  0.379201233    
  0.391134173    
  0.403067082    
  0.414999992    
  0.426932871    
  0.438865781    
  0.450798720    
  0.462731630    
  0.474664569    
  0.486597449    
  0.498530358    
  0.510463238    
  0.522396088    
  0.534329057    
  0.546261966    
  0.558194876    
  0.570127845    
  0.582060695    
  0.593993604    
  0.605926573    
  0.617859423    
  0.629792333    
  0.641725183    
  0.653658152    
  0.665591002    
  0.677523971    
  0.689456880    
  0.701389790    
  0.713322699    
  0.725255609    
  0.737188518    
  0.749121428    
  0.761054277    
  0.772987187    
  0.784920096    
  0.796853006    
  0.808785975    
  0.820718825    
  0.832651794    
  0.844584644    
  0.856517613    
  0.868450463    
  0.880383372    
  0.892316282    
  0.904249191    
  0.916182101    
   9.19527784E-02
  0.103775285    
  0.115597777    
  0.127420276    
  0.139242783    
  0.151065275    
  0.162887782    
  0.174710274    
  0.186532766    
  0.198355272    
  0.210177794    
  0.222000256    
  0.233822763    
  0.245645285    
  0.257467777    
  0.269290268    
  0.281112760    
  0.292935252    
  0.304757774    
  0.316580296    
  0.328402787    
  0.340225250    
  0.352047741    
  0.363870233    
  0.375692755    
  0.387515277    
  0.399337769    
  0.411160260    
  0.422982752    
  0.434805244    
  0.446627766    
  0.458450258    
  0.470272809    
  0.482095301    
  0.493917793    
  0.505740285    
  0.517562747    
  0.529385269    
  0.541207790    
  0.553030252    
  0.564852834    
  0.576675236    
  0.588497758    
  0.600320339    
  0.612142742    
  0.623965323    
  0.635787725    
  0.647610307    
  0.659432709    
  0.671255291    
  0.683077812    
  0.694900274    
  0.706722796    
  0.718545258    
  0.730367780    
  0.742190242    
  0.754012764    
  0.765835285    
  0.777657747    
  0.789480269    
  0.801302791    
  0.813125253    
  0.824947774    
  0.836770236    
  0.848592818    
  0.860415280    
  0.872237802    
  0.884060264    
  0.895882785    
  0.907705247    
   9.10477564E-02
  0.102753893    
  0.114460029    
  0.126166165    
  0.137872323    
  0.149578452    
  0.161284596    
  0.172990724    
  0.184696868    
  0.196402997    
  0.208109155    
  0.219815269    
  0.231521413    
  0.243227571    
  0.254933715    
  0.266639829    
  0.278345972    
  0.290052116    
  0.301758260    
  0.313464403    
  0.325170547    
  0.336876661    
  0.348582804    
  0.360288918    
  0.371995062    
  0.383701235    
  0.395407379    
  0.407113492    
  0.418819636    
  0.430525780    
  0.442231953    
  0.453938067    
  0.465644240    
  0.477350384    
  0.489056498    
  0.500762641    
  0.512468755    
  0.524174929    
  0.535881042    
  0.547587216    
  0.559293389    
  0.570999444    
  0.582705617    
  0.594411790    
  0.606117845    
  0.617824078    
  0.629530132    
  0.641236305    
  0.652942419    
  0.664648592    
  0.676354766    
  0.688060880    
  0.699766994    
  0.711473167    
  0.723179281    
  0.734885395    
  0.746591568    
  0.758297682    
  0.770003855    
  0.781709969    
  0.793416142    
  0.805122256    
  0.816828430    
  0.828534484    
  0.840240717    
  0.851946831    
  0.863653004    
  0.875359118    
  0.887065232    
  0.898771405    
   9.00968835E-02
  0.101680778    
  0.113264658    
  0.124848537    
  0.136432439    
  0.148016319    
  0.159600198    
  0.171184078    
  0.182767957    
  0.194351837    
  0.205935746    
  0.217519611    
  0.229103491    
  0.240687400    
  0.252271265    
  0.263855159    
  0.275439054    
  0.287022918    
  0.298606813    
  0.310190707    
  0.321774602    
  0.333358467    
  0.344942331    
  0.356526226    
  0.368110090    
  0.379694015    
  0.391277879    
  0.402861774    
  0.414445639    
  0.426029533    
  0.437613428    
  0.449197322    
  0.460781246    
  0.472365111    
  0.483949006    
  0.495532870    
  0.507116735    
  0.518700659    
  0.530284524    
  0.541868389    
  0.553452313    
  0.565036178    
  0.576620042    
  0.588203967    
  0.599787831    
  0.611371756    
  0.622955561    
  0.634539485    
  0.646123350    
  0.657707274    
  0.669291139    
  0.680875063    
  0.692458928    
  0.704042792    
  0.715626657    
  0.727210581    
  0.738794446    
  0.750378311    
  0.761962235    
  0.773546100    
  0.785130024    
  0.796713889    
  0.808297813    
  0.819881618    
  0.831465542    
  0.843049467    
  0.854633331    
  0.866217196    
  0.877801061    
  0.889384985    
   8.91006514E-02
  0.100556456    
  0.112012252    
  0.123468049    
  0.134923860    
  0.146379650    
  0.157835439    
  0.169291243    
  0.180747032    
  0.192202821    
  0.203658655    
  0.215114415    
  0.226570219    
  0.238026038    
  0.249481827    
  0.260937631    
  0.272393405    
  0.283849210    
  0.295305014    
  0.306760818    
  0.318216622    
  0.329672396    
  0.341128200    
  0.352583975    
  0.364039779    
  0.375495613    
  0.386951387    
  0.398407191    
  0.409862995    
  0.421318769    
  0.432774603    
  0.444230407    
  0.455686212    
  0.467142016    
  0.478597820    
  0.490053594    
  0.501509368    
  0.512965202    
  0.524420977    
  0.535876811    
  0.547332644    
  0.558788359    
  0.570244193    
  0.581700027    
  0.593155742    
  0.604611576    
  0.616067350    
  0.627523184    
  0.638978958    
  0.650434792    
  0.661890566    
  0.673346400    
  0.684802175    
  0.696257949    
  0.707713783    
  0.719169557    
  0.730625331    
  0.742081165    
  0.753536940    
  0.764992714    
  0.776448607    
  0.787904322    
  0.799360156    
  0.810815930    
  0.822271764    
  0.833727539    
  0.845183372    
  0.856639147    
  0.868094921    
  0.879550755    
   8.80595520E-02
   9.93814990E-02
  0.110703439    
  0.122025378    
  0.133347332    
  0.144669265    
  0.155991212    
  0.167313144    
  0.178635076    
  0.189957023    
  0.201278985    
  0.212600902    
  0.223922834    
  0.235244811    
  0.246566743    
  0.257888675    
  0.269210607    
  0.280532569    
  0.291854501    
  0.303176463    
  0.314498395    
  0.325820327    
  0.337142259    
  0.348464191    
  0.359786123    
  0.371108085    
  0.382430047    
  0.393751979    
  0.405073911    
  0.416395843    
  0.427717805    
  0.439039767    
  0.450361729    
  0.461683661    
  0.473005593    
  0.484327525    
  0.495649427    
  0.506971419    
  0.518293381    
  0.529615283    
  0.540937304    
  0.552259147    
  0.563581109    
  0.574903131    
  0.586224973    
  0.597546995    
  0.608868837    
  0.620190859    
  0.631512761    
  0.642834723    
  0.654156685    
  0.665478587    
  0.676800549    
  0.688122511    
  0.699444413    
  0.710766375    
  0.722088337    
  0.733410239    
  0.744732201    
  0.756054103    
  0.767376125    
  0.778698027    
  0.790019989    
  0.801341891    
  0.812663853    
  0.823985815    
  0.835307777    
  0.846629679    
  0.857951641    
  0.869273543    
   8.69741142E-02
   9.81565043E-02
  0.109338887    
  0.120521270    
  0.131703660    
  0.142886043    
  0.154068425    
  0.165250808    
  0.176433191    
  0.187615573    
  0.198797986    
  0.209980354    
  0.221162736    
  0.232345134    
  0.243527517    
  0.254709899    
  0.265892297    
  0.277074665    
  0.288257062    
  0.299439460    
  0.310621858    
  0.321804196    
  0.332986593    
  0.344168961    
  0.355351359    
  0.366533756    
  0.377716154    
  0.388898522    
  0.400080919    
  0.411263287    
  0.422445685    
  0.433628082    
  0.444810480    
  0.455992877    
  0.467175245    
  0.478357643    
  0.489539981    
  0.500722408    
  0.511904776    
  0.523087144    
  0.534269631    
  0.545451939    
  0.556634307    
  0.567816734    
  0.578999102    
  0.590181530    
  0.601363838    
  0.612546265    
  0.623728633    
  0.634911060    
  0.646093428    
  0.657275796    
  0.668458223    
  0.679640591    
  0.690822959    
  0.702005327    
  0.713187754    
  0.724370122    
  0.735552490    
  0.746734858    
  0.757917285    
  0.769099653    
  0.780282080    
  0.791464388    
  0.802646816    
  0.813829243    
  0.825011611    
  0.836193979    
  0.847376347    
  0.858558774    
   8.58448818E-02
   9.68820825E-02
  0.107919276    
  0.118956476    
  0.129993677    
  0.141030878    
  0.152068079    
  0.163105264    
  0.174142465    
  0.185179666    
  0.196216881    
  0.207254052    
  0.218291253    
  0.229328468    
  0.240365669    
  0.251402855    
  0.262440056    
  0.273477256    
  0.284514457    
  0.295551658    
  0.306588858    
  0.317626029    
  0.328663230    
  0.339700431    
  0.350737631    
  0.361774832    
  0.372812033    
  0.383849233    
  0.394886434    
  0.405923635    
  0.416960835    
  0.427998036    
  0.439035267    
  0.450072467    
  0.461109668    
  0.472146839    
  0.483184010    
  0.494221240    
  0.505258441    
  0.516295612    
  0.527332902    
  0.538370013    
  0.549407244    
  0.560444474    
  0.571481586    
  0.582518876    
  0.593555987    
  0.604593277    
  0.615630388    
  0.626667619    
  0.637704849    
  0.648742020    
  0.659779251    
  0.670816422    
  0.681853592    
  0.692890823    
  0.703927994    
  0.714965224    
  0.726002395    
  0.737039626    
  0.748076856    
  0.759113967    
  0.770151258    
  0.781188369    
  0.792225659    
  0.803262830    
  0.814300001    
  0.825337231    
  0.836374402    
  0.847411633    
   8.46724212E-02
   9.55588818E-02
  0.106445327    
  0.117331780    
  0.128218248    
  0.139104694    
  0.149991155    
  0.160877600    
  0.171764046    
  0.182650506    
  0.193536982    
  0.204423398    
  0.215309858    
  0.226196334    
  0.237082779    
  0.247969225    
  0.258855671    
  0.269742131    
  0.280628592    
  0.291515052    
  0.302401513    
  0.313287944    
  0.324174374    
  0.335060835    
  0.345947295    
  0.356833756    
  0.367720217    
  0.378606677    
  0.389493108    
  0.400379568    
  0.411266059    
  0.422152489    
  0.433038980    
  0.443925411    
  0.454811871    
  0.465698332    
  0.476584733    
  0.487471223    
  0.498357683    
  0.509244144    
  0.520130634    
  0.531017005    
  0.541903496    
  0.552789986    
  0.563676357    
  0.574562907    
  0.585449278    
  0.596335769    
  0.607222199    
  0.618108690    
  0.628995121    
  0.639881611    
  0.650768042    
  0.661654472    
  0.672540963    
  0.683427393    
  0.694313824    
  0.705200315    
  0.716086745    
  0.726973176    
  0.737859726    
  0.748746097    
  0.759632587    
  0.770519018    
  0.781405509    
  0.792291939    
  0.803178430    
  0.814064860    
  0.824951291    
  0.835837781    
   8.34573284E-02
   9.41875577E-02
  0.104917787    
  0.115648009    
  0.126378238    
  0.137108475    
  0.147838697    
  0.158568919    
  0.169299141    
  0.180029362    
  0.190759614    
  0.201489821    
  0.212220043    
  0.222950295    
  0.233680516    
  0.244410738    
  0.255140960    
  0.265871197    
  0.276601404    
  0.287331671    
  0.298061877    
  0.308792084    
  0.319522321    
  0.330252528    
  0.340982765    
  0.351713002    
  0.362443238    
  0.373173475    
  0.383903682    
  0.394633919    
  0.405364156    
  0.416094393    
  0.426824629    
  0.437554866    
  0.448285073    
  0.459015310    
  0.469745487    
  0.480475754    
  0.491205990    
  0.501936197    
  0.512666464    
  0.523396671    
  0.534126878    
  0.544857144    
  0.555587351    
  0.566317618    
  0.577047765    
  0.587778032    
  0.598508239    
  0.609238505    
  0.619968712    
  0.630698979    
  0.641429186    
  0.652159393    
  0.662889600    
  0.673619866    
  0.684350073    
  0.695080280    
  0.705810547    
  0.716540754    
  0.727271020    
  0.738001227    
  0.748731494    
  0.759461641    
  0.770191908    
  0.780922174    
  0.791652381    
  0.802382588    
  0.813112795    
  0.823843062    
   8.22002068E-02
   9.27688107E-02
  0.103337400    
  0.113905996    
  0.124474607    
  0.135043204    
  0.145611793    
  0.156180382    
  0.166748986    
  0.177317575    
  0.187886193    
  0.198454767    
  0.209023356    
  0.219591975    
  0.230160579    
  0.240729168    
  0.251297772    
  0.261866361    
  0.272434950    
  0.283003569    
  0.293572158    
  0.304140747    
  0.314709336    
  0.325277925    
  0.335846514    
  0.346415132    
  0.356983751    
  0.367552340    
  0.378120929    
  0.388689518    
  0.399258137    
  0.409826726    
  0.420395344    
  0.430963963    
  0.441532552    
  0.452101141    
  0.462669671    
  0.473238319    
  0.483806938    
  0.494375527    
  0.504944146    
  0.515512705    
  0.526081324    
  0.536649942    
  0.547218502    
  0.557787120    
  0.568355680    
  0.578924298    
  0.589492857    
  0.600061536    
  0.610630095    
  0.621198714    
  0.631767273    
  0.642335892    
  0.652904510    
  0.663473070    
  0.674041688    
  0.684610248    
  0.695178866    
  0.705747485    
  0.716316104    
  0.726884663    
  0.737453282    
  0.748021841    
  0.758590460    
  0.769159079    
  0.779727697    
  0.790296257    
  0.800864875    
  0.811433434    
   8.09017047E-02
   9.13033485E-02
  0.101704992    
  0.112106644    
  0.122508295    
  0.132909939    
  0.143311590    
  0.153713226    
  0.164114878    
  0.174516514    
  0.184918180    
  0.195319802    
  0.205721453    
  0.216123119    
  0.226524755    
  0.236926407    
  0.247328043    
  0.257729679    
  0.268131346    
  0.278533012    
  0.288934648    
  0.299336284    
  0.309737921    
  0.320139557    
  0.330541193    
  0.340942860    
  0.351344526    
  0.361746162    
  0.372147799    
  0.382549435    
  0.392951131    
  0.403352767    
  0.413754433    
  0.424156070    
  0.434557706    
  0.444959372    
  0.455360949    
  0.465762645    
  0.476164281    
  0.486565948    
  0.496967643    
  0.507369220    
  0.517770886    
  0.528172553    
  0.538574159    
  0.548975825    
  0.559377432    
  0.569779158    
  0.580180764    
  0.590582430    
  0.600984097    
  0.611385703    
  0.621787369    
  0.632188976    
  0.642590642    
  0.652992308    
  0.663393915    
  0.673795581    
  0.684197247    
  0.694598854    
  0.705000579    
  0.715402186    
  0.725803852    
  0.736205459    
  0.746607125    
  0.757008791    
  0.767410398    
  0.777812064    
  0.788213730    
  0.798615336    
   7.95624554E-02
   8.97919163E-02
  0.100021377    
  0.110250831    
  0.120480299    
  0.130709752    
  0.140939206    
  0.151168659    
  0.161398113    
  0.171627581    
  0.181857049    
  0.192086488    
  0.202315941    
  0.212545425    
  0.222774878    
  0.233004332    
  0.243233785    
  0.253463238    
  0.263692707    
  0.273922175    
  0.284151644    
  0.294381052    
  0.304610521    
  0.314839989    
  0.325069427    
  0.335298926    
  0.345528364    
  0.355757833    
  0.365987271    
  0.376216739    
  0.386446208    
  0.396675676    
  0.406905144    
  0.417134613    
  0.427364051    
  0.437593520    
  0.447822928    
  0.458052427    
  0.468281895    
  0.478511333    
  0.488740832    
  0.498970240    
  0.509199679    
  0.519429207    
  0.529658616    
  0.539888144    
  0.550117552    
  0.560347021    
  0.570576429    
  0.580805957    
  0.591035366    
  0.601264834    
  0.611494303    
  0.621723771    
  0.631953239    
  0.642182648    
  0.652412117    
  0.662641585    
  0.672871053    
  0.683100522    
  0.693329990    
  0.703559399    
  0.713788927    
  0.724018335    
  0.734247804    
  0.744477272    
  0.754706740    
  0.764936209    
  0.775165617    
  0.785395086    
   7.81831518E-02
   8.82352740E-02
   9.82873887E-02
  0.108339503    
  0.118391633    
  0.128443748    
  0.138495862    
  0.148547977    
  0.158600107    
  0.168652222    
  0.178704351    
  0.188756451    
  0.198808566    
  0.208860710    
  0.218912825    
  0.228964940    
  0.239017054    
  0.249069169    
  0.259121299    
  0.269173414    
  0.279225558    
  0.289277643    
  0.299329758    
  0.309381872    
  0.319433987    
  0.329486132    
  0.339538246    
  0.349590361    
  0.359642476    
  0.369694591    
  0.379746735    
  0.389798850    
  0.399850994    
  0.409903109    
  0.419955224    
  0.430007339    
  0.440059394    
  0.450111568    
  0.460163683    
  0.470215797    
  0.480267972    
  0.490320027    
  0.500372171    
  0.510424316    
  0.520476401    
  0.530528545    
  0.540580630    
  0.550632775    
  0.560684860    
  0.570737004    
  0.580789149    
  0.590841234    
  0.600893378    
  0.610945463    
  0.620997608    
  0.631049693    
  0.641101837    
  0.651153922    
  0.661206067    
  0.671258152    
  0.681310356    
  0.691362381    
  0.701414585    
  0.711466670    
  0.721518815    
  0.731570899    
  0.741623044    
  0.751675129    
  0.761727273    
  0.771779358    
   7.67644793E-02
   8.66341963E-02
   9.65039134E-02
  0.106373630    
  0.116243355    
  0.126113072    
  0.135982782    
  0.145852506    
  0.155722216    
  0.165591940    
  0.175461680    
  0.185331360    
  0.195201084    
  0.205070823    
  0.214940533    
  0.224810243    
  0.234679967    
  0.244549677    
  0.254419386    
  0.264289141    
  0.274158865    
  0.284028530    
  0.293898255    
  0.303767979    
  0.313637704    
  0.323507428    
  0.333377153    
  0.343246847    
  0.353116572    
  0.362986296    
  0.372856021    
  0.382725745    
  0.392595470    
  0.402465194    
  0.412334919    
  0.422204643    
  0.432074308    
  0.441944063    
  0.451813787    
  0.461683482    
  0.471553266    
  0.481422931    
  0.491292626    
  0.501162410    
  0.511032045    
  0.520901859    
  0.530771494    
  0.540641248    
  0.550510943    
  0.560380697    
  0.570250392    
  0.580120146    
  0.589989841    
  0.599859536    
  0.609729290    
  0.619598985    
  0.629468679    
  0.639338434    
  0.649208128    
  0.659077823    
  0.668947637    
  0.678817272    
  0.688687027    
  0.698556721    
  0.708426476    
  0.718296170    
  0.728165925    
  0.738035619    
  0.747905314    
  0.757775068    
   7.53071532E-02
   8.49895030E-02
   9.46718454E-02
  0.104354188    
  0.114036545    
  0.123718888    
  0.133401230    
  0.143083587    
  0.152765930    
  0.162448272    
  0.172130644    
  0.181812957    
  0.191495299    
  0.201177672    
  0.210860014    
  0.220542356    
  0.230224714    
  0.239907056    
  0.249589399    
  0.259271771    
  0.268954098    
  0.278636426    
  0.288318783    
  0.298001111    
  0.307683468    
  0.317365825    
  0.327048182    
  0.336730510    
  0.346412867    
  0.356095225    
  0.365777582    
  0.375459939    
  0.385142297    
  0.394824624    
  0.404506981    
  0.414189339    
  0.423871636    
  0.433554024    
  0.443236351    
  0.452918708    
  0.462601095    
  0.472283393    
  0.481965750    
  0.491648138    
  0.501330435    
  0.511012793    
  0.520695150    
  0.530377507    
  0.540059805    
  0.549742222    
  0.559424520    
  0.569106877    
  0.578789234    
  0.588471591    
  0.598153949    
  0.607836246    
  0.617518604    
  0.627200961    
  0.636883318    
  0.646565676    
  0.656248033    
  0.665930331    
  0.675612748    
  0.685295045    
  0.694977403    
  0.704659760    
  0.714342117    
  0.724024475    
  0.733706772    
  0.743389130    
   7.38119036E-02
   8.33020061E-02
   9.27921012E-02
  0.102282204    
  0.111772314    
  0.121262409    
  0.130752504    
  0.140242606    
  0.149732709    
  0.159222811    
  0.168712929    
  0.178203002    
  0.187693104    
  0.197183222    
  0.206673324    
  0.216163427    
  0.225653514    
  0.235143617    
  0.244633719    
  0.254123837    
  0.263613939    
  0.273104012    
  0.282594115    
  0.292084217    
  0.301574320    
  0.311064422    
  0.320554525    
  0.330044627    
  0.339534730    
  0.349024832    
  0.358514935    
  0.368005037    
  0.377495170    
  0.386985272    
  0.396475375    
  0.405965447    
  0.415455520    
  0.424945652    
  0.434435755    
  0.443925858    
  0.453415990    
  0.462906063    
  0.472396165    
  0.481886297    
  0.491376340    
  0.500866473    
  0.510356545    
  0.519846678    
  0.529336751    
  0.538826883    
  0.548317015    
  0.557807088    
  0.567297161    
  0.576787293    
  0.586277366    
  0.595767498    
  0.605257571    
  0.614747703    
  0.624237776    
  0.633727849    
  0.643218040    
  0.652708054    
  0.662198246    
  0.671688259    
  0.681178391    
  0.690668523    
  0.700158596    
  0.709648728    
  0.719138801    
  0.728628933    
   7.22794831E-02
   8.15725625E-02
   9.08656344E-02
  0.100158714    
  0.109451793    
  0.118744865    
  0.128037944    
  0.137331009    
  0.146624088    
  0.155917168    
  0.165210262    
  0.174503312    
  0.183796391    
  0.193089485    
  0.202382550    
  0.211675629    
  0.220968693    
  0.230261773    
  0.239554852    
  0.248847947    
  0.258141011    
  0.267434061    
  0.276727140    
  0.286020219    
  0.295313299    
  0.304606378    
  0.313899457    
  0.323192537    
  0.332485616    
  0.341778666    
  0.351071775    
  0.360364854    
  0.369657934    
  0.378951013    
  0.388244092    
  0.397537172    
  0.406830192    
  0.416123301    
  0.425416380    
  0.434709460    
  0.444002569    
  0.453295618    
  0.462588668    
  0.471881807    
  0.481174827    
  0.490467936    
  0.499760985    
  0.509054065    
  0.518347144    
  0.527640224    
  0.536933303    
  0.546226382    
  0.555519462    
  0.564812541    
  0.574105620    
  0.583398700    
  0.592691779    
  0.601984859    
  0.611277878    
  0.620570958    
  0.629864097    
  0.639157116    
  0.648450255    
  0.657743275    
  0.667036414    
  0.676329434    
  0.685622513    
  0.694915593    
  0.704208672    
  0.713501751    
   7.07106814E-02
   7.98020512E-02
   8.88934210E-02
   9.79847908E-02
  0.107076176    
  0.116167545    
  0.125258908    
  0.134350285    
  0.143441647    
  0.152533025    
  0.161624417    
  0.170715764    
  0.179807141    
  0.188898519    
  0.197989896    
  0.207081273    
  0.216172636    
  0.225264013    
  0.234355375    
  0.243446767    
  0.252538145    
  0.261629492    
  0.270720869    
  0.279812217    
  0.288903594    
  0.297995001    
  0.307086349    
  0.316177726    
  0.325269103    
  0.334360480    
  0.343451858    
  0.352543235    
  0.361634612    
  0.370725989    
  0.379817367    
  0.388908744    
  0.398000062    
  0.407091469    
  0.416182846    
  0.425274223    
  0.434365630    
  0.443456948    
  0.452548325    
  0.461639732    
  0.470731050    
  0.479822487    
  0.488913804    
  0.498005211    
  0.507096529    
  0.516187966    
  0.525279343    
  0.534370720    
  0.543462038    
  0.552553415    
  0.561644793    
  0.570736170    
  0.579827547    
  0.588918924    
  0.598010302    
  0.607101679    
  0.616193056    
  0.625284374    
  0.634375811    
  0.643467128    
  0.652558565    
  0.661649942    
  0.670741260    
  0.679832637    
  0.688924015    
  0.698015392    
   6.91062659E-02
   7.79913589E-02
   8.68764445E-02
   9.57615376E-02
  0.104646631    
  0.113531724    
  0.122416809    
  0.131301895    
  0.140186980    
  0.149072081    
  0.157957181    
  0.166842252    
  0.175727338    
  0.184612453    
  0.193497539    
  0.202382624    
  0.211267710    
  0.220152795    
  0.229037896    
  0.237922996    
  0.246808082    
  0.255693167    
  0.264578253    
  0.273463339    
  0.282348424    
  0.291233540    
  0.300118625    
  0.309003711    
  0.317888796    
  0.326773882    
  0.335658997    
  0.344544083    
  0.353429198    
  0.362314284    
  0.371199369    
  0.380084455    
  0.388969511    
  0.397854626    
  0.406739712    
  0.415624797    
  0.424509943    
  0.433394998    
  0.442280084    
  0.451165199    
  0.460050255    
  0.468935370    
  0.477820426    
  0.486705542    
  0.495590597    
  0.504475713    
  0.513360798    
  0.522245884    
  0.531130970    
  0.540016115    
  0.548901200    
  0.557786286    
  0.566671371    
  0.575556457    
  0.584441543    
  0.593326628    
  0.602211773    
  0.611096799    
  0.619981945    
  0.628866971    
  0.637752116    
  0.646637201    
  0.655522287    
  0.664407372    
  0.673292458    
  0.682177544    
   6.74670562E-02
   7.61413872E-02
   8.48157257E-02
   9.34900567E-02
  0.102164395    
  0.110838734    
  0.119513065    
  0.128187403    
  0.136861727    
  0.145536065    
  0.154210418    
  0.162884727    
  0.171559066    
  0.180233419    
  0.188907743    
  0.197582081    
  0.206256405    
  0.214930743    
  0.223605081    
  0.232279435    
  0.240953758    
  0.249628082    
  0.258302420    
  0.266976744    
  0.275651067    
  0.284325421    
  0.292999744    
  0.301674098    
  0.310348421    
  0.319022745    
  0.327697098    
  0.336371452    
  0.345045805    
  0.353720129    
  0.362394452    
  0.371068805    
  0.379743099    
  0.388417453    
  0.397091776    
  0.405766129    
  0.414440483    
  0.423114777    
  0.431789130    
  0.440463483    
  0.449137777    
  0.457812160    
  0.466486454    
  0.475160837    
  0.483835131    
  0.492509484    
  0.501183808    
  0.509858131    
  0.518532515    
  0.527206838    
  0.535881162    
  0.544555485    
  0.553229809    
  0.561904132    
  0.570578456    
  0.579252839    
  0.587927163    
  0.596601486    
  0.605275869    
  0.613950133    
  0.622624516    
  0.631298840    
  0.639973164    
  0.648647547    
  0.657321870    
  0.665996194    
   6.57938719E-02
   7.42530897E-02
   8.27123001E-02
   9.11715031E-02
   9.96307284E-02
  0.108089939    
  0.116549142    
  0.125008360    
  0.133467570    
  0.141926780    
  0.150386006    
  0.158845186    
  0.167304397    
  0.175763637    
  0.184222847    
  0.192682058    
  0.201141268    
  0.209600464    
  0.218059674    
  0.226518914    
  0.234978124    
  0.243437305    
  0.251896530    
  0.260355741    
  0.268814951    
  0.277274162    
  0.285733372    
  0.294192582    
  0.302651793    
  0.311111003    
  0.319570243    
  0.328029454    
  0.336488664    
  0.344947875    
  0.353407085    
  0.361866295    
  0.370325476    
  0.378784716    
  0.387243927    
  0.395703137    
  0.404162377    
  0.412621558    
  0.421080768    
  0.429540008    
  0.437999189    
  0.446458429    
  0.454917610    
  0.463376850    
  0.471836030    
  0.480295271    
  0.488754481    
  0.497213691    
  0.505672932    
  0.514132142    
  0.522591352    
  0.531050563    
  0.539509773    
  0.547968984    
  0.556428134    
  0.564887345    
  0.573346615    
  0.581805766    
  0.590265036    
  0.598724186    
  0.607183456    
  0.615642667    
  0.624101877    
  0.632561088    
  0.641020298    
  0.649479508    
   6.40875623E-02
   7.23273903E-02
   8.05672184E-02
   8.88070464E-02
   9.70468819E-02
  0.105286703    
  0.113526531    
  0.121766359    
  0.130006179    
  0.138246015    
  0.146485850    
  0.154725671    
  0.162965491    
  0.171205342    
  0.179445162    
  0.187684983    
  0.195924819    
  0.204164639    
  0.212404475    
  0.220644310    
  0.228884146    
  0.237123951    
  0.245363772    
  0.253603607    
  0.261843413    
  0.270083278    
  0.278323114    
  0.286562920    
  0.294802755    
  0.303042591    
  0.311282426    
  0.319522262    
  0.327762097    
  0.336001933    
  0.344241738    
  0.352481574    
  0.360721350    
  0.368961215    
  0.377201051    
  0.385440886    
  0.393680751    
  0.401920527    
  0.410160363    
  0.418400228    
  0.426640004    
  0.434879869    
  0.443119675    
  0.451359540    
  0.459599316    
  0.467839181    
  0.476079017    
  0.484318823    
  0.492558658    
  0.500798464    
  0.509038329    
  0.517278135    
  0.525517941    
  0.533757806    
  0.541997612    
  0.550237477    
  0.558477342    
  0.566717088    
  0.574956954    
  0.583196759    
  0.591436625    
  0.599676430    
  0.607916296    
  0.616156101    
  0.624395907    
  0.632635772    
   6.23489730E-02
   7.03652725E-02
   7.83815682E-02
   8.63978639E-02
   9.44141671E-02
  0.102430463    
  0.110446751    
  0.118463047    
  0.126479343    
  0.134495631    
  0.142511949    
  0.150528222    
  0.158544526    
  0.166560829    
  0.174577132    
  0.182593420    
  0.190609708    
  0.198626012    
  0.206642300    
  0.214658618    
  0.222674906    
  0.230691195    
  0.238707483    
  0.246723771    
  0.254740059    
  0.262756377    
  0.270772666    
  0.278788984    
  0.286805272    
  0.294821560    
  0.302837878    
  0.310854167    
  0.318870485    
  0.326886773    
  0.334903061    
  0.342919350    
  0.350935608    
  0.358951956    
  0.366968244    
  0.374984533    
  0.383000880    
  0.391017139    
  0.399033427    
  0.407049745    
  0.415066004    
  0.423082352    
  0.431098610    
  0.439114928    
  0.447131187    
  0.455147535    
  0.463163823    
  0.471180111    
  0.479196399    
  0.487212688    
  0.495229006    
  0.503245294    
  0.511261582    
  0.519277871    
  0.527294159    
  0.535310447    
  0.543326795    
  0.551343024    
  0.559359372    
  0.567375660    
  0.575391948    
  0.583408237    
  0.591424584    
  0.599440873    
  0.607457161    
  0.615473449    
   6.05790019E-02
   6.83677346E-02
   7.61564597E-02
   8.39451849E-02
   9.17339250E-02
   9.95226502E-02
  0.107311375    
  0.115100101    
  0.122888826    
  0.130677551    
  0.138466299    
  0.146255001    
  0.154043734    
  0.161832482    
  0.169621199    
  0.177409932    
  0.185198665    
  0.192987382    
  0.200776115    
  0.208564863    
  0.216353580    
  0.224142298    
  0.231931016    
  0.239719748    
  0.247508466    
  0.255297214    
  0.263085932    
  0.270874679    
  0.278663397    
  0.286452115    
  0.294240862    
  0.302029580    
  0.309818327    
  0.317607075    
  0.325395793    
  0.333184510    
  0.340973198    
  0.348761976    
  0.356550694    
  0.364339411    
  0.372128189    
  0.379916877    
  0.387705594    
  0.395494372    
  0.403283060    
  0.411071807    
  0.418860495    
  0.426649272    
  0.434437960    
  0.442226738    
  0.450015455    
  0.457804173    
  0.465592891    
  0.473381639    
  0.481170356    
  0.488959074    
  0.496747822    
  0.504536510    
  0.512325287    
  0.520114005    
  0.527902782    
  0.535691440    
  0.543480217    
  0.551268876    
  0.559057653    
  0.566846371    
  0.574635088    
  0.582423866    
  0.590212584    
  0.598001301    
   5.87785207E-02
   6.63357601E-02
   7.38929957E-02
   8.14502314E-02
   8.90074745E-02
   9.65647101E-02
  0.104121946    
  0.111679181    
  0.119236417    
  0.126793653    
  0.134350911    
  0.141908124    
  0.149465367    
  0.157022610    
  0.164579853    
  0.172137082    
  0.179694325    
  0.187251553    
  0.194808796    
  0.202366054    
  0.209923282    
  0.217480510    
  0.225037739    
  0.232594982    
  0.240152210    
  0.247709468    
  0.255266696    
  0.262823939    
  0.270381182    
  0.277938396    
  0.285495669    
  0.293052912    
  0.300610155    
  0.308167398    
  0.315724611    
  0.323281854    
  0.330839068    
  0.338396341    
  0.345953554    
  0.353510797    
  0.361068070    
  0.368625283    
  0.376182497    
  0.383739769    
  0.391296983    
  0.398854256    
  0.406411439    
  0.413968712    
  0.421525925    
  0.429083198    
  0.436640441    
  0.444197655    
  0.451754898    
  0.459312141    
  0.466869384    
  0.474426597    
  0.481983840    
  0.489541084    
  0.497098327    
  0.504655540    
  0.512212813    
  0.519770026    
  0.527327299    
  0.534884512    
  0.542441785    
  0.549998999    
  0.557556212    
  0.565113485    
  0.572670698    
  0.580227971    
   5.69484495E-02
   6.42703921E-02
   7.15923309E-02
   7.89142773E-02
   8.62362236E-02
   9.35581699E-02
  0.100880109    
  0.108202048    
  0.115523987    
  0.122845933    
  0.130167887    
  0.137489811    
  0.144811749    
  0.152133718    
  0.159455657    
  0.166777596    
  0.174099535    
  0.181421474    
  0.188743412    
  0.196065381    
  0.203387320    
  0.210709244    
  0.218031183    
  0.225353122    
  0.232675061    
  0.239997014    
  0.247318968    
  0.254640907    
  0.261962831    
  0.269284785    
  0.276606739    
  0.283928692    
  0.291250646    
  0.298572570    
  0.305894524    
  0.313216478    
  0.320538372    
  0.327860355    
  0.335182279    
  0.342504233    
  0.349826217    
  0.357148111    
  0.364470065    
  0.371792018    
  0.379113942    
  0.386435926    
  0.393757820    
  0.401079804    
  0.408401698    
  0.415723681    
  0.423045605    
  0.430367559    
  0.437689513    
  0.445011437    
  0.452333391    
  0.459655315    
  0.466977268    
  0.474299192    
  0.481621146    
  0.488943100    
  0.496265054    
  0.503586948    
  0.510908961    
  0.518230855    
  0.525552809    
  0.532874763    
  0.540196717    
  0.547518671    
  0.554840565    
  0.562162519    
   5.50896898E-02
   6.21726513E-02
   6.92556053E-02
   7.63385668E-02
   8.34215358E-02
   9.05044898E-02
   9.75874513E-02
  0.104670405    
  0.111753367    
  0.118836321    
  0.125919297    
  0.133002236    
  0.140085191    
  0.147168174    
  0.154251128    
  0.161334082    
  0.168417037    
  0.175500005    
  0.182582960    
  0.189665928    
  0.196748897    
  0.203831837    
  0.210914791    
  0.217997745    
  0.225080714    
  0.232163683    
  0.239246637    
  0.246329591    
  0.253412545    
  0.260495514    
  0.267578483    
  0.274661452    
  0.281744421    
  0.288827389    
  0.295910329    
  0.302993298    
  0.310076207    
  0.317159206    
  0.324242175    
  0.331325114    
  0.338408113    
  0.345491052    
  0.352573991    
  0.359656990    
  0.366739899    
  0.373822898    
  0.380905837    
  0.387988806    
  0.395071745    
  0.402154744    
  0.409237683    
  0.416320652    
  0.423403621    
  0.430486560    
  0.437569529    
  0.444652468    
  0.451735437    
  0.458818406    
  0.465901345    
  0.472984314    
  0.480067313    
  0.487150222    
  0.494233221    
  0.501316130    
  0.508399129    
  0.515482068    
  0.522565067    
  0.529648006    
  0.536730945    
  0.543813944    
   5.32032028E-02
   6.00436144E-02
   6.68840259E-02
   7.37244338E-02
   8.05648491E-02
   8.74052644E-02
   9.42456722E-02
  0.101086080    
  0.107926488    
  0.114766903    
  0.121607326    
  0.128447726    
  0.135288134    
  0.142128557    
  0.148968965    
  0.155809373    
  0.162649781    
  0.169490188    
  0.176330596    
  0.183171034    
  0.190011442    
  0.196851835    
  0.203692243    
  0.210532650    
  0.217373058    
  0.224213481    
  0.231053889    
  0.237894312    
  0.244734719    
  0.251575112    
  0.258415550    
  0.265255958    
  0.272096395    
  0.278936803    
  0.285777211    
  0.292617619    
  0.299457997    
  0.306298435    
  0.313138843    
  0.319979250    
  0.326819688    
  0.333660066    
  0.340500474    
  0.347340912    
  0.354181290    
  0.361021727    
  0.367862105    
  0.374702573    
  0.381542951    
  0.388383389    
  0.395223796    
  0.402064204    
  0.408904612    
  0.415745020    
  0.422585428    
  0.429425836    
  0.436266243    
  0.443106651    
  0.449947059    
  0.456787467    
  0.463627905    
  0.470468283    
  0.477308750    
  0.484149128    
  0.490989566    
  0.497829974    
  0.504670382    
  0.511510789    
  0.518351197    
  0.525191605    
   5.12899347E-02
   5.78843579E-02
   6.44787773E-02
   7.10731894E-02
   7.76676163E-02
   8.42620358E-02
   9.08564553E-02
   9.74508747E-02
  0.104045294    
  0.110639706    
  0.117234141    
  0.123828545    
  0.130422965    
  0.137017399    
  0.143611819    
  0.150206238    
  0.156800658    
  0.163395077    
  0.169989482    
  0.176583916    
  0.183178335    
  0.189772740    
  0.196367159    
  0.202961579    
  0.209555998    
  0.216150433    
  0.222744852    
  0.229339272    
  0.235933691    
  0.242528096    
  0.249122530    
  0.255716950    
  0.262311399    
  0.268905818    
  0.275500238    
  0.282094657    
  0.288689017    
  0.295283467    
  0.301877886    
  0.308472306    
  0.315066755    
  0.321661144    
  0.328255564    
  0.334850013    
  0.341444403    
  0.348038852    
  0.354633242    
  0.361227691    
  0.367822081    
  0.374416530    
  0.381010950    
  0.387605369    
  0.394199789    
  0.400794208    
  0.407388628    
  0.413983047    
  0.420577466    
  0.427171886    
  0.433766305    
  0.440360695    
  0.446955144    
  0.453549534    
  0.460143983    
  0.466738373    
  0.473332822    
  0.479927242    
  0.486521661    
  0.493116081    
  0.499710500    
  0.506304920    
   4.93508168E-02
   5.56959249E-02
   6.20410256E-02
   6.83861300E-02
   7.47312382E-02
   8.10763463E-02
   8.74214470E-02
   9.37665477E-02
  0.100111656    
  0.106456757    
  0.112801872    
  0.119146958    
  0.125492066    
  0.131837189    
  0.138182282    
  0.144527391    
  0.150872499    
  0.157217592    
  0.163562700    
  0.169907808    
  0.176252916    
  0.182598010    
  0.188943103    
  0.195288211    
  0.201633319    
  0.207978427    
  0.214323536    
  0.220668644    
  0.227013737    
  0.233358845    
  0.239703968    
  0.246049061    
  0.252394199    
  0.258739293    
  0.265084386    
  0.271429479    
  0.277774572    
  0.284119695    
  0.290464789    
  0.296809912    
  0.303155035    
  0.309500098    
  0.315845221    
  0.322190344    
  0.328535408    
  0.334880561    
  0.341225624    
  0.347570747    
  0.353915840    
  0.360260963    
  0.366606057    
  0.372951180    
  0.379296273    
  0.385641366    
  0.391986489    
  0.398331583    
  0.404676676    
  0.411021799    
  0.417366892    
  0.423711985    
  0.430057138    
  0.436402202    
  0.442747325    
  0.449092418    
  0.455437541    
  0.461782634    
  0.468127757    
  0.474472851    
  0.480817944    
  0.487163067    
   4.73868698E-02
   5.34794703E-02
   5.95720671E-02
   6.56646639E-02
   7.17572644E-02
   7.78498575E-02
   8.39424580E-02
   9.00350511E-02
   9.61276442E-02
  0.102220245    
  0.108312853    
  0.114405431    
  0.120498031    
  0.126590639    
  0.132683232    
  0.138775826    
  0.144868433    
  0.150961027    
  0.157053620    
  0.163146228    
  0.169238821    
  0.175331414    
  0.181424007    
  0.187516600    
  0.193609193    
  0.199701801    
  0.205794394    
  0.211887002    
  0.217979595    
  0.224072188    
  0.230164796    
  0.236257389    
  0.242349997    
  0.248442605    
  0.254535198    
  0.260627776    
  0.266720355    
  0.272812992    
  0.278905571    
  0.284998178    
  0.291090786    
  0.297183365    
  0.303275973    
  0.309368581    
  0.315461159    
  0.321553767    
  0.327646345    
  0.333738953    
  0.339831531    
  0.345924169    
  0.352016747    
  0.358109355    
  0.364201933    
  0.370294541    
  0.376387149    
  0.382479727    
  0.388572335    
  0.394664913    
  0.400757521    
  0.406850129    
  0.412942737    
  0.419035316    
  0.425127923    
  0.431220502    
  0.437313110    
  0.443405718    
  0.449498326    
  0.455590904    
  0.461683512    
  0.467776090    
   4.53990437E-02
   5.12360670E-02
   5.70730828E-02
   6.29101023E-02
   6.87471256E-02
   7.45841414E-02
   8.04211646E-02
   8.62581804E-02
   9.20951962E-02
   9.79322195E-02
  0.103769250    
  0.109606251    
  0.115443274    
  0.121280305    
  0.127117321    
  0.132954344    
  0.138791353    
  0.144628376    
  0.150465399    
  0.156302422    
  0.162139446    
  0.167976454    
  0.173813462    
  0.179650486    
  0.185487509    
  0.191324532    
  0.197161555    
  0.202998564    
  0.208835587    
  0.214672610    
  0.220509633    
  0.226346657    
  0.232183680    
  0.238020703    
  0.243857726    
  0.249694735    
  0.255531728    
  0.261368781    
  0.267205805    
  0.273042828    
  0.278879851    
  0.284716845    
  0.290553868    
  0.296390921    
  0.302227914    
  0.308064938    
  0.313901931    
  0.319738984    
  0.325575978    
  0.331413031    
  0.337250054    
  0.343087047    
  0.348924071    
  0.354761094    
  0.360598117    
  0.366435140    
  0.372272164    
  0.378109157    
  0.383946180    
  0.389783204    
  0.395620257    
  0.401457250    
  0.407294273    
  0.413131267    
  0.418968320    
  0.424805343    
  0.430642366    
  0.436479390    
  0.442316383    
  0.448153406    
   4.33883779E-02
   4.89668846E-02
   5.45453876E-02
   6.01238906E-02
   6.57024011E-02
   7.12809041E-02
   7.68594071E-02
   8.24379101E-02
   8.80164132E-02
   9.35949236E-02
   9.91734341E-02
  0.104751930    
  0.110330433    
  0.115908951    
  0.121487454    
  0.127065957    
  0.132644460    
  0.138222963    
  0.143801466    
  0.149379984    
  0.154958487    
  0.160536975    
  0.166115478    
  0.171693981    
  0.177272484    
  0.182851002    
  0.188429505    
  0.194008008    
  0.199586526    
  0.205165029    
  0.210743546    
  0.216322049    
  0.221900553    
  0.227479070    
  0.233057573    
  0.238636076    
  0.244214550    
  0.249793082    
  0.255371571    
  0.260950089    
  0.266528606    
  0.272107095    
  0.277685612    
  0.283264130    
  0.288842618    
  0.294421136    
  0.299999624    
  0.305578142    
  0.311156631    
  0.316735148    
  0.322313666    
  0.327892154    
  0.333470672    
  0.339049160    
  0.344627678    
  0.350206167    
  0.355784684    
  0.361363173    
  0.366941690    
  0.372520179    
  0.378098726    
  0.383677185    
  0.389255732    
  0.394834191    
  0.400412738    
  0.405991226    
  0.411569744    
  0.417148232    
  0.422726750    
  0.428305238    
   4.13558409E-02
   4.66730222E-02
   5.19901998E-02
   5.73073775E-02
   6.26245588E-02
   6.79417402E-02
   7.32589141E-02
   7.85760954E-02
   8.38932693E-02
   8.92104506E-02
   9.45276394E-02
   9.98448059E-02
  0.105161980    
  0.110479176    
  0.115796350    
  0.121113531    
  0.126430705    
  0.131747887    
  0.137065068    
  0.142382249    
  0.147699431    
  0.153016597    
  0.158333778    
  0.163650945    
  0.168968126    
  0.174285322    
  0.179602504    
  0.184919670    
  0.190236852    
  0.195554033    
  0.200871214    
  0.206188396    
  0.211505592    
  0.216822773    
  0.222139940    
  0.227457121    
  0.232774273    
  0.238091484    
  0.243408650    
  0.248725832    
  0.254043043    
  0.259360194    
  0.264677376    
  0.269994557    
  0.275311708    
  0.280628920    
  0.285946071    
  0.291263282    
  0.296580434    
  0.301897645    
  0.307214826    
  0.312531978    
  0.317849159    
  0.323166341    
  0.328483522    
  0.333800703    
  0.339117885    
  0.344435066    
  0.349752247    
  0.355069399    
  0.360386610    
  0.365703762    
  0.371020973    
  0.376338124    
  0.381655335    
  0.386972517    
  0.392289668    
  0.397606850    
  0.402924031    
  0.408241212    
   3.93025056E-02
   4.43556868E-02
   4.94088642E-02
   5.44620417E-02
   5.95152229E-02
   6.45684004E-02
   6.96215779E-02
   7.46747553E-02
   7.97279328E-02
   8.47811103E-02
   8.98343027E-02
   9.48874652E-02
   9.99406427E-02
  0.104993835    
  0.110047013    
  0.115100190    
  0.120153368    
  0.125206545    
  0.130259722    
  0.135312915    
  0.140366092    
  0.145419255    
  0.150472432    
  0.155525610    
  0.160578787    
  0.165631980    
  0.170685157    
  0.175738335    
  0.180791512    
  0.185844690    
  0.190897882    
  0.195951059    
  0.201004237    
  0.206057414    
  0.211110607    
  0.216163784    
  0.221216932    
  0.226270139    
  0.231323317    
  0.236376494    
  0.241429687    
  0.246482849    
  0.251536012    
  0.256589234    
  0.261642367    
  0.266695589    
  0.271748722    
  0.276801944    
  0.281855077    
  0.286908299    
  0.291961461    
  0.297014654    
  0.302067816    
  0.307121009    
  0.312174171    
  0.317227364    
  0.322280526    
  0.327333719    
  0.332386881    
  0.337440073    
  0.342493266    
  0.347546428    
  0.352599621    
  0.357652783    
  0.362705976    
  0.367759138    
  0.372812331    
  0.377865493    
  0.382918686    
  0.387971848    
   3.72293666E-02
   4.20159996E-02
   4.68026325E-02
   5.15892617E-02
   5.63758984E-02
   6.11625314E-02
   6.59491643E-02
   7.07357898E-02
   7.55224228E-02
   8.03090557E-02
   8.50956962E-02
   8.98823142E-02
   9.46689472E-02
   9.94555950E-02
  0.104242221    
  0.109028853    
  0.113815486    
  0.118602119    
  0.123388745    
  0.128175393    
  0.132962018    
  0.137748644    
  0.142535269    
  0.147321910    
  0.152108535    
  0.156895176    
  0.161681816    
  0.166468441    
  0.171255067    
  0.176041707    
  0.180828348    
  0.185614973    
  0.190401614    
  0.195188254    
  0.199974880    
  0.204761505    
  0.209548116    
  0.214334771    
  0.219121411    
  0.223908037    
  0.228694692    
  0.233481303    
  0.238267928    
  0.243054584    
  0.247841194    
  0.252627850    
  0.257414460    
  0.262201101    
  0.266987711    
  0.271774381    
  0.276560992    
  0.281347632    
  0.286134273    
  0.290920883    
  0.295707524    
  0.300494164    
  0.305280805    
  0.310067415    
  0.314854056    
  0.319640696    
  0.324427336    
  0.329213947    
  0.334000587    
  0.338787198    
  0.343573868    
  0.348360509    
  0.353147119    
  0.357933760    
  0.362720400    
  0.367507011    
   3.51374820E-02
   3.96551602E-02
   4.41728346E-02
   4.86905091E-02
   5.32081872E-02
   5.77258617E-02
   6.22435361E-02
   6.67612106E-02
   7.12788850E-02
   7.57965595E-02
   8.03142488E-02
   8.48319083E-02
   8.93495828E-02
   9.38672721E-02
   9.83849466E-02
  0.102902621    
  0.107420295    
  0.111937970    
  0.116455644    
  0.120973334    
  0.125491008    
  0.130008668    
  0.134526342    
  0.139044017    
  0.143561691    
  0.148079380    
  0.152597055    
  0.157114729    
  0.161632404    
  0.166150078    
  0.170667768    
  0.175185442    
  0.179703116    
  0.184220791    
  0.188738465    
  0.193256140    
  0.197773799    
  0.202291504    
  0.206809178    
  0.211326852    
  0.215844542    
  0.220362201    
  0.224879876    
  0.229397565    
  0.233915225    
  0.238432914    
  0.242950574    
  0.247468263    
  0.251985908    
  0.256503612    
  0.261021286    
  0.265538961    
  0.270056635    
  0.274574310    
  0.279091984    
  0.283609658    
  0.288127333    
  0.292645007    
  0.297162682    
  0.301680356    
  0.306198061    
  0.310715705    
  0.315233409    
  0.319751054    
  0.324268758    
  0.328786433    
  0.333304107    
  0.337821782    
  0.342339456    
  0.346857131    
   3.30279060E-02
   3.72743532E-02
   4.15207967E-02
   4.57672402E-02
   5.00136875E-02
   5.42601310E-02
   5.85065745E-02
   6.27530217E-02
   6.69994652E-02
   7.12459087E-02
   7.54923597E-02
   7.97387958E-02
   8.39852393E-02
   8.82316902E-02
   9.24781337E-02
   9.67245772E-02
  0.100971021    
  0.105217464    
  0.109463908    
  0.113710366    
  0.117956810    
  0.122203238    
  0.126449689    
  0.130696133    
  0.134942576    
  0.139189020    
  0.143435463    
  0.147681907    
  0.151928350    
  0.156174794    
  0.160421252    
  0.164667696    
  0.168914154    
  0.173160598    
  0.177407041    
  0.181653485    
  0.185899913    
  0.190146372    
  0.194392815    
  0.198639259    
  0.202885717    
  0.207132146    
  0.211378589    
  0.215625048    
  0.219871476    
  0.224117935    
  0.228364363    
  0.232610822    
  0.236857250    
  0.241103709    
  0.245350152    
  0.249596596    
  0.253843039    
  0.258089483    
  0.262335926    
  0.266582370    
  0.270828813    
  0.275075257    
  0.279321700    
  0.283568144    
  0.287814617    
  0.292061031    
  0.296307504    
  0.300553918    
  0.304800391    
  0.309046835    
  0.313293278    
  0.317539722    
  0.321786165    
  0.326032609    
   3.09016984E-02
   3.48747745E-02
   3.88478488E-02
   4.28209230E-02
   4.67940010E-02
   5.07670753E-02
   5.47401495E-02
   5.87132238E-02
   6.26863018E-02
   6.66593760E-02
   7.06324577E-02
   7.46055245E-02
   7.85785988E-02
   8.25516805E-02
   8.65247548E-02
   9.04978290E-02
   9.44709033E-02
   9.84439775E-02
  0.102417052    
  0.106390134    
  0.110363208    
  0.114336275    
  0.118309349    
  0.122282423    
  0.126255497    
  0.130228579    
  0.134201646    
  0.138174728    
  0.142147794    
  0.146120876    
  0.150093958    
  0.154067039    
  0.158040121    
  0.162013188    
  0.165986270    
  0.169959337    
  0.173932388    
  0.177905485    
  0.181878567    
  0.185851634    
  0.189824730    
  0.193797782    
  0.197770864    
  0.201743945    
  0.205717012    
  0.209690094    
  0.213663161    
  0.217636243    
  0.221609309    
  0.225582391    
  0.229555473    
  0.233528540    
  0.237501621    
  0.241474688    
  0.245447770    
  0.249420837    
  0.253393918    
  0.257366985    
  0.261340052    
  0.265313148    
  0.269286245    
  0.273259282    
  0.277232379    
  0.281205446    
  0.285178542    
  0.289151609    
  0.293124676    
  0.297097743    
  0.301070839    
  0.305043906    
   2.87599303E-02
   3.24576348E-02
   3.61553393E-02
   3.98530439E-02
   4.35507521E-02
   4.72484566E-02
   5.09461612E-02
   5.46438657E-02
   5.83415702E-02
   6.20392747E-02
   6.57369867E-02
   6.94346800E-02
   7.31323883E-02
   7.68300965E-02
   8.05278048E-02
   8.42255056E-02
   8.79232138E-02
   9.16209146E-02
   9.53186229E-02
   9.90163311E-02
  0.102714039    
  0.106411733    
  0.110109434    
  0.113807142    
  0.117504843    
  0.121202558    
  0.124900259    
  0.128597960    
  0.132295668    
  0.135993376    
  0.139691085    
  0.143388793    
  0.147086501    
  0.150784209    
  0.154481918    
  0.158179611    
  0.161877304    
  0.165575027    
  0.169272736    
  0.172970429    
  0.176668152    
  0.180365846    
  0.184063539    
  0.187761262    
  0.191458955    
  0.195156679    
  0.198854357    
  0.202552080    
  0.206249774    
  0.209947497    
  0.213645190    
  0.217342898    
  0.221040606    
  0.224738315    
  0.228436008    
  0.232133716    
  0.235831425    
  0.239529118    
  0.243226826    
  0.246924534    
  0.250622243    
  0.254319936    
  0.258017659    
  0.261715353    
  0.265413076    
  0.269110769    
  0.272808492    
  0.276506186    
  0.280203879    
  0.283901602    
   2.66036894E-02
   3.00241653E-02
   3.34446393E-02
   3.68651114E-02
   4.02855910E-02
   4.37060632E-02
   4.71265353E-02
   5.05470112E-02
   5.39674833E-02
   5.73879555E-02
   6.08084388E-02
   6.42289072E-02
   6.76493794E-02
   7.10698590E-02
   7.44903311E-02
   7.79108033E-02
   8.13312754E-02
   8.47517550E-02
   8.81722271E-02
   9.15927067E-02
   9.50131789E-02
   9.84336436E-02
  0.101854116    
  0.105274595    
  0.108695067    
  0.112115547    
  0.115536019    
  0.118956491    
  0.122376971    
  0.125797436    
  0.129217923    
  0.132638395    
  0.136058882    
  0.139479354    
  0.142899826    
  0.146320298    
  0.149740756    
  0.153161243    
  0.156581715    
  0.160002187    
  0.163422674    
  0.166843131    
  0.170263618    
  0.173684105    
  0.177104563    
  0.180525050    
  0.183945507    
  0.187365994    
  0.190786451    
  0.194206938    
  0.197627410    
  0.201047882    
  0.204468355    
  0.207888827    
  0.211309314    
  0.214729786    
  0.218150258    
  0.221570730    
  0.224991202    
  0.228411674    
  0.231832162    
  0.235252619    
  0.238673106    
  0.242093563    
  0.245514050    
  0.248934537    
  0.252355009    
  0.255775481    
  0.259195954    
  0.262616426    
   2.44340356E-02
   2.75755543E-02
   3.07170730E-02
   3.38585898E-02
   3.70001122E-02
   4.01416309E-02
   4.32831459E-02
   4.64246646E-02
   4.95661832E-02
   5.27077019E-02
   5.58492243E-02
   5.89907356E-02
   6.21322542E-02
   6.52737767E-02
   6.84152991E-02
   7.15568140E-02
   7.46983290E-02
   7.78398514E-02
   8.09813663E-02
   8.41228962E-02
   8.72644112E-02
   9.04059187E-02
   9.35474411E-02
   9.66889560E-02
   9.98304784E-02
  0.102972001    
  0.106113516    
  0.109255038    
  0.112396553    
  0.115538068    
  0.118679598    
  0.121821113    
  0.124962643    
  0.128104150    
  0.131245673    
  0.134387195    
  0.137528703    
  0.140670225    
  0.143811747    
  0.146953270    
  0.150094792    
  0.153236300    
  0.156377822    
  0.159519345    
  0.162660852    
  0.165802389    
  0.168943882    
  0.172085419    
  0.175226927    
  0.178368464    
  0.181509972    
  0.184651494    
  0.187793016    
  0.190934524    
  0.194076046    
  0.197217569    
  0.200359076    
  0.203500599    
  0.206642121    
  0.209783629    
  0.212925166    
  0.216066673    
  0.219208196    
  0.222349703    
  0.225491241    
  0.228632763    
  0.231774271    
  0.234915793    
  0.238057315    
  0.241198823    
   2.22520977E-02
   2.51130834E-02
   2.79740654E-02
   3.08350492E-02
   3.36960368E-02
   3.65570188E-02
   3.94180007E-02
   4.22789864E-02
   4.51399684E-02
   4.80009504E-02
   5.08619398E-02
   5.37229180E-02
   5.65839000E-02
   5.94448894E-02
   6.23058751E-02
   6.51668534E-02
   6.80278391E-02
   7.08888248E-02
   7.37498030E-02
   7.66107962E-02
   7.94717818E-02
   8.23327526E-02
   8.51937383E-02
   8.80547240E-02
   9.09157023E-02
   9.37766954E-02
   9.66376811E-02
   9.94986594E-02
  0.102359645    
  0.105220631    
  0.108081616    
  0.110942602    
  0.113803588    
  0.116664574    
  0.119525559    
  0.122386537    
  0.125247508    
  0.128108501    
  0.130969495    
  0.133830473    
  0.136691466    
  0.139552444    
  0.142413422    
  0.145274416    
  0.148135394    
  0.150996387    
  0.153857350    
  0.156718358    
  0.159579322    
  0.162440315    
  0.165301308    
  0.168162286    
  0.171023265    
  0.173884258    
  0.176745236    
  0.179606214    
  0.182467192    
  0.185328186    
  0.188189164    
  0.191050142    
  0.193911150    
  0.196772113    
  0.199633107    
  0.202494085    
  0.205355078    
  0.208216056    
  0.211077049    
  0.213938028    
  0.216799006    
  0.219659999    
   2.00589355E-02
   2.26379409E-02
   2.52169464E-02
   2.77959518E-02
   3.03749591E-02
   3.29539664E-02
   3.55329700E-02
   3.81119736E-02
   4.06909809E-02
   4.32699844E-02
   4.58489954E-02
   4.84279953E-02
   5.10069989E-02
   5.35860099E-02
   5.61650172E-02
   5.87440208E-02
   6.13230281E-02
   6.39020354E-02
   6.64810389E-02
   6.90600500E-02
   7.16390535E-02
   7.42180496E-02
   7.67970607E-02
   7.93760642E-02
   8.19550678E-02
   8.45340788E-02
   8.71130824E-02
   8.96920860E-02
   9.22710970E-02
   9.48501006E-02
   9.74291116E-02
  0.100008115    
  0.102587126    
  0.105166130    
  0.107745133    
  0.110324144    
  0.112903133    
  0.115482152    
  0.118061155    
  0.120640159    
  0.123219177    
  0.125798166    
  0.128377184    
  0.130956188    
  0.133535191    
  0.136114210    
  0.138693199    
  0.141272217    
  0.143851206    
  0.146430224    
  0.149009228    
  0.151588231    
  0.154167235    
  0.156746238    
  0.159325257    
  0.161904261    
  0.164483264    
  0.167062268    
  0.169641271    
  0.172220275    
  0.174799293    
  0.177378282    
  0.179957300    
  0.182536289    
  0.185115308    
  0.187694311    
  0.190273330    
  0.192852333    
  0.195431337    
  0.198010340    
   1.78556927E-02
   2.01514252E-02
   2.24471558E-02
   2.47428864E-02
   2.70386208E-02
   2.93343514E-02
   3.16300839E-02
   3.39258127E-02
   3.62215452E-02
   3.85172777E-02
   4.08130139E-02
   4.31087390E-02
   4.54044715E-02
   4.77002077E-02
   4.99959365E-02
   5.22916690E-02
   5.45874014E-02
   5.68831302E-02
   5.91788627E-02
   6.14745989E-02
   6.37703314E-02
   6.60660565E-02
   6.83617890E-02
   7.06575215E-02
   7.29532465E-02
   7.52489865E-02
   7.75447190E-02
   7.98404515E-02
   8.21361765E-02
   8.44319090E-02
   8.67276490E-02
   8.90233740E-02
   9.13191140E-02
   9.36148465E-02
   9.59105790E-02
   9.82063040E-02
  0.100502029    
  0.102797769    
  0.105093502    
  0.107389234    
  0.109684974    
  0.111980692    
  0.114276424    
  0.116572164    
  0.118867889    
  0.121163629    
  0.123459347    
  0.125755087    
  0.128050819    
  0.130346552    
  0.132642284    
  0.134938017    
  0.137233749    
  0.139529482    
  0.141825214    
  0.144120947    
  0.146416679    
  0.148712397    
  0.151008129    
  0.153303862    
  0.155599609    
  0.157895327    
  0.160191074    
  0.162486792    
  0.164782539    
  0.167078257    
  0.169373989    
  0.171669722    
  0.173965454    
  0.176261187    
   1.56434383E-02
   1.76547375E-02
   1.96660347E-02
   2.16773339E-02
   2.36886349E-02
   2.56999340E-02
   2.77112313E-02
   2.97225304E-02
   3.17338295E-02
   3.37451287E-02
   3.57564315E-02
   3.77677232E-02
   3.97790223E-02
   4.17903252E-02
   4.38016243E-02
   4.58129235E-02
   4.78242226E-02
   4.98355180E-02
   5.18468171E-02
   5.38581200E-02
   5.58694191E-02
   5.78807145E-02
   5.98920137E-02
   6.19033091E-02
   6.39146119E-02
   6.59259111E-02
   6.79372102E-02
   6.99485093E-02
   7.19598085E-02
   7.39711076E-02
   7.59824067E-02
   7.79937059E-02
   8.00050125E-02
   8.20163116E-02
   8.40276107E-02
   8.60389099E-02
   8.80501941E-02
   9.00615007E-02
   9.20727998E-02
   9.40840989E-02
   9.60954055E-02
   9.81066972E-02
  0.100117996    
  0.102129303    
  0.104140595    
  0.106151901    
  0.108163193    
  0.110174499    
  0.112185784    
  0.114197098    
  0.116208389    
  0.118219689    
  0.120230988    
  0.122242287    
  0.124253586    
  0.126264885    
  0.128276184    
  0.130287483    
  0.132298782    
  0.134310082    
  0.136321381    
  0.138332680    
  0.140343979    
  0.142355278    
  0.144366577    
  0.146377876    
  0.148389176    
  0.150400475    
  0.152411774    
  0.154423073    
   1.34233283E-02
   1.51491854E-02
   1.68750416E-02
   1.86008979E-02
   2.03267559E-02
   2.20526103E-02
   2.37784665E-02
   2.55043227E-02
   2.72301789E-02
   2.89560352E-02
   3.06818951E-02
   3.24077457E-02
   3.41336019E-02
   3.58594619E-02
   3.75853181E-02
   3.93111743E-02
   4.10370305E-02
   4.27628867E-02
   4.44887429E-02
   4.62146029E-02
   4.79404591E-02
   4.96663116E-02
   5.13921678E-02
   5.31180240E-02
   5.48438802E-02
   5.65697402E-02
   5.82955927E-02
   6.00214489E-02
   6.17473051E-02
   6.34731650E-02
   6.51990250E-02
   6.69248775E-02
   6.86507374E-02
   7.03765973E-02
   7.21024498E-02
   7.38283098E-02
   7.55541548E-02
   7.72800148E-02
   7.90058747E-02
   8.07317272E-02
   8.24575946E-02
   8.41834396E-02
   8.59092996E-02
   8.76351595E-02
   8.93610120E-02
   9.10868719E-02
   9.28127244E-02
   9.45385844E-02
   9.62644368E-02
   9.79902968E-02
   9.97161567E-02
  0.101442009    
  0.103167869    
  0.104893722    
  0.106619574    
  0.108345434    
  0.110071287    
  0.111797146    
  0.113522999    
  0.115248859    
  0.116974719    
  0.118700571    
  0.120426431    
  0.122152284    
  0.123878144    
  0.125604004    
  0.127329856    
  0.129055709    
  0.130781576    
  0.132507429    
   1.11964485E-02
   1.26359919E-02
   1.40755344E-02
   1.55150779E-02
   1.69546213E-02
   1.83941647E-02
   1.98337082E-02
   2.12732516E-02
   2.27127932E-02
   2.41523366E-02
   2.55918819E-02
   2.70314217E-02
   2.84709651E-02
   2.99105123E-02
   3.13500538E-02
   3.27895954E-02
   3.42291407E-02
   3.56686823E-02
   3.71082276E-02
   3.85477729E-02
   3.99873145E-02
   4.14268561E-02
   4.28663976E-02
   4.43059392E-02
   4.57454845E-02
   4.71850298E-02
   4.86245714E-02
   5.00641167E-02
   5.15036583E-02
   5.29431999E-02
   5.43827489E-02
   5.58222905E-02
   5.72618358E-02
   5.87013774E-02
   6.01409227E-02
   6.15804642E-02
   6.30199984E-02
   6.44595474E-02
   6.58990964E-02
   6.73386380E-02
   6.87781870E-02
   7.02177212E-02
   7.16572627E-02
   7.30968118E-02
   7.45363533E-02
   7.59759024E-02
   7.74154365E-02
   7.88549855E-02
   8.02945197E-02
   8.17340687E-02
   8.31736177E-02
   8.46131593E-02
   8.60527009E-02
   8.74922425E-02
   8.89317840E-02
   9.03713256E-02
   9.18108746E-02
   9.32504162E-02
   9.46899578E-02
   9.61294994E-02
   9.75690484E-02
   9.90085900E-02
  0.100448139    
  0.101887673    
  0.103327222    
  0.104766764    
  0.106206305    
  0.107645847    
  0.109085396    
  0.110524938    
   8.96393042E-03
   1.01164356E-02
   1.12689408E-02
   1.24214459E-02
   1.35739520E-02
   1.47264563E-02
   1.58789624E-02
   1.70314666E-02
   1.81839708E-02
   1.93364769E-02
   2.04889849E-02
   2.16414854E-02
   2.27939915E-02
   2.39464995E-02
   2.50990037E-02
   2.62515079E-02
   2.74040140E-02
   2.85565183E-02
   2.97090244E-02
   3.08615305E-02
   3.20140347E-02
   3.31665389E-02
   3.43190432E-02
   3.54715474E-02
   3.66240516E-02
   3.77765596E-02
   3.89290638E-02
   4.00815718E-02
   4.12340760E-02
   4.23865803E-02
   4.35390882E-02
   4.46915925E-02
   4.58441004E-02
   4.69966047E-02
   4.81491089E-02
   4.93016168E-02
   5.04541136E-02
   5.16066253E-02
   5.27591296E-02
   5.39116338E-02
   5.50641455E-02
   5.62166460E-02
   5.73691502E-02
   5.85216619E-02
   5.96741587E-02
   6.08266704E-02
   6.19791709E-02
   6.31316826E-02
   6.42841831E-02
   6.54366910E-02
   6.65891916E-02
   6.77416995E-02
   6.88942075E-02
   7.00467080E-02
   7.11992159E-02
   7.23517165E-02
   7.35042244E-02
   7.46567324E-02
   7.58092329E-02
   7.69617409E-02
   7.81142488E-02
   7.92667493E-02
   8.04192573E-02
   8.15717578E-02
   8.27242658E-02
   8.38767737E-02
   8.50292817E-02
   8.61817822E-02
   8.73342901E-02
   8.84867907E-02
   6.72689918E-03
   7.59178633E-03
   8.45667347E-03
   9.32156015E-03
   1.01864478E-02
   1.10513344E-02
   1.19162211E-02
   1.27811078E-02
   1.36459945E-02
   1.45108812E-02
   1.53757706E-02
   1.62406545E-02
   1.71055421E-02
   1.79704297E-02
   1.88353173E-02
   1.97002050E-02
   2.05650907E-02
   2.14299783E-02
   2.22948641E-02
   2.31597535E-02
   2.40246393E-02
   2.48895250E-02
   2.57544108E-02
   2.66192984E-02
   2.74841841E-02
   2.83490736E-02
   2.92139612E-02
   3.00788470E-02
   3.09437346E-02
   3.18086222E-02
   3.26735079E-02
   3.35383974E-02
   3.44032831E-02
   3.52681726E-02
   3.61330584E-02
   3.69979441E-02
   3.78628299E-02
   3.87277193E-02
   3.95926051E-02
   4.04574908E-02
   4.13223840E-02
   4.21872661E-02
   4.30521518E-02
   4.39170450E-02
   4.47819270E-02
   4.56468165E-02
   4.65116985E-02
   4.73765917E-02
   4.82414737E-02
   4.91063632E-02
   4.99712490E-02
   5.08361384E-02
   5.17010242E-02
   5.25659099E-02
   5.34307994E-02
   5.42956851E-02
   5.51605709E-02
   5.60254566E-02
   5.68903461E-02
   5.77552319E-02
   5.86201213E-02
   5.94850034E-02
   6.03498966E-02
   6.12147786E-02
   6.20796680E-02
   6.29445538E-02
   6.38094395E-02
   6.46743327E-02
   6.55392185E-02
   6.64041042E-02
   4.48648026E-03
   5.06331399E-03
   5.64014679E-03
   6.21697959E-03
   6.79381331E-03
   7.37064658E-03
   7.94747937E-03
   8.52431264E-03
   9.10114590E-03
   9.67797823E-03
   1.02548134E-02
   1.08316448E-02
   1.14084780E-02
   1.19853122E-02
   1.25621455E-02
   1.31389778E-02
   1.37158111E-02
   1.42926443E-02
   1.48694767E-02
   1.54463118E-02
   1.60231441E-02
   1.65999755E-02
   1.71768088E-02
   1.77536421E-02
   1.83304753E-02
   1.89073104E-02
   1.94841418E-02
   2.00609751E-02
   2.06378084E-02
   2.12146416E-02
   2.17914768E-02
   2.23683082E-02
   2.29451433E-02
   2.35219765E-02
   2.40988098E-02
   2.46756431E-02
   2.52524726E-02
   2.58293077E-02
   2.64061410E-02
   2.69829743E-02
   2.75598094E-02
   2.81366408E-02
   2.87134741E-02
   2.92903092E-02
   2.98671406E-02
   3.04439757E-02
   3.10208052E-02
   3.15976404E-02
   3.21744718E-02
   3.27513069E-02
   3.33281420E-02
   3.39049734E-02
   3.44818048E-02
   3.50586399E-02
   3.56354713E-02
   3.62123065E-02
   3.67891379E-02
   3.73659730E-02
   3.79428044E-02
   3.85196358E-02
   3.90964746E-02
   3.96733023E-02
   4.02501412E-02
   4.08269688E-02
   4.14038040E-02
   4.19806391E-02
   4.25574705E-02
   4.31343056E-02
   4.37111370E-02
   4.42879722E-02
   2.24380288E-03
   2.53229192E-03
   2.82078073E-03
   3.10926954E-03
   3.39775882E-03
   3.68624763E-03
   3.97473667E-03
   4.26322548E-03
   4.55171429E-03
   4.84020310E-03
   5.12869284E-03
   5.41718071E-03
   5.70566952E-03
   5.99415926E-03
   6.28264807E-03
   6.57113688E-03
   6.85962569E-03
   7.14811450E-03
   7.43660331E-03
   7.72509305E-03
   8.01358186E-03
   8.30207020E-03
   8.59055854E-03
   8.87904782E-03
   9.16753709E-03
   9.45602637E-03
   9.74451471E-03
   1.00330040E-02
   1.03214923E-02
   1.06099816E-02
   1.08984709E-02
   1.11869602E-02
   1.14754494E-02
   1.17639387E-02
   1.20524270E-02
   1.23409163E-02
   1.26294037E-02
   1.29178939E-02
   1.32063823E-02
   1.34948716E-02
   1.37833618E-02
   1.40718492E-02
   1.43603384E-02
   1.46488287E-02
   1.49373161E-02
   1.52258063E-02
   1.55142937E-02
   1.58027839E-02
   1.60912704E-02
   1.63797606E-02
   1.66682508E-02
   1.69567391E-02
   1.72452275E-02
   1.75337177E-02
   1.78222060E-02
   1.81106944E-02
   1.83991827E-02
   1.86876729E-02
   1.89761613E-02
   1.92646496E-02
   1.95531398E-02
   1.98416281E-02
   2.01301184E-02
   2.04186048E-02
   2.07070950E-02
   2.09955852E-02
   2.12840736E-02
   2.15725619E-02
   2.18610503E-02
   2.21495405E-02
