   0.00000000    
   0.00000000    
   0.00000000    
   0.00000000    
   0.00000000    
   0.00000000    
   0.00000000    
   0.00000000    
   0.00000000    
   0.00000000    
   0.00000000    
   0.00000000    
   0.00000000    
   0.00000000    
   0.00000000    
   1.04528470E-02
   1.67245548E-02
   2.29962617E-02
   2.92679705E-02
   3.55396792E-02
   4.18113880E-02
   4.80830930E-02
   5.43547980E-02
   6.06265068E-02
   6.68982193E-02
   7.31699318E-02
   7.94416294E-02
   8.57133418E-02
   9.19850469E-02
   9.82567593E-02
   2.07911711E-02
   3.32658701E-02
   4.57405746E-02
   5.82152754E-02
   7.06899762E-02
   8.31646845E-02
   9.56393778E-02
  0.108114079    
  0.120588779    
  0.133063480    
  0.145538196    
  0.158012897    
  0.170487598    
  0.182962298    
  0.195436999    
   3.09017003E-02
   4.94427197E-02
   6.79837391E-02
   8.65247622E-02
  0.105065785    
  0.123606801    
  0.142147809    
  0.160688832    
  0.179229856    
  0.197770879    
  0.216311917    
  0.234852925    
  0.253393948    
  0.271934956    
  0.290475994    
   4.06736657E-02
   6.50778636E-02
   8.94820616E-02
  0.113886259    
  0.138290465    
  0.162694663    
  0.187098846    
  0.211503044    
  0.235907242    
  0.260311455    
  0.284715682    
  0.309119850    
  0.333524048    
  0.357928246    
  0.382332444    
   5.00000007E-02
   7.99999982E-02
  0.109999999    
  0.140000001    
  0.170000002    
  0.200000003    
  0.229999989    
  0.259999990    
  0.289999992    
  0.319999993    
  0.350000024    
  0.379999995    
  0.409999996    
  0.439999998    
  0.469999999    
   5.87785244E-02
   9.40456390E-02
  0.129312754    
  0.164579868    
  0.199846983    
  0.235114098    
  0.270381212    
  0.305648327    
  0.340915442    
  0.376182556    
  0.411449701    
  0.446716785    
  0.481983900    
  0.517251015    
  0.552518129    
   6.69130608E-02
  0.107060894    
  0.147208735    
  0.187356576    
  0.227504417    
  0.267652243    
  0.307800084    
  0.347947925    
  0.388095737    
  0.428243577    
  0.468391478    
  0.508539259    
  0.548687100    
  0.588834941    
  0.628982782    
   7.43144900E-02
  0.118903175    
  0.163491875    
  0.208080560    
  0.252669245    
  0.297257960    
  0.341846615    
  0.386435330    
  0.431024015    
  0.475612700    
  0.520201445    
  0.564790070    
  0.609378815    
  0.653967500    
  0.698556185    
   8.09017047E-02
  0.129442722    
  0.177983746    
  0.226524755    
  0.275065780    
  0.323606819    
  0.372147799    
  0.420688838    
  0.469229847    
  0.517770886    
  0.566311955    
  0.614852905    
  0.663393915    
  0.711934984    
  0.760475993    
   8.66025463E-02
  0.138564065    
  0.190525591    
  0.242487133    
  0.294448644    
  0.346410185    
  0.398371696    
  0.450333208    
  0.502294719    
  0.554256260    
  0.606217861    
  0.658179343    
  0.710140884    
  0.762102365    
  0.814063907    
   9.13545489E-02
  0.146167278    
  0.200980008    
  0.255792737    
  0.310605466    
  0.365418196    
  0.420230895    
  0.475043625    
  0.529856384    
  0.584669113    
  0.639481902    
  0.694294572    
  0.749107301    
  0.803920031    
  0.858732760    
   9.51056555E-02
  0.152169049    
  0.209232435    
  0.266295820    
  0.323359221    
  0.380422622    
  0.437485993    
  0.494549394    
  0.551612794    
  0.608676195    
  0.665739596    
  0.722802937    
  0.779866338    
  0.836929739    
  0.893993139    
   9.78147611E-02
  0.156503618    
  0.215192482    
  0.273881346    
  0.332570195    
  0.391259044    
  0.449947894    
  0.508636773    
  0.567325592    
  0.626014471    
  0.684703410    
  0.743392169    
  0.802081048    
  0.860769928    
  0.919458747    
   9.94521901E-02
  0.159123510    
  0.218794823    
  0.278466135    
  0.338137448    
  0.397808760    
  0.457480073    
  0.517151356    
  0.576822698    
  0.636494040    
  0.696165383    
  0.755836666    
  0.815507948    
  0.875179291    
  0.934850574    
