   0.00000000    
   0.00000000    
   0.00000000    
   0.00000000    
   0.00000000    
   0.00000000    
   0.00000000    
   0.00000000    
   0.00000000    
   0.00000000    
   0.00000000    
   0.00000000    
   0.00000000    
   0.00000000    
   0.00000000    
   0.00000000    
   0.00000000    
   0.00000000    
   0.00000000    
   0.00000000    
   7.84591027E-03
   1.13765690E-02
   1.49072288E-02
   1.84378866E-02
   2.19685473E-02
   2.54992060E-02
   2.90298648E-02
   3.25605236E-02
   3.60911824E-02
   3.96218449E-02
   4.31525037E-02
   4.66831625E-02
   5.02138212E-02
   5.37444837E-02
   5.72751425E-02
   6.08058050E-02
   6.43364638E-02
   6.78671226E-02
   7.13977739E-02
   7.49284402E-02
   1.56434476E-02
   2.26829983E-02
   2.97225509E-02
   3.67620997E-02
   4.38016541E-02
   5.08412011E-02
   5.78807518E-02
   6.49203062E-02
   7.19598532E-02
   7.89994076E-02
   8.60389620E-02
   9.30785090E-02
  0.100118063    
  0.107157618    
  0.114197172    
  0.121236727    
  0.128276274    
  0.135315821    
  0.142355368    
  0.149394929    
   2.33445372E-02
   3.38495784E-02
   4.43546213E-02
   5.48596606E-02
   6.53647035E-02
   7.58697465E-02
   8.63747820E-02
   9.68798324E-02
  0.107384868    
  0.117889911    
  0.128394961    
  0.138899997    
  0.149405032    
  0.159910083    
  0.170415133    
  0.180920169    
  0.191425204    
  0.201930255    
  0.212435290    
  0.222940341    
   3.09017003E-02
   4.48074639E-02
   5.87132312E-02
   7.26189911E-02
   8.65247622E-02
  0.100430526    
  0.114336282    
  0.128242061    
  0.142147809    
  0.156053588    
  0.169959351    
  0.183865100    
  0.197770879    
  0.211676642    
  0.225582421    
  0.239488184    
  0.253393948    
  0.267299712    
  0.281205475    
  0.295111239    
   3.82683463E-02
   5.54891005E-02
   7.27098584E-02
   8.99306089E-02
  0.107151367    
  0.124372117    
  0.141592875    
  0.158813626    
  0.176034376    
  0.193255141    
  0.210475907    
  0.227696642    
  0.244917408    
  0.262138158    
  0.279358923    
  0.296579689    
  0.313800424    
  0.331021190    
  0.348241925    
  0.365462720    
   4.53990512E-02
   6.58286214E-02
   8.62581953E-02
  0.106687762    
  0.127117351    
  0.147546917    
  0.167976484    
  0.188406065    
  0.208835632    
  0.229265213    
  0.249694794    
  0.270124346    
  0.290553927    
  0.310983509    
  0.331413090    
  0.351842672    
  0.372272223    
  0.392701805    
  0.413131356    
  0.433560967    
   5.22498600E-02
   7.57622942E-02
   9.92747322E-02
  0.122787163    
  0.146299616    
  0.169812039    
  0.193324476    
  0.216836914    
  0.240349352    
  0.263861805    
  0.287374228    
  0.310886651    
  0.334399104    
  0.357911557    
  0.381423980    
  0.404936433    
  0.428448856    
  0.451961309    
  0.475473702    
  0.498986185    
   5.87785244E-02
   8.52288604E-02
  0.111679196    
  0.138129517    
  0.164579868    
  0.191030204    
  0.217480525    
  0.243930876    
  0.270381212    
  0.296831548    
  0.323281884    
  0.349732190    
  0.376182556    
  0.402632892    
  0.429083228    
  0.455533594    
  0.481983900    
  0.508434236    
  0.534884572    
  0.561334908    
   6.49448037E-02
   9.41699594E-02
  0.123395123    
  0.152620286    
  0.181845456    
  0.211070597    
  0.240295753    
  0.269520938    
  0.298746079    
  0.327971250    
  0.357196420    
  0.386421561    
  0.415646732    
  0.444871902    
  0.474097073    
  0.503322244    
  0.532547414    
  0.561772585    
  0.590997696    
  0.620222926    
   7.07106814E-02
  0.102530479    
  0.134350285    
  0.166170076    
  0.197989896    
  0.229809687    
  0.261629492    
  0.293449312    
  0.325269103    
  0.357088923    
  0.388908744    
  0.420728505    
  0.452548325    
  0.484368145    
  0.516187966    
  0.548007786    
  0.579827547    
  0.611647367    
  0.643467128    
  0.675287008    
   7.60406032E-02
  0.110258870    
  0.144477144    
  0.178695396    
  0.212913692    
  0.247131944    
  0.281350195    
  0.315568477    
  0.349786758    
  0.384005040    
  0.418223321    
  0.452441543    
  0.486659855    
  0.520878136    
  0.555096388    
  0.589314699    
  0.623532951    
  0.657751203    
  0.691969454    
  0.726187766    
   8.09017047E-02
  0.117307462    
  0.153713226    
  0.190118983    
  0.226524755    
  0.262930512    
  0.299336284    
  0.335742056    
  0.372147799    
  0.408553571    
  0.444959372    
  0.481365085    
  0.517770886    
  0.554176629    
  0.590582430    
  0.626988232    
  0.663393915    
  0.699799716    
  0.736205459    
  0.772611260    
   8.52640197E-02
  0.123632826    
  0.162001640    
  0.200370431    
  0.238739267    
  0.277108073    
  0.315476865    
  0.353845686    
  0.392214477    
  0.430583298    
  0.468952119    
  0.507320881    
  0.545689702    
  0.584058523    
  0.622427344    
  0.660796165    
  0.699164987    
  0.737533808    
  0.775902569    
  0.814271450    
   8.91006589E-02
  0.129195958    
  0.169291243    
  0.209386528    
  0.249481842    
  0.289577127    
  0.329672426    
  0.369767725    
  0.409863025    
  0.449958324    
  0.490053624    
  0.530148864    
  0.570244193    
  0.610339522    
  0.650434852    
  0.690530121    
  0.730625391    
  0.770720720    
  0.810815990    
  0.850911319    
   9.23879519E-02
  0.133962527    
  0.175537109    
  0.217111662    
  0.258686274    
  0.300260842    
  0.341835380    
  0.383409977    
  0.424984545    
  0.466559142    
  0.508133709    
  0.549708247    
  0.591282845    
  0.632857442    
  0.674432039    
  0.716006637    
  0.757581174    
  0.799155772    
  0.840730309    
  0.882304966    
   9.51056555E-02
  0.137903199    
  0.180700734    
  0.223498270    
  0.266295820    
  0.309093356    
  0.351890892    
  0.394688457    
  0.437485993    
  0.480283558    
  0.523081124    
  0.565878630    
  0.608676195    
  0.651473761    
  0.694271266    
  0.737068832    
  0.779866338    
  0.822663903    
  0.865461409    
  0.908259034    
   9.72369909E-02
  0.140993640    
  0.184750274    
  0.228506908    
  0.272263587    
  0.316020221    
  0.359776855    
  0.403533518    
  0.447290123    
  0.491046786    
  0.534803450    
  0.578560054    
  0.622316718    
  0.666073382    
  0.709830046    
  0.753586709    
  0.797343314    
  0.841099977    
  0.884856582    
  0.928613305    
   9.87688377E-02
  0.143214807    
  0.187660784    
  0.232106745    
  0.276552737    
  0.320998698    
  0.365444660    
  0.409890652    
  0.454336613    
  0.498782605    
  0.543228626    
  0.587674558    
  0.632120550    
  0.676566541    
  0.721012533    
  0.765458524    
  0.809904456    
  0.854350448    
  0.898796380    
  0.943242431    
   9.96917337E-02
  0.144553006    
  0.189414293    
  0.234275550    
  0.279136837    
  0.323998123    
  0.368859380    
  0.413720667    
  0.458581954    
  0.503443241    
  0.548304558    
  0.593165755    
  0.638027072    
  0.682888329    
  0.727749646    
  0.772610962    
  0.817472160    
  0.862333477    
  0.907194734    
  0.952056050    
