   0.00000000    
   0.00000000    
   0.00000000    
   0.00000000    
   0.00000000    
   0.00000000    
   0.00000000    
   0.00000000    
   0.00000000    
   0.00000000    
   0.00000000    
   0.00000000    
   0.00000000    
   0.00000000    
   0.00000000    
   0.00000000    
   0.00000000    
   0.00000000    
   0.00000000    
   0.00000000    
   0.00000000    
   0.00000000    
   0.00000000    
   0.00000000    
   0.00000000    
   6.27905224E-03
   8.53951089E-03
   1.07999686E-02
   1.30604282E-02
   1.53208859E-02
   1.75813455E-02
   1.98418032E-02
   2.21022610E-02
   2.43627205E-02
   2.66231783E-02
   2.88836397E-02
   3.11440974E-02
   3.34045589E-02
   3.56650166E-02
   3.79254743E-02
   4.01859358E-02
   4.24463935E-02
   4.47068512E-02
   4.69673090E-02
   4.92277704E-02
   5.14882319E-02
   5.37486859E-02
   5.60091473E-02
   5.82696013E-02
   6.05300628E-02
   1.25333238E-02
   1.70453209E-02
   2.15573143E-02
   2.60693133E-02
   3.05813085E-02
   3.50933075E-02
   3.96053009E-02
   4.41172943E-02
   4.86292914E-02
   5.31412885E-02
   5.76532893E-02
   6.21652827E-02
   6.66772798E-02
   7.11892769E-02
   7.57012740E-02
   8.02132785E-02
   8.47252682E-02
   8.92372653E-02
   9.37492549E-02
   9.82612595E-02
  0.102773257    
  0.107285246    
  0.111797251    
  0.116309240    
  0.120821238    
   1.87381320E-02
   2.54838597E-02
   3.22295837E-02
   3.89753133E-02
   4.57210392E-02
   5.24667688E-02
   5.92124909E-02
   6.59582168E-02
   7.27039427E-02
   7.94496685E-02
   8.61954018E-02
   9.29411277E-02
   9.96868610E-02
  0.106432587    
  0.113178305    
  0.119924046    
  0.126669765    
  0.133415490    
  0.140161216    
  0.146906957    
  0.153652683    
  0.160398409    
  0.167144135    
  0.173889846    
  0.180635586    
   2.48689912E-02
   3.38218287E-02
   4.27746624E-02
   5.17274998E-02
   6.06803335E-02
   6.96331710E-02
   7.85860047E-02
   8.75388384E-02
   9.64916795E-02
  0.105444513    
  0.114397362    
  0.123350188    
  0.132303029    
  0.141255870    
  0.150208697    
  0.159161553    
  0.168114379    
  0.177067220    
  0.186020046    
  0.194972903    
  0.203925729    
  0.212878555    
  0.221831396    
  0.230784222    
  0.239737064    
   3.09017003E-02
   4.20263149E-02
   5.31509221E-02
   6.42755404E-02
   7.54001439E-02
   8.65247622E-02
   9.76493657E-02
  0.108773977    
  0.119898595    
  0.131023198    
  0.142147824    
  0.153272435    
  0.164397046    
  0.175521657    
  0.186646268    
  0.197770894    
  0.208895490    
  0.220020115    
  0.231144711    
  0.242269337    
  0.253393948    
  0.264518559    
  0.275643170    
  0.286767781    
  0.297892392    
   3.68124545E-02
   5.00649400E-02
   6.33174181E-02
   7.65699074E-02
   8.98223817E-02
  0.103074871    
  0.116327353    
  0.129579827    
  0.142832324    
  0.156084791    
  0.169337288    
  0.182589769    
  0.195842266    
  0.209094748    
  0.222347215    
  0.235599726    
  0.248852193    
  0.262104690    
  0.275357157    
  0.288609654    
  0.301862150    
  0.315114617    
  0.328367114    
  0.341619581    
  0.354872048    
   4.25779335E-02
   5.79059906E-02
   7.32340366E-02
   8.85621011E-02
  0.103890151    
  0.119218208    
  0.134546250    
  0.149874300    
  0.165202364    
  0.180530414    
  0.195858493    
  0.211186543    
  0.226514593    
  0.241842657    
  0.257170707    
  0.272498786    
  0.287826806    
  0.303154886    
  0.318482906    
  0.333810985    
  0.349139065    
  0.364467084    
  0.379795164    
  0.395123184    
  0.410451263    
   4.81753722E-02
   6.55185059E-02
   8.28616321E-02
  0.100204773    
  0.117547899    
  0.134891033    
  0.152234167    
  0.169577286    
  0.186920434    
  0.204263553    
  0.221606717    
  0.238949835    
  0.256292969    
  0.273636103    
  0.290979236    
  0.308322400    
  0.325665504    
  0.343008637    
  0.360351771    
  0.377694935    
  0.395038068    
  0.412381172    
  0.429724306    
  0.447067440    
  0.464410573    
   5.35826795E-02
   7.28724524E-02
   9.21622068E-02
  0.111451976    
  0.130741730    
  0.150031507    
  0.169321254    
  0.188611016    
  0.207900792    
  0.227190539    
  0.246480331    
  0.265770078    
  0.285059869    
  0.304349631    
  0.323639363    
  0.342929184    
  0.362218916    
  0.381508678    
  0.400798440    
  0.420088232    
  0.439377993    
  0.458667755    
  0.477957517    
  0.497247249    
  0.516537011    
   5.87785244E-02
   7.99387991E-02
  0.101099059    
  0.122259334    
  0.143419594    
  0.164579868    
  0.185740128    
  0.206900388    
  0.228060663    
  0.249220923    
  0.270381212    
  0.291541487    
  0.312701762    
  0.333862036    
  0.355022281    
  0.376182586    
  0.397342831    
  0.418503106    
  0.439663351    
  0.460823655    
  0.481983930    
  0.503144145    
  0.524304450    
  0.545464694    
  0.566624939    
   6.37424067E-02
   8.66896734E-02
  0.109636933    
  0.132584199    
  0.155531466    
  0.178478733    
  0.201425985    
  0.224373251    
  0.247320518    
  0.270267785    
  0.293215066    
  0.316162318    
  0.339109600    
  0.362056881    
  0.385004103    
  0.407951415    
  0.430898666    
  0.453845918    
  0.476793170    
  0.499740481    
  0.522687733    
  0.545634985    
  0.568582296    
  0.591529489    
  0.614476800    
   6.84547126E-02
   9.30984169E-02
  0.117742099    
  0.142385811    
  0.167029485    
  0.191673189    
  0.216316879    
  0.240960568    
  0.265604258    
  0.290247947    
  0.314891696    
  0.339535356    
  0.364179075    
  0.388822794    
  0.413466454    
  0.438110203    
  0.462753862    
  0.487397552    
  0.512041211    
  0.536684990    
  0.561328709    
  0.585972369    
  0.610616028    
  0.635259688    
  0.659903407    
   7.28968680E-02
   9.91397426E-02
  0.125382602    
  0.151625484    
  0.177868351    
  0.204111233    
  0.230354086    
  0.256596953    
  0.282839835    
  0.309082687    
  0.335325599    
  0.361568451    
  0.387811333    
  0.414054215    
  0.440297067    
  0.466539979    
  0.492782831    
  0.519025683    
  0.545268536    
  0.571511447    
  0.597754359    
  0.623997211    
  0.650240064    
  0.676482916    
  0.702725768    
   7.70513341E-02
  0.104789816    
  0.132528275    
  0.160266772    
  0.188005239    
  0.215743721    
  0.243482187    
  0.271220654    
  0.298959136    
  0.326697618    
  0.354436129    
  0.382174581    
  0.409913063    
  0.437651575    
  0.465389997    
  0.493128538    
  0.520866990    
  0.548605502    
  0.576343894    
  0.604082465    
  0.631820917    
  0.659559369    
  0.687297881    
  0.715036333    
  0.742774785    
   8.09017047E-02
  0.110026315    
  0.139150918    
  0.168275535    
  0.197400138    
  0.226524755    
  0.255649358    
  0.284773946    
  0.313898593    
  0.343023181    
  0.372147828    
  0.401272416    
  0.430397063    
  0.459521681    
  0.488646239    
  0.517770946    
  0.546895504    
  0.576020122    
  0.605144680    
  0.634269357    
  0.663393974    
  0.692518532    
  0.721643209    
  0.750767767    
  0.779892385    
   8.44327956E-02
  0.114828601    
  0.145224392    
  0.175620213    
  0.206016004    
  0.236411825    
  0.266807616    
  0.297203392    
  0.327599227    
  0.357995003    
  0.388390839    
  0.418786645    
  0.449182451    
  0.479578286    
  0.509974062    
  0.540369928    
  0.570765674    
  0.601161480    
  0.631557286    
  0.661953151    
  0.692348957    
  0.722744703    
  0.753140509    
  0.783536315    
  0.813932121    
   8.76306742E-02
  0.119177721    
  0.150724754    
  0.182271793    
  0.213818833    
  0.245365888    
  0.276912898    
  0.308459938    
  0.340006977    
  0.371554017    
  0.403101087    
  0.434648126    
  0.466195166    
  0.497742236    
  0.529289246    
  0.560836315    
  0.592383325    
  0.623930395    
  0.655477405    
  0.687024474    
  0.718571544    
  0.750118554    
  0.781665623    
  0.813212633    
  0.844759643    
   9.04827043E-02
  0.123056486    
  0.155630246    
  0.188204035    
  0.220777795    
  0.253351569    
  0.285925329    
  0.318499088    
  0.351072878    
  0.383646637    
  0.416220456    
  0.448794216    
  0.481368005    
  0.513941765    
  0.546515524    
  0.579089344    
  0.611663103    
  0.644236863    
  0.676810622    
  0.709384441    
  0.741958261    
  0.774531960    
  0.807105780    
  0.839679480    
  0.872253299    
   9.29776505E-02
  0.126449615    
  0.159921542    
  0.193393514    
  0.226865456    
  0.260337412    
  0.293809354    
  0.327281296    
  0.360753268    
  0.394225210    
  0.427697182    
  0.461169124    
  0.494641095    
  0.528113067    
  0.561584949    
  0.595057011    
  0.628528893    
  0.662000895    
  0.695472777    
  0.728944778    
  0.762416780    
  0.795888662    
  0.829360664    
  0.862832546    
  0.896304548    
   9.51056555E-02
  0.129343703    
  0.163581714    
  0.197819769    
  0.232057780    
  0.266295820    
  0.300533861    
  0.334771872    
  0.369009912    
  0.403247952    
  0.437486023    
  0.471724033    
  0.505962074    
  0.540200114    
  0.574438095    
  0.608676255    
  0.642914236    
  0.677152276    
  0.711390257    
  0.745628357    
  0.779866397    
  0.814104378    
  0.848342478    
  0.882580459    
  0.916818500    
   9.68583152E-02
  0.131727323    
  0.166596293    
  0.201465309    
  0.236334279    
  0.271203279    
  0.306072265    
  0.340941250    
  0.375810266    
  0.410679221    
  0.445548266    
  0.480417252    
  0.515286267    
  0.550155282    
  0.585024178    
  0.619893253    
  0.654762208    
  0.689631224    
  0.724500179    
  0.759369254    
  0.794238269    
  0.829107225    
  0.863976181    
  0.898845136    
  0.933714151    
   9.82287303E-02
  0.133591086    
  0.168953404    
  0.204315767    
  0.239678085    
  0.275040448    
  0.310402781    
  0.345765084    
  0.381127447    
  0.416489780    
  0.451852173    
  0.487214476    
  0.522576869    
  0.557939172    
  0.593301475    
  0.628663898    
  0.664026201    
  0.699388564    
  0.734750867    
  0.770113289    
  0.805475652    
  0.840837896    
  0.876200259    
  0.911562562    
  0.946924925    
   9.92114767E-02
  0.134927616    
  0.170643717    
  0.206359863    
  0.242075980    
  0.277792126    
  0.313508242    
  0.349224359    
  0.384940505    
  0.420656621    
  0.456372768    
  0.492088884    
  0.527805030    
  0.563521206    
  0.599237263    
  0.634953439    
  0.670669556    
  0.706385672    
  0.742101789    
  0.777817965    
  0.813534141    
  0.849250197    
  0.884966373    
  0.920682430    
  0.956398606    
   9.98026729E-02
  0.135731637    
  0.171660587    
  0.207589567    
  0.243518516    
  0.279447496    
  0.315376431    
  0.351305366    
  0.387234360    
  0.423163295    
  0.459092289    
  0.495021254    
  0.530950248    
  0.566879213    
  0.602808118    
  0.638737142    
  0.674666047    
  0.710595071    
  0.746523976    
  0.782453001    
  0.818381965    
  0.854310870    
  0.890239835    
  0.926168799    
  0.962097764    
