   0.00000000    
   0.00000000    
   0.00000000    
   0.00000000    
   0.00000000    
   0.00000000    
   0.00000000    
   0.00000000    
   0.00000000    
   0.00000000    
   0.00000000    
   0.00000000    
   0.00000000    
   0.00000000    
   0.00000000    
   0.00000000    
   0.00000000    
   0.00000000    
   0.00000000    
   0.00000000    
   0.00000000    
   0.00000000    
   0.00000000    
   0.00000000    
   0.00000000    
   0.00000000    
   0.00000000    
   0.00000000    
   0.00000000    
   0.00000000    
   5.23359608E-03
   6.80367462E-03
   8.37375317E-03
   9.94383171E-03
   1.15139112E-02
   1.30839897E-02
   1.46540683E-02
   1.62241478E-02
   1.77942254E-02
   1.93643030E-02
   2.09343843E-02
   2.25044619E-02
   2.40745395E-02
   2.56446190E-02
   2.72146985E-02
   2.87847780E-02
   3.03548556E-02
   3.19249369E-02
   3.34950127E-02
   3.50650921E-02
   3.66351753E-02
   3.82052511E-02
   3.97753268E-02
   4.13454063E-02
   4.29154858E-02
   4.44855653E-02
   4.60556448E-02
   4.76257242E-02
   4.91958000E-02
   5.07658795E-02
   1.04528470E-02
   1.35886995E-02
   1.67245548E-02
   1.98604073E-02
   2.29962617E-02
   2.61321161E-02
   2.92679705E-02
   3.24038230E-02
   3.55396792E-02
   3.86755280E-02
   4.18113880E-02
   4.49472368E-02
   4.80830930E-02
   5.12189455E-02
   5.43547980E-02
   5.74906580E-02
   6.06265068E-02
   6.37623668E-02
   6.68982193E-02
   7.00340718E-02
   7.31699318E-02
   7.63057843E-02
   7.94416294E-02
   8.25774819E-02
   8.57133418E-02
   8.88491943E-02
   9.19850469E-02
   9.51209068E-02
   9.82567593E-02
  0.101392604    
   1.56434476E-02
   2.03364808E-02
   2.50295158E-02
   2.97225509E-02
   3.44155841E-02
   3.91086191E-02
   4.38016541E-02
   4.84946892E-02
   5.31877242E-02
   5.78807518E-02
   6.25737906E-02
   6.72668219E-02
   7.19598532E-02
   7.66528919E-02
   8.13459232E-02
   8.60389620E-02
   9.07319933E-02
   9.54250321E-02
  0.100118063    
  0.104811102    
  0.109504141    
  0.114197172    
  0.118890204    
  0.123583227    
  0.128276274    
  0.132969305    
  0.137662336    
  0.142355382    
  0.147048414    
  0.151741430    
   2.07911711E-02
   2.70285197E-02
   3.32658701E-02
   3.95032242E-02
   4.57405746E-02
   5.19779250E-02
   5.82152754E-02
   6.44526258E-02
   7.06899762E-02
   7.69273266E-02
   8.31646845E-02
   8.94020274E-02
   9.56393778E-02
  0.101876728    
  0.108114079    
  0.114351436    
  0.120588779    
  0.126826137    
  0.133063480    
  0.139300838    
  0.145538196    
  0.151775539    
  0.158012897    
  0.164250240    
  0.170487598    
  0.176724955    
  0.182962298    
  0.189199656    
  0.195436999    
  0.201674342    
   2.58819051E-02
   3.36464755E-02
   4.14110459E-02
   4.91756164E-02
   5.69401905E-02
   6.47047609E-02
   7.24693313E-02
   8.02339017E-02
   8.79984722E-02
   9.57630426E-02
  0.103527620    
  0.111292183    
  0.119056754    
  0.126821324    
  0.134585902    
  0.142350480    
  0.150115043    
  0.157879621    
  0.165644184    
  0.173408762    
  0.181173339    
  0.188937902    
  0.196702465    
  0.204467028    
  0.212231621    
  0.219996199    
  0.227760762    
  0.235525340    
  0.243289903    
  0.251054466    
   3.09017003E-02
   4.01722081E-02
   4.94427197E-02
   5.87132312E-02
   6.79837391E-02
   7.72542506E-02
   8.65247622E-02
   9.57952738E-02
  0.105065785    
  0.114336282    
  0.123606801    
  0.132877305    
  0.142147809    
  0.151418328    
  0.160688832    
  0.169959351    
  0.179229856    
  0.188500375    
  0.197770879    
  0.207041398    
  0.216311917    
  0.225582421    
  0.234852925    
  0.244123414    
  0.253393948    
  0.262664467    
  0.271934956    
  0.281205475    
  0.290475994    
  0.299746484    
   3.58367972E-02
   4.65878323E-02
   5.73388711E-02
   6.80899099E-02
   7.88409486E-02
   8.95919874E-02
  0.100343026    
  0.111094065    
  0.121845104    
  0.132596135    
  0.143347189    
  0.154098213    
  0.164849252    
  0.175600290    
  0.186351329    
  0.197102383    
  0.207853407    
  0.218604460    
  0.229355484    
  0.240106538    
  0.250857592    
  0.261608601    
  0.272359639    
  0.283110678    
  0.293861717    
  0.304612756    
  0.315363795    
  0.326114833    
  0.336865872    
  0.347616911    
   4.06736657E-02
   5.28757609E-02
   6.50778636E-02
   7.72799626E-02
   8.94820616E-02
  0.101684161    
  0.113886259    
  0.126088366    
  0.138290465    
  0.150492549    
  0.162694663    
  0.174896747    
  0.187098846    
  0.199300945    
  0.211503044    
  0.223705158    
  0.235907242    
  0.248109356    
  0.260311455    
  0.272513568    
  0.284715682    
  0.296917766    
  0.309119850    
  0.321321934    
  0.333524048    
  0.345726162    
  0.357928246    
  0.370130360    
  0.382332444    
  0.394534528    
   4.53990512E-02
   5.90187646E-02
   7.26384819E-02
   8.62581953E-02
   9.98779163E-02
  0.113497630    
  0.127117351    
  0.140737057    
  0.154356778    
  0.167976484    
  0.181596205    
  0.195215911    
  0.208835632    
  0.222455353    
  0.236075059    
  0.249694794    
  0.263314486    
  0.276934236    
  0.290553927    
  0.304173648    
  0.317793399    
  0.331413090    
  0.345032781    
  0.358652502    
  0.372272223    
  0.385891944    
  0.399511665    
  0.413131386    
  0.426751077    
  0.440370798    
   5.00000007E-02
   6.49999976E-02
   7.99999982E-02
   9.49999988E-02
  0.109999999    
  0.125000000    
  0.140000001    
  0.155000001    
  0.170000002    
  0.184999987    
  0.200000003    
  0.214999989    
  0.229999989    
  0.244999990    
  0.259999990    
  0.275000006    
  0.289999992    
  0.305000007    
  0.319999993    
  0.335000008    
  0.350000024    
  0.365000010    
  0.379999995    
  0.394999981    
  0.409999996    
  0.425000012    
  0.439999998    
  0.455000013    
  0.469999999    
  0.484999985    
   5.44639044E-02
   7.08030760E-02
   8.71422440E-02
  0.103481419    
  0.119820587    
  0.136159763    
  0.152498931    
  0.168838114    
  0.185177281    
  0.201516435    
  0.217855617    
  0.234194785    
  0.250533938    
  0.266873121    
  0.283212304    
  0.299551487    
  0.315890640    
  0.332229823    
  0.348568976    
  0.364908159    
  0.381247371    
  0.397586524    
  0.413925678    
  0.430264831    
  0.446604013    
  0.462943196    
  0.479282349    
  0.495621562    
  0.511960685    
  0.528299868    
   5.87785244E-02
   7.64120817E-02
   9.40456390E-02
  0.111679196    
  0.129312754    
  0.146946311    
  0.164579868    
  0.182213426    
  0.199846983    
  0.217480525    
  0.235114098    
  0.252747655    
  0.270381212    
  0.288014770    
  0.305648327    
  0.323281884    
  0.340915442    
  0.358548999    
  0.376182556    
  0.393816113    
  0.411449701    
  0.429083228    
  0.446716785    
  0.464350313    
  0.481983900    
  0.499617457    
  0.517251015    
  0.534884572    
  0.552518129    
  0.570151687    
   6.29320368E-02
   8.18116441E-02
  0.100691259    
  0.119570874    
  0.138450488    
  0.157330096    
  0.176209703    
  0.195089325    
  0.213968933    
  0.232848525    
  0.251728147    
  0.270607740    
  0.289487362    
  0.308366984    
  0.327246577    
  0.346126229    
  0.365005821    
  0.383885443    
  0.402765036    
  0.421644658    
  0.440524310    
  0.459403902    
  0.478283495    
  0.497163087    
  0.516042709    
  0.534922361    
  0.553801954    
  0.572681546    
  0.591561139    
  0.610440731    
   6.69130608E-02
   8.69869813E-02
  0.107060894    
  0.127134815    
  0.147208735    
  0.167282656    
  0.187356576    
  0.207430497    
  0.227504417    
  0.247578308    
  0.267652243    
  0.287726164    
  0.307800084    
  0.327874005    
  0.347947925    
  0.368021846    
  0.388095737    
  0.408169687    
  0.428243577    
  0.448317528    
  0.468391478    
  0.488465369    
  0.508539259    
  0.528613150    
  0.548687100    
  0.568761051    
  0.588834941    
  0.608908892    
  0.628982782    
  0.649056673    
   7.07106814E-02
   9.19238776E-02
  0.113137081    
  0.134350285    
  0.155563489    
  0.176776692    
  0.197989896    
  0.219203100    
  0.240416303    
  0.261629492    
  0.282842726    
  0.304055899    
  0.325269103    
  0.346482307    
  0.367695510    
  0.388908744    
  0.410121918    
  0.431335151    
  0.452548325    
  0.473761559    
  0.494974762    
  0.516187966    
  0.537401140    
  0.558614314    
  0.579827547    
  0.601040781    
  0.622253954    
  0.643467188    
  0.664680362    
  0.685893536    
   7.43144900E-02
   9.66088325E-02
  0.118903175    
  0.141197518    
  0.163491875    
  0.185786217    
  0.208080560    
  0.230374917    
  0.252669245    
  0.274963588    
  0.297257960    
  0.319552273    
  0.341846615    
  0.364140958    
  0.386435330    
  0.408729672    
  0.431024015    
  0.453318387    
  0.475612700    
  0.497907072    
  0.520201445    
  0.542495787    
  0.564790070    
  0.587084413    
  0.609378815    
  0.631673157    
  0.653967500    
  0.676261842    
  0.698556185    
  0.720850527    
   7.77145997E-02
  0.101028971    
  0.124343358    
  0.147657737    
  0.170972109    
  0.194286495    
  0.217600882    
  0.240915254    
  0.264229625    
  0.287543982    
  0.310858399    
  0.334172755    
  0.357487142    
  0.380801529    
  0.404115885    
  0.427430302    
  0.450744659    
  0.474059045    
  0.497373432    
  0.520687819    
  0.544002235    
  0.567316592    
  0.590630949    
  0.613945305    
  0.637259722    
  0.660574079    
  0.683888435    
  0.707202852    
  0.730517209    
  0.753831565    
   8.09017047E-02
  0.105172209    
  0.129442722    
  0.153713226    
  0.177983746    
  0.202254251    
  0.226524755    
  0.250795275    
  0.275065780    
  0.299336284    
  0.323606819    
  0.347877294    
  0.372147799    
  0.396418303    
  0.420688838    
  0.444959372    
  0.469229847    
  0.493500382    
  0.517770886    
  0.542041421    
  0.566311955    
  0.590582430    
  0.614852905    
  0.639123380    
  0.663393915    
  0.687664449    
  0.711934984    
  0.736205518    
  0.760475993    
  0.784746468    
   8.38670656E-02
  0.109027177    
  0.134187296    
  0.159347415    
  0.184507534    
  0.209667653    
  0.234827772    
  0.259987891    
  0.285148025    
  0.310308099    
  0.335468262    
  0.360628337    
  0.385788471    
  0.410948575    
  0.436108708    
  0.461268842    
  0.486428946    
  0.511589110    
  0.536749184    
  0.561909318    
  0.587069452    
  0.612229586    
  0.637389660    
  0.662549734    
  0.687709868    
  0.712870061    
  0.738030136    
  0.763190269    
  0.788350344    
  0.813510478    
   8.66025463E-02
  0.112583302    
  0.138564065    
  0.164544836    
  0.190525591    
  0.216506362    
  0.242487133    
  0.268467903    
  0.294448644    
  0.320429385    
  0.346410185    
  0.372390926    
  0.398371696    
  0.424352437    
  0.450333208    
  0.476314008    
  0.502294719    
  0.528275549    
  0.554256260    
  0.580237091    
  0.606217861    
  0.632198572    
  0.658179343    
  0.684160054    
  0.710140884    
  0.736121655    
  0.762102365    
  0.788083196    
  0.814063907    
  0.840044677    
   8.91006589E-02
  0.115830854    
  0.142561048    
  0.169291243    
  0.196021453    
  0.222751647    
  0.249481842    
  0.276212037    
  0.302942246    
  0.329672426    
  0.356402636    
  0.383132815    
  0.409863025    
  0.436593205    
  0.463323414    
  0.490053624    
  0.516783834    
  0.543514013    
  0.570244193    
  0.596974432    
  0.623704672    
  0.650434852    
  0.677164972    
  0.703895152    
  0.730625391    
  0.757355630    
  0.784085810    
  0.810815990    
  0.837546170    
  0.864276350    
   9.13545489E-02
  0.118760906    
  0.146167278    
  0.173573643    
  0.200980008    
  0.228386372    
  0.255792737    
  0.283199102    
  0.310605466    
  0.338011801    
  0.365418196    
  0.392824531    
  0.420230895    
  0.447637260    
  0.475043625    
  0.502450049    
  0.529856384    
  0.557262778    
  0.584669113    
  0.612075508    
  0.639481902    
  0.666888237    
  0.694294572    
  0.721700907    
  0.749107301    
  0.776513696    
  0.803920031    
  0.831326425    
  0.858732760    
  0.886139095    
   9.33580399E-02
  0.121365450    
  0.149372861    
  0.177380279    
  0.205387682    
  0.233395100    
  0.261402518    
  0.289409935    
  0.317417353    
  0.345424712    
  0.373432159    
  0.401439548    
  0.429446965    
  0.457454383    
  0.485461801    
  0.513469219    
  0.541476607    
  0.569484055    
  0.597491443    
  0.625498891    
  0.653506339    
  0.681513727    
  0.709521115    
  0.737528503    
  0.765535891    
  0.793543339    
  0.821550727    
  0.849558175    
  0.877565563    
  0.905572951    
   9.51056555E-02
  0.123637348    
  0.152169049    
  0.180700734    
  0.209232435    
  0.237764135    
  0.266295820    
  0.294827521    
  0.323359221    
  0.351890892    
  0.380422622    
  0.408954293    
  0.437485993    
  0.466017693    
  0.494549394    
  0.523081124    
  0.551612794    
  0.580144525    
  0.608676195    
  0.637207925    
  0.665739596    
  0.694271266    
  0.722802937    
  0.751334608    
  0.779866338    
  0.808398068    
  0.836929739    
  0.865461469    
  0.893993139    
  0.922524810    
   9.65925828E-02
  0.125570357    
  0.154548123    
  0.183525905    
  0.212503672    
  0.241481453    
  0.270459235    
  0.299437016    
  0.328414768    
  0.357392520    
  0.386370331    
  0.415348083    
  0.444325864    
  0.473303616    
  0.502281427    
  0.531259179    
  0.560236931    
  0.589214742    
  0.618192494    
  0.647170305    
  0.676148117    
  0.705125868    
  0.734103620    
  0.763081372    
  0.792059183    
  0.821036935    
  0.850014687    
  0.878992498    
  0.907970250    
  0.936948001    
   9.78147611E-02
  0.127159193    
  0.156503618    
  0.185848042    
  0.215192482    
  0.244536906    
  0.273881346    
  0.303225756    
  0.332570195    
  0.361914605    
  0.391259044    
  0.420603454    
  0.449947894    
  0.479292303    
  0.508636773    
  0.537981212    
  0.567325592    
  0.596670091    
  0.626014471    
  0.655358911    
  0.684703410    
  0.714047790    
  0.743392169    
  0.772736609    
  0.802081048    
  0.831425488    
  0.860769928    
  0.890114367    
  0.919458747    
  0.948803186    
   9.87688377E-02
  0.128399476    
  0.158030137    
  0.187660784    
  0.217291445    
  0.246922091    
  0.276552737    
  0.306183398    
  0.335814059    
  0.365444660    
  0.395075351    
  0.424705982    
  0.454336613    
  0.483967274    
  0.513597906    
  0.543228626    
  0.572859228    
  0.602489889    
  0.632120550    
  0.661751211    
  0.691381872    
  0.721012533    
  0.750643134    
  0.780273795    
  0.809904456    
  0.839535117    
  0.869165778    
  0.898796439    
  0.928427041    
  0.958057702    
   9.94521901E-02
  0.129287839    
  0.159123510    
  0.188959166    
  0.218794823    
  0.248630479    
  0.278466135    
  0.308301806    
  0.338137448    
  0.367973089    
  0.397808760    
  0.427644402    
  0.457480073    
  0.487315714    
  0.517151356    
  0.546987057    
  0.576822698    
  0.606658399    
  0.636494040    
  0.666329682    
  0.696165383    
  0.726001024    
  0.755836666    
  0.785672247    
  0.815507948    
  0.845343649    
  0.875179291    
  0.905014992    
  0.934850574    
  0.964686215    
   9.98629555E-02
  0.129821837    
  0.159780711    
  0.189739600    
  0.219698489    
  0.249657378    
  0.279616266    
  0.309575140    
  0.339534044    
  0.369492888    
  0.399451822    
  0.429410666    
  0.459369540    
  0.489328444    
  0.519287348    
  0.549246252    
  0.579205096    
  0.609164000    
  0.639122844    
  0.669081807    
  0.699040711    
  0.728999555    
  0.758958399    
  0.788917303    
  0.818876207    
  0.848835111    
  0.878793955    
  0.908752859    
  0.938711762    
  0.968670607    
