   0.00000000    
   0.00000000    
   0.00000000    
   0.00000000    
   0.00000000    
   0.00000000    
   0.00000000    
   0.00000000    
   0.00000000    
   0.00000000    
   0.00000000    
   0.00000000    
   0.00000000    
   0.00000000    
   0.00000000    
   0.00000000    
   0.00000000    
   0.00000000    
   0.00000000    
   0.00000000    
   0.00000000    
   0.00000000    
   0.00000000    
   0.00000000    
   0.00000000    
   0.00000000    
   0.00000000    
   0.00000000    
   0.00000000    
   0.00000000    
   0.00000000    
   0.00000000    
   0.00000000    
   0.00000000    
   0.00000000    
   4.48648306E-03
   5.64015005E-03
   6.79381751E-03
   7.94748403E-03
   9.10115056E-03
   1.02548189E-02
   1.14084845E-02
   1.25621520E-02
   1.37158195E-02
   1.48694860E-02
   1.60231534E-02
   1.71768200E-02
   1.83304865E-02
   1.94841549E-02
   2.06378214E-02
   2.17914879E-02
   2.29451563E-02
   2.40988228E-02
   2.52524875E-02
   2.64061578E-02
   2.75598262E-02
   2.87134908E-02
   2.98671573E-02
   3.10208239E-02
   3.21744904E-02
   3.33281606E-02
   3.44818272E-02
   3.56354937E-02
   3.67891602E-02
   3.79428267E-02
   3.90964970E-02
   4.02501635E-02
   4.14038301E-02
   4.25574966E-02
   4.37111631E-02
   8.96393042E-03
   1.12689417E-02
   1.35739530E-02
   1.58789624E-02
   1.81839727E-02
   2.04889849E-02
   2.27939934E-02
   2.50990056E-02
   2.74040159E-02
   2.97090262E-02
   3.20140384E-02
   3.43190469E-02
   3.66240554E-02
   3.89290676E-02
   4.12340797E-02
   4.35390919E-02
   4.58441041E-02
   4.81491126E-02
   5.04541174E-02
   5.27591333E-02
   5.50641492E-02
   5.73691539E-02
   5.96741661E-02
   6.19791746E-02
   6.42841831E-02
   6.65891990E-02
   6.88942075E-02
   7.11992234E-02
   7.35042319E-02
   7.58092403E-02
   7.81142563E-02
   8.04192647E-02
   8.27242732E-02
   8.50292891E-02
   8.73342976E-02
   1.34233264E-02
   1.68750398E-02
   2.03267522E-02
   2.37784646E-02
   2.72301752E-02
   3.06818914E-02
   3.41335982E-02
   3.75853144E-02
   4.10370268E-02
   4.44887392E-02
   4.79404517E-02
   5.13921604E-02
   5.48438728E-02
   5.82955889E-02
   6.17473014E-02
   6.51990175E-02
   6.86507300E-02
   7.21024424E-02
   7.55541474E-02
   7.90058672E-02
   8.24575871E-02
   8.59092921E-02
   8.93609971E-02
   9.28127095E-02
   9.62644219E-02
   9.97161418E-02
  0.103167854    
  0.106619567    
  0.110071279    
  0.113522992    
  0.116974711    
  0.120426416    
  0.123878129    
  0.127329841    
  0.130781561    
   1.78556889E-02
   2.24471521E-02
   2.70386171E-02
   3.16300765E-02
   3.62215377E-02
   4.08130065E-02
   4.54044640E-02
   4.99959290E-02
   5.45873903E-02
   5.91788515E-02
   6.37703165E-02
   6.83617741E-02
   7.29532391E-02
   7.75447041E-02
   8.21361616E-02
   8.67276341E-02
   9.13190991E-02
   9.59105641E-02
  0.100502014    
  0.105093487    
  0.109684959    
  0.114276409    
  0.118867867    
  0.123459332    
  0.128050789    
  0.132642269    
  0.137233719    
  0.141825184    
  0.146416649    
  0.151008114    
  0.155599579    
  0.160191044    
  0.164782509    
  0.169373959    
  0.173965424    
   2.22520959E-02
   2.79740617E-02
   3.36960293E-02
   3.94179970E-02
   4.51399609E-02
   5.08619361E-02
   5.65838926E-02
   6.23058639E-02
   6.80278316E-02
   7.37497956E-02
   7.94717669E-02
   8.51937309E-02
   9.09156948E-02
   9.66376662E-02
  0.102359630    
  0.108081602    
  0.113803573    
  0.119525544    
  0.125247493    
  0.130969465    
  0.136691451    
  0.142413408    
  0.148135364    
  0.153857335    
  0.159579307    
  0.165301278    
  0.171023250    
  0.176745206    
  0.182467178    
  0.188189134    
  0.193911120    
  0.199633092    
  0.205355048    
  0.211077020    
  0.216798976    
   2.66036838E-02
   3.34446318E-02
   4.02855799E-02
   4.71265242E-02
   5.39674722E-02
   6.08084239E-02
   6.76493645E-02
   7.44903162E-02
   8.13312605E-02
   8.81722048E-02
   9.50131565E-02
  0.101854093    
  0.108695045    
  0.115535997    
  0.122376941    
  0.129217893    
  0.136058852    
  0.142899796    
  0.149740726    
  0.156581685    
  0.163422644    
  0.170263574    
  0.177104518    
  0.183945462    
  0.190786406    
  0.197627366    
  0.204468310    
  0.211309254    
  0.218150198    
  0.224991158    
  0.231832117    
  0.238673061    
  0.245514005    
  0.252354950    
  0.259195894    
   3.09017003E-02
   3.88478525E-02
   4.67940047E-02
   5.47401570E-02
   6.26863018E-02
   7.06324652E-02
   7.85786062E-02
   8.65247622E-02
   9.44709107E-02
  0.102417059    
  0.110363215    
  0.118309356    
  0.126255512    
  0.134201661    
  0.142147809    
  0.150093973    
  0.158040136    
  0.165986285    
  0.173932418    
  0.181878582    
  0.189824745    
  0.197770879    
  0.205717027    
  0.213663176    
  0.221609324    
  0.229555488    
  0.237501636    
  0.245447785    
  0.253393948    
  0.261340082    
  0.269286245    
  0.277232409    
  0.285178542    
  0.293124706    
  0.301070839    
   3.51374857E-02
   4.41728383E-02
   5.32081909E-02
   6.22435436E-02
   7.12788925E-02
   8.03142563E-02
   8.93495902E-02
   9.83849540E-02
  0.107420303    
  0.116455652    
  0.125491008    
  0.134526357    
  0.143561706    
  0.152597070    
  0.161632419    
  0.170667782    
  0.179703131    
  0.188738495    
  0.197773814    
  0.206809193    
  0.215844557    
  0.224879891    
  0.233915240    
  0.242950588    
  0.251985937    
  0.261021316    
  0.270056665    
  0.279092014    
  0.288127363    
  0.297162712    
  0.306198090    
  0.315233439    
  0.324268788    
  0.333304137    
  0.342339486    
   3.93025056E-02
   4.94088642E-02
   5.95152229E-02
   6.96215779E-02
   7.97279328E-02
   8.98343027E-02
   9.99406427E-02
  0.110047013    
  0.120153368    
  0.130259722    
  0.140366092    
  0.150472432    
  0.160578787    
  0.170685157    
  0.180791512    
  0.190897882    
  0.201004237    
  0.211110607    
  0.221216932    
  0.231323317    
  0.241429687    
  0.251536012    
  0.261642367    
  0.271748722    
  0.281855077    
  0.291961461    
  0.302067816    
  0.312174171    
  0.322280526    
  0.332386881    
  0.342493266    
  0.352599621    
  0.362705976    
  0.372812331    
  0.382918686    
   4.33883779E-02
   5.45453876E-02
   6.57024011E-02
   7.68594071E-02
   8.80164132E-02
   9.91734341E-02
  0.110330433    
  0.121487454    
  0.132644460    
  0.143801466    
  0.154958487    
  0.166115478    
  0.177272484    
  0.188429505    
  0.199586526    
  0.210743546    
  0.221900553    
  0.233057573    
  0.244214550    
  0.255371571    
  0.266528606    
  0.277685612    
  0.288842618    
  0.299999624    
  0.311156631    
  0.322313666    
  0.333470672    
  0.344627678    
  0.355784684    
  0.366941690    
  0.378098726    
  0.389255732    
  0.400412738    
  0.411569744    
  0.422726750    
   4.73868698E-02
   5.95720671E-02
   7.17572644E-02
   8.39424580E-02
   9.61276442E-02
  0.108312853    
  0.120498031    
  0.132683232    
  0.144868433    
  0.157053620    
  0.169238821    
  0.181424007    
  0.193609193    
  0.205794394    
  0.217979595    
  0.230164796    
  0.242349997    
  0.254535198    
  0.266720355    
  0.278905571    
  0.291090786    
  0.303275973    
  0.315461159    
  0.327646345    
  0.339831531    
  0.352016747    
  0.364201933    
  0.376387149    
  0.388572335    
  0.400757521    
  0.412942737    
  0.425127923    
  0.437313110    
  0.449498326    
  0.461683512    
   5.12899272E-02
   6.44787699E-02
   7.76676089E-02
   9.08564478E-02
  0.104045279    
  0.117234126    
  0.130422950    
  0.143611804    
  0.156800628    
  0.169989467    
  0.183178321    
  0.196367145    
  0.209555969    
  0.222744823    
  0.235933661    
  0.249122500    
  0.262311369    
  0.275500178    
  0.288688987    
  0.301877856    
  0.315066725    
  0.328255534    
  0.341444373    
  0.354633212    
  0.367822021    
  0.381010890    
  0.394199729    
  0.407388568    
  0.420577407    
  0.433766246    
  0.446955115    
  0.460143954    
  0.473332763    
  0.486521602    
  0.499710441    
   5.50897010E-02
   6.92556202E-02
   8.34215507E-02
   9.75874662E-02
  0.111753389    
  0.125919327    
  0.140085220    
  0.154251158    
  0.168417081    
  0.182583004    
  0.196748927    
  0.210914835    
  0.225080758    
  0.239246696    
  0.253412604    
  0.267578542    
  0.281744480    
  0.295910388    
  0.310076296    
  0.324242234    
  0.338408202    
  0.352574080    
  0.366739988    
  0.380905896    
  0.395071834    
  0.409237772    
  0.423403710    
  0.437569618    
  0.451735526    
  0.465901464    
  0.480067402    
  0.494233340    
  0.508399248    
  0.522565186    
  0.536731064    
   5.87785244E-02
   7.38930032E-02
   8.90074819E-02
  0.104121961    
  0.119236432    
  0.134350926    
  0.149465382    
  0.164579868    
  0.179694340    
  0.194808811    
  0.209923312    
  0.225037768    
  0.240152240    
  0.255266726    
  0.270381212    
  0.285495698    
  0.300610185    
  0.315724641    
  0.330839097    
  0.345953614    
  0.361068100    
  0.376182556    
  0.391297013    
  0.406411499    
  0.421525955    
  0.436640471    
  0.451754957    
  0.466869414    
  0.481983900    
  0.497098356    
  0.512212873    
  0.527327359    
  0.542441845    
  0.557556272    
  0.572670758    
   6.23489805E-02
   7.83815756E-02
   9.44141746E-02
  0.110446766    
  0.126479357    
  0.142511964    
  0.158544540    
  0.174577147    
  0.190609738    
  0.206642330    
  0.222674936    
  0.238707498    
  0.254740089    
  0.270772696    
  0.286805302    
  0.302837908    
  0.318870515    
  0.334903091    
  0.350935668    
  0.366968274    
  0.383000910    
  0.399033457    
  0.415066063    
  0.431098640    
  0.447131246    
  0.463163853    
  0.479196459    
  0.495229036    
  0.511261642    
  0.527294219    
  0.543326855    
  0.559359431    
  0.575392008    
  0.591424644    
  0.607457221    
   6.57938719E-02
   8.27123001E-02
   9.96307284E-02
  0.116549142    
  0.133467570    
  0.150386006    
  0.167304397    
  0.184222847    
  0.201141268    
  0.218059674    
  0.234978124    
  0.251896530    
  0.268814951    
  0.285733372    
  0.302651793    
  0.319570243    
  0.336488664    
  0.353407085    
  0.370325476    
  0.387243927    
  0.404162377    
  0.421080768    
  0.437999189    
  0.454917610    
  0.471836030    
  0.488754481    
  0.505672932    
  0.522591352    
  0.539509773    
  0.556428134    
  0.573346615    
  0.590265036    
  0.607183456    
  0.624101877    
  0.641020298    
   6.91062659E-02
   8.68764445E-02
  0.104646631    
  0.122416809    
  0.140186980    
  0.157957181    
  0.175727338    
  0.193497539    
  0.211267710    
  0.229037896    
  0.246808082    
  0.264578253    
  0.282348424    
  0.300118625    
  0.317888796    
  0.335658997    
  0.353429198    
  0.371199369    
  0.388969511    
  0.406739712    
  0.424509943    
  0.442280084    
  0.460050255    
  0.477820426    
  0.495590597    
  0.513360798    
  0.531130970    
  0.548901200    
  0.566671371    
  0.584441543    
  0.602211773    
  0.619981945    
  0.637752116    
  0.655522287    
  0.673292458    
   7.22794905E-02
   9.08656418E-02
  0.109451801    
  0.128037959    
  0.146624103    
  0.165210277    
  0.183796406    
  0.202382565    
  0.220968723    
  0.239554867    
  0.258141041    
  0.276727170    
  0.295313329    
  0.313899487    
  0.332485646    
  0.351071805    
  0.369657964    
  0.388244122    
  0.406830221    
  0.425416410    
  0.444002628    
  0.462588727    
  0.481174856    
  0.499761015    
  0.518347144    
  0.536933362    
  0.555519521    
  0.574105680    
  0.592691779    
  0.611277938    
  0.629864156    
  0.648450315    
  0.667036414    
  0.685622573    
  0.704208732    
   7.53071532E-02
   9.46718454E-02
  0.114036545    
  0.133401230    
  0.152765930    
  0.172130644    
  0.191495299    
  0.210860014    
  0.230224714    
  0.249589399    
  0.268954098    
  0.288318783    
  0.307683468    
  0.327048182    
  0.346412867    
  0.365777582    
  0.385142297    
  0.404506981    
  0.423871636    
  0.443236351    
  0.462601095    
  0.481965750    
  0.501330435    
  0.520695150    
  0.540059805    
  0.559424520    
  0.578789234    
  0.598153949    
  0.617518604    
  0.636883318    
  0.656248033    
  0.675612748    
  0.694977403    
  0.714342117    
  0.733706772    
   7.81831518E-02
   9.82873887E-02
  0.118391633    
  0.138495862    
  0.158600107    
  0.178704351    
  0.198808566    
  0.218912825    
  0.239017054    
  0.259121299    
  0.279225558    
  0.299329758    
  0.319433987    
  0.339538246    
  0.359642476    
  0.379746735    
  0.399850994    
  0.419955224    
  0.440059394    
  0.460163683    
  0.480267972    
  0.500372171    
  0.520476401    
  0.540580630    
  0.560684860    
  0.580789149    
  0.600893378    
  0.620997608    
  0.641101837    
  0.661206067    
  0.681310356    
  0.701414585    
  0.721518815    
  0.741623044    
  0.761727273    
   8.09017047E-02
  0.101705000    
  0.122508302    
  0.143311590    
  0.164114878    
  0.184918195    
  0.205721468    
  0.226524785    
  0.247328073    
  0.268131346    
  0.288934678    
  0.309737951    
  0.330541223    
  0.351344556    
  0.372147828    
  0.392951131    
  0.413754463    
  0.434557736    
  0.455360979    
  0.476164341    
  0.496967673    
  0.517770886    
  0.538574219    
  0.559377491    
  0.580180764    
  0.600984097    
  0.621787429    
  0.642590702    
  0.663393974    
  0.684197247    
  0.705000639    
  0.725803912    
  0.746607184    
  0.767410457    
  0.788213789    
   8.34573358E-02
  0.104917794    
  0.126378253    
  0.147838712    
  0.169299155    
  0.190759629    
  0.212220058    
  0.233680531    
  0.255140990    
  0.276601434    
  0.298061907    
  0.319522321    
  0.340982795    
  0.362443268    
  0.383903712    
  0.405364186    
  0.426824659    
  0.448285103    
  0.469745517    
  0.491206020    
  0.512666523    
  0.534126937    
  0.555587351    
  0.577047825    
  0.598508298    
  0.619968772    
  0.641429245    
  0.662889659    
  0.684350133    
  0.705810547    
  0.727271080    
  0.748731554    
  0.770191967    
  0.791652441    
  0.813112855    
   8.58448744E-02
  0.107919268    
  0.129993677    
  0.152068064    
  0.174142450    
  0.196216866    
  0.218291238    
  0.240365654    
  0.262440026    
  0.284514427    
  0.306588858    
  0.328663200    
  0.350737602    
  0.372812003    
  0.394886404    
  0.416960806    
  0.439035237    
  0.461109638    
  0.483183950    
  0.505258381    
  0.527332842    
  0.549407184    
  0.571481586    
  0.593555987    
  0.615630329    
  0.637704790    
  0.659779191    
  0.681853592    
  0.703927934    
  0.726002336    
  0.748076797    
  0.770151198    
  0.792225599    
  0.814299941    
  0.836374342    
   8.80595520E-02
  0.110703439    
  0.133347332    
  0.155991212    
  0.178635076    
  0.201278985    
  0.223922834    
  0.246566743    
  0.269210607    
  0.291854501    
  0.314498395    
  0.337142259    
  0.359786123    
  0.382430047    
  0.405073911    
  0.427717805    
  0.450361729    
  0.473005593    
  0.495649427    
  0.518293381    
  0.540937304    
  0.563581109    
  0.586224973    
  0.608868837    
  0.631512761    
  0.654156685    
  0.676800549    
  0.699444413    
  0.722088337    
  0.744732201    
  0.767376125    
  0.790019989    
  0.812663853    
  0.835307777    
  0.857951641    
   9.00968835E-02
  0.113264658    
  0.136432439    
  0.159600198    
  0.182767957    
  0.205935746    
  0.229103491    
  0.252271265    
  0.275439054    
  0.298606813    
  0.321774602    
  0.344942331    
  0.368110090    
  0.391277879    
  0.414445639    
  0.437613428    
  0.460781246    
  0.483949006    
  0.507116735    
  0.530284524    
  0.553452313    
  0.576620042    
  0.599787831    
  0.622955561    
  0.646123350    
  0.669291139    
  0.692458928    
  0.715626657    
  0.738794446    
  0.761962235    
  0.785130024    
  0.808297813    
  0.831465542    
  0.854633331    
  0.877801061    
   9.19527784E-02
  0.115597777    
  0.139242783    
  0.162887782    
  0.186532766    
  0.210177794    
  0.233822763    
  0.257467777    
  0.281112760    
  0.304757774    
  0.328402787    
  0.352047741    
  0.375692755    
  0.399337769    
  0.422982752    
  0.446627766    
  0.470272809    
  0.493917793    
  0.517562747    
  0.541207790    
  0.564852834    
  0.588497758    
  0.612142742    
  0.635787725    
  0.659432709    
  0.683077812    
  0.706722796    
  0.730367780    
  0.754012764    
  0.777657747    
  0.801302791    
  0.824947774    
  0.848592818    
  0.872237802    
  0.895882785    
   9.36234891E-02
  0.117698103    
  0.141772717    
  0.165847331    
  0.189921930    
  0.213996559    
  0.238071144    
  0.262145758    
  0.286220372    
  0.310294986    
  0.334369600    
  0.358444184    
  0.382518798    
  0.406593412    
  0.430668026    
  0.454742670    
  0.478817284    
  0.502891898    
  0.526966453    
  0.551041126    
  0.575115740    
  0.599190295    
  0.623264909    
  0.647339523    
  0.671414137    
  0.695488811    
  0.719563425    
  0.743637979    
  0.767712593    
  0.791787207    
  0.815861881    
  0.839936495    
  0.864011049    
  0.888085663    
  0.912160277    
   9.51056555E-02
  0.119561397    
  0.144017145    
  0.168472871    
  0.192928612    
  0.217384368    
  0.241840065    
  0.266295820    
  0.290751576    
  0.315207303    
  0.339663059    
  0.364118755    
  0.388574481    
  0.413030267    
  0.437485993    
  0.461941749    
  0.486397505    
  0.510853231    
  0.535308897    
  0.559764683    
  0.584220469    
  0.608676195    
  0.633131921    
  0.657587647    
  0.682043374    
  0.706499159    
  0.730954885    
  0.755410612    
  0.779866338    
  0.804322064    
  0.828777850    
  0.853233635    
  0.877689362    
  0.902145088    
  0.926600814    
   9.63962898E-02
  0.121183902    
  0.145971522    
  0.170759141    
  0.195546746    
  0.220334381    
  0.245121956    
  0.269909590    
  0.294697195    
  0.319484830    
  0.344272465    
  0.369060040    
  0.393847644    
  0.418635279    
  0.443422884    
  0.468210518    
  0.492998153    
  0.517785788    
  0.542573333    
  0.567360997    
  0.592148662    
  0.616936207    
  0.641723812    
  0.666511416    
  0.691299021    
  0.716086686    
  0.740874290    
  0.765661895    
  0.790449560    
  0.815237164    
  0.840024829    
  0.864812434    
  0.889600039    
  0.914387643    
  0.939175248    
   9.74927917E-02
  0.122562364    
  0.147631943    
  0.172701523    
  0.197771087    
  0.222840682    
  0.247910216    
  0.272979826    
  0.298049390    
  0.323118955    
  0.348188549    
  0.373258084    
  0.398327649    
  0.423397243    
  0.448466808    
  0.473536402    
  0.498605996    
  0.523675561    
  0.548745096    
  0.573814690    
  0.598884344    
  0.623953819    
  0.649023414    
  0.674092948    
  0.699162543    
  0.724232197    
  0.749301732    
  0.774371326    
  0.799440861    
  0.824510455    
  0.849580050    
  0.874649644    
  0.899719179    
  0.924788773    
  0.949858308    
   9.83929560E-02
  0.123694003    
  0.148995057    
  0.174296096    
  0.199597135    
  0.224898204    
  0.250199229    
  0.275500268    
  0.300801307    
  0.326102346    
  0.351403415    
  0.376704425    
  0.402005464    
  0.427306533    
  0.452607572    
  0.477908641    
  0.503209710    
  0.528510749    
  0.553811729    
  0.579112828    
  0.604413927    
  0.629714906    
  0.655015945    
  0.680316985    
  0.705618024    
  0.730919123    
  0.756220162    
  0.781521201    
  0.806822240    
  0.832123280    
  0.857424378    
  0.882725418    
  0.908026457    
  0.933327496    
  0.958628535    
   9.90949795E-02
  0.124576539    
  0.150058120    
  0.175539672    
  0.201021224    
  0.226502821    
  0.251984358    
  0.277465940    
  0.302947491    
  0.328429043    
  0.353910625    
  0.379392147    
  0.404873729    
  0.430355310    
  0.455836862    
  0.481318444    
  0.506800056    
  0.532281578    
  0.557763100    
  0.583244681    
  0.608726323    
  0.634207845    
  0.659689367    
  0.685170949    
  0.710652471    
  0.736134112    
  0.761615694    
  0.787097216    
  0.812578797    
  0.838060319    
  0.863541961    
  0.889023542    
  0.914505064    
  0.939986646    
  0.965468168    
   9.95974317E-02
  0.125208199    
  0.150818974    
  0.176429734    
  0.202040493    
  0.227651283    
  0.253262013    
  0.278872818    
  0.304483563    
  0.330094337    
  0.355705112    
  0.381315857    
  0.406926602    
  0.432537407    
  0.458148152    
  0.483758956    
  0.509369731    
  0.534980476    
  0.560591221    
  0.586202025    
  0.611812830    
  0.637423515    
  0.663034320    
  0.688645065    
  0.714255810    
  0.739866614    
  0.765477419    
  0.791088164    
  0.816698909    
  0.842309654    
  0.867920518    
  0.893531263    
  0.919142008    
  0.944752753    
  0.970363557    
   9.98993069E-02
  0.125587702    
  0.151276097    
  0.176964477    
  0.202652872    
  0.228341281    
  0.254029632    
  0.279718041    
  0.305406451    
  0.331094831    
  0.356783241    
  0.382471591    
  0.408159971    
  0.433848381    
  0.459536791    
  0.485225201    
  0.510913610    
  0.536602020    
  0.562290311    
  0.587978780    
  0.613667190    
  0.639355540    
  0.665043890    
  0.690732300    
  0.716420710    
  0.742109120    
  0.767797530    
  0.793485880    
  0.819174290    
  0.844862700    
  0.870551109    
  0.896239519    
  0.921927869    
  0.947616279    
  0.973304629    
