   0.00000000    
   0.00000000    
   0.00000000    
   0.00000000    
   0.00000000    
   0.00000000    
   0.00000000    
   0.00000000    
   0.00000000    
   0.00000000    
   0.00000000    
   0.00000000    
   0.00000000    
   0.00000000    
   0.00000000    
   0.00000000    
   0.00000000    
   0.00000000    
   0.00000000    
   0.00000000    
   0.00000000    
   0.00000000    
   0.00000000    
   0.00000000    
   0.00000000    
   0.00000000    
   0.00000000    
   0.00000000    
   0.00000000    
   0.00000000    
   0.00000000    
   0.00000000    
   0.00000000    
   0.00000000    
   0.00000000    
   0.00000000    
   0.00000000    
   0.00000000    
   0.00000000    
   0.00000000    
   3.92598193E-03
   4.80932789E-03
   5.69267338E-03
   6.57601887E-03
   7.45936530E-03
   8.34271125E-03
   9.22605675E-03
   1.01094032E-02
   1.09927487E-02
   1.18760942E-02
   1.27594406E-02
   1.36427861E-02
   1.45261316E-02
   1.54094780E-02
   1.62928235E-02
   1.71761699E-02
   1.80595145E-02
   1.89428609E-02
   1.98262073E-02
   2.07095556E-02
   2.15929002E-02
   2.24762447E-02
   2.33595893E-02
   2.42429376E-02
   2.51262821E-02
   2.60096304E-02
   2.68929750E-02
   2.77763195E-02
   2.86596678E-02
   2.95430124E-02
   3.04263607E-02
   3.13097052E-02
   3.21930498E-02
   3.30763943E-02
   3.39597426E-02
   3.48430909E-02
   3.57264318E-02
   3.66097800E-02
   3.74931283E-02
   3.83764692E-02
   7.84591027E-03
   9.61123966E-03
   1.13765690E-02
   1.31418984E-02
   1.49072288E-02
   1.66725591E-02
   1.84378866E-02
   2.02032179E-02
   2.19685473E-02
   2.37338766E-02
   2.54992060E-02
   2.72645373E-02
   2.90298648E-02
   3.07951942E-02
   3.25605236E-02
   3.43258567E-02
   3.60911824E-02
   3.78565155E-02
   3.96218449E-02
   4.13871780E-02
   4.31525037E-02
   4.49178331E-02
   4.66831625E-02
   4.84484956E-02
   5.02138212E-02
   5.19791543E-02
   5.37444837E-02
   5.55098094E-02
   5.72751425E-02
   5.90404719E-02
   6.08058050E-02
   6.25711307E-02
   6.43364638E-02
   6.61017895E-02
   6.78671226E-02
   6.96324557E-02
   7.13977739E-02
   7.31631070E-02
   7.49284402E-02
   7.66937658E-02
   1.17537407E-02
   1.43983318E-02
   1.70429219E-02
   1.96875129E-02
   2.23321058E-02
   2.49766987E-02
   2.76212879E-02
   3.02658807E-02
   3.29104736E-02
   3.55550610E-02
   3.81996557E-02
   4.08442467E-02
   4.34888341E-02
   4.61334288E-02
   4.87780198E-02
   5.14226146E-02
   5.40672019E-02
   5.67117929E-02
   5.93563877E-02
   6.20009825E-02
   6.46455735E-02
   6.72901645E-02
   6.99347481E-02
   7.25793466E-02
   7.52239376E-02
   7.78685287E-02
   8.05131197E-02
   8.31577107E-02
   8.58023018E-02
   8.84468928E-02
   9.10914913E-02
   9.37360823E-02
   9.63806659E-02
   9.90252569E-02
  0.101669855    
  0.104314446    
  0.106959030    
  0.109603629    
  0.112248227    
  0.114892803    
   1.56434476E-02
   1.91632230E-02
   2.26829983E-02
   2.62027737E-02
   2.97225509E-02
   3.32423262E-02
   3.67620997E-02
   4.02818769E-02
   4.38016541E-02
   4.73214276E-02
   5.08412011E-02
   5.43609783E-02
   5.78807518E-02
   6.14005290E-02
   6.49203062E-02
   6.84400797E-02
   7.19598532E-02
   7.54796341E-02
   7.89994076E-02
   8.25191885E-02
   8.60389620E-02
   8.95587355E-02
   9.30785090E-02
   9.65982899E-02
  0.100118063    
  0.103637844    
  0.107157618    
  0.110677391    
  0.114197172    
  0.117716946    
  0.121236727    
  0.124756500    
  0.128276274    
  0.131796047    
  0.135315821    
  0.138835609    
  0.142355368    
  0.145875156    
  0.149394929    
  0.152914688    
   1.95090324E-02
   2.38985643E-02
   2.82880962E-02
   3.26776281E-02
   3.70671600E-02
   4.14566956E-02
   4.58462238E-02
   5.02357557E-02
   5.46252914E-02
   5.90148196E-02
   6.34043515E-02
   6.77938834E-02
   7.21834153E-02
   7.65729472E-02
   8.09624791E-02
   8.53520185E-02
   8.97415429E-02
   9.41310823E-02
   9.85206142E-02
  0.102910154    
  0.107299678    
  0.111689210    
  0.116078734    
  0.120468274    
  0.124857806    
  0.129247338    
  0.133636877    
  0.138026401    
  0.142415941    
  0.146805465    
  0.151195005    
  0.155584529    
  0.159974068    
  0.164363593    
  0.168753132    
  0.173142672    
  0.177532181    
  0.181921721    
  0.186311275    
  0.190700784    
   2.33445372E-02
   2.85970587E-02
   3.38495784E-02
   3.91020998E-02
   4.43546213E-02
   4.96071428E-02
   5.48596606E-02
   6.01121821E-02
   6.53647035E-02
   7.06172213E-02
   7.58697465E-02
   8.11222643E-02
   8.63747820E-02
   9.16273072E-02
   9.68798324E-02
  0.102132350    
  0.107384868    
  0.112637393    
  0.117889911    
  0.123142444    
  0.128394961    
  0.133647472    
  0.138899997    
  0.144152522    
  0.149405032    
  0.154657573    
  0.159910083    
  0.165162593    
  0.170415133    
  0.175667644    
  0.180920169    
  0.186172694    
  0.191425204    
  0.196677729    
  0.201930255    
  0.207182780    
  0.212435290    
  0.217687815    
  0.222940341    
  0.228192851    
   2.71440484E-02
   3.32514606E-02
   3.93588692E-02
   4.54662777E-02
   5.15736900E-02
   5.76811023E-02
   6.37885109E-02
   6.98959231E-02
   7.60033354E-02
   8.21107402E-02
   8.82181525E-02
   9.43255648E-02
  0.100432970    
  0.106540382    
  0.112647794    
  0.118755206    
  0.124862611    
  0.130970031    
  0.137077436    
  0.143184856    
  0.149292260    
  0.155399665    
  0.161507070    
  0.167614490    
  0.173721895    
  0.179829329    
  0.185936734    
  0.192044139    
  0.198151559    
  0.204258963    
  0.210366383    
  0.216473788    
  0.222581193    
  0.228688598    
  0.234796017    
  0.240903437    
  0.247010827    
  0.253118247    
  0.259225667    
  0.265333056    
   3.09017003E-02
   3.78545821E-02
   4.48074639E-02
   5.17603457E-02
   5.87132312E-02
   6.56661168E-02
   7.26189911E-02
   7.95718729E-02
   8.65247622E-02
   9.34776366E-02
  0.100430526    
  0.107383408    
  0.114336282    
  0.121289171    
  0.128242061    
  0.135194942    
  0.142147809    
  0.149100706    
  0.156053588    
  0.163006485    
  0.169959351    
  0.176912233    
  0.183865100    
  0.190817997    
  0.197770879    
  0.204723775    
  0.211676642    
  0.218629524    
  0.225582421    
  0.232535288    
  0.239488184    
  0.246441066    
  0.253393948    
  0.260346830    
  0.267299712    
  0.274252594    
  0.281205475    
  0.288158357    
  0.295111239    
  0.302064121    
   3.46117057E-02
   4.23993394E-02
   5.01869693E-02
   5.79746030E-02
   6.57622367E-02
   7.35498741E-02
   8.13375041E-02
   8.91251341E-02
   9.69127715E-02
  0.104700401    
  0.112488039    
  0.120275676    
  0.128063306    
  0.135850936    
  0.143638566    
  0.151426211    
  0.159213841    
  0.167001471    
  0.174789101    
  0.182576761    
  0.190364376    
  0.198152006    
  0.205939636    
  0.213727280    
  0.221514910    
  0.229302555    
  0.237090185    
  0.244877800    
  0.252665460    
  0.260453075    
  0.268240720    
  0.276028365    
  0.283815980    
  0.291603595    
  0.299391240    
  0.307178885    
  0.314966500    
  0.322754145    
  0.330541790    
  0.338329405    
   3.82683463E-02
   4.68787253E-02
   5.54891005E-02
   6.40994757E-02
   7.27098584E-02
   8.13202336E-02
   8.99306089E-02
   9.85409841E-02
  0.107151367    
  0.115761735    
  0.124372117    
  0.132982492    
  0.141592875    
  0.150203243    
  0.158813626    
  0.167424008    
  0.176034376    
  0.184644759    
  0.193255141    
  0.201865539    
  0.210475907    
  0.219086275    
  0.227696642    
  0.236307040    
  0.244917408    
  0.253527790    
  0.262138158    
  0.270748526    
  0.279358923    
  0.287969291    
  0.296579689    
  0.305190057    
  0.313800424    
  0.322410792    
  0.331021190    
  0.339631587    
  0.348241925    
  0.356852323    
  0.365462720    
  0.374073058    
   4.18659784E-02
   5.12858219E-02
   6.07056655E-02
   7.01255053E-02
   7.95453563E-02
   8.89652073E-02
   9.83850434E-02
  0.107804887    
  0.117224738    
  0.126644567    
  0.136064425    
  0.145484269    
  0.154904112    
  0.164323956    
  0.173743799    
  0.183163658    
  0.192583486    
  0.202003330    
  0.211423188    
  0.220843047    
  0.230262876    
  0.239682719    
  0.249102548    
  0.258522421    
  0.267942250    
  0.277362108    
  0.286781937    
  0.296201795    
  0.305621654    
  0.315041482    
  0.324461341    
  0.333881170    
  0.343301028    
  0.352720857    
  0.362140715    
  0.371560574    
  0.380980372    
  0.390400231    
  0.399820119    
  0.409239918    
   4.53990512E-02
   5.56138381E-02
   6.58286214E-02
   7.60434046E-02
   8.62581953E-02
   9.64729860E-02
  0.106687762    
  0.116902553    
  0.127117351    
  0.137332126    
  0.147546917    
  0.157761708    
  0.167976484    
  0.178191274    
  0.188406065    
  0.198620856    
  0.208835632    
  0.219050422    
  0.229265213    
  0.239480019    
  0.249694794    
  0.259909570    
  0.270124346    
  0.280339152    
  0.290553927    
  0.300768733    
  0.310983509    
  0.321198285    
  0.331413090    
  0.341627866    
  0.351842672    
  0.362057447    
  0.372272223    
  0.382486999    
  0.392701805    
  0.402916610    
  0.413131356    
  0.423346162    
  0.433560967    
  0.443775713    
   4.88621257E-02
   5.98561056E-02
   7.08500817E-02
   8.18440542E-02
   9.28380415E-02
  0.103832021    
  0.114825986    
  0.125819966    
  0.136813954    
  0.147807926    
  0.158801898    
  0.169795886    
  0.180789858    
  0.191783845    
  0.202777818    
  0.213771805    
  0.224765778    
  0.235759750    
  0.246753737    
  0.257747740    
  0.268741697    
  0.279735655    
  0.290729642    
  0.301723629    
  0.312717617    
  0.323711604    
  0.334705561    
  0.345699549    
  0.356693536    
  0.367687494    
  0.378681511    
  0.389675468    
  0.400669426    
  0.411663413    
  0.422657400    
  0.433651388    
  0.444645345    
  0.455639333    
  0.466633320    
  0.477627277    
   5.22498600E-02
   6.40060827E-02
   7.57622942E-02
   8.75185132E-02
   9.92747322E-02
  0.111030959    
  0.122787163    
  0.134543389    
  0.146299616    
  0.158055812    
  0.169812039    
  0.181568265    
  0.193324476    
  0.205080688    
  0.216836914    
  0.228593141    
  0.240349352    
  0.252105564    
  0.263861805    
  0.275618047    
  0.287374228    
  0.299130440    
  0.310886651    
  0.322642893    
  0.334399104    
  0.346155345    
  0.357911557    
  0.369667768    
  0.381423980    
  0.393180192    
  0.404936433    
  0.416692644    
  0.428448856    
  0.440205067    
  0.451961309    
  0.463717550    
  0.475473702    
  0.487229943    
  0.498986185    
  0.510742366    
   5.55570237E-02
   6.80573583E-02
   8.05576816E-02
   9.30580124E-02
  0.105558343    
  0.118058681    
  0.130558997    
  0.143059328    
  0.155559674    
  0.168059990    
  0.180560321    
  0.193060651    
  0.205560982    
  0.218061313    
  0.230561644    
  0.243061990    
  0.255562305    
  0.268062621    
  0.280562967    
  0.293063313    
  0.305563629    
  0.318063974    
  0.330564290    
  0.343064636    
  0.355564952    
  0.368065298    
  0.380565614    
  0.393065929    
  0.405566275    
  0.418066621    
  0.430566967    
  0.443067282    
  0.455567598    
  0.468067914    
  0.480568260    
  0.493068606    
  0.505568922    
  0.518069267    
  0.530569613    
  0.543069899    
   5.87785244E-02
   7.20036924E-02
   8.52288604E-02
   9.84540209E-02
  0.111679196    
  0.124904364    
  0.138129517    
  0.151354700    
  0.164579868    
  0.177805021    
  0.191030204    
  0.204255372    
  0.217480525    
  0.230705693    
  0.243930876    
  0.257156044    
  0.270381212    
  0.283606380    
  0.296831548    
  0.310056746    
  0.323281884    
  0.336507052    
  0.349732190    
  0.362957388    
  0.376182556    
  0.389407724    
  0.402632892    
  0.415858060    
  0.429083228    
  0.442308396    
  0.455533594    
  0.468758732    
  0.481983900    
  0.495209038    
  0.508434236    
  0.521659434    
  0.534884572    
  0.548109770    
  0.561334908    
  0.574560046    
   6.19093962E-02
   7.58390129E-02
   8.97686183E-02
  0.103698231    
  0.117627852    
  0.131557465    
  0.145487070    
  0.159416690    
  0.173346311    
  0.187275901    
  0.201205522    
  0.215135142    
  0.229064748    
  0.242994368    
  0.256923974    
  0.270853609    
  0.284783214    
  0.298712820    
  0.312642455    
  0.326572090    
  0.340501696    
  0.354431272    
  0.368360877    
  0.382290512    
  0.396220118    
  0.410149753    
  0.424079359    
  0.438008964    
  0.451938599    
  0.465868205    
  0.479797840    
  0.493727446    
  0.507657051    
  0.521586657    
  0.535516262    
  0.549445927    
  0.563375473    
  0.577305138    
  0.591234744    
  0.605164289    
   6.49448037E-02
   7.95573890E-02
   9.41699594E-02
  0.108782537    
  0.123395123    
  0.138007715    
  0.152620286    
  0.167232871    
  0.181845456    
  0.196458012    
  0.211070597    
  0.225683197    
  0.240295753    
  0.254908353    
  0.269520938    
  0.284133524    
  0.298746079    
  0.313358665    
  0.327971250    
  0.342583865    
  0.357196420    
  0.371809006    
  0.386421561    
  0.401034176    
  0.415646732    
  0.430259347    
  0.444871902    
  0.459484488    
  0.474097073    
  0.488709658    
  0.503322244    
  0.517934799    
  0.532547414    
  0.547159970    
  0.561772585    
  0.576385140    
  0.590997696    
  0.605610311    
  0.620222926    
  0.634835422    
   6.78800792E-02
   8.31530914E-02
   9.84261110E-02
  0.113699123    
  0.128972143    
  0.144245163    
  0.159518167    
  0.174791187    
  0.190064207    
  0.205337211    
  0.220610246    
  0.235883266    
  0.251156271    
  0.266429275    
  0.281702310    
  0.296975344    
  0.312248349    
  0.327521354    
  0.342794389    
  0.358067423    
  0.373340428    
  0.388613433    
  0.403886437    
  0.419159472    
  0.434432477    
  0.449705511    
  0.464978516    
  0.480251521    
  0.495524555    
  0.510797560    
  0.526070595    
  0.541343629    
  0.556616604    
  0.571889639    
  0.587162673    
  0.602435708    
  0.617708683    
  0.632981718    
  0.648254752    
  0.663527727    
   7.07106814E-02
   8.66205841E-02
  0.102530479    
  0.118440375    
  0.134350285    
  0.150260195    
  0.166170076    
  0.182079986    
  0.197989896    
  0.213899776    
  0.229809687    
  0.245719597    
  0.261629492    
  0.277539402    
  0.293449312    
  0.309359223    
  0.325269103    
  0.341179013    
  0.357088923    
  0.372998834    
  0.388908744    
  0.404818624    
  0.420728505    
  0.436638445    
  0.452548325    
  0.468458265    
  0.484368145    
  0.500277996    
  0.516187966    
  0.532097816    
  0.548007786    
  0.563917637    
  0.579827547    
  0.595737457    
  0.611647367    
  0.627557278    
  0.643467128    
  0.659377038    
  0.675287008    
  0.691196859    
   7.34322593E-02
   8.99545103E-02
  0.106476769    
  0.122999020    
  0.139521286    
  0.156043544    
  0.172565788    
  0.189088047    
  0.205610320    
  0.222132549    
  0.238654822    
  0.255177081    
  0.271699339    
  0.288221598    
  0.304743856    
  0.321266115    
  0.337788343    
  0.354310632    
  0.370832890    
  0.387355179    
  0.403877407    
  0.420399666    
  0.436921895    
  0.453444183    
  0.469966412    
  0.486488700    
  0.503010929    
  0.519533217    
  0.536055446    
  0.552577734    
  0.569100022    
  0.585622251    
  0.602144480    
  0.618666708    
  0.635188997    
  0.651711285    
  0.668233514    
  0.684755802    
  0.701278090    
  0.717800260    
   7.60406032E-02
   9.31497365E-02
  0.110258870    
  0.127368003    
  0.144477144    
  0.161586285    
  0.178695396    
  0.195804551    
  0.212913692    
  0.230022803    
  0.247131944    
  0.264241099    
  0.281350195    
  0.298459351    
  0.315568477    
  0.332677633    
  0.349786758    
  0.366895884    
  0.384005040    
  0.401114196    
  0.418223321    
  0.435332447    
  0.452441543    
  0.469550729    
  0.486659855    
  0.503768981    
  0.520878136    
  0.537987232    
  0.555096388    
  0.572205544    
  0.589314699    
  0.606423795    
  0.623532951    
  0.640642047    
  0.657751203    
  0.674860358    
  0.691969454    
  0.709078610    
  0.726187766    
  0.743296862    
   7.85316974E-02
   9.62013304E-02
  0.113870956    
  0.131540582    
  0.149210215    
  0.166879863    
  0.184549466    
  0.202219114    
  0.219888747    
  0.237558365    
  0.255227983    
  0.272897631    
  0.290567249    
  0.308236897    
  0.325906515    
  0.343576163    
  0.361245781    
  0.378915429    
  0.396585047    
  0.414254725    
  0.431924343    
  0.449593931    
  0.467263550    
  0.484933227    
  0.502602816    
  0.520272493    
  0.537942111    
  0.555611730    
  0.573281407    
  0.590951025    
  0.608620644    
  0.626290262    
  0.643959880    
  0.661629498    
  0.679299176    
  0.696968853    
  0.714638412    
  0.732308030    
  0.749977708    
  0.767647266    
   8.09017047E-02
   9.91045833E-02
  0.117307462    
  0.135510340    
  0.153713226    
  0.171916112    
  0.190118983    
  0.208321869    
  0.226524755    
  0.244727626    
  0.262930512    
  0.281133413    
  0.299336284    
  0.317539155    
  0.335742056    
  0.353944927    
  0.372147799    
  0.390350699    
  0.408553571    
  0.426756501    
  0.444959372    
  0.463162214    
  0.481365085    
  0.499568015    
  0.517770886    
  0.535973787    
  0.554176629    
  0.572379529    
  0.590582430    
  0.608785272    
  0.626988232    
  0.645191073    
  0.663393915    
  0.681596816    
  0.699799716    
  0.718002617    
  0.736205459    
  0.754408360    
  0.772611260    
  0.790814102    
   8.31469670E-02
  0.101855032    
  0.120563097    
  0.139271155    
  0.157979235    
  0.176687300    
  0.195395350    
  0.214103431    
  0.232811511    
  0.251519561    
  0.270227641    
  0.288935691    
  0.307643741    
  0.326351821    
  0.345059901    
  0.363767982    
  0.382476032    
  0.401184112    
  0.419892162    
  0.438600272    
  0.457308322    
  0.476016372    
  0.494724423    
  0.513432503    
  0.532140553    
  0.550848663    
  0.569556713    
  0.588264763    
  0.606972873    
  0.625680923    
  0.644389033    
  0.663097084    
  0.681805134    
  0.700513184    
  0.719221234    
  0.737929344    
  0.756637335    
  0.775345445    
  0.794053555    
  0.812761545    
   8.52640197E-02
  0.104448430    
  0.123632826    
  0.142817229    
  0.162001640    
  0.181186050    
  0.200370431    
  0.219554842    
  0.238739267    
  0.257923633    
  0.277108073    
  0.296292484    
  0.315476865    
  0.334661275    
  0.353845686    
  0.373030096    
  0.392214477    
  0.411398888    
  0.430583298    
  0.449767739    
  0.468952119    
  0.488136500    
  0.507320881    
  0.526505351    
  0.545689702    
  0.564874172    
  0.584058523    
  0.603242934    
  0.622427344    
  0.641611755    
  0.660796165    
  0.679980576    
  0.699164987    
  0.718349338    
  0.737533808    
  0.756718218    
  0.775902569    
  0.795086980    
  0.814271450    
  0.833455801    
   8.72496068E-02
  0.106880769    
  0.126511931    
  0.146143079    
  0.165774256    
  0.185405418    
  0.205036566    
  0.224667728    
  0.244298905    
  0.263930053    
  0.283561200    
  0.303192377    
  0.322823524    
  0.342454702    
  0.362085849    
  0.381717026    
  0.401348174    
  0.420979351    
  0.440610498    
  0.460241705    
  0.479872853    
  0.499504000    
  0.519135118    
  0.538766325    
  0.558397472    
  0.578028679    
  0.597659826    
  0.617290974    
  0.636922121    
  0.656553268    
  0.676184475    
  0.695815623    
  0.715446770    
  0.735077918    
  0.754709125    
  0.774340332    
  0.793971419    
  0.813602567    
  0.833233774    
  0.852864861    
   8.91006589E-02
  0.109148309    
  0.129195958    
  0.149243593    
  0.169291243    
  0.189338908    
  0.209386528    
  0.229434192    
  0.249481842    
  0.269529462    
  0.289577127    
  0.309624791    
  0.329672426    
  0.349720061    
  0.369767725    
  0.389815390    
  0.409863025    
  0.429910660    
  0.449958324    
  0.470006019    
  0.490053624    
  0.510101259    
  0.530148864    
  0.550196588    
  0.570244193    
  0.590291858    
  0.610339522    
  0.630387127    
  0.650434852    
  0.670482457    
  0.690530121    
  0.710577786    
  0.730625391    
  0.750672996    
  0.770720720    
  0.790768385    
  0.810815990    
  0.830863655    
  0.850911319    
  0.870958924    
   9.08143148E-02
  0.111247540    
  0.131680757    
  0.152113974    
  0.172547191    
  0.192980424    
  0.213413626    
  0.233846858    
  0.254280090    
  0.274713278    
  0.295146525    
  0.315579742    
  0.336012959    
  0.356446177    
  0.376879394    
  0.397312641    
  0.417745829    
  0.438179076    
  0.458612293    
  0.479045540    
  0.499478757    
  0.519911945    
  0.540345132    
  0.560778439    
  0.581211627    
  0.601644874    
  0.622078061    
  0.642511249    
  0.662944555    
  0.683377743    
  0.703810990    
  0.724244177    
  0.744677365    
  0.765110612    
  0.785543859    
  0.805977106    
  0.826410234    
  0.846843481    
  0.867276788    
  0.887709916    
   9.23879519E-02
  0.113175243    
  0.133962527    
  0.154749811    
  0.175537109    
  0.196324393    
  0.217111662    
  0.237898961    
  0.258686274    
  0.279473543    
  0.300260842    
  0.321048111    
  0.341835380    
  0.362622678    
  0.383409977    
  0.404197276    
  0.424984545    
  0.445771843    
  0.466559142    
  0.487346470    
  0.508133709    
  0.528921008    
  0.549708247    
  0.570495605    
  0.591282845    
  0.612070203    
  0.632857442    
  0.653644741    
  0.674432039    
  0.695219338    
  0.716006637    
  0.736793935    
  0.757581174    
  0.778368473    
  0.799155772    
  0.819943130    
  0.840730309    
  0.861517668    
  0.882304966    
  0.903092206    
   9.38191339E-02
  0.114928447    
  0.136037737    
  0.157147035    
  0.178256348    
  0.199365675    
  0.220474958    
  0.241584271    
  0.262693584    
  0.283802867    
  0.304912180    
  0.326021492    
  0.347130775    
  0.368240088    
  0.389349401    
  0.410458714    
  0.431567997    
  0.452677310    
  0.473786622    
  0.494895965    
  0.516005278    
  0.537114561    
  0.558223844    
  0.579333186    
  0.600442469    
  0.621551812    
  0.642661095    
  0.663770378    
  0.684879720    
  0.705989003    
  0.727098346    
  0.748207629    
  0.769316912    
  0.790426195    
  0.811535537    
  0.832644880    
  0.853754103    
  0.874863446    
  0.895972788    
  0.917082012    
   9.51056555E-02
  0.116504431    
  0.137903199    
  0.159301966    
  0.180700734    
  0.202099517    
  0.223498270    
  0.244897053    
  0.266295820    
  0.287694573    
  0.309093356    
  0.330492139    
  0.351890892    
  0.373289675    
  0.394688457    
  0.416087240    
  0.437485993    
  0.458884776    
  0.480283558    
  0.501682341    
  0.523081124    
  0.544479847    
  0.565878630    
  0.587277412    
  0.608676195    
  0.630074978    
  0.651473761    
  0.672872484    
  0.694271266    
  0.715670049    
  0.737068832    
  0.758467615    
  0.779866338    
  0.801265121    
  0.822663903    
  0.844062746    
  0.865461409    
  0.886860251    
  0.908259034    
  0.929657757    
   9.62455273E-02
  0.117900774    
  0.139556006    
  0.161211252    
  0.182866499    
  0.204521745    
  0.226176977    
  0.247832224    
  0.269487470    
  0.291142702    
  0.312797964    
  0.334453195    
  0.356108427    
  0.377763689    
  0.399418920    
  0.421074182    
  0.442729414    
  0.464384645    
  0.486039907    
  0.507695198    
  0.529350400    
  0.551005661    
  0.572660863    
  0.594316125    
  0.615971386    
  0.637626648    
  0.659281850    
  0.680937111    
  0.702592373    
  0.724247575    
  0.745902896    
  0.767558098    
  0.789213300    
  0.810868561    
  0.832523823    
  0.854179084    
  0.875834286    
  0.897489548    
  0.919144809    
  0.940800011    
   9.72369909E-02
  0.119115315    
  0.140993640    
  0.162871942    
  0.184750274    
  0.206628606    
  0.228506908    
  0.250385255    
  0.272263587    
  0.294141889    
  0.316020221    
  0.337898552    
  0.359776855    
  0.381655186    
  0.403533518    
  0.425411820    
  0.447290123    
  0.469168454    
  0.491046786    
  0.512925148    
  0.534803450    
  0.556681752    
  0.578560054    
  0.600438416    
  0.622316718    
  0.644195080    
  0.666073382    
  0.687951684    
  0.709830046    
  0.731708348    
  0.753586709    
  0.775465012    
  0.797343314    
  0.819221616    
  0.841099977    
  0.862978339    
  0.884856582    
  0.906734943    
  0.928613305    
  0.950491548    
   9.80785340E-02
  0.120146200    
  0.142213866    
  0.164281532    
  0.186349213    
  0.208416879    
  0.230484530    
  0.252552211    
  0.274619877    
  0.296687543    
  0.318755209    
  0.340822905    
  0.362890542    
  0.384958208    
  0.407025903    
  0.429093570    
  0.451161236    
  0.473228902    
  0.495296568    
  0.517364264    
  0.539431930    
  0.561499596    
  0.583567202    
  0.605634928    
  0.627702594    
  0.649770319    
  0.671837926    
  0.693905592    
  0.715973318    
  0.738040924    
  0.760108650    
  0.782176316    
  0.804243922    
  0.826311588    
  0.848379314    
  0.870446980    
  0.892514586    
  0.914582312    
  0.936650038    
  0.958717585    
   9.87688377E-02
  0.120991826    
  0.143214807    
  0.165437788    
  0.187660784    
  0.209883779    
  0.232106745    
  0.254329741    
  0.276552737    
  0.298775703    
  0.320998698    
  0.343221694    
  0.365444660    
  0.387667656    
  0.409890652    
  0.432113647    
  0.454336613    
  0.476559609    
  0.498782605    
  0.521005630    
  0.543228626    
  0.565451562    
  0.587674558    
  0.609897554    
  0.632120550    
  0.654343545    
  0.676566541    
  0.698789477    
  0.721012533    
  0.743235469    
  0.765458524    
  0.787681460    
  0.809904456    
  0.832127392    
  0.854350448    
  0.876573443    
  0.898796380    
  0.921019375    
  0.943242431    
  0.965465307    
   9.93068442E-02
  0.121650890    
  0.143994927    
  0.166338950    
  0.188683003    
  0.211027056    
  0.233371079    
  0.255715132    
  0.278059155    
  0.300403178    
  0.322747231    
  0.345091283    
  0.367435306    
  0.389779359    
  0.412123412    
  0.434467435    
  0.456811458    
  0.479155511    
  0.501499593    
  0.523843646    
  0.546187639    
  0.568531692    
  0.590875685    
  0.613219798    
  0.635563791    
  0.657907903    
  0.680251896    
  0.702595890    
  0.724940002    
  0.747283995    
  0.769628108    
  0.791972101    
  0.814316154    
  0.836660147    
  0.859004200    
  0.881348312    
  0.903692245    
  0.926036358    
  0.948380411    
  0.970724404    
   9.96917337E-02
  0.122122370    
  0.144553006    
  0.166983634    
  0.189414293    
  0.211844936    
  0.234275550    
  0.256706208    
  0.279136837    
  0.301567465    
  0.323998123    
  0.346428752    
  0.368859380    
  0.391290039    
  0.413720667    
  0.436151326    
  0.458581954    
  0.481012583    
  0.503443241    
  0.525873899    
  0.548304558    
  0.570735157    
  0.593165755    
  0.615596473    
  0.638027072    
  0.660457730    
  0.682888329    
  0.705318987    
  0.727749646    
  0.750180244    
  0.772610962    
  0.795041561    
  0.817472160    
  0.839902818    
  0.862333477    
  0.884764135    
  0.907194734    
  0.929625392    
  0.952056050    
  0.974486649    
   9.99229029E-02
  0.122405559    
  0.144888207    
  0.167370856    
  0.189853504    
  0.212336168    
  0.234818801    
  0.257301450    
  0.279784113    
  0.302266747    
  0.324749410    
  0.347232074    
  0.369714707    
  0.392197371    
  0.414680034    
  0.437162697    
  0.459645331    
  0.482127994    
  0.504610658    
  0.527093351    
  0.549575984    
  0.572058618    
  0.594541252    
  0.617023945    
  0.639506578    
  0.661989272    
  0.684471905    
  0.706954479    
  0.729437172    
  0.751919806    
  0.774402499    
  0.796885133    
  0.819367766    
  0.841850400    
  0.864333093    
  0.886815786    
  0.909298360    
  0.931781054    
  0.954263747    
  0.976746321    
