   0.00000000    
   0.00000000    
   0.00000000    
   0.00000000    
   0.00000000    
   0.00000000    
   0.00000000    
   0.00000000    
   0.00000000    
   0.00000000    
   0.00000000    
   0.00000000    
   0.00000000    
   0.00000000    
   0.00000000    
   0.00000000    
   0.00000000    
   0.00000000    
   0.00000000    
   0.00000000    
   0.00000000    
   0.00000000    
   0.00000000    
   0.00000000    
   0.00000000    
   0.00000000    
   0.00000000    
   0.00000000    
   0.00000000    
   0.00000000    
   0.00000000    
   0.00000000    
   0.00000000    
   0.00000000    
   0.00000000    
   0.00000000    
   0.00000000    
   0.00000000    
   0.00000000    
   0.00000000    
   0.00000000    
   0.00000000    
   0.00000000    
   0.00000000    
   0.00000000    
   3.48994951E-03
   4.18793969E-03
   4.88592917E-03
   5.58391912E-03
   6.28190953E-03
   6.97989902E-03
   7.67788896E-03
   8.37587938E-03
   9.07386839E-03
   9.77185834E-03
   1.04698492E-02
   1.11678382E-02
   1.18658273E-02
   1.25638181E-02
   1.32618081E-02
   1.39597980E-02
   1.46577880E-02
   1.53557770E-02
   1.60537679E-02
   1.67517569E-02
   1.74497478E-02
   1.81477368E-02
   1.88457277E-02
   1.95437167E-02
   2.02417076E-02
   2.09396984E-02
   2.16376875E-02
   2.23356765E-02
   2.30336674E-02
   2.37316564E-02
   2.44296491E-02
   2.51276381E-02
   2.58256271E-02
   2.65236162E-02
   2.72216052E-02
   2.79195961E-02
   2.86175869E-02
   2.93155778E-02
   3.00135668E-02
   3.07115559E-02
   3.14095467E-02
   3.21075357E-02
   3.28055248E-02
   3.35035175E-02
   3.42015065E-02
   6.97564706E-03
   8.37077666E-03
   9.76590626E-03
   1.11610349E-02
   1.25561655E-02
   1.39512941E-02
   1.53464237E-02
   1.67415533E-02
   1.81366820E-02
   1.95318125E-02
   2.09269412E-02
   2.23220699E-02
   2.37171985E-02
   2.51123291E-02
   2.65074577E-02
   2.79025882E-02
   2.92977169E-02
   3.06928456E-02
   3.20879743E-02
   3.34831066E-02
   3.48782353E-02
   3.62733640E-02
   3.76684964E-02
   3.90636250E-02
   4.04587500E-02
   4.18538824E-02
   4.32490110E-02
   4.46441397E-02
   4.60392721E-02
   4.74344008E-02
   4.88295332E-02
   5.02246618E-02
   5.16197905E-02
   5.30149154E-02
   5.44100441E-02
   5.58051765E-02
   5.72003052E-02
   5.85954376E-02
   5.99905662E-02
   6.13856949E-02
   6.27808273E-02
   6.41759485E-02
   6.55710846E-02
   6.69662133E-02
   6.83613420E-02
   1.04528470E-02
   1.25434166E-02
   1.46339852E-02
   1.67245548E-02
   1.88151244E-02
   2.09056940E-02
   2.29962617E-02
   2.50868332E-02
   2.71773990E-02
   2.92679705E-02
   3.13585401E-02
   3.34491096E-02
   3.55396755E-02
   3.76302451E-02
   3.97208147E-02
   4.18113880E-02
   4.39019538E-02
   4.59925197E-02
   4.80830930E-02
   5.01736626E-02
   5.22642322E-02
   5.43547980E-02
   5.64453714E-02
   5.85359409E-02
   6.06265068E-02
   6.27170801E-02
   6.48076460E-02
   6.68982193E-02
   6.89887926E-02
   7.10793585E-02
   7.31699318E-02
   7.52604976E-02
   7.73510635E-02
   7.94416294E-02
   8.15322027E-02
   8.36227760E-02
   8.57133418E-02
   8.78039151E-02
   8.98944810E-02
   9.19850469E-02
   9.40756202E-02
   9.61661860E-02
   9.82567593E-02
  0.100347333    
  0.102437899    
   1.39173111E-02
   1.67007726E-02
   1.94842350E-02
   2.22676955E-02
   2.50511598E-02
   2.78346222E-02
   3.06180827E-02
   3.34015451E-02
   3.61850075E-02
   3.89684699E-02
   4.17519324E-02
   4.45353910E-02
   4.73188534E-02
   5.01023158E-02
   5.28857782E-02
   5.56692444E-02
   5.84527031E-02
   6.12361617E-02
   6.40196279E-02
   6.68030903E-02
   6.95865527E-02
   7.23700151E-02
   7.51534775E-02
   7.79369399E-02
   8.07204023E-02
   8.35038647E-02
   8.62873271E-02
   8.90707821E-02
   9.18542519E-02
   9.46377143E-02
   9.74211767E-02
  0.100204639    
  0.102988102    
  0.105771556    
  0.108555019    
  0.111338489    
  0.114121944    
  0.116905414    
  0.119688876    
  0.122472331    
  0.125255793    
  0.128039256    
  0.130822718    
  0.133606181    
  0.136389643    
   1.73648205E-02
   2.08377838E-02
   2.43107472E-02
   2.77837105E-02
   3.12566757E-02
   3.47296409E-02
   3.82026024E-02
   4.16755676E-02
   4.51485291E-02
   4.86214943E-02
   5.20944595E-02
   5.55674210E-02
   5.90403825E-02
   6.25133440E-02
   6.59863129E-02
   6.94592819E-02
   7.29322359E-02
   7.64051974E-02
   7.98781663E-02
   8.33511278E-02
   8.68240967E-02
   9.02970582E-02
   9.37700272E-02
   9.72429886E-02
  0.100715950    
  0.104188919    
  0.107661881    
  0.111134842    
  0.114607811    
  0.118080772    
  0.121553741    
  0.125026703    
  0.128499672    
  0.131972626    
  0.135445580    
  0.138918564    
  0.142391518    
  0.145864487    
  0.149337456    
  0.152810410    
  0.156283379    
  0.159756333    
  0.163229302    
  0.166702271    
  0.170175239    
   2.07911711E-02
   2.49494053E-02
   2.91076377E-02
   3.32658701E-02
   3.74241062E-02
   4.15823422E-02
   4.57405746E-02
   4.98988107E-02
   5.40570393E-02
   5.82152754E-02
   6.23735115E-02
   6.65317401E-02
   7.06899762E-02
   7.48482123E-02
   7.90064484E-02
   8.31646845E-02
   8.73229131E-02
   9.14811417E-02
   9.56393778E-02
   9.97976139E-02
  0.103955850    
  0.108114079    
  0.112272322    
  0.116430551    
  0.120588779    
  0.124747023    
  0.128905252    
  0.133063480    
  0.137221724    
  0.141379952    
  0.145538196    
  0.149696425    
  0.153854653    
  0.158012897    
  0.162171125    
  0.166329369    
  0.170487598    
  0.174645841    
  0.178804070    
  0.182962298    
  0.187120542    
  0.191278756    
  0.195436999    
  0.199595243    
  0.203753471    
   2.41921917E-02
   2.90306304E-02
   3.38690691E-02
   3.87075059E-02
   4.35459465E-02
   4.83843833E-02
   5.32228202E-02
   5.80612607E-02
   6.28996938E-02
   6.77381381E-02
   7.25765750E-02
   7.74150118E-02
   8.22534487E-02
   8.70918855E-02
   9.19303298E-02
   9.67687666E-02
  0.101607203    
  0.106445633    
  0.111284077    
  0.116122514    
  0.120960958    
  0.125799388    
  0.130637839    
  0.135476276    
  0.140314713    
  0.145153150    
  0.149991587    
  0.154830024    
  0.159668475    
  0.164506912    
  0.169345349    
  0.174183786    
  0.179022223    
  0.183860660    
  0.188699082    
  0.193537533    
  0.198375970    
  0.203214422    
  0.208052859    
  0.212891281    
  0.217729732    
  0.222568154    
  0.227406606    
  0.232245043    
  0.237083480    
   2.75637358E-02
   3.30764838E-02
   3.85892317E-02
   4.41019759E-02
   4.96147275E-02
   5.51274717E-02
   6.06402196E-02
   6.61529675E-02
   7.16657117E-02
   7.71784633E-02
   8.26912075E-02
   8.82039517E-02
   9.37166959E-02
   9.92294475E-02
  0.104742192    
  0.110254943    
  0.115767688    
  0.121280432    
  0.126793176    
  0.132305935    
  0.137818679    
  0.143331423    
  0.148844182    
  0.154356927    
  0.159869656    
  0.165382415    
  0.170895159    
  0.176407903    
  0.181920663    
  0.187433407    
  0.192946166    
  0.198458910    
  0.203971654    
  0.209484383    
  0.214997128    
  0.220509887    
  0.226022631    
  0.231535390    
  0.237048134    
  0.242560878    
  0.248073637    
  0.253586352    
  0.259099126    
  0.264611870    
  0.270124614    
   3.09017003E-02
   3.70820425E-02
   4.32623811E-02
   4.94427197E-02
   5.56230620E-02
   6.18034005E-02
   6.79837391E-02
   7.41640851E-02
   8.03444162E-02
   8.65247622E-02
   9.27051008E-02
   9.88854393E-02
  0.105065770    
  0.111246116    
  0.117426462    
  0.123606801    
  0.129787132    
  0.135967478    
  0.142147809    
  0.148328155    
  0.154508501    
  0.160688832    
  0.166869193    
  0.173049524    
  0.179229856    
  0.185410202    
  0.191590548    
  0.197770879    
  0.203951225    
  0.210131571    
  0.216311917    
  0.222492248    
  0.228672579    
  0.234852925    
  0.241033256    
  0.247213602    
  0.253393948    
  0.259574294    
  0.265754640    
  0.271934956    
  0.278115302    
  0.284295619    
  0.290475994    
  0.296656340    
  0.302836657    
   3.42020169E-02
   4.10424210E-02
   4.78828214E-02
   5.47232218E-02
   6.15636297E-02
   6.84040338E-02
   7.52444342E-02
   8.20848420E-02
   8.89252350E-02
   9.57656428E-02
  0.102606051    
  0.109446444    
  0.116286844    
  0.123127252    
  0.129967660    
  0.136808068    
  0.143648461    
  0.150488853    
  0.157329261    
  0.164169669    
  0.171010077    
  0.177850470    
  0.184690893    
  0.191531286    
  0.198371679    
  0.205212101    
  0.212052494    
  0.218892887    
  0.225733310    
  0.232573703    
  0.239414126    
  0.246254519    
  0.253094912    
  0.259935319    
  0.266775697    
  0.273616135    
  0.280456513    
  0.287296951    
  0.294137329    
  0.300977737    
  0.307818145    
  0.314658523    
  0.321498930    
  0.328339368    
  0.335179746    
   3.74606624E-02
   4.49527949E-02
   5.24449237E-02
   5.99370562E-02
   6.74291924E-02
   7.49213248E-02
   8.24134573E-02
   8.99055898E-02
   9.73977149E-02
  0.104889847    
  0.112381987    
  0.119874112    
  0.127366245    
  0.134858370    
  0.142350510    
  0.149842650    
  0.157334775    
  0.164826900    
  0.172319040    
  0.179811165    
  0.187303305    
  0.194795430    
  0.202287570    
  0.209779695    
  0.217271835    
  0.224763975    
  0.232256100    
  0.239748225    
  0.247240365    
  0.254732490    
  0.262224644    
  0.269716769    
  0.277208894    
  0.284701020    
  0.292193145    
  0.299685299    
  0.307177424    
  0.314669549    
  0.322161674    
  0.329653829    
  0.337145954    
  0.344638079    
  0.352130204    
  0.359622359    
  0.367114484    
   4.06736657E-02
   4.88083996E-02
   5.69431297E-02
   6.50778636E-02
   7.32126012E-02
   8.13473314E-02
   8.94820616E-02
   9.76167992E-02
  0.105751522    
  0.113886259    
  0.122020997    
  0.130155727    
  0.138290450    
  0.146425188    
  0.154559925    
  0.162694663    
  0.170829386    
  0.178964108    
  0.187098846    
  0.195233583    
  0.203368321    
  0.211503044    
  0.219637796    
  0.227772519    
  0.235907242    
  0.244041994    
  0.252176732    
  0.260311455    
  0.268446207    
  0.276580930    
  0.284715682    
  0.292850405    
  0.300985128    
  0.309119850    
  0.317254573    
  0.325389326    
  0.333524048    
  0.341658801    
  0.349793524    
  0.357928246    
  0.366062999    
  0.374197692    
  0.382332444    
  0.390467197    
  0.398601919    
   4.38371152E-02
   5.26045412E-02
   6.13719597E-02
   7.01393858E-02
   7.89068118E-02
   8.76742303E-02
   9.64416564E-02
  0.105209082    
  0.113976493    
  0.122743919    
  0.131511346    
  0.140278772    
  0.149046183    
  0.157813609    
  0.166581035    
  0.175348461    
  0.184115872    
  0.192883298    
  0.201650724    
  0.210418150    
  0.219185576    
  0.227952987    
  0.236720428    
  0.245487839    
  0.254255265    
  0.263022691    
  0.271790117    
  0.280557543    
  0.289324969    
  0.298092395    
  0.306859821    
  0.315627247    
  0.324394643    
  0.333162069    
  0.341929495    
  0.350696921    
  0.359464347    
  0.368231773    
  0.376999199    
  0.385766625    
  0.394534051    
  0.403301448    
  0.412068874    
  0.420836329    
  0.429603726    
   4.69471626E-02
   5.63365929E-02
   6.57260269E-02
   7.51154572E-02
   8.45048949E-02
   9.38943252E-02
  0.103283755    
  0.112673186    
  0.122062616    
  0.131452054    
  0.140841484    
  0.150230914    
  0.159620330    
  0.169009775    
  0.178399205    
  0.187788650    
  0.197178066    
  0.206567496    
  0.215956926    
  0.225346372    
  0.234735802    
  0.244125232    
  0.253514677    
  0.262904108    
  0.272293508    
  0.281682968    
  0.291072398    
  0.300461829    
  0.309851259    
  0.319240689    
  0.328630149    
  0.338019580    
  0.347408980    
  0.356798410    
  0.366187841    
  0.375577301    
  0.384966701    
  0.394356161    
  0.403745592    
  0.413135022    
  0.422524452    
  0.431913853    
  0.441303313    
  0.450692743    
  0.460082173    
   5.00000007E-02
   6.00000024E-02
   7.00000003E-02
   7.99999982E-02
   9.00000036E-02
  0.100000001    
  0.109999999    
  0.120000005    
  0.129999995    
  0.140000001    
  0.150000006    
  0.159999996    
  0.169999987    
  0.179999992    
  0.189999998    
  0.200000003    
  0.209999993    
  0.219999984    
  0.229999989    
  0.239999995    
  0.250000000    
  0.259999990    
  0.270000011    
  0.280000001    
  0.289999992    
  0.300000012    
  0.310000002    
  0.319999993    
  0.330000013    
  0.340000004    
  0.350000024    
  0.360000014    
  0.370000005    
  0.379999995    
  0.389999986    
  0.400000006    
  0.409999996    
  0.420000017    
  0.430000007    
  0.439999998    
  0.450000018    
  0.459999979    
  0.469999999    
  0.480000019    
  0.490000010    
   5.29919267E-02
   6.35903180E-02
   7.41886944E-02
   8.47870782E-02
   9.53854695E-02
  0.105983853    
  0.116582237    
  0.127180636    
  0.137778997    
  0.148377389    
  0.158975780    
  0.169574156    
  0.180172533    
  0.190770924    
  0.201369315    
  0.211967707    
  0.222566083    
  0.233164459    
  0.243762851    
  0.254361242    
  0.264959633    
  0.275557995    
  0.286156416    
  0.296754777    
  0.307353169    
  0.317951560    
  0.328549951    
  0.339148313    
  0.349746734    
  0.360345095    
  0.370943516    
  0.381541878    
  0.392140269    
  0.402738631    
  0.413337022    
  0.423935413    
  0.434533805    
  0.445132196    
  0.455730587    
  0.466328949    
  0.476927370    
  0.487525702    
  0.498124123    
  0.508722544    
  0.519320905    
   5.59192970E-02
   6.71031550E-02
   7.82870129E-02
   8.94708708E-02
  0.100654736    
  0.111838594    
  0.123022452    
  0.134206310    
  0.145390168    
  0.156574026    
  0.167757899    
  0.178941742    
  0.190125585    
  0.201309457    
  0.212493315    
  0.223677188    
  0.234861031    
  0.246044889    
  0.257228762    
  0.268412620    
  0.279596478    
  0.290780336    
  0.301964194    
  0.313148052    
  0.324331909    
  0.335515797    
  0.346699625    
  0.357883483    
  0.369067371    
  0.380251199    
  0.391435087    
  0.402618945    
  0.413802803    
  0.424986631    
  0.436170489    
  0.447354376    
  0.458538234    
  0.469722092    
  0.480905950    
  0.492089808    
  0.503273666    
  0.514457524    
  0.525641382    
  0.536825240    
  0.548009098    
   5.87785244E-02
   7.05342293E-02
   8.22899342E-02
   9.40456390E-02
  0.105801351    
  0.117557049    
  0.129312754    
  0.141068459    
  0.152824163    
  0.164579868    
  0.176335573    
  0.188091278    
  0.199846968    
  0.211602673    
  0.223358393    
  0.235114098    
  0.246869788    
  0.258625478    
  0.270381212    
  0.282136917    
  0.293892622    
  0.305648327    
  0.317404032    
  0.329159737    
  0.340915442    
  0.352671146    
  0.364426851    
  0.376182556    
  0.387938291    
  0.399693966    
  0.411449701    
  0.423205405    
  0.434961081    
  0.446716785    
  0.458472461    
  0.470228195    
  0.481983900    
  0.493739635    
  0.505495310    
  0.517251015    
  0.529006720    
  0.540762424    
  0.552518129    
  0.564273834    
  0.576029539    
   6.15661517E-02
   7.38793835E-02
   8.61926079E-02
   9.85058397E-02
  0.110819072    
  0.123132303    
  0.135445535    
  0.147758767    
  0.160071984    
  0.172385216    
  0.184698462    
  0.197011679    
  0.209324896    
  0.221638128    
  0.233951375    
  0.246264607    
  0.258577824    
  0.270891041    
  0.283204287    
  0.295517504    
  0.307830751    
  0.320143968    
  0.332457215    
  0.344770432    
  0.357083648    
  0.369396925    
  0.381710142    
  0.394023359    
  0.406336606    
  0.418649822    
  0.430963069    
  0.443276286    
  0.455589503    
  0.467902750    
  0.480215967    
  0.492529213    
  0.504842401    
  0.517155707    
  0.529468894    
  0.541782141    
  0.554095387    
  0.566408575    
  0.578721821    
  0.591035068    
  0.603348255    
   6.42787665E-02
   7.71345198E-02
   8.99902657E-02
  0.102846019    
  0.115701780    
  0.128557533    
  0.141413286    
  0.154269040    
  0.167124778    
  0.179980531    
  0.192836300    
  0.205692038    
  0.218547776    
  0.231403545    
  0.244259298    
  0.257115066    
  0.269970804    
  0.282826543    
  0.295682311    
  0.308538049    
  0.321393818    
  0.334249556    
  0.347105324    
  0.359961063    
  0.372816831    
  0.385672599    
  0.398528337    
  0.411384076    
  0.424239844    
  0.437095582    
  0.449951380    
  0.462807119    
  0.475662857    
  0.488518596    
  0.501374364    
  0.514230132    
  0.527085841    
  0.539941609    
  0.552797377    
  0.565653145    
  0.578508914    
  0.591364622    
  0.604220390    
  0.617076159    
  0.629931867    
   6.69130608E-02
   8.02956745E-02
   9.36782882E-02
  0.107060894    
  0.120443515    
  0.133826122    
  0.147208735    
  0.160591349    
  0.173973963    
  0.187356576    
  0.200739190    
  0.214121789    
  0.227504387    
  0.240887016    
  0.254269630    
  0.267652243    
  0.281034857    
  0.294417441    
  0.307800084    
  0.321182698    
  0.334565312    
  0.347947925    
  0.361330539    
  0.374713153    
  0.388095737    
  0.401478380    
  0.414860994    
  0.428243577    
  0.441626221    
  0.455008835    
  0.468391478    
  0.481774062    
  0.495156676    
  0.508539259    
  0.521921873    
  0.535304487    
  0.548687100    
  0.562069774    
  0.575452328    
  0.588834941    
  0.602217615    
  0.615600169    
  0.628982782    
  0.642365396    
  0.655748010    
   6.94658384E-02
   8.33590105E-02
   9.72521752E-02
  0.111145340    
  0.125038520    
  0.138931677    
  0.152824849    
  0.166718021    
  0.180611178    
  0.194504350    
  0.208397523    
  0.222290680    
  0.236183837    
  0.250077009    
  0.263970196    
  0.277863353    
  0.291756511    
  0.305649668    
  0.319542855    
  0.333436012    
  0.347329199    
  0.361222357    
  0.375115544    
  0.389008701    
  0.402901858    
  0.416795045    
  0.430688202    
  0.444581360    
  0.458474547    
  0.472367704    
  0.486260921    
  0.500154078    
  0.514047205    
  0.527940392    
  0.541833520    
  0.555726707    
  0.569619894    
  0.583513081    
  0.597406209    
  0.611299396    
  0.625192583    
  0.639085710    
  0.652978897    
  0.666872084    
  0.680765271    
   7.19339773E-02
   8.63207802E-02
  0.100707568    
  0.115094364    
  0.129481167    
  0.143867955    
  0.158254758    
  0.172641560    
  0.187028334    
  0.201415136    
  0.215801939    
  0.230188727    
  0.244575515    
  0.258962303    
  0.273349106    
  0.287735909    
  0.302122712    
  0.316509485    
  0.330896288    
  0.345283091    
  0.359669894    
  0.374056667    
  0.388443500    
  0.402830273    
  0.417217076    
  0.431603879    
  0.445990682    
  0.460377455    
  0.474764287    
  0.489151061    
  0.503537893    
  0.517924666    
  0.532311440    
  0.546698213    
  0.561084986    
  0.575471818    
  0.589858592    
  0.604245424    
  0.618632257    
  0.633019030    
  0.647405863    
  0.661792576    
  0.676179409    
  0.690566242    
  0.704953015    
   7.43144900E-02
   8.91773850E-02
  0.104040280    
  0.118903175    
  0.133766085    
  0.148628980    
  0.163491875    
  0.178354770    
  0.193217665    
  0.208080560    
  0.222943470    
  0.237806350    
  0.252669245    
  0.267532140    
  0.282395035    
  0.297257960    
  0.312120825    
  0.326983720    
  0.341846615    
  0.356709540    
  0.371572435    
  0.386435330    
  0.401298255    
  0.416161120    
  0.431024015    
  0.445886940    
  0.460749835    
  0.475612700    
  0.490475625    
  0.505338490    
  0.520201445    
  0.535064340    
  0.549927235    
  0.564790070    
  0.579652965    
  0.594515920    
  0.609378815    
  0.624241710    
  0.639104605    
  0.653967500    
  0.668830395    
  0.683693230    
  0.698556185    
  0.713419080    
  0.728281975    
   7.66044483E-02
   9.19253379E-02
  0.107246220    
  0.122567110    
  0.137887999    
  0.153208897    
  0.168529779    
  0.183850676    
  0.199171543    
  0.214492440    
  0.229813337    
  0.245134220    
  0.260455102    
  0.275775999    
  0.291096896    
  0.306417793    
  0.321738660    
  0.337059528    
  0.352380425    
  0.367701322    
  0.383022219    
  0.398343086    
  0.413664013    
  0.428984880    
  0.444305748    
  0.459626675    
  0.474947542    
  0.490268439    
  0.505589366    
  0.520910203    
  0.536231160    
  0.551551998    
  0.566872895    
  0.582193792    
  0.597514629    
  0.612835586    
  0.628156424    
  0.643477380    
  0.658798218    
  0.674119115    
  0.689440012    
  0.704760849    
  0.720081747    
  0.735402703    
  0.750723541    
   7.88010806E-02
   9.45612937E-02
  0.110321507    
  0.126081720    
  0.141841948    
  0.157602161    
  0.173362374    
  0.189122587    
  0.204882801    
  0.220643014    
  0.236403242    
  0.252163440    
  0.267923653    
  0.283683866    
  0.299444079    
  0.315204322    
  0.330964506    
  0.346724719    
  0.362484932    
  0.378245175    
  0.394005388    
  0.409765601    
  0.425525844    
  0.441286027    
  0.457046241    
  0.472806484    
  0.488566697    
  0.504326880    
  0.520087123    
  0.535847306    
  0.551607609    
  0.567367792    
  0.583127975    
  0.598888159    
  0.614648402    
  0.630408645    
  0.646168828    
  0.661929071    
  0.677689254    
  0.693449497    
  0.709209740    
  0.724969864    
  0.740730107    
  0.756490350    
  0.772250593    
   8.09017047E-02
   9.70820412E-02
  0.113262378    
  0.129442722    
  0.145623073    
  0.161803409    
  0.177983746    
  0.194164082    
  0.210344419    
  0.226524755    
  0.242705107    
  0.258885443    
  0.275065750    
  0.291246116    
  0.307426453    
  0.323606819    
  0.339787126    
  0.355967462    
  0.372147799    
  0.388328165    
  0.404508501    
  0.420688838    
  0.436869204    
  0.453049511    
  0.469229847    
  0.485410213    
  0.501590550    
  0.517770886    
  0.533951223    
  0.550131559    
  0.566311955    
  0.582492292    
  0.598672569    
  0.614852905    
  0.631033242    
  0.647213638    
  0.663393915    
  0.679574311    
  0.695754647    
  0.711934984    
  0.728115320    
  0.744295597    
  0.760475993    
  0.776656330    
  0.792836666    
   8.29037651E-02
   9.94845182E-02
  0.116065264    
  0.132646009    
  0.149226770    
  0.165807530    
  0.182388276    
  0.198969036    
  0.215549767    
  0.232130527    
  0.248711288    
  0.265292019    
  0.281872779    
  0.298453540    
  0.315034300    
  0.331615061    
  0.348195791    
  0.364776522    
  0.381357282    
  0.397938043    
  0.414518803    
  0.431099534    
  0.447680324    
  0.464261055    
  0.480841786    
  0.497422576    
  0.514003336    
  0.530584037    
  0.547164857    
  0.563745558    
  0.580326378    
  0.596907079    
  0.613487840    
  0.630068600    
  0.646649301    
  0.663230121    
  0.679810822    
  0.696391642    
  0.712972343    
  0.729553103    
  0.746133864    
  0.762714565    
  0.779295325    
  0.795876145    
  0.812456846    
   8.48048106E-02
  0.101765774    
  0.118726730    
  0.135687694    
  0.152648658    
  0.169609621    
  0.186570585    
  0.203531548    
  0.220492497    
  0.237453461    
  0.254414439    
  0.271375388    
  0.288336337    
  0.305297285    
  0.322258264    
  0.339219242    
  0.356180191    
  0.373141140    
  0.390102118    
  0.407063067    
  0.424024045    
  0.440984994    
  0.457945973    
  0.474906921    
  0.491867870    
  0.508828878    
  0.525789797    
  0.542750776    
  0.559711754    
  0.576672733    
  0.593633711    
  0.610594630    
  0.627555609    
  0.644516528    
  0.661477506    
  0.678438485    
  0.695399404    
  0.712360442    
  0.729321361    
  0.746282339    
  0.763243318    
  0.780204237    
  0.797165215    
  0.814126194    
  0.831087172    
   8.66025463E-02
  0.103923060    
  0.121243566    
  0.138564065    
  0.155884594    
  0.173205093    
  0.190525591    
  0.207846120    
  0.225166604    
  0.242487133    
  0.259807646    
  0.277128130    
  0.294448644    
  0.311769158    
  0.329089671    
  0.346410185    
  0.363730669    
  0.381051183    
  0.398371696    
  0.415692210    
  0.433012724    
  0.450333208    
  0.467653751    
  0.484974265    
  0.502294719    
  0.519615293    
  0.536935806    
  0.554256260    
  0.571576834    
  0.588897288    
  0.606217861    
  0.623538375    
  0.640858829    
  0.658179343    
  0.675499797    
  0.692820370    
  0.710140884    
  0.727461398    
  0.744781911    
  0.762102365    
  0.779422939    
  0.796743393    
  0.814063907    
  0.831384480    
  0.848704934    
   8.82947668E-02
  0.105953716    
  0.123612665    
  0.141271621    
  0.158930585    
  0.176589534    
  0.194248483    
  0.211907431    
  0.229566380    
  0.247225329    
  0.264884293    
  0.282543242    
  0.300202161    
  0.317861140    
  0.335520089    
  0.353179067    
  0.370837986    
  0.388496935    
  0.406155884    
  0.423814863    
  0.441473812    
  0.459132761    
  0.476791739    
  0.494450659    
  0.512109578    
  0.529768586    
  0.547427535    
  0.565086484    
  0.582745433    
  0.600404382    
  0.618063390    
  0.635722339    
  0.653381228    
  0.671040177    
  0.688699126    
  0.706358135    
  0.724017024    
  0.741676033    
  0.759334981    
  0.776993930    
  0.794652879    
  0.812311769    
  0.829970777    
  0.847629726    
  0.865288675    
   8.98794085E-02
  0.107855290    
  0.125831172    
  0.143807039    
  0.161782935    
  0.179758817    
  0.197734684    
  0.215710580    
  0.233686447    
  0.251662344    
  0.269638240    
  0.287614077    
  0.305589944    
  0.323565841    
  0.341541737    
  0.359517634    
  0.377493501    
  0.395469368    
  0.413445234    
  0.431421131    
  0.449397027    
  0.467372894    
  0.485348821    
  0.503324687    
  0.521300554    
  0.539276481    
  0.557252347    
  0.575228155    
  0.593204081    
  0.611179948    
  0.629155874    
  0.647131741    
  0.665107608    
  0.683083475    
  0.701059341    
  0.719035268    
  0.737011135    
  0.754987061    
  0.772962928    
  0.790938735    
  0.808914661    
  0.826890469    
  0.844866395    
  0.862842321    
  0.880818188    
   9.13545489E-02
  0.109625466    
  0.127896369    
  0.146167278    
  0.164438188    
  0.182709098    
  0.200980008    
  0.219250932    
  0.237521812    
  0.255792737    
  0.274063647    
  0.292334557    
  0.310605437    
  0.328876376    
  0.347147286    
  0.365418196    
  0.383689106    
  0.401959985    
  0.420230895    
  0.438501835    
  0.456772745    
  0.475043625    
  0.493314594    
  0.511585474    
  0.529856384    
  0.548127294    
  0.566398203    
  0.584669113    
  0.602940023    
  0.621210933    
  0.639481902    
  0.657752752    
  0.676023662    
  0.694294572    
  0.712565482    
  0.730836391    
  0.749107301    
  0.767378271    
  0.785649121    
  0.803920031    
  0.822191000    
  0.840461791    
  0.858732760    
  0.877003729    
  0.895274580    
   9.27183852E-02
  0.111262068    
  0.129805744    
  0.148349419    
  0.166893110    
  0.185436770    
  0.203980446    
  0.222524136    
  0.241067797    
  0.259611487    
  0.278155178    
  0.296698838    
  0.315242499    
  0.333786190    
  0.352329850    
  0.370873541    
  0.389417201    
  0.407960862    
  0.426504552    
  0.445048243    
  0.463591933    
  0.482135594    
  0.500679314    
  0.519222975    
  0.537766635    
  0.556310356    
  0.574854016    
  0.593397677    
  0.611941397    
  0.630485058    
  0.649028778    
  0.667572439    
  0.686116099    
  0.704659700    
  0.723203361    
  0.741747081    
  0.760290742    
  0.778834462    
  0.797378123    
  0.815921783    
  0.834465504    
  0.853009105    
  0.871552825    
  0.890096545    
  0.908640206    
   9.39692706E-02
  0.112763129    
  0.131556973    
  0.150350824    
  0.169144690    
  0.187938541    
  0.206732392    
  0.225526258    
  0.244320080    
  0.263113946    
  0.281907827    
  0.300701648    
  0.319495499    
  0.338289350    
  0.357083201    
  0.375877082    
  0.394670904    
  0.413464755    
  0.432258606    
  0.451052487    
  0.469846338    
  0.488640159    
  0.507434070    
  0.526227891    
  0.545021713    
  0.563815653    
  0.582609475    
  0.601403296    
  0.620197177    
  0.638990998    
  0.657784939    
  0.676578760    
  0.695372581    
  0.714166403    
  0.732960284    
  0.751754165    
  0.770547986    
  0.789341867    
  0.808135688    
  0.826929569    
  0.845723450    
  0.864517212    
  0.883311093    
  0.902105033    
  0.920898855    
   9.51056555E-02
  0.114126787    
  0.133147910    
  0.152169049    
  0.171190187    
  0.190211311    
  0.209232435    
  0.228253573    
  0.247274697    
  0.266295820    
  0.285316974    
  0.304338098    
  0.323359191    
  0.342380345    
  0.361401469    
  0.380422622    
  0.399443746    
  0.418464839    
  0.437485993    
  0.456507117    
  0.475528270    
  0.494549394    
  0.513570547    
  0.532591641    
  0.551612794    
  0.570633948    
  0.589655042    
  0.608676195    
  0.627697349    
  0.646718442    
  0.665739596    
  0.684760749    
  0.703781843    
  0.722802937    
  0.741824090    
  0.760845244    
  0.779866338    
  0.798887551    
  0.817908645    
  0.836929739    
  0.855950892    
  0.874971986    
  0.893993139    
  0.913014293    
  0.932035446    
   9.61261690E-02
  0.115351409    
  0.134576634    
  0.153801873    
  0.173027113    
  0.192252338    
  0.211477578    
  0.230702817    
  0.249928027    
  0.269153267    
  0.288378507    
  0.307603747    
  0.326828957    
  0.346054196    
  0.365279436    
  0.384504676    
  0.403729886    
  0.422955126    
  0.442180365    
  0.461405605    
  0.480630845    
  0.499856055    
  0.519081354    
  0.538306534    
  0.557531774    
  0.576757014    
  0.595982254    
  0.615207493    
  0.634432733    
  0.653657973    
  0.672883213    
  0.692108452    
  0.711333632    
  0.730558872    
  0.749784112    
  0.769009352    
  0.788234591    
  0.807459831    
  0.826685071    
  0.845910311    
  0.865135550    
  0.884360731    
  0.903585970    
  0.922811270    
  0.942036450    
   9.70295742E-02
  0.116435491    
  0.135841399    
  0.155247316    
  0.174653232    
  0.194059148    
  0.213465065    
  0.232870981    
  0.252276868    
  0.271682799    
  0.291088730    
  0.310494632    
  0.329900533    
  0.349306434    
  0.368712366    
  0.388118297    
  0.407524198    
  0.426930100    
  0.446336001    
  0.465741932    
  0.485147864    
  0.504553735    
  0.523959696    
  0.543365598    
  0.562771499    
  0.582177460    
  0.601583362    
  0.620989263    
  0.640395224    
  0.659801126    
  0.679207027    
  0.698612928    
  0.718018830    
  0.737424731    
  0.756830633    
  0.776236594    
  0.795642495    
  0.815048456    
  0.834454358    
  0.853860259    
  0.873266160    
  0.892672002    
  0.912077963    
  0.931483924    
  0.950889826    
   9.78147611E-02
  0.117377721    
  0.136940673    
  0.156503618    
  0.176066577    
  0.195629522    
  0.215192482    
  0.234755442    
  0.254318386    
  0.273881346    
  0.293444306    
  0.313007236    
  0.332570165    
  0.352133125    
  0.371696085    
  0.391259044    
  0.410822004    
  0.430384934    
  0.449947894    
  0.469510853    
  0.489073813    
  0.508636773    
  0.528199732    
  0.547762692    
  0.567325592    
  0.586888611    
  0.606451511    
  0.626014471    
  0.645577431    
  0.665140390    
  0.684703410    
  0.704266310    
  0.723829269    
  0.743392169    
  0.762955129    
  0.782518089    
  0.802081048    
  0.821644068    
  0.841206968    
  0.860769928    
  0.880332887    
  0.899895787    
  0.919458747    
  0.939021766    
  0.958584666    
   9.84807834E-02
  0.118176937    
  0.137873098    
  0.157569245    
  0.177265406    
  0.196961567    
  0.216657713    
  0.236353874    
  0.256050020    
  0.275746197    
  0.295442343    
  0.315138489    
  0.334834635    
  0.354530782    
  0.374226958    
  0.393923134    
  0.413619250    
  0.433315396    
  0.453011572    
  0.472707719    
  0.492403895    
  0.512100041    
  0.531796217    
  0.551492393    
  0.571188509    
  0.590884686    
  0.610580862    
  0.630276978    
  0.649973154    
  0.669669330    
  0.689365506    
  0.709061623    
  0.728757799    
  0.748453915    
  0.768150032    
  0.787846267    
  0.807542384    
  0.827238560    
  0.846934736    
  0.866630852    
  0.886327028    
  0.906023145    
  0.925719321    
  0.945415497    
  0.965111673    
   9.90268067E-02
  0.118832171    
  0.138637528    
  0.158442885    
  0.178248256    
  0.198053613    
  0.217858970    
  0.237664342    
  0.257469684    
  0.277275056    
  0.297080427    
  0.316885769    
  0.336691111    
  0.356496483    
  0.376301855    
  0.396107227    
  0.415912569    
  0.435717911    
  0.455523282    
  0.475328654    
  0.495134026    
  0.514939368    
  0.534744740    
  0.554550111    
  0.574355483    
  0.594160855    
  0.613966167    
  0.633771539    
  0.653576910    
  0.673382282    
  0.693187654    
  0.712993026    
  0.732798338    
  0.752603710    
  0.772409081    
  0.792214453    
  0.812019825    
  0.831825197    
  0.851630509    
  0.871435881    
  0.891241252    
  0.911046565    
  0.930851996    
  0.950657368    
  0.970462680    
   9.94521901E-02
  0.119342633    
  0.139233068    
  0.159123510    
  0.179013953    
  0.198904380    
  0.218794823    
  0.238685265    
  0.258575678    
  0.278466135    
  0.298356593    
  0.318247020    
  0.338137418    
  0.358027875    
  0.377918333    
  0.397808760    
  0.417699188    
  0.437589616    
  0.457480073    
  0.477370501    
  0.497260958    
  0.517151356    
  0.537041843    
  0.556932271    
  0.576822698    
  0.596713185    
  0.616603613    
  0.636494040    
  0.656384468    
  0.676274896    
  0.696165383    
  0.716055810    
  0.735946238    
  0.755836666    
  0.775727093    
  0.795617521    
  0.815507948    
  0.835398436    
  0.855288863    
  0.875179291    
  0.895069778    
  0.914960146    
  0.934850574    
  0.954741061    
  0.974631488    
   9.97564122E-02
  0.119707696    
  0.139658973    
  0.159610242    
  0.179561540    
  0.199512824    
  0.219464093    
  0.239415392    
  0.259366661    
  0.279317945    
  0.299269229    
  0.319220483    
  0.339171767    
  0.359123051    
  0.379074335    
  0.399025649    
  0.418976903    
  0.438928157    
  0.458879441    
  0.478830755    
  0.498782039    
  0.518733323    
  0.538684607    
  0.558635890    
  0.578587174    
  0.598538458    
  0.618489742    
  0.638440967    
  0.658392310    
  0.678343594    
  0.698294878    
  0.718246162    
  0.738197446    
  0.758148670    
  0.778099954    
  0.798051298    
  0.818002522    
  0.837953866    
  0.857905149    
  0.877856374    
  0.897807717    
  0.917758882    
  0.937710226    
  0.957661569    
  0.977612793    
   9.99390855E-02
  0.119926907    
  0.139914721    
  0.159902528    
  0.179890364    
  0.199878171    
  0.219865978    
  0.239853814    
  0.259841621    
  0.279829443    
  0.299817264    
  0.319805056    
  0.339792848    
  0.359780699    
  0.379768521    
  0.399756342    
  0.419744134    
  0.439731926    
  0.459719777    
  0.479707599    
  0.499695420    
  0.519683242    
  0.539671063    
  0.559658885    
  0.579646647    
  0.599634528    
  0.619622350    
  0.639610112    
  0.659597993    
  0.679585755    
  0.699573636    
  0.719561458    
  0.739549220    
  0.759537041    
  0.779524803    
  0.799512684    
  0.819500506    
  0.839488328    
  0.859476149    
  0.879463911    
  0.899451792    
  0.919439554    
  0.939427376    
  0.959415257    
  0.979403019    
