   0.00000000    
   0.00000000    
   0.00000000    
   0.00000000    
   0.00000000    
   0.00000000    
   0.00000000    
   0.00000000    
   0.00000000    
   0.00000000    
   0.00000000    
   0.00000000    
   0.00000000    
   0.00000000    
   0.00000000    
   0.00000000    
   0.00000000    
   0.00000000    
   0.00000000    
   0.00000000    
   0.00000000    
   0.00000000    
   0.00000000    
   0.00000000    
   0.00000000    
   0.00000000    
   0.00000000    
   0.00000000    
   0.00000000    
   0.00000000    
   0.00000000    
   0.00000000    
   0.00000000    
   0.00000000    
   0.00000000    
   0.00000000    
   0.00000000    
   0.00000000    
   0.00000000    
   0.00000000    
   0.00000000    
   0.00000000    
   0.00000000    
   0.00000000    
   0.00000000    
   0.00000000    
   0.00000000    
   0.00000000    
   0.00000000    
   0.00000000    
   3.14107607E-03
   3.70646990E-03
   4.27186396E-03
   4.83725732E-03
   5.40265068E-03
   5.96804451E-03
   6.53343834E-03
   7.09883124E-03
   7.66422553E-03
   8.22961889E-03
   8.79501272E-03
   9.36040748E-03
   9.92580038E-03
   1.04911942E-02
   1.10565871E-02
   1.16219819E-02
   1.21873748E-02
   1.27527686E-02
   1.33181615E-02
   1.38835562E-02
   1.44489501E-02
   1.50143430E-02
   1.55797377E-02
   1.61451306E-02
   1.67105254E-02
   1.72759183E-02
   1.78413130E-02
   1.84067041E-02
   1.89720988E-02
   1.95374936E-02
   2.01028883E-02
   2.06682812E-02
   2.12336741E-02
   2.17990689E-02
   2.23644618E-02
   2.29298566E-02
   2.34952476E-02
   2.40606442E-02
   2.46260371E-02
   2.51914300E-02
   2.57568266E-02
   2.63222177E-02
   2.68876124E-02
   2.74530053E-02
   2.80184001E-02
   2.85837930E-02
   2.91491859E-02
   2.97145788E-02
   3.02799735E-02
   3.08453664E-02
   6.27905224E-03
   7.40928156E-03
   8.53951089E-03
   9.66973975E-03
   1.07999686E-02
   1.19301984E-02
   1.30604282E-02
   1.41906561E-02
   1.53208859E-02
   1.64511167E-02
   1.75813455E-02
   1.87115762E-02
   1.98418032E-02
   2.09720340E-02
   2.21022610E-02
   2.32324935E-02
   2.43627205E-02
   2.54929513E-02
   2.66231783E-02
   2.77534109E-02
   2.88836397E-02
   3.00138686E-02
   3.11440974E-02
   3.22743282E-02
   3.34045589E-02
   3.45347859E-02
   3.56650166E-02
   3.67952436E-02
   3.79254743E-02
   3.90557013E-02
   4.01859358E-02
   4.13161628E-02
   4.24463935E-02
   4.35766205E-02
   4.47068512E-02
   4.58370820E-02
   4.69673090E-02
   4.80975397E-02
   4.92277704E-02
   5.03579974E-02
   5.14882319E-02
   5.26184551E-02
   5.37486859E-02
   5.48789166E-02
   5.60091473E-02
   5.71393743E-02
   5.82696013E-02
   5.93998320E-02
   6.05300628E-02
   6.16602898E-02
   9.41083115E-03
   1.11047812E-02
   1.27987312E-02
   1.44926803E-02
   1.61866285E-02
   1.78805795E-02
   1.95745304E-02
   2.12684777E-02
   2.29624268E-02
   2.46563777E-02
   2.63503287E-02
   2.80442778E-02
   2.97382250E-02
   3.14321741E-02
   3.31261232E-02
   3.48200761E-02
   3.65140252E-02
   3.82079743E-02
   3.99019234E-02
   4.15958762E-02
   4.32898253E-02
   4.49837707E-02
   4.66777235E-02
   4.83716726E-02
   5.00656217E-02
   5.17595746E-02
   5.34535237E-02
   5.51474690E-02
   5.68414181E-02
   5.85353673E-02
   6.02293238E-02
   6.19232692E-02
   6.36172220E-02
   6.53111711E-02
   6.70051202E-02
   6.86990693E-02
   7.03930184E-02
   7.20869675E-02
   7.37809241E-02
   7.54748657E-02
   7.71688223E-02
   7.88627639E-02
   8.05567205E-02
   8.22506696E-02
   8.39446187E-02
   8.56385678E-02
   8.73325095E-02
   8.90264660E-02
   9.07204151E-02
   9.24143642E-02
   1.25333238E-02
   1.47893215E-02
   1.70453209E-02
   1.93013176E-02
   2.15573143E-02
   2.38133147E-02
   2.60693133E-02
   2.83253081E-02
   3.05813085E-02
   3.28373052E-02
   3.50933075E-02
   3.73493060E-02
   3.96053009E-02
   4.18612994E-02
   4.41172943E-02
   4.63732965E-02
   4.86292914E-02
   5.08852936E-02
   5.31412885E-02
   5.53972907E-02
   5.76532893E-02
   5.99092841E-02
   6.21652827E-02
   6.44212812E-02
   6.66772798E-02
   6.89332783E-02
   7.11892769E-02
   7.34452680E-02
   7.57012740E-02
   7.79572725E-02
   8.02132785E-02
   8.24692696E-02
   8.47252682E-02
   8.69812667E-02
   8.92372653E-02
   9.14932638E-02
   9.37492549E-02
   9.60052609E-02
   9.82612595E-02
  0.100517251    
  0.102773257    
  0.105029248    
  0.107285246    
  0.109541252    
  0.111797251    
  0.114053249    
  0.116309240    
  0.118565239    
  0.120821238    
  0.123077236    
   1.56434476E-02
   1.84592679E-02
   2.12750901E-02
   2.40909085E-02
   2.69067287E-02
   2.97225509E-02
   3.25383730E-02
   3.53541896E-02
   3.81700099E-02
   4.09858301E-02
   4.38016541E-02
   4.66174744E-02
   4.94332910E-02
   5.22491150E-02
   5.50649315E-02
   5.78807555E-02
   6.06965758E-02
   6.35123923E-02
   6.63282126E-02
   6.91440403E-02
   7.19598606E-02
   7.47756809E-02
   7.75915012E-02
   8.04073215E-02
   8.32231417E-02
   8.60389620E-02
   8.88547823E-02
   9.16705951E-02
   9.44864228E-02
   9.73022431E-02
  0.100118071    
  0.102933884    
  0.105749704    
  0.108565524    
  0.111381352    
  0.114197172    
  0.117012985    
  0.119828813    
  0.122644633    
  0.125460446    
  0.128276274    
  0.131092086    
  0.133907914    
  0.136723727    
  0.139539555    
  0.142355382    
  0.145171195    
  0.147987008    
  0.150802836    
  0.153618649    
   1.87381320E-02
   2.21109949E-02
   2.54838597E-02
   2.88567226E-02
   3.22295837E-02
   3.56024504E-02
   3.89753133E-02
   4.23481725E-02
   4.57210392E-02
   4.90939021E-02
   5.24667688E-02
   5.58396317E-02
   5.92124909E-02
   6.25853539E-02
   6.59582168E-02
   6.93310872E-02
   7.27039427E-02
   7.60768130E-02
   7.94496685E-02
   8.28225389E-02
   8.61954018E-02
   8.95682648E-02
   9.29411277E-02
   9.63139907E-02
   9.96868610E-02
  0.103059724    
  0.106432587    
  0.109805442    
  0.113178305    
  0.116551176    
  0.119924046    
  0.123296902    
  0.126669765    
  0.130042627    
  0.133415490    
  0.136788368    
  0.140161216    
  0.143534094    
  0.146906957    
  0.150279805    
  0.153652683    
  0.157025546    
  0.160398409    
  0.163771272    
  0.167144135    
  0.170516998    
  0.173889846    
  0.177262723    
  0.180635586    
  0.184008449    
   2.18143258E-02
   2.57409047E-02
   2.96674836E-02
   3.35940607E-02
   3.75206396E-02
   4.14472185E-02
   4.53737974E-02
   4.93003726E-02
   5.32269515E-02
   5.71535304E-02
   6.10801131E-02
   6.50066882E-02
   6.89332634E-02
   7.28598461E-02
   7.67864212E-02
   8.07130039E-02
   8.46395791E-02
   8.85661617E-02
   9.24927294E-02
   9.64193195E-02
  0.100345902    
  0.104272470    
  0.108199053    
  0.112125635    
  0.116052210    
  0.119978793    
  0.123905376    
  0.127831936    
  0.131758526    
  0.135685101    
  0.139611691    
  0.143538266    
  0.147464842    
  0.151391417    
  0.155318007    
  0.159244582    
  0.163171142    
  0.167097747    
  0.171024323    
  0.174950883    
  0.178877473    
  0.182804048    
  0.186730623    
  0.190657213    
  0.194583789    
  0.198510364    
  0.202436939    
  0.206363514    
  0.210290089    
  0.214216679    
   2.48689912E-02
   2.93454081E-02
   3.38218287E-02
   3.82982455E-02
   4.27746624E-02
   4.72510830E-02
   5.17274998E-02
   5.62039129E-02
   6.06803335E-02
   6.51567504E-02
   6.96331710E-02
   7.41095915E-02
   7.85860047E-02
   8.30624253E-02
   8.75388384E-02
   9.20152664E-02
   9.64916795E-02
  0.100968100    
  0.105444513    
  0.109920941    
  0.114397362    
  0.118873768    
  0.123350188    
  0.127826616    
  0.132303029    
  0.136779457    
  0.141255870    
  0.145732269    
  0.150208697    
  0.154685110    
  0.159161553    
  0.163637951    
  0.168114379    
  0.172590792    
  0.177067220    
  0.181543633    
  0.186020046    
  0.190496475    
  0.194972903    
  0.199449301    
  0.203925729    
  0.208402142    
  0.212878555    
  0.217354983    
  0.221831396    
  0.226307824    
  0.230784222    
  0.235260651    
  0.239737064    
  0.244213492    
   2.78991107E-02
   3.29209492E-02
   3.79427932E-02
   4.29646298E-02
   4.79864664E-02
   5.30083105E-02
   5.80301508E-02
   6.30519837E-02
   6.80738240E-02
   7.30956644E-02
   7.81175122E-02
   8.31393525E-02
   8.81611854E-02
   9.31830257E-02
   9.82048586E-02
  0.103226706    
  0.108248539    
  0.113270387    
  0.118292220    
  0.123314068    
  0.128335908    
  0.133357748    
  0.138379589    
  0.143401429    
  0.148423269    
  0.153445110    
  0.158466950    
  0.163488775    
  0.168510616    
  0.173532456    
  0.178554311    
  0.183576137    
  0.188597992    
  0.193619832    
  0.198641673    
  0.203663513    
  0.208685338    
  0.213707194    
  0.218729034    
  0.223750859    
  0.228772715    
  0.233794540    
  0.238816381    
  0.243838221    
  0.248860076    
  0.253881902    
  0.258903742    
  0.263925582    
  0.268947423    
  0.273969263    
   3.09017003E-02
   3.64640057E-02
   4.20263149E-02
   4.75886166E-02
   5.31509221E-02
   5.87132312E-02
   6.42755404E-02
   6.98378384E-02
   7.54001439E-02
   8.09624493E-02
   8.65247622E-02
   9.20870677E-02
   9.76493657E-02
  0.103211679    
  0.108773977    
  0.114336289    
  0.119898595    
  0.125460893    
  0.131023198    
  0.136585519    
  0.142147824    
  0.147710130    
  0.153272435    
  0.158834741    
  0.164397046    
  0.169959351    
  0.175521657    
  0.181083947    
  0.186646268    
  0.192208573    
  0.197770894    
  0.203333184    
  0.208895490    
  0.214457795    
  0.220020115    
  0.225582421    
  0.231144711    
  0.236707032    
  0.242269337    
  0.247831628    
  0.253393948    
  0.258956254    
  0.264518559    
  0.270080864    
  0.275643170    
  0.281205475    
  0.286767781    
  0.292330086    
  0.297892392    
  0.303454697    
   3.38737927E-02
   3.99710760E-02
   4.60683629E-02
   5.21656424E-02
   5.82629219E-02
   6.43602088E-02
   7.04574883E-02
   7.65547678E-02
   8.26520547E-02
   8.87493342E-02
   9.48466212E-02
  0.100943908    
  0.107041180    
  0.113138467    
  0.119235739    
  0.125333041    
  0.131430313    
  0.137527600    
  0.143624872    
  0.149722174    
  0.155819446    
  0.161916733    
  0.168014020    
  0.174111292    
  0.180208579    
  0.186305866    
  0.192403153    
  0.198500425    
  0.204597697    
  0.210694984    
  0.216792300    
  0.222889557    
  0.228986844    
  0.235084131    
  0.241181418    
  0.247278705    
  0.253375977    
  0.259473264    
  0.265570551    
  0.271667808    
  0.277765125    
  0.283862382    
  0.289959669    
  0.296056956    
  0.302154243    
  0.308251530    
  0.314348787    
  0.320446074    
  0.326543361    
  0.332640648    
   3.68124545E-02
   4.34386954E-02
   5.00649400E-02
   5.66911809E-02
   6.33174181E-02
   6.99436590E-02
   7.65699074E-02
   8.31961408E-02
   8.98223817E-02
   9.64486301E-02
  0.103074871    
  0.109701119    
  0.116327353    
  0.122953594    
  0.129579827    
  0.136206090    
  0.142832324    
  0.149458557    
  0.156084791    
  0.162711054    
  0.169337288    
  0.175963521    
  0.182589769    
  0.189216018    
  0.195842266    
  0.202468500    
  0.209094748    
  0.215720966    
  0.222347215    
  0.228973463    
  0.235599726    
  0.242225945    
  0.248852193    
  0.255478442    
  0.262104690    
  0.268730938    
  0.275357157    
  0.281983405    
  0.288609654    
  0.295235872    
  0.301862150    
  0.308488369    
  0.315114617    
  0.321740866    
  0.328367114    
  0.334993333    
  0.341619581    
  0.348245800    
  0.354872048    
  0.361498296    
   3.97147909E-02
   4.68634516E-02
   5.40121160E-02
   6.11607768E-02
   6.83094338E-02
   7.54581019E-02
   8.26067626E-02
   8.97554159E-02
   9.69040841E-02
  0.104052745    
  0.111201413    
  0.118350074    
  0.125498727    
  0.132647395    
  0.139796048    
  0.146944717    
  0.154093370    
  0.161242038    
  0.168390691    
  0.175539374    
  0.182688028    
  0.189836681    
  0.196985349    
  0.204134017    
  0.211282685    
  0.218431354    
  0.225580007    
  0.232728645    
  0.239877313    
  0.247025982    
  0.254174680    
  0.261323303    
  0.268471986    
  0.275620639    
  0.282769293    
  0.289917976    
  0.297066599    
  0.304215312    
  0.311363965    
  0.318512619    
  0.325661302    
  0.332809925    
  0.339958608    
  0.347107261    
  0.354255915    
  0.361404598    
  0.368553221    
  0.375701904    
  0.382850558    
  0.389999241    
   4.25779335E-02
   5.02419583E-02
   5.79059906E-02
   6.55700117E-02
   7.32340366E-02
   8.08980688E-02
   8.85621011E-02
   9.62261185E-02
  0.103890151    
  0.111554176    
  0.119218208    
  0.126882240    
  0.134546250    
  0.142210290    
  0.149874300    
  0.157538354    
  0.165202364    
  0.172866389    
  0.180530414    
  0.188194454    
  0.195858493    
  0.203522503    
  0.211186543    
  0.218850568    
  0.226514593    
  0.234178632    
  0.241842657    
  0.249506667    
  0.257170707    
  0.264834732    
  0.272498786    
  0.280162781    
  0.287826806    
  0.295490831    
  0.303154886    
  0.310818911    
  0.318482906    
  0.326146960    
  0.333810985    
  0.341475010    
  0.349139065    
  0.356803060    
  0.364467084    
  0.372131139    
  0.379795164    
  0.387459189    
  0.395123184    
  0.402787209    
  0.410451263    
  0.418115288    
   4.53990512E-02
   5.35708815E-02
   6.17427155E-02
   6.99145421E-02
   7.80863687E-02
   8.62581953E-02
   9.44300294E-02
  0.102601849    
  0.110773683    
  0.118945517    
  0.127117351    
  0.135289177    
  0.143461004    
  0.151632831    
  0.159804642    
  0.167976499    
  0.176148310    
  0.184320152    
  0.192491964    
  0.200663805    
  0.208835647    
  0.217007458    
  0.225179300    
  0.233351126    
  0.241522953    
  0.249694794    
  0.257866621    
  0.266038418    
  0.274210274    
  0.282382101    
  0.290553957    
  0.298725754    
  0.306897581    
  0.315069437    
  0.323241264    
  0.331413090    
  0.339584887    
  0.347756743    
  0.355928570    
  0.364100397    
  0.372272253    
  0.380444050    
  0.388615876    
  0.396787733    
  0.404959559    
  0.413131386    
  0.421303183    
  0.429475009    
  0.437646866    
  0.445818692    
   4.81753722E-02
   5.68469390E-02
   6.55185059E-02
   7.41900727E-02
   8.28616321E-02
   9.15332064E-02
  0.100204773    
  0.108876325    
  0.117547899    
  0.126219466    
  0.134891033    
  0.143562615    
  0.152234167    
  0.160905734    
  0.169577286    
  0.178248867    
  0.186920434    
  0.195592001    
  0.204263553    
  0.212935135    
  0.221606717    
  0.230278268    
  0.238949835    
  0.247621402    
  0.256292969    
  0.264964551    
  0.273636103    
  0.282307655    
  0.290979236    
  0.299650788    
  0.308322400    
  0.316993922    
  0.325665504    
  0.334337085    
  0.343008637    
  0.351680219    
  0.360351771    
  0.369023353    
  0.377694935    
  0.386366457    
  0.395038068    
  0.403709620    
  0.412381172    
  0.421052754    
  0.429724306    
  0.438395888    
  0.447067440    
  0.455738991    
  0.464410573    
  0.473082125    
   5.09041436E-02
   6.00668900E-02
   6.92296401E-02
   7.83923790E-02
   8.75551179E-02
   9.67178717E-02
  0.105880618    
  0.115043350    
  0.124206103    
  0.133368850    
  0.142531604    
  0.151694342    
  0.160857081    
  0.170019835    
  0.179182574    
  0.188345328    
  0.197508067    
  0.206670821    
  0.215833545    
  0.224996313    
  0.234159067    
  0.243321791    
  0.252484530    
  0.261647284    
  0.270810038    
  0.279972792    
  0.289135545    
  0.298298270    
  0.307461023    
  0.316623747    
  0.325786531    
  0.334949255    
  0.344112009    
  0.353274763    
  0.362437516    
  0.371600240    
  0.380762964    
  0.389925748    
  0.399088502    
  0.408251226    
  0.417414010    
  0.426576704    
  0.435739458    
  0.444902211    
  0.454064965    
  0.463227719    
  0.472390443    
  0.481553167    
  0.490715921    
  0.499878675    
   5.35826795E-02
   6.32275641E-02
   7.28724524E-02
   8.25173259E-02
   9.21622068E-02
  0.101807088    
  0.111451976    
  0.121096849    
  0.130741730    
  0.140386626    
  0.150031507    
  0.159676388    
  0.169321254    
  0.178966150    
  0.188611016    
  0.198255926    
  0.207900792    
  0.217545673    
  0.227190539    
  0.236835450    
  0.246480331    
  0.256125212    
  0.265770078    
  0.275414973    
  0.285059869    
  0.294704735    
  0.304349631    
  0.313994497    
  0.323639363    
  0.333284259    
  0.342929184    
  0.352574021    
  0.362218916    
  0.371863812    
  0.381508678    
  0.391153574    
  0.400798440    
  0.410443336    
  0.420088232    
  0.429733098    
  0.439377993    
  0.449022859    
  0.458667755    
  0.468312621    
  0.477957517    
  0.487602413    
  0.497247249    
  0.506892145    
  0.516537011    
  0.526181936    
   5.62083386E-02
   6.63258359E-02
   7.64433444E-02
   8.65608379E-02
   9.66783315E-02
  0.106795840    
  0.116913341    
  0.127030835    
  0.137148336    
  0.147265837    
  0.157383338    
  0.167500854    
  0.177618340    
  0.187735841    
  0.197853327    
  0.207970843    
  0.218088329    
  0.228205845    
  0.238323331    
  0.248440847    
  0.258558363    
  0.268675834    
  0.278793335    
  0.288910836    
  0.299028367    
  0.309145868    
  0.319263369    
  0.329380840    
  0.339498341    
  0.349615842    
  0.359733373    
  0.369850844    
  0.379968345    
  0.390085846    
  0.400203347    
  0.410320878    
  0.420438349    
  0.430555880    
  0.440673381    
  0.450790852    
  0.460908383    
  0.471025854    
  0.481143355    
  0.491260856    
  0.501378357    
  0.511495888    
  0.521613359    
  0.531730831    
  0.541848361    
  0.551965833    
   5.87785244E-02
   6.93586618E-02
   7.99387991E-02
   9.05189291E-02
  0.101099059    
  0.111679196    
  0.122259334    
  0.132839456    
  0.143419594    
  0.153999731    
  0.164579868    
  0.175160006    
  0.185740128    
  0.196320266    
  0.206900388    
  0.217480540    
  0.228060663    
  0.238640800    
  0.249220923    
  0.259801090    
  0.270381212    
  0.280961335    
  0.291541487    
  0.302121609    
  0.312701762    
  0.323281884    
  0.333862036    
  0.344442129    
  0.355022281    
  0.365602404    
  0.376182586    
  0.386762679    
  0.397342831    
  0.407922953    
  0.418503106    
  0.429083228    
  0.439663351    
  0.450243503    
  0.460823655    
  0.471403748    
  0.481983930    
  0.492564023    
  0.503144145    
  0.513724327    
  0.524304450    
  0.534884572    
  0.545464694    
  0.556044817    
  0.566624939    
  0.577205122    
   6.12907074E-02
   7.23230317E-02
   8.33553672E-02
   9.43876877E-02
  0.105420008    
  0.116452336    
  0.127484664    
  0.138516977    
  0.149549320    
  0.160581648    
  0.171613976    
  0.182646304    
  0.193678617    
  0.204710945    
  0.215743259    
  0.226775616    
  0.237807930    
  0.248840258    
  0.259872556    
  0.270904928    
  0.281937242    
  0.292969555    
  0.304001898    
  0.315034211    
  0.326066554    
  0.337098897    
  0.348131210    
  0.359163523    
  0.370195836    
  0.381228179    
  0.392260551    
  0.403292835    
  0.414325178    
  0.425357491    
  0.436389834    
  0.447422147    
  0.458454460    
  0.469486833    
  0.480519146    
  0.491551459    
  0.502583802    
  0.513616085    
  0.524648428    
  0.535680771    
  0.546713114    
  0.557745457    
  0.568777740    
  0.579810083    
  0.590842366    
  0.601874709    
   6.37424067E-02
   7.52160400E-02
   8.66896734E-02
   9.81633067E-02
  0.109636933    
  0.121110566    
  0.132584199    
  0.144057825    
  0.155531466    
  0.167005092    
  0.178478733    
  0.189952374    
  0.201425985    
  0.212899625    
  0.224373251    
  0.235846907    
  0.247320518    
  0.258794159    
  0.270267785    
  0.281741440    
  0.293215066    
  0.304688692    
  0.316162318    
  0.327635974    
  0.339109600    
  0.350583225    
  0.362056881    
  0.373530477    
  0.385004103    
  0.396477759    
  0.407951415    
  0.419425011    
  0.430898666    
  0.442372292    
  0.453845918    
  0.465319574    
  0.476793170    
  0.488266855    
  0.499740481    
  0.511214077    
  0.522687733    
  0.534161329    
  0.545634985    
  0.557108641    
  0.568582296    
  0.580055892    
  0.591529489    
  0.603003144    
  0.614476800    
  0.625950396    
   6.61311895E-02
   7.80348033E-02
   8.99384171E-02
  0.101842023    
  0.113745637    
  0.125649258    
  0.137552872    
  0.149456471    
  0.161360085    
  0.173263699    
  0.185167328    
  0.197070941    
  0.208974540    
  0.220878154    
  0.232781753    
  0.244685397    
  0.256588995    
  0.268492609    
  0.280396193    
  0.292299837    
  0.304203451    
  0.316107064    
  0.328010678    
  0.339914292    
  0.351817906    
  0.363721520    
  0.375625163    
  0.387528718    
  0.399432361    
  0.411335975    
  0.423239619    
  0.435143203    
  0.447046816    
  0.458950430    
  0.470854044    
  0.482757688    
  0.494661242    
  0.506564915    
  0.518468499    
  0.530372083    
  0.542275786    
  0.554179370    
  0.566082954    
  0.577986598    
  0.589890182    
  0.601793826    
  0.613697410    
  0.625600994    
  0.637504637    
  0.649408221    
   6.84547126E-02
   8.07765648E-02
   9.30984169E-02
  0.105420254    
  0.117742099    
  0.130063951    
  0.142385811    
  0.154707640    
  0.167029485    
  0.179351345    
  0.191673189    
  0.203995049    
  0.216316879    
  0.228638738    
  0.240960568    
  0.253282428    
  0.265604258    
  0.277926117    
  0.290247947    
  0.302569836    
  0.314891696    
  0.327213526    
  0.339535356    
  0.351857215    
  0.364179075    
  0.376500934    
  0.388822794    
  0.401144594    
  0.413466454    
  0.425788283    
  0.438110203    
  0.450432003    
  0.462753862    
  0.475075722    
  0.487397552    
  0.499719411    
  0.512041211    
  0.524363101    
  0.536684990    
  0.549006760    
  0.561328709    
  0.573650479    
  0.585972369    
  0.598294199    
  0.610616028    
  0.622937918    
  0.635259688    
  0.647581577    
  0.659903407    
  0.672225296    
   7.07106814E-02
   8.34385976E-02
   9.61665288E-02
  0.108894445    
  0.121622361    
  0.134350285    
  0.147078216    
  0.159806117    
  0.172534049    
  0.185261965    
  0.197989896    
  0.210717827    
  0.223445728    
  0.236173660    
  0.248901561    
  0.261629522    
  0.274357408    
  0.287085354    
  0.299813241    
  0.312541187    
  0.325269133    
  0.337997019    
  0.350724965    
  0.363452882    
  0.376180798    
  0.388908744    
  0.401636660    
  0.414364547    
  0.427092463    
  0.439820409    
  0.452548355    
  0.465276241    
  0.478004187    
  0.490732104    
  0.503460050    
  0.516187966    
  0.528915823    
  0.541643798    
  0.554371715    
  0.567099631    
  0.579827607    
  0.592555463    
  0.605283380    
  0.618011296    
  0.630739272    
  0.643467188    
  0.656195045    
  0.668922961    
  0.681650937    
  0.694378853    
   7.28968680E-02
   8.60183015E-02
   9.91397426E-02
  0.112261176    
  0.125382602    
  0.138504043    
  0.151625484    
  0.164746910    
  0.177868351    
  0.190989792    
  0.204111233    
  0.217232674    
  0.230354086    
  0.243475527    
  0.256596953    
  0.269718409    
  0.282839835    
  0.295961261    
  0.309082687    
  0.322204173    
  0.335325599    
  0.348447025    
  0.361568451    
  0.374689907    
  0.387811333    
  0.400932789    
  0.414054215    
  0.427175611    
  0.440297067    
  0.453418493    
  0.466539979    
  0.479661375    
  0.492782831    
  0.505904257    
  0.519025683    
  0.532147169    
  0.545268536    
  0.558390021    
  0.571511447    
  0.584632874    
  0.597754359    
  0.610875726    
  0.623997211    
  0.637118638    
  0.650240064    
  0.663361490    
  0.676482916    
  0.689604342    
  0.702725768    
  0.715847254    
   7.50111118E-02
   8.85131136E-02
  0.102015115    
  0.115517110    
  0.129019096    
  0.142521113    
  0.156023115    
  0.169525102    
  0.183027104    
  0.196529105    
  0.210031107    
  0.223533109    
  0.237035096    
  0.250537097    
  0.264039099    
  0.277541101    
  0.291043103    
  0.304545105    
  0.318047076    
  0.331549108    
  0.345051110    
  0.358553082    
  0.372055113    
  0.385557115    
  0.399059117    
  0.412561119    
  0.426063120    
  0.439565092    
  0.453067094    
  0.466569096    
  0.480071127    
  0.493573099    
  0.507075131    
  0.520577133    
  0.534079134    
  0.547581136    
  0.561083078    
  0.574585140    
  0.588087142    
  0.601589084    
  0.615091145    
  0.628593087    
  0.642095089    
  0.655597091    
  0.669099092    
  0.682601094    
  0.696103096    
  0.709605098    
  0.723107100    
  0.736609101    
   7.70513341E-02
   9.09205675E-02
  0.104789816    
  0.118659049    
  0.132528275    
  0.146397531    
  0.160266772    
  0.174135983    
  0.188005239    
  0.201874480    
  0.215743721    
  0.229612961    
  0.243482187    
  0.257351428    
  0.271220654    
  0.285089910    
  0.298959136    
  0.312828392    
  0.326697618    
  0.340566874    
  0.354436129    
  0.368305355    
  0.382174581    
  0.396043837    
  0.409913063    
  0.423782319    
  0.437651575    
  0.451520771    
  0.465389997    
  0.479259253    
  0.493128538    
  0.506997764    
  0.520866990    
  0.534736216    
  0.548605502    
  0.562474728    
  0.576343894    
  0.590213239    
  0.604082465    
  0.617951632    
  0.631820917    
  0.645690143    
  0.659559369    
  0.673428655    
  0.687297881    
  0.701167107    
  0.715036333    
  0.728905559    
  0.742774785    
  0.756644070    
   7.90155008E-02
   9.32382867E-02
  0.107461087    
  0.121683866    
  0.135906652    
  0.150129452    
  0.164352238    
  0.178575009    
  0.192797810    
  0.207020611    
  0.221243396    
  0.235466197    
  0.249688968    
  0.263911754    
  0.278134525    
  0.292357355    
  0.306580126    
  0.320802927    
  0.335025698    
  0.349248499    
  0.363471299    
  0.377694070    
  0.391916871    
  0.406139672    
  0.420362473    
  0.434585243    
  0.448808044    
  0.463030785    
  0.477253586    
  0.491476387    
  0.505699217    
  0.519921958    
  0.534144759    
  0.548367560    
  0.562590361    
  0.576813161    
  0.591035903    
  0.605258763    
  0.619481564    
  0.633704305    
  0.647927165    
  0.662149906    
  0.676372707    
  0.690595448    
  0.704818249    
  0.719041049    
  0.733263791    
  0.747486591    
  0.761709392    
  0.775932193    
   8.09017047E-02
   9.54640061E-02
  0.110026315    
  0.124588616    
  0.139150918    
  0.153713226    
  0.168275535    
  0.182837829    
  0.197400138    
  0.211962447    
  0.226524755    
  0.241087079    
  0.255649358    
  0.270211667    
  0.284773946    
  0.299336284    
  0.313898593    
  0.328460902    
  0.343023181    
  0.357585520    
  0.372147828    
  0.386710107    
  0.401272416    
  0.415834725    
  0.430397063    
  0.444959372    
  0.459521681    
  0.474083930    
  0.488646239    
  0.503208578    
  0.517770946    
  0.532333195    
  0.546895504    
  0.561457813    
  0.576020122    
  0.590582430    
  0.605144680    
  0.619707048    
  0.634269357    
  0.648831606    
  0.663393974    
  0.677956223    
  0.692518532    
  0.707080841    
  0.721643209    
  0.736205518    
  0.750767767    
  0.765330076    
  0.779892385    
  0.794454694    
   8.27080607E-02
   9.75955129E-02
  0.112482972    
  0.127370417    
  0.142257854    
  0.157145306    
  0.172032773    
  0.186920196    
  0.201807663    
  0.216695115    
  0.231582567    
  0.246470034    
  0.261357456    
  0.276244909    
  0.291132361    
  0.306019843    
  0.320907265    
  0.335794717    
  0.350682139    
  0.365569621    
  0.380457073    
  0.395344526    
  0.410231978    
  0.425119430    
  0.440006882    
  0.454894334    
  0.469781786    
  0.484669209    
  0.499556661    
  0.514444113    
  0.529331625    
  0.544219017    
  0.559106469    
  0.573993921    
  0.588881373    
  0.603768885    
  0.618656278    
  0.633543789    
  0.648431242    
  0.663318634    
  0.678206146    
  0.693093538    
  0.707980990    
  0.722868443    
  0.737755895    
  0.752643347    
  0.767530799    
  0.782418251    
  0.797305703    
  0.812193155    
   8.44327956E-02
   9.96306986E-02
  0.114828601    
  0.130026504    
  0.145224392    
  0.160422310    
  0.175620213    
  0.190818101    
  0.206016004    
  0.221213907    
  0.236411825    
  0.251609743    
  0.266807616    
  0.282005519    
  0.297203392    
  0.312401325    
  0.327599227    
  0.342797130    
  0.357995003    
  0.373192936    
  0.388390839    
  0.403588742    
  0.418786645    
  0.433984548    
  0.449182451    
  0.464380383    
  0.479578286    
  0.494776130    
  0.509974062    
  0.525171936    
  0.540369928    
  0.555567741    
  0.570765674    
  0.585963607    
  0.601161480    
  0.616359413    
  0.631557286    
  0.646755219    
  0.661953151    
  0.677150965    
  0.692348957    
  0.707546830    
  0.722744703    
  0.737942636    
  0.753140509    
  0.768338442    
  0.783536315    
  0.798734188    
  0.813932121    
  0.829129994    
   8.60742033E-02
  0.101567559    
  0.117060922    
  0.132554278    
  0.148047626    
  0.163540989    
  0.179034352    
  0.194527686    
  0.210021049    
  0.225514412    
  0.241007775    
  0.256501138    
  0.271994472    
  0.287487835    
  0.302981168    
  0.318474561    
  0.333967894    
  0.349461257    
  0.364954591    
  0.380447984    
  0.395941347    
  0.411434680    
  0.426928043    
  0.442421407    
  0.457914770    
  0.473408133    
  0.488901496    
  0.504394829    
  0.519888163    
  0.535381556    
  0.550874949    
  0.566368222    
  0.581861615    
  0.597354949    
  0.612848341    
  0.628341675    
  0.643835008    
  0.659328401    
  0.674821794    
  0.690315127    
  0.705808520    
  0.721301794    
  0.736795187    
  0.752288520    
  0.767781913    
  0.783275247    
  0.798768580    
  0.814261973    
  0.829755306    
  0.845248699    
   8.76306742E-02
  0.103404194    
  0.119177721    
  0.134951234    
  0.150724754    
  0.166498274    
  0.182271793    
  0.198045298    
  0.213818833    
  0.229592353    
  0.245365888    
  0.261139393    
  0.276912898    
  0.292686433    
  0.308459938    
  0.324233502    
  0.340006977    
  0.355780512    
  0.371554017    
  0.387327582    
  0.403101087    
  0.418874592    
  0.434648126    
  0.450421661    
  0.466195166    
  0.481968701    
  0.497742236    
  0.513515711    
  0.529289246    
  0.545062780    
  0.560836315    
  0.576609790    
  0.592383325    
  0.608156860    
  0.623930395    
  0.639703929    
  0.655477405    
  0.671250999    
  0.687024474    
  0.702797949    
  0.718571544    
  0.734345019    
  0.750118554    
  0.765892088    
  0.781665623    
  0.797439158    
  0.813212633    
  0.828986108    
  0.844759643    
  0.860533178    
   8.91006589E-02
  0.105138779    
  0.121176906    
  0.137215018    
  0.153253123    
  0.169291243    
  0.185329378    
  0.201367468    
  0.217405602    
  0.233443722    
  0.249481842    
  0.265519977    
  0.281558067    
  0.297596186    
  0.313634276    
  0.329672456    
  0.345710546    
  0.361748666    
  0.377786756    
  0.393824905    
  0.409863025    
  0.425901145    
  0.441939265    
  0.457977384    
  0.474015504    
  0.490053624    
  0.506091774    
  0.522129834    
  0.538167953    
  0.554206073    
  0.570244253    
  0.586282313    
  0.602320433    
  0.618358552    
  0.634396732    
  0.650434852    
  0.666472912    
  0.682511091    
  0.698549211    
  0.714587271    
  0.730625451    
  0.746663511    
  0.762701631    
  0.778739750    
  0.794777870    
  0.810815990    
  0.826854110    
  0.842892230    
  0.858930349    
  0.874968469    
   9.04827043E-02
  0.106769592    
  0.123056486    
  0.139343366    
  0.155630246    
  0.171917140    
  0.188204035    
  0.204490900    
  0.220777795    
  0.237064689    
  0.253351569    
  0.269638479    
  0.285925329    
  0.302212238    
  0.318499088    
  0.334786028    
  0.351072878    
  0.367359787    
  0.383646637    
  0.399933547    
  0.416220456    
  0.432507306    
  0.448794216    
  0.465081096    
  0.481368005    
  0.497654885    
  0.513941765    
  0.530228615    
  0.546515524    
  0.562802434    
  0.579089344    
  0.595376194    
  0.611663103    
  0.627950013    
  0.644236863    
  0.660523772    
  0.676810622    
  0.693097532    
  0.709384441    
  0.725671291    
  0.741958261    
  0.758245051    
  0.774531960    
  0.790818870    
  0.807105780    
  0.823392630    
  0.839679480    
  0.855966389    
  0.872253299    
  0.888540149    
   9.17754695E-02
  0.108295046    
  0.124814637    
  0.141334221    
  0.157853797    
  0.174373388    
  0.190892965    
  0.207412541    
  0.223932117    
  0.240451708    
  0.256971300    
  0.273490906    
  0.290010452    
  0.306530058    
  0.323049605    
  0.339569211    
  0.356088787    
  0.372608364    
  0.389127940    
  0.405647546    
  0.422167152    
  0.438686699    
  0.455206305    
  0.471725881    
  0.488245487    
  0.504765093    
  0.521284640    
  0.537804186    
  0.554323792    
  0.570843399    
  0.587363005    
  0.603882551    
  0.620402157    
  0.636921704    
  0.653441310    
  0.669960916    
  0.686480463    
  0.703000069    
  0.719519675    
  0.736039221    
  0.752558887    
  0.769078374    
  0.785597980    
  0.802117586    
  0.818637192    
  0.835156739    
  0.851676285    
  0.868195891    
  0.884715497    
  0.901235044    
   9.29776505E-02
  0.109713629    
  0.126449615    
  0.143185586    
  0.159921542    
  0.176657528    
  0.193393514    
  0.210129470    
  0.226865456    
  0.243601441    
  0.260337412    
  0.277073413    
  0.293809354    
  0.310545325    
  0.327281296    
  0.344017297    
  0.360753268    
  0.377489239    
  0.394225210    
  0.410961211    
  0.427697182    
  0.444433153    
  0.461169124    
  0.477905124    
  0.494641095    
  0.511377096    
  0.528113067    
  0.544848979    
  0.561584949    
  0.578320980    
  0.595057011    
  0.611792922    
  0.628528893    
  0.645264864    
  0.662000895    
  0.678736866    
  0.695472777    
  0.712208807    
  0.728944778    
  0.745680749    
  0.762416780    
  0.779152691    
  0.795888662    
  0.812624693    
  0.829360664    
  0.846096635    
  0.862832546    
  0.879568517    
  0.896304548    
  0.913040519    
   9.40880775E-02
  0.111023933    
  0.127959788    
  0.144895643    
  0.161831483    
  0.178767338    
  0.195703208    
  0.212639034    
  0.229574904    
  0.246510759    
  0.263446629    
  0.280382484    
  0.297318310    
  0.314254165    
  0.331189990    
  0.348125905    
  0.365061730    
  0.381997585    
  0.398933411    
  0.415869296    
  0.432805151    
  0.449741006    
  0.466676861    
  0.483612716    
  0.500548601    
  0.517484426    
  0.534420311    
  0.551356077    
  0.568291962    
  0.585227847    
  0.602163732    
  0.619099557    
  0.636035383    
  0.652971268    
  0.669907153    
  0.686842978    
  0.703778803    
  0.720714688    
  0.737650573    
  0.754586399    
  0.771522284    
  0.788458109    
  0.805393934    
  0.822329819    
  0.839265645    
  0.856201530    
  0.873137355    
  0.890073180    
  0.907009065    
  0.923944890    
   9.51056555E-02
  0.112224676    
  0.129343703    
  0.146462709    
  0.163581714    
  0.180700734    
  0.197819769    
  0.214938760    
  0.232057780    
  0.249176815    
  0.266295820    
  0.283414871    
  0.300533861    
  0.317652881    
  0.334771872    
  0.351890922    
  0.369009912    
  0.386128932    
  0.403247952    
  0.420367002    
  0.437486023    
  0.454605013    
  0.471724033    
  0.488843054    
  0.505962074    
  0.523081124    
  0.540200114    
  0.557319105    
  0.574438095    
  0.591557145    
  0.608676255    
  0.625795186    
  0.642914236    
  0.660033226    
  0.677152276    
  0.694271266    
  0.711390257    
  0.728509367    
  0.745628357    
  0.762747347    
  0.779866397    
  0.796985388    
  0.814104378    
  0.831223428    
  0.848342478    
  0.865461469    
  0.882580459    
  0.899699450    
  0.916818500    
  0.933937490    
   9.60293710E-02
  0.113314658    
  0.130599946    
  0.147885233    
  0.165170506    
  0.182455808    
  0.199741095    
  0.217026368    
  0.234311655    
  0.251596957    
  0.268882245    
  0.286167532    
  0.303452790    
  0.320738077    
  0.338023365    
  0.355308682    
  0.372593939    
  0.389879227    
  0.407164514    
  0.424449831    
  0.441735119    
  0.459020376    
  0.476305664    
  0.493590951    
  0.510876238    
  0.528161526    
  0.545446873    
  0.562732100    
  0.580017388    
  0.597302675    
  0.614588022    
  0.631873250    
  0.649158537    
  0.666443825    
  0.683729112    
  0.701014400    
  0.718299687    
  0.735585034    
  0.752870321    
  0.770155549    
  0.787440896    
  0.804726124    
  0.822011411    
  0.839296699    
  0.856581986    
  0.873867273    
  0.891152561    
  0.908437848    
  0.925723135    
  0.943008423    
   9.68583152E-02
  0.114292815    
  0.131727323    
  0.149161801    
  0.166596293    
  0.184030801    
  0.201465309    
  0.218899772    
  0.236334279    
  0.253768772    
  0.271203279    
  0.288637787    
  0.306072265    
  0.323506773    
  0.340941250    
  0.358375788    
  0.375810266    
  0.393244743    
  0.410679221    
  0.428113759    
  0.445548266    
  0.462982744    
  0.480417252    
  0.497851759    
  0.515286267    
  0.532720745    
  0.550155282    
  0.567589700    
  0.585024178    
  0.602458715    
  0.619893253    
  0.637327731    
  0.654762208    
  0.672196746    
  0.689631224    
  0.707065701    
  0.724500179    
  0.741934717    
  0.759369254    
  0.776803672    
  0.794238269    
  0.811672688    
  0.829107225    
  0.846541703    
  0.863976181    
  0.881410718    
  0.898845136    
  0.916279674    
  0.933714151    
  0.951148689    
   9.75916833E-02
  0.115158185    
  0.132724687    
  0.150291190    
  0.167857677    
  0.185424194    
  0.202990696    
  0.220557183    
  0.238123685    
  0.255690187    
  0.273256719    
  0.290823221    
  0.308389693    
  0.325956196    
  0.343522698    
  0.361089230    
  0.378655702    
  0.396222204    
  0.413788676    
  0.431355238    
  0.448921740    
  0.466488212    
  0.484054714    
  0.501621246    
  0.519187748    
  0.536754251    
  0.554320753    
  0.571887195    
  0.589453697    
  0.607020259    
  0.624586821    
  0.642153263    
  0.659719765    
  0.677286267    
  0.694852769    
  0.712419271    
  0.729985714    
  0.747552276    
  0.765118837    
  0.782685280    
  0.800251842    
  0.817818284    
  0.835384786    
  0.852951288    
  0.870517790    
  0.888084292    
  0.905650795    
  0.923217297    
  0.940783799    
  0.958350301    
   9.82287303E-02
  0.115909904    
  0.133591086    
  0.151272237    
  0.168953404    
  0.186634585    
  0.204315767    
  0.221996903    
  0.239678085    
  0.257359266    
  0.275040448    
  0.292721629    
  0.310402781    
  0.328083932    
  0.345765084    
  0.363446295    
  0.381127447    
  0.398808628    
  0.416489780    
  0.434170991    
  0.451852173    
  0.469533294    
  0.487214476    
  0.504895687    
  0.522576869    
  0.540257990    
  0.557939172    
  0.575620294    
  0.593301475    
  0.610982656    
  0.628663898    
  0.646345019    
  0.664026201    
  0.681707382    
  0.699388564    
  0.717069745    
  0.734750867    
  0.752432108    
  0.770113289    
  0.787794411    
  0.805475652    
  0.823156774    
  0.840837896    
  0.858519077    
  0.876200259    
  0.893881440    
  0.911562562    
  0.929243743    
  0.946924925    
  0.964606106    
   9.87688377E-02
  0.116547227    
  0.134325624    
  0.152104005    
  0.169882387    
  0.187660784    
  0.205439180    
  0.223217547    
  0.240995944    
  0.258774340    
  0.276552737    
  0.294331133    
  0.312109500    
  0.329887897    
  0.347666264    
  0.365444690    
  0.383223057    
  0.401001453    
  0.418779820    
  0.436558247    
  0.454336643    
  0.472115010    
  0.489893407    
  0.507671833    
  0.525450230    
  0.543228626    
  0.561007023    
  0.578785360    
  0.596563756    
  0.614342153    
  0.632120609    
  0.649898946    
  0.667677343    
  0.685455739    
  0.703234136    
  0.721012533    
  0.738790870    
  0.756569326    
  0.774347723    
  0.792126060    
  0.809904516    
  0.827682853    
  0.845461249    
  0.863239646    
  0.881018043    
  0.898796439    
  0.916574776    
  0.934353173    
  0.952131569    
  0.969909966    
   9.92114767E-02
  0.117069535    
  0.134927616    
  0.152785674    
  0.170643717    
  0.188501790    
  0.206359863    
  0.224217907    
  0.242075980    
  0.259934038    
  0.277792126    
  0.295650184    
  0.313508242    
  0.331366301    
  0.349224359    
  0.367082447    
  0.384940505    
  0.402798563    
  0.420656621    
  0.438514709    
  0.456372768    
  0.474230826    
  0.492088884    
  0.509946942    
  0.527805030    
  0.545663118    
  0.563521206    
  0.581379175    
  0.599237263    
  0.617095351    
  0.634953439    
  0.652811468    
  0.670669556    
  0.688527644    
  0.706385672    
  0.724243760    
  0.742101789    
  0.759959936    
  0.777817965    
  0.795675993    
  0.813534141    
  0.831392109    
  0.849250197    
  0.867108285    
  0.884966373    
  0.902824402    
  0.920682430    
  0.938540518    
  0.956398606    
  0.974256635    
   9.95562002E-02
  0.117476314    
  0.135396436    
  0.153316543    
  0.171236649    
  0.189156771    
  0.207076892    
  0.224996984    
  0.242917106    
  0.260837227    
  0.278757364    
  0.296677470    
  0.314597577    
  0.332517684    
  0.350437790    
  0.368357927    
  0.386278033    
  0.404198140    
  0.422118247    
  0.440038383    
  0.457958519    
  0.475878596    
  0.493798733    
  0.511718869    
  0.529638946    
  0.547559083    
  0.565479219    
  0.583399296    
  0.601319373    
  0.619239509    
  0.637159705    
  0.655079782    
  0.672999859    
  0.690919995    
  0.708840132    
  0.726760268    
  0.744680285    
  0.762600482    
  0.780520618    
  0.798440695    
  0.816360831    
  0.834280908    
  0.852201045    
  0.870121181    
  0.888041258    
  0.905961394    
  0.923881471    
  0.941801608    
  0.959721684    
  0.977641821    
   9.98026729E-02
  0.117767155    
  0.135731637    
  0.153696120    
  0.171660587    
  0.189625069    
  0.207589567    
  0.225554019    
  0.243518516    
  0.261482984    
  0.279447496    
  0.297411978    
  0.315376431    
  0.333340913    
  0.351305366    
  0.369269907    
  0.387234360    
  0.405198842    
  0.423163295    
  0.441127807    
  0.459092289    
  0.477056772    
  0.495021254    
  0.512985766    
  0.530950248    
  0.548914731    
  0.566879213    
  0.584843636    
  0.602808118    
  0.620772600    
  0.638737142    
  0.656701565    
  0.674666047    
  0.692630529    
  0.710595071    
  0.728559554    
  0.746523976    
  0.764488518    
  0.782453001    
  0.800417423    
  0.818381965    
  0.836346388    
  0.854310870    
  0.872275352    
  0.890239835    
  0.908204377    
  0.926168799    
  0.944133282    
  0.962097764    
  0.980062246    
   9.99506637E-02
  0.117941782    
  0.135932907    
  0.153924018    
  0.171915129    
  0.189906254    
  0.207897380    
  0.225888476    
  0.243879601    
  0.261870712    
  0.279861838    
  0.297852963    
  0.315844059    
  0.333835185    
  0.351826280    
  0.369817436    
  0.387808532    
  0.405799657    
  0.423790753    
  0.441781908    
  0.459773034    
  0.477764130    
  0.495755255    
  0.513746381    
  0.531737506    
  0.549728632    
  0.567719758    
  0.585710824    
  0.603701949    
  0.621693075    
  0.639684260    
  0.657675326    
  0.675666451    
  0.693657577    
  0.711648703    
  0.729639828    
  0.747630894    
  0.765622079    
  0.783613205    
  0.801604271    
  0.819595456    
  0.837586522    
  0.855577648    
  0.873568773    
  0.891559899    
  0.909551024    
  0.927542090    
  0.945533216    
  0.963524342    
  0.981515467    
