   0.00000000    
   0.00000000    
   0.00000000    
   0.00000000    
   0.00000000    
   0.00000000    
   0.00000000    
   0.00000000    
   0.00000000    
   0.00000000    
   0.00000000    
   0.00000000    
   0.00000000    
   0.00000000    
   0.00000000    
   0.00000000    
   0.00000000    
   0.00000000    
   0.00000000    
   0.00000000    
   0.00000000    
   0.00000000    
   0.00000000    
   0.00000000    
   0.00000000    
   0.00000000    
   0.00000000    
   0.00000000    
   0.00000000    
   0.00000000    
   0.00000000    
   0.00000000    
   0.00000000    
   0.00000000    
   0.00000000    
   0.00000000    
   0.00000000    
   0.00000000    
   0.00000000    
   0.00000000    
   0.00000000    
   0.00000000    
   0.00000000    
   0.00000000    
   0.00000000    
   0.00000000    
   0.00000000    
   0.00000000    
   0.00000000    
   0.00000000    
   0.00000000    
   0.00000000    
   0.00000000    
   0.00000000    
   0.00000000    
   0.00000000    
   0.00000000    
   0.00000000    
   0.00000000    
   0.00000000    
   2.61769514E-03
   3.01034935E-03
   3.40300333E-03
   3.79565754E-03
   4.18831175E-03
   4.58096666E-03
   4.97362064E-03
   5.36627462E-03
   5.75892907E-03
   6.15158305E-03
   6.54423749E-03
   6.93689147E-03
   7.32954592E-03
   7.72219989E-03
   8.11485481E-03
   8.50750878E-03
   8.90016276E-03
   9.29281674E-03
   9.68547072E-03
   1.00781256E-02
   1.04707805E-02
   1.08634336E-02
   1.12560876E-02
   1.16487416E-02
   1.20413965E-02
   1.24340514E-02
   1.28267054E-02
   1.32193593E-02
   1.36120133E-02
   1.40046673E-02
   1.43973231E-02
   1.47899771E-02
   1.51826302E-02
   1.55752841E-02
   1.59679390E-02
   1.63605940E-02
   1.67532470E-02
   1.71459038E-02
   1.75385568E-02
   1.79312099E-02
   1.83238667E-02
   1.87165178E-02
   1.91091746E-02
   1.95018295E-02
   1.98944826E-02
   2.02871375E-02
   2.06797887E-02
   2.10724454E-02
   2.14650985E-02
   2.18577534E-02
   2.22504083E-02
   2.26430614E-02
   2.30357163E-02
   2.34283693E-02
   2.38210242E-02
   2.42136791E-02
   2.46063322E-02
   2.49989871E-02
   2.53916401E-02
   2.57842969E-02
   5.23359608E-03
   6.01863535E-03
   6.80367462E-03
   7.58871390E-03
   8.37375317E-03
   9.15879384E-03
   9.94383171E-03
   1.07288714E-02
   1.15139112E-02
   1.22989500E-02
   1.30839897E-02
   1.38690285E-02
   1.46540683E-02
   1.54391071E-02
   1.62241478E-02
   1.70091856E-02
   1.77942254E-02
   1.85792651E-02
   1.93643030E-02
   2.01493446E-02
   2.09343843E-02
   2.17194222E-02
   2.25044619E-02
   2.32894998E-02
   2.40745395E-02
   2.48595793E-02
   2.56446190E-02
   2.64296588E-02
   2.72146985E-02
   2.79997364E-02
   2.87847780E-02
   2.95698158E-02
   3.03548556E-02
   3.11398935E-02
   3.19249369E-02
   3.27099748E-02
   3.34950127E-02
   3.42800543E-02
   3.50650921E-02
   3.58501337E-02
   3.66351753E-02
   3.74202095E-02
   3.82052511E-02
   3.89902927E-02
   3.97753268E-02
   4.05603684E-02
   4.13454063E-02
   4.21304479E-02
   4.29154858E-02
   4.37005237E-02
   4.44855653E-02
   4.52706032E-02
   4.60556448E-02
   4.68406826E-02
   4.76257242E-02
   4.84107621E-02
   4.91958000E-02
   4.99808416E-02
   5.07658795E-02
   5.15509211E-02
   7.84591027E-03
   9.02279653E-03
   1.01996828E-02
   1.13765690E-02
   1.25534553E-02
   1.37303434E-02
   1.49072288E-02
   1.60841160E-02
   1.72610022E-02
   1.84378866E-02
   1.96147747E-02
   2.07916610E-02
   2.19685473E-02
   2.31454335E-02
   2.43223216E-02
   2.54992060E-02
   2.66760942E-02
   2.78529786E-02
   2.90298648E-02
   3.02067529E-02
   3.13836411E-02
   3.25605236E-02
   3.37374099E-02
   3.49142961E-02
   3.60911824E-02
   3.72680724E-02
   3.84449586E-02
   3.96218449E-02
   4.07987311E-02
   4.19756137E-02
   4.31525037E-02
   4.43293899E-02
   4.55062762E-02
   4.66831625E-02
   4.78600524E-02
   4.90369350E-02
   5.02138212E-02
   5.13907112E-02
   5.25675975E-02
   5.37444837E-02
   5.49213737E-02
   5.60982525E-02
   5.72751425E-02
   5.84520325E-02
   5.96289150E-02
   6.08058050E-02
   6.19826838E-02
   6.31595775E-02
   6.43364638E-02
   6.55133426E-02
   6.66902363E-02
   6.78671226E-02
   6.90440089E-02
   7.02208951E-02
   7.13977814E-02
   7.25746676E-02
   7.37515539E-02
   7.49284402E-02
   7.61053264E-02
   7.72822127E-02
   1.04528470E-02
   1.20207733E-02
   1.35886995E-02
   1.51566267E-02
   1.67245548E-02
   1.82924829E-02
   1.98604073E-02
   2.14283355E-02
   2.29962617E-02
   2.45641880E-02
   2.61321161E-02
   2.77000424E-02
   2.92679705E-02
   3.08358949E-02
   3.24038230E-02
   3.39717492E-02
   3.55396792E-02
   3.71076055E-02
   3.86755280E-02
   4.02434580E-02
   4.18113880E-02
   4.33793105E-02
   4.49472368E-02
   4.65151630E-02
   4.80830930E-02
   4.96510193E-02
   5.12189455E-02
   5.27868755E-02
   5.43547980E-02
   5.59227243E-02
   5.74906580E-02
   5.90585805E-02
   6.06265068E-02
   6.21944331E-02
   6.37623668E-02
   6.53302893E-02
   6.68982193E-02
   6.84661493E-02
   7.00340718E-02
   7.16020018E-02
   7.31699318E-02
   7.47378469E-02
   7.63057843E-02
   7.78737143E-02
   7.94416294E-02
   8.10095668E-02
   8.25774819E-02
   8.41454118E-02
   8.57133418E-02
   8.72812644E-02
   8.88491943E-02
   9.04171243E-02
   9.19850469E-02
   9.35529768E-02
   9.51209068E-02
   9.66888294E-02
   9.82567593E-02
   9.98246819E-02
  0.101392604    
  0.102960542    
   1.30526200E-02
   1.50105134E-02
   1.69684049E-02
   1.89262982E-02
   2.08841916E-02
   2.28420869E-02
   2.47999784E-02
   2.67578699E-02
   2.87157632E-02
   3.06736547E-02
   3.26315500E-02
   3.45894396E-02
   3.65473367E-02
   3.85052264E-02
   4.04631235E-02
   4.24210131E-02
   4.43789102E-02
   4.63367999E-02
   4.82946895E-02
   5.02525866E-02
   5.22104800E-02
   5.41683733E-02
   5.61262630E-02
   5.80841526E-02
   6.00420497E-02
   6.19999431E-02
   6.39578328E-02
   6.59157336E-02
   6.78736195E-02
   6.98315129E-02
   7.17894137E-02
   7.37472996E-02
   7.57051930E-02
   7.76630864E-02
   7.96209872E-02
   8.15788731E-02
   8.35367665E-02
   8.54946673E-02
   8.74525532E-02
   8.94104466E-02
   9.13683474E-02
   9.33262259E-02
   9.52841267E-02
   9.72420275E-02
   9.91999134E-02
  0.101157807    
  0.103115693    
  0.105073594    
  0.107031479    
  0.108989373    
  0.110947274    
  0.112905167    
  0.114863053    
  0.116820946    
  0.118778847    
  0.120736733    
  0.122694626    
  0.124652520    
  0.126610413    
  0.128568307    
   1.56434476E-02
   1.79899652E-02
   2.03364808E-02
   2.26829983E-02
   2.50295158E-02
   2.73760352E-02
   2.97225509E-02
   3.20690684E-02
   3.44155841E-02
   3.67620997E-02
   3.91086191E-02
   4.14551347E-02
   4.38016541E-02
   4.61481698E-02
   4.84946892E-02
   5.08412011E-02
   5.31877242E-02
   5.55342361E-02
   5.78807518E-02
   6.02272712E-02
   6.25737906E-02
   6.49203062E-02
   6.72668219E-02
   6.96133375E-02
   7.19598532E-02
   7.43063763E-02
   7.66528919E-02
   7.89994076E-02
   8.13459232E-02
   8.36924389E-02
   8.60389620E-02
   8.83854777E-02
   9.07319933E-02
   9.30785090E-02
   9.54250321E-02
   9.77715477E-02
  0.100118063    
  0.102464586    
  0.104811102    
  0.107157618    
  0.109504141    
  0.111850649    
  0.114197172    
  0.116543695    
  0.118890204    
  0.121236727    
  0.123583227    
  0.125929758    
  0.128276274    
  0.130622789    
  0.132969305    
  0.135315821    
  0.137662336    
  0.140008852    
  0.142355382    
  0.144701898    
  0.147048414    
  0.149394929    
  0.151741430    
  0.154087961    
   1.82235520E-02
   2.09570862E-02
   2.36906167E-02
   2.64241509E-02
   2.91576833E-02
   3.18912193E-02
   3.46247479E-02
   3.73582803E-02
   4.00918163E-02
   4.28253449E-02
   4.55588810E-02
   4.82924096E-02
   5.10259457E-02
   5.37594780E-02
   5.64930141E-02
   5.92265427E-02
   6.19600788E-02
   6.46936074E-02
   6.74271360E-02
   7.01606721E-02
   7.28942081E-02
   7.56277442E-02
   7.83612728E-02
   8.10948014E-02
   8.38283375E-02
   8.65618736E-02
   8.92954022E-02
   9.20289382E-02
   9.47624668E-02
   9.74960029E-02
  0.100229539    
  0.102963068    
  0.105696604    
  0.108430132    
  0.111163676    
  0.113897204    
  0.116630733    
  0.119364277    
  0.122097805    
  0.124831334    
  0.127564877    
  0.130298391    
  0.133031934    
  0.135765478    
  0.138498992    
  0.141232535    
  0.143966064    
  0.146699592    
  0.149433121    
  0.152166665    
  0.154900193    
  0.157633737    
  0.160367265    
  0.163100794    
  0.165834337    
  0.168567866    
  0.171301395    
  0.174034923    
  0.176768452    
  0.179501995    
   2.07911711E-02
   2.39098463E-02
   2.70285197E-02
   3.01471949E-02
   3.32658701E-02
   3.63845490E-02
   3.95032242E-02
   4.26218994E-02
   4.57405746E-02
   4.88592461E-02
   5.19779250E-02
   5.50965965E-02
   5.82152754E-02
   6.13339506E-02
   6.44526258E-02
   6.75712973E-02
   7.06899762E-02
   7.38086477E-02
   7.69273266E-02
   8.00460055E-02
   8.31646845E-02
   8.62833560E-02
   8.94020274E-02
   9.25206989E-02
   9.56393778E-02
   9.87580568E-02
  0.101876728    
  0.104995407    
  0.108114079    
  0.111232750    
  0.114351436    
  0.117470108    
  0.120588779    
  0.123707458    
  0.126826137    
  0.129944816    
  0.133063480    
  0.136182174    
  0.139300838    
  0.142419517    
  0.145538196    
  0.148656860    
  0.151775539    
  0.154894233    
  0.158012897    
  0.161131576    
  0.164250240    
  0.167368919    
  0.170487598    
  0.173606262    
  0.176724955    
  0.179843619    
  0.182962298    
  0.186080962    
  0.189199656    
  0.192318320    
  0.195436999    
  0.198555663    
  0.201674342    
  0.204793021    
   2.33445372E-02
   2.68462189E-02
   3.03478986E-02
   3.38495784E-02
   3.73512581E-02
   4.08529453E-02
   4.43546213E-02
   4.78563011E-02
   5.13579808E-02
   5.48596606E-02
   5.83613440E-02
   6.18630201E-02
   6.53647035E-02
   6.88663796E-02
   7.23680705E-02
   7.58697465E-02
   7.93714300E-02
   8.28731060E-02
   8.63747820E-02
   8.98764655E-02
   9.33781490E-02
   9.68798324E-02
  0.100381508    
  0.103883184    
  0.107384868    
  0.110886551    
  0.114388227    
  0.117889911    
  0.121391594    
  0.124893270    
  0.128394961    
  0.131896630    
  0.135398313    
  0.138899997    
  0.142401680    
  0.145903364    
  0.149405032    
  0.152906731    
  0.156408399    
  0.159910083    
  0.163411781    
  0.166913435    
  0.170415133    
  0.173916817    
  0.177418485    
  0.180920169    
  0.184421837    
  0.187923536    
  0.191425204    
  0.194926888    
  0.198428571    
  0.201930255    
  0.205431923    
  0.208933607    
  0.212435305    
  0.215936974    
  0.219438657    
  0.222940326    
  0.226442009    
  0.229943693    
   2.58819051E-02
   2.97641903E-02
   3.36464755E-02
   3.75287607E-02
   4.14110459E-02
   4.52933349E-02
   4.91756164E-02
   5.30579053E-02
   5.69401905E-02
   6.08224720E-02
   6.47047609E-02
   6.85870424E-02
   7.24693313E-02
   7.63516128E-02
   8.02339017E-02
   8.41161832E-02
   8.79984722E-02
   9.18807611E-02
   9.57630426E-02
   9.96453315E-02
  0.103527620    
  0.107409902    
  0.111292183    
  0.115174465    
  0.119056754    
  0.122939043    
  0.126821324    
  0.130703613    
  0.134585902    
  0.138468176    
  0.142350480    
  0.146232754    
  0.150115043    
  0.153997317    
  0.157879621    
  0.161761910    
  0.165644184    
  0.169526488    
  0.173408762    
  0.177291051    
  0.181173339    
  0.185055614    
  0.188937902    
  0.192820206    
  0.196702465    
  0.200584769    
  0.204467028    
  0.208349332    
  0.212231621    
  0.216113895    
  0.219996199    
  0.223878473    
  0.227760762    
  0.231643036    
  0.235525340    
  0.239407614    
  0.243289903    
  0.247172177    
  0.251054466    
  0.254936755    
   2.84015369E-02
   3.26617658E-02
   3.69219966E-02
   4.11822274E-02
   4.54424545E-02
   4.97026928E-02
   5.39629161E-02
   5.82231469E-02
   6.24833778E-02
   6.67436048E-02
   7.10038394E-02
   7.52640665E-02
   7.95243010E-02
   8.37845281E-02
   8.80447626E-02
   9.23049897E-02
   9.65652242E-02
  0.100825451    
  0.105085678    
  0.109345913    
  0.113606147    
  0.117866375    
  0.122126594    
  0.126386821    
  0.130647063    
  0.134907290    
  0.139167517    
  0.143427759    
  0.147687986    
  0.151948214    
  0.156208456    
  0.160468683    
  0.164728910    
  0.168989122    
  0.173249379    
  0.177509606    
  0.181769818    
  0.186030075    
  0.190290287    
  0.194550514    
  0.198810771    
  0.203070968    
  0.207331210    
  0.211591452    
  0.215851665    
  0.220111907    
  0.224372119    
  0.228632361    
  0.232892588    
  0.237152815    
  0.241413057    
  0.245673284    
  0.249933511    
  0.254193753    
  0.258453995    
  0.262714207    
  0.266974449    
  0.271234661    
  0.275494874    
  0.279755145    
   3.09017003E-02
   3.55369560E-02
   4.01722081E-02
   4.48074639E-02
   4.94427197E-02
   5.40779792E-02
   5.87132312E-02
   6.33484870E-02
   6.79837391E-02
   7.26189911E-02
   7.72542506E-02
   8.18895027E-02
   8.65247622E-02
   9.11600143E-02
   9.57952738E-02
  0.100430526    
  0.105065785    
  0.109701030    
  0.114336282    
  0.118971542    
  0.123606801    
  0.128242061    
  0.132877305    
  0.137512550    
  0.142147809    
  0.146783069    
  0.151418328    
  0.156053588    
  0.160688832    
  0.165324092    
  0.169959351    
  0.174594611    
  0.179229856    
  0.183865100    
  0.188500375    
  0.193135619    
  0.197770879    
  0.202406153    
  0.207041398    
  0.211676642    
  0.216311917    
  0.220947146    
  0.225582421    
  0.230217680    
  0.234852925    
  0.239488184    
  0.244123414    
  0.248758689    
  0.253393948    
  0.258029193    
  0.262664467    
  0.267299712    
  0.271934956    
  0.276570201    
  0.281205475    
  0.285840720    
  0.290475994    
  0.295111239    
  0.299746484    
  0.304381758    
   3.33806872E-02
   3.83877903E-02
   4.33948934E-02
   4.84019965E-02
   5.34090996E-02
   5.84162064E-02
   6.34233057E-02
   6.84304088E-02
   7.34375119E-02
   7.84446076E-02
   8.34517181E-02
   8.84588137E-02
   9.34659243E-02
   9.84730199E-02
  0.103480130    
  0.108487226    
  0.113494337    
  0.118501440    
  0.123508535    
  0.128515646    
  0.133522749    
  0.138529852    
  0.143536940    
  0.148544043    
  0.153551161    
  0.158558264    
  0.163565367    
  0.168572471    
  0.173579574    
  0.178586662    
  0.183593780    
  0.188600883    
  0.193607986    
  0.198615074    
  0.203622192    
  0.208629295    
  0.213636398    
  0.218643516    
  0.223650604    
  0.228657708    
  0.233664826    
  0.238671899    
  0.243679017    
  0.248686135    
  0.253693223    
  0.258700341    
  0.263707429    
  0.268714547    
  0.273721635    
  0.278728724    
  0.283735842    
  0.288742959    
  0.293750048    
  0.298757136    
  0.303764254    
  0.308771372    
  0.313778460    
  0.318785548    
  0.323792666    
  0.328799784    
   3.58367972E-02
   4.12123166E-02
   4.65878323E-02
   5.19633517E-02
   5.73388711E-02
   6.27143979E-02
   6.80899099E-02
   7.34654292E-02
   7.88409486E-02
   8.42164606E-02
   8.95919874E-02
   9.49674994E-02
  0.100343026    
  0.105718538    
  0.111094065    
  0.116469577    
  0.121845104    
  0.127220616    
  0.132596135    
  0.137971655    
  0.143347189    
  0.148722693    
  0.154098213    
  0.159473717    
  0.164849252    
  0.170224771    
  0.175600290    
  0.180975810    
  0.186351329    
  0.191726848    
  0.197102383    
  0.202477887    
  0.207853407    
  0.213228926    
  0.218604460    
  0.223979965    
  0.229355484    
  0.234731019    
  0.240106538    
  0.245482042    
  0.250857592    
  0.256233066    
  0.261608601    
  0.266984135    
  0.272359639    
  0.277735174    
  0.283110678    
  0.288486212    
  0.293861717    
  0.299237221    
  0.304612756    
  0.309988290    
  0.315363795    
  0.320739299    
  0.326114833    
  0.331490368    
  0.336865872    
  0.342241377    
  0.347616911    
  0.352992445    
   3.82683463E-02
   4.40085977E-02
   4.97488491E-02
   5.54891005E-02
   6.12293519E-02
   6.69696108E-02
   7.27098584E-02
   7.84501061E-02
   8.41903612E-02
   8.99306089E-02
   9.56708640E-02
  0.101411112    
  0.107151367    
  0.112891614    
  0.118631870    
  0.124372117    
  0.130112380    
  0.135852620    
  0.141592875    
  0.147333130    
  0.153073385    
  0.158813626    
  0.164553881    
  0.170294121    
  0.176034376    
  0.181774646    
  0.187514886    
  0.193255141    
  0.198995396    
  0.204735637    
  0.210475907    
  0.216216147    
  0.221956402    
  0.227696642    
  0.233436912    
  0.239177167    
  0.244917408    
  0.250657678    
  0.256397933    
  0.262138158    
  0.267878443    
  0.273618668    
  0.279358923    
  0.285099208    
  0.290839434    
  0.296579689    
  0.302319914    
  0.308060199    
  0.313800424    
  0.319540679    
  0.325280935    
  0.331021190    
  0.336761445    
  0.342501700    
  0.348241955    
  0.353982210    
  0.359722435    
  0.365462691    
  0.371202946    
  0.376943201    
   4.06736657E-02
   4.67747152E-02
   5.28757609E-02
   5.89768104E-02
   6.50778636E-02
   7.11789206E-02
   7.72799626E-02
   8.33810121E-02
   8.94820616E-02
   9.55831036E-02
  0.101684161    
  0.107785203    
  0.113886259    
  0.119987302    
  0.126088366    
  0.132189408    
  0.138290465    
  0.144391507    
  0.150492549    
  0.156593606    
  0.162694663    
  0.168795705    
  0.174896747    
  0.180997789    
  0.187098846    
  0.193199903    
  0.199300945    
  0.205402002    
  0.211503044    
  0.217604086    
  0.223705158    
  0.229806200    
  0.235907242    
  0.242008284    
  0.248109356    
  0.254210413    
  0.260311455    
  0.266412526    
  0.272513568    
  0.278614610    
  0.284715682    
  0.290816694    
  0.296917766    
  0.303018838    
  0.309119850    
  0.315220922    
  0.321321934    
  0.327423006    
  0.333524048    
  0.339625090    
  0.345726162    
  0.351827204    
  0.357928246    
  0.364029288    
  0.370130360    
  0.376231402    
  0.382332444    
  0.388433486    
  0.394534528    
  0.400635600    
   4.30511124E-02
   4.95087802E-02
   5.59664443E-02
   6.24241084E-02
   6.88817799E-02
   7.53394514E-02
   8.17971081E-02
   8.82547796E-02
   9.47124436E-02
  0.101170108    
  0.107627779    
  0.114085443    
  0.120543115    
  0.127000779    
  0.133458450    
  0.139916107    
  0.146373779    
  0.152831435    
  0.159289107    
  0.165746778    
  0.172204450    
  0.178662106    
  0.185119778    
  0.191577435    
  0.198035106    
  0.204492778    
  0.210950434    
  0.217408106    
  0.223865777    
  0.230323434    
  0.236781120    
  0.243238777    
  0.249696434    
  0.256154090    
  0.262611777    
  0.269069433    
  0.275527120    
  0.281984806    
  0.288442463    
  0.294900119    
  0.301357806    
  0.307815433    
  0.314273119    
  0.320730805    
  0.327188432    
  0.333646119    
  0.340103775    
  0.346561462    
  0.353019118    
  0.359476775    
  0.365934461    
  0.372392118    
  0.378849775    
  0.385307431    
  0.391765118    
  0.398222774    
  0.404680461    
  0.411138117    
  0.417595774    
  0.424053460    
   4.53990512E-02
   5.22089116E-02
   5.90187646E-02
   6.58286214E-02
   7.26384819E-02
   7.94483498E-02
   8.62581953E-02
   9.30680558E-02
   9.98779163E-02
  0.106687762    
  0.113497630    
  0.120307483    
  0.127117351    
  0.133927196    
  0.140737057    
  0.147546917    
  0.154356778    
  0.161166623    
  0.167976484    
  0.174786344    
  0.181596205    
  0.188406065    
  0.195215911    
  0.202025771    
  0.208835632    
  0.215645492    
  0.222455353    
  0.229265213    
  0.236075059    
  0.242884919    
  0.249694794    
  0.256504655    
  0.263314486    
  0.270124346    
  0.276934236    
  0.283744067    
  0.290553927    
  0.297363818    
  0.304173648    
  0.310983509    
  0.317793399    
  0.324603200    
  0.331413090    
  0.338222980    
  0.345032781    
  0.351842672    
  0.358652502    
  0.365462363    
  0.372272223    
  0.379082084    
  0.385891944    
  0.392701805    
  0.399511665    
  0.406321496    
  0.413131386    
  0.419941247    
  0.426751077    
  0.433560938    
  0.440370798    
  0.447180659    
   4.77158800E-02
   5.48732616E-02
   6.20306395E-02
   6.91880211E-02
   7.63454065E-02
   8.35027918E-02
   9.06601697E-02
   9.78175476E-02
  0.104974933    
  0.112132303    
  0.119289696    
  0.126447067    
  0.133604467    
  0.140761837    
  0.147919223    
  0.155076593    
  0.162233993    
  0.169391364    
  0.176548734    
  0.183706135    
  0.190863520    
  0.198020890    
  0.205178261    
  0.212335646    
  0.219493032    
  0.226650417    
  0.233807802    
  0.240965188    
  0.248122558    
  0.255279928    
  0.262437344    
  0.269594699    
  0.276752084    
  0.283909470    
  0.291066855    
  0.298224241    
  0.305381626    
  0.312539011    
  0.319696397    
  0.326853782    
  0.334011167    
  0.341168523    
  0.348325908    
  0.355483323    
  0.362640679    
  0.369798064    
  0.376955420    
  0.384112835    
  0.391270190    
  0.398427576    
  0.405584991    
  0.412742347    
  0.419899732    
  0.427057117    
  0.434214503    
  0.441371888    
  0.448529243    
  0.455686629    
  0.462844014    
  0.470001400    
   5.00000007E-02
   5.75000010E-02
   6.49999976E-02
   7.24999979E-02
   7.99999982E-02
   8.75000060E-02
   9.49999988E-02
  0.102499999    
  0.109999999    
  0.117499992    
  0.125000000    
  0.132499993    
  0.140000001    
  0.147499993    
  0.155000001    
  0.162499994    
  0.170000002    
  0.177499995    
  0.184999987    
  0.192499995    
  0.200000003    
  0.207499996    
  0.214999989    
  0.222499982    
  0.229999989    
  0.237499997    
  0.244999990    
  0.252499998    
  0.259999990    
  0.267499983    
  0.275000006    
  0.282499999    
  0.289999992    
  0.297499985    
  0.305000007    
  0.312500000    
  0.319999993    
  0.327500015    
  0.335000008    
  0.342500001    
  0.350000024    
  0.357499987    
  0.365000010    
  0.372500032    
  0.379999995    
  0.387500018    
  0.394999981    
  0.402500004    
  0.409999996    
  0.417499989    
  0.425000012    
  0.432500005    
  0.439999998    
  0.447499990    
  0.455000013    
  0.462500006    
  0.469999999    
  0.477499992    
  0.484999985    
  0.492500007    
   5.22498600E-02
   6.00873418E-02
   6.79248199E-02
   7.57622942E-02
   8.35997760E-02
   9.14372653E-02
   9.92747322E-02
  0.107112214    
  0.114949696    
  0.122787163    
  0.130624652    
  0.138462126    
  0.146299616    
  0.154137090    
  0.161974564    
  0.169812039    
  0.177649528    
  0.185487002    
  0.193324476    
  0.201161966    
  0.208999440    
  0.216836914    
  0.224674389    
  0.232511863    
  0.240349352    
  0.248186842    
  0.256024301    
  0.263861805    
  0.271699280    
  0.279536724    
  0.287374228    
  0.295211703    
  0.303049177    
  0.310886651    
  0.318724155    
  0.326561630    
  0.334399104    
  0.342236608    
  0.350074083    
  0.357911557    
  0.365749061    
  0.373586506    
  0.381423980    
  0.389261484    
  0.397098929    
  0.404936433    
  0.412773877    
  0.420611382    
  0.428448856    
  0.436286330    
  0.444123834    
  0.451961309    
  0.459798783    
  0.467636257    
  0.475473732    
  0.483311206    
  0.491148680    
  0.498986155    
  0.506823659    
  0.514661133    
   5.44639044E-02
   6.26334921E-02
   7.08030760E-02
   7.89726600E-02
   8.71422440E-02
   9.53118429E-02
  0.103481419    
  0.111651003    
  0.119820587    
  0.127990171    
  0.136159763    
  0.144329339    
  0.152498931    
  0.160668507    
  0.168838114    
  0.177007690    
  0.185177281    
  0.193346858    
  0.201516435    
  0.209686026    
  0.217855617    
  0.226025209    
  0.234194785    
  0.242364362    
  0.250533938    
  0.258703560    
  0.266873121    
  0.275042713    
  0.283212304    
  0.291381866    
  0.299551487    
  0.307721049    
  0.315890640    
  0.324060231    
  0.332229823    
  0.340399414    
  0.348568976    
  0.356738597    
  0.364908159    
  0.373077750    
  0.381247371    
  0.389416903    
  0.397586524    
  0.405756116    
  0.413925678    
  0.422095299    
  0.430264831    
  0.438434452    
  0.446604013    
  0.454773605    
  0.462943196    
  0.471112788    
  0.479282349    
  0.487451941    
  0.495621562    
  0.503791153    
  0.511960685    
  0.520130277    
  0.528299868    
  0.536469460    
   5.66406250E-02
   6.51367232E-02
   7.36328065E-02
   8.21289048E-02
   9.06249955E-02
   9.91211012E-02
  0.107617185    
  0.116113283    
  0.124609374    
  0.133105457    
  0.141601562    
  0.150097653    
  0.158593744    
  0.167089835    
  0.175585940    
  0.184082031    
  0.192578122    
  0.201074213    
  0.209570304    
  0.218066394    
  0.226562500    
  0.235058591    
  0.243554682    
  0.252050757    
  0.260546863    
  0.269042969    
  0.277539045    
  0.286035150    
  0.294531226    
  0.303027332    
  0.311523438    
  0.320019543    
  0.328515619    
  0.337011695    
  0.345507830    
  0.354003906    
  0.362499982    
  0.370996118    
  0.379492193    
  0.387988269    
  0.396484405    
  0.404980451    
  0.413476586    
  0.421972692    
  0.430468738    
  0.438964874    
  0.447460920    
  0.455957025    
  0.464453131    
  0.472949207    
  0.481445312    
  0.489941418    
  0.498437494    
  0.506933570    
  0.515429676    
  0.523925781    
  0.532421887    
  0.540917933    
  0.549414039    
  0.557910144    
   5.87785244E-02
   6.75953031E-02
   7.64120817E-02
   8.52288604E-02
   9.40456390E-02
  0.102862425    
  0.111679196    
  0.120495975    
  0.129312754    
  0.138129517    
  0.146946311    
  0.155763075    
  0.164579868    
  0.173396632    
  0.182213426    
  0.191030204    
  0.199846983    
  0.208663762    
  0.217480525    
  0.226297319    
  0.235114098    
  0.243930876    
  0.252747655    
  0.261564404    
  0.270381212    
  0.279197991    
  0.288014770    
  0.296831548    
  0.305648327    
  0.314465076    
  0.323281884    
  0.332098663    
  0.340915442    
  0.349732190    
  0.358548999    
  0.367365777    
  0.376182556    
  0.384999365    
  0.393816113    
  0.402632892    
  0.411449701    
  0.420266420    
  0.429083228    
  0.437900037    
  0.446716785    
  0.455533594    
  0.464350313    
  0.473167121    
  0.481983900    
  0.490800679    
  0.499617457    
  0.508434236    
  0.517251015    
  0.526067793    
  0.534884572    
  0.543701351    
  0.552518129    
  0.561334908    
  0.570151687    
  0.578968465    
   6.08761422E-02
   7.00075626E-02
   7.91389793E-02
   8.82704034E-02
   9.74018276E-02
  0.106533259    
  0.115664668    
  0.124796093    
  0.133927509    
  0.143058926    
  0.152190357    
  0.161321774    
  0.170453206    
  0.179584607    
  0.188716039    
  0.197847456    
  0.206978887    
  0.216110304    
  0.225241721    
  0.234373137    
  0.243504569    
  0.252635986    
  0.261767387    
  0.270898819    
  0.280030251    
  0.289161682    
  0.298293084    
  0.307424515    
  0.316555917    
  0.325687349    
  0.334818780    
  0.343950212    
  0.353081614    
  0.362213045    
  0.371344477    
  0.380475879    
  0.389607310    
  0.398738742    
  0.407870173    
  0.417001575    
  0.426133037    
  0.435264409    
  0.444395870    
  0.453527302    
  0.462658674    
  0.471790135    
  0.480921507    
  0.490052968    
  0.499184370    
  0.508315802    
  0.517447233    
  0.526578665    
  0.535710037    
  0.544841468    
  0.553972900    
  0.563104331    
  0.572235763    
  0.581367135    
  0.590498567    
  0.599629998    
   6.29320368E-02
   7.23718479E-02
   8.18116441E-02
   9.12514552E-02
  0.100691259    
  0.110131077    
  0.119570874    
  0.129010677    
  0.138450488    
  0.147890285    
  0.157330096    
  0.166769892    
  0.176209703    
  0.185649499    
  0.195089325    
  0.204529122    
  0.213968933    
  0.223408729    
  0.232848525    
  0.242288336    
  0.251728147    
  0.261167943    
  0.270607740    
  0.280047536    
  0.289487362    
  0.298927188    
  0.308366984    
  0.317806780    
  0.327246577    
  0.336686373    
  0.346126229    
  0.355566025    
  0.365005821    
  0.374445617    
  0.383885443    
  0.393325239    
  0.402765036    
  0.412204862    
  0.421644658    
  0.431084454    
  0.440524310    
  0.449964046    
  0.459403902    
  0.468843728    
  0.478283495    
  0.487723321    
  0.497163087    
  0.506602883    
  0.516042709    
  0.525482535    
  0.534922361    
  0.544362128    
  0.553801954    
  0.563241720    
  0.572681546    
  0.582121372    
  0.591561139    
  0.601000965    
  0.610440731    
  0.619880557    
   6.49448112E-02
   7.46865347E-02
   8.44282508E-02
   9.41699743E-02
  0.103911690    
  0.113653421    
  0.123395137    
  0.133136854    
  0.142878577    
  0.152620286    
  0.162362024    
  0.172103733    
  0.181845471    
  0.191587180    
  0.201328918    
  0.211070627    
  0.220812351    
  0.230554074    
  0.240295783    
  0.250037521    
  0.259779245    
  0.269520968    
  0.279262662    
  0.289004385    
  0.298746109    
  0.308487833    
  0.318229556    
  0.327971280    
  0.337713003    
  0.347454697    
  0.357196450    
  0.366938174    
  0.376679897    
  0.386421591    
  0.396163344    
  0.405905068    
  0.415646762    
  0.425388515    
  0.435130239    
  0.444871962    
  0.454613686    
  0.464355379    
  0.474097133    
  0.483838886    
  0.493580550    
  0.503322303    
  0.513063967    
  0.522805750    
  0.532547414    
  0.542289138    
  0.552030921    
  0.561772585    
  0.571514308    
  0.581256032    
  0.590997756    
  0.600739479    
  0.610481203    
  0.620222926    
  0.629964650    
  0.639706373    
   6.69130608E-02
   7.69500211E-02
   8.69869813E-02
   9.70239341E-02
  0.107060894    
  0.117097870    
  0.127134815    
  0.137171775    
  0.147208735    
  0.157245681    
  0.167282656    
  0.177319601    
  0.187356576    
  0.197393522    
  0.207430497    
  0.217467442    
  0.227504417    
  0.237541363    
  0.247578308    
  0.257615298    
  0.267652243    
  0.277689189    
  0.287726164    
  0.297763109    
  0.307800084    
  0.317837030    
  0.327874005    
  0.337910950    
  0.347947925    
  0.357984871    
  0.368021846    
  0.378058791    
  0.388095737    
  0.398132712    
  0.408169687    
  0.418206632    
  0.428243577    
  0.438280582    
  0.448317528    
  0.458354473    
  0.468391478    
  0.478428364    
  0.488465369    
  0.498502344    
  0.508539259    
  0.518576264    
  0.528613150    
  0.538650155    
  0.548687100    
  0.558724046    
  0.568761051    
  0.578797996    
  0.588834941    
  0.598871887    
  0.608908892    
  0.618945837    
  0.628982782    
  0.639019728    
  0.649056673    
  0.659093678    
   6.88354596E-02
   7.91607723E-02
   8.94860849E-02
   9.98114049E-02
  0.110136725    
  0.120462053    
  0.130787358    
  0.141112685    
  0.151437998    
  0.161763310    
  0.172088638    
  0.182413951    
  0.192739278    
  0.203064591    
  0.213389918    
  0.223715216    
  0.234040543    
  0.244365856    
  0.254691154    
  0.265016496    
  0.275341839    
  0.285667121    
  0.295992434    
  0.306317747    
  0.316643089    
  0.326968402    
  0.337293714    
  0.347619057    
  0.357944340    
  0.368269652    
  0.378595024    
  0.388920307    
  0.399245620    
  0.409570932    
  0.419896275    
  0.430221587    
  0.440546900    
  0.450872242    
  0.461197555    
  0.471522868    
  0.481848210    
  0.492173493    
  0.502498865    
  0.512824178    
  0.523149431    
  0.533474803    
  0.543800056    
  0.554125428    
  0.564450741    
  0.574776053    
  0.585101366    
  0.595426679    
  0.605751991    
  0.616077304    
  0.626402676    
  0.636727989    
  0.647053301    
  0.657378614    
  0.667703867    
  0.678029239    
   7.07106814E-02
   8.13172832E-02
   9.19238776E-02
  0.102530479    
  0.113137081    
  0.123743691    
  0.134350285    
  0.144956887    
  0.155563489    
  0.166170076    
  0.176776692    
  0.187383279    
  0.197989896    
  0.208596483    
  0.219203100    
  0.229809687    
  0.240416303    
  0.251022905    
  0.261629492    
  0.272236109    
  0.282842726    
  0.293449312    
  0.304055899    
  0.314662486    
  0.325269103    
  0.335875720    
  0.346482307    
  0.357088923    
  0.367695510    
  0.378302097    
  0.388908744    
  0.399515331    
  0.410121918    
  0.420728505    
  0.431335151    
  0.441941738    
  0.452548325    
  0.463154942    
  0.473761559    
  0.484368145    
  0.494974762    
  0.505581319    
  0.516187966    
  0.526794612    
  0.537401140    
  0.548007786    
  0.558614314    
  0.569220960    
  0.579827547    
  0.590434134    
  0.601040781    
  0.611647367    
  0.622253954    
  0.632860541    
  0.643467188    
  0.654073775    
  0.664680362    
  0.675286949    
  0.685893536    
  0.696500182    
   7.25374371E-02
   8.34180489E-02
   9.42986608E-02
  0.105179280    
  0.116059892    
  0.126940519    
  0.137821123    
  0.148701742    
  0.159582362    
  0.170462966    
  0.181343585    
  0.192224190    
  0.203104809    
  0.213985428    
  0.224866048    
  0.235746652    
  0.246627271    
  0.257507890    
  0.268388480    
  0.279269129    
  0.290149748    
  0.301030338    
  0.311910957    
  0.322791547    
  0.333672196    
  0.344552815    
  0.355433404    
  0.366314054    
  0.377194643    
  0.388075262    
  0.398955882    
  0.409836501    
  0.420717120    
  0.431597710    
  0.442478359    
  0.453358948    
  0.464239568    
  0.475120217    
  0.486000806    
  0.496881425    
  0.507762074    
  0.518642664    
  0.529523253    
  0.540403903    
  0.551284492    
  0.562165141    
  0.573045731    
  0.583926320    
  0.594806969    
  0.605687559    
  0.616568208    
  0.627448797    
  0.638329446    
  0.649210036    
  0.660090685    
  0.670971274    
  0.681851864    
  0.692732513    
  0.703613102    
  0.714493752    
   7.43144900E-02
   8.54616612E-02
   9.66088325E-02
  0.107756004    
  0.118903175    
  0.130050361    
  0.141197518    
  0.152344704    
  0.163491875    
  0.174639031    
  0.185786217    
  0.196933374    
  0.208080560    
  0.219227731    
  0.230374917    
  0.241522074    
  0.252669245    
  0.263816416    
  0.274963588    
  0.286110759    
  0.297257960    
  0.308405101    
  0.319552273    
  0.330699444    
  0.341846615    
  0.352993816    
  0.364140958    
  0.375288159    
  0.386435330    
  0.397582471    
  0.408729672    
  0.419876844    
  0.431024015    
  0.442171186    
  0.453318387    
  0.464465559    
  0.475612700    
  0.486759901    
  0.497907072    
  0.509054244    
  0.520201445    
  0.531348586    
  0.542495787    
  0.553642988    
  0.564790070    
  0.575937271    
  0.587084413    
  0.598231614    
  0.609378815    
  0.620525956    
  0.631673157    
  0.642820299    
  0.653967500    
  0.665114641    
  0.676261842    
  0.687408984    
  0.698556185    
  0.709703326    
  0.720850527    
  0.731997728    
   7.60406032E-02
   8.74466971E-02
   9.88527760E-02
  0.110258870    
  0.121664964    
  0.133071065    
  0.144477144    
  0.155883238    
  0.167289317    
  0.178695396    
  0.190101504    
  0.201507583    
  0.212913692    
  0.224319771    
  0.235725865    
  0.247131944    
  0.258538038    
  0.269944131    
  0.281350195    
  0.292756319    
  0.304162413    
  0.315568477    
  0.326974571    
  0.338380635    
  0.349786758    
  0.361192852    
  0.372598946    
  0.384005040    
  0.395411104    
  0.406817198    
  0.418223321    
  0.429629385    
  0.441035479    
  0.452441543    
  0.463847667    
  0.475253761    
  0.486659855    
  0.498065978    
  0.509472072    
  0.520878136    
  0.532284260    
  0.543690264    
  0.555096388    
  0.566502512    
  0.577908576    
  0.589314699    
  0.600720704    
  0.612126827    
  0.623532951    
  0.634939015    
  0.646345139    
  0.657751203    
  0.669157267    
  0.680563390    
  0.691969514    
  0.703375578    
  0.714781642    
  0.726187706    
  0.737593830    
  0.748999953    
   7.77145997E-02
   8.93717930E-02
  0.101028971    
  0.112686165    
  0.124343358    
  0.136000559    
  0.147657737    
  0.159314930    
  0.170972109    
  0.182629287    
  0.194286495    
  0.205943674    
  0.217600882    
  0.229258060    
  0.240915254    
  0.252572447    
  0.264229625    
  0.275886804    
  0.287543982    
  0.299201190    
  0.310858399    
  0.322515577    
  0.334172755    
  0.345829934    
  0.357487142    
  0.369144350    
  0.380801529    
  0.392458707    
  0.404115885    
  0.415773064    
  0.427430302    
  0.439087480    
  0.450744659    
  0.462401837    
  0.474059045    
  0.485716224    
  0.497373432    
  0.509030640    
  0.520687819    
  0.532344997    
  0.544002235    
  0.555659354    
  0.567316592    
  0.578973830    
  0.590630949    
  0.602288187    
  0.613945305    
  0.625602543    
  0.637259722    
  0.648916900    
  0.660574079    
  0.672231257    
  0.683888435    
  0.695545614    
  0.707202852    
  0.718860030    
  0.730517209    
  0.742174387    
  0.753831565    
  0.765488803    
   7.93353394E-02
   9.12356377E-02
  0.103135936    
  0.115036234    
  0.126936540    
  0.138836846    
  0.150737137    
  0.162637442    
  0.174537748    
  0.186438039    
  0.198338345    
  0.210238636    
  0.222138941    
  0.234039232    
  0.245939553    
  0.257839829    
  0.269740164    
  0.281640440    
  0.293540716    
  0.305441052    
  0.317341357    
  0.329241633    
  0.341141939    
  0.353042215    
  0.364942551    
  0.376842856    
  0.388743132    
  0.400643438    
  0.412543744    
  0.424444020    
  0.436344355    
  0.448244661    
  0.460144937    
  0.472045243    
  0.483945578    
  0.495845854    
  0.507746160    
  0.519646466    
  0.531546772    
  0.543447077    
  0.555347383    
  0.567247629    
  0.579147995    
  0.591048300    
  0.602948546    
  0.614848912    
  0.626749158    
  0.638649464    
  0.650549769    
  0.662450075    
  0.674350381    
  0.686250687    
  0.698150992    
  0.710051239    
  0.721951604    
  0.733851910    
  0.745752156    
  0.757652462    
  0.769552767    
  0.781453073    
   8.09017047E-02
   9.30369571E-02
  0.105172209    
  0.117307462    
  0.129442722    
  0.141577989    
  0.153713226    
  0.165848479    
  0.177983746    
  0.190118983    
  0.202254251    
  0.214389488    
  0.226524755    
  0.238660008    
  0.250795275    
  0.262930512    
  0.275065780    
  0.287201017    
  0.299336284    
  0.311471552    
  0.323606819    
  0.335742056    
  0.347877294    
  0.360012531    
  0.372147799    
  0.384283066    
  0.396418303    
  0.408553571    
  0.420688838    
  0.432824075    
  0.444959372    
  0.457094610    
  0.469229847    
  0.481365085    
  0.493500382    
  0.505635619    
  0.517770886    
  0.529906154    
  0.542041421    
  0.554176629    
  0.566311955    
  0.578447163    
  0.590582430    
  0.602717698    
  0.614852905    
  0.626988232    
  0.639123380    
  0.651258707    
  0.663393915    
  0.675529182    
  0.687664449    
  0.699799716    
  0.711934984    
  0.724070191    
  0.736205518    
  0.748340726    
  0.760475993    
  0.772611201    
  0.784746468    
  0.796881735    
   8.24126229E-02
   9.47745144E-02
  0.107136399    
  0.119498290    
  0.131860182    
  0.144222096    
  0.156583980    
  0.168945864    
  0.181307763    
  0.193669647    
  0.206031546    
  0.218393430    
  0.230755329    
  0.243117213    
  0.255479127    
  0.267841011    
  0.280202895    
  0.292564780    
  0.304926664    
  0.317288578    
  0.329650491    
  0.342012346    
  0.354374230    
  0.366736114    
  0.379098028    
  0.391459942    
  0.403821826    
  0.416183710    
  0.428545594    
  0.440907478    
  0.453269422    
  0.465631306    
  0.477993160    
  0.490355045    
  0.502716959    
  0.515078843    
  0.527440727    
  0.539802670    
  0.552164555    
  0.564526439    
  0.576888382    
  0.589250207    
  0.601612151    
  0.613974035    
  0.626335919    
  0.638697803    
  0.651059628    
  0.663421571    
  0.675783455    
  0.688145339    
  0.700507283    
  0.712869167    
  0.725231051    
  0.737592936    
  0.749954820    
  0.762316704    
  0.774678588    
  0.787040472    
  0.799402356    
  0.811764300    
   8.38670656E-02
   9.64471251E-02
  0.109027177    
  0.121607237    
  0.134187296    
  0.146767363    
  0.159347415    
  0.171927467    
  0.184507534    
  0.197087586    
  0.209667653    
  0.222247705    
  0.234827772    
  0.247407824    
  0.259987891    
  0.272567928    
  0.285148025    
  0.297728062    
  0.310308099    
  0.322888166    
  0.335468262    
  0.348048300    
  0.360628337    
  0.373208404    
  0.385788471    
  0.398368537    
  0.410948575    
  0.423528641    
  0.436108708    
  0.448688745    
  0.461268842    
  0.473848879    
  0.486428946    
  0.499008983    
  0.511589110    
  0.524169147    
  0.536749184    
  0.549329281    
  0.561909318    
  0.574489355    
  0.587069452    
  0.599649489    
  0.612229586    
  0.624809682    
  0.637389660    
  0.649969757    
  0.662549734    
  0.675129831    
  0.687709868    
  0.700289965    
  0.712870061    
  0.725450099    
  0.738030136    
  0.750610173    
  0.763190269    
  0.775770307    
  0.788350344    
  0.800930440    
  0.813510478    
  0.826090574    
   8.52640197E-02
   9.80536267E-02
  0.110843226    
  0.123632826    
  0.136422426    
  0.149212047    
  0.162001640    
  0.174791247    
  0.187580839    
  0.200370431    
  0.213160053    
  0.225949645    
  0.238739267    
  0.251528859    
  0.264318466    
  0.277108073    
  0.289897680    
  0.302687258    
  0.315476865    
  0.328266472    
  0.341056079    
  0.353845686    
  0.366635263    
  0.379424870    
  0.392214477    
  0.405004084    
  0.417793691    
  0.430583298    
  0.443372905    
  0.456162483    
  0.468952119    
  0.481741726    
  0.494531304    
  0.507320881    
  0.520110548    
  0.532900155    
  0.545689702    
  0.558479369    
  0.571268976    
  0.584058523    
  0.596848190    
  0.609637737    
  0.622427344    
  0.635217011    
  0.648006558    
  0.660796165    
  0.673585713    
  0.686375380    
  0.699164987    
  0.711954534    
  0.724744201    
  0.737533808    
  0.750323355    
  0.763112962    
  0.775902629    
  0.788692176    
  0.801481783    
  0.814271390    
  0.827060997    
  0.839850605    
   8.66025463E-02
   9.95929316E-02
  0.112583302    
  0.125573680    
  0.138564065    
  0.151554465    
  0.164544836    
  0.177535221    
  0.190525591    
  0.203515962    
  0.216506362    
  0.229496732    
  0.242487133    
  0.255477488    
  0.268467903    
  0.281458259    
  0.294448644    
  0.307439029    
  0.320429385    
  0.333419800    
  0.346410185    
  0.359400541    
  0.372390926    
  0.385381281    
  0.398371696    
  0.411362082    
  0.424352437    
  0.437342852    
  0.450333208    
  0.463323593    
  0.476314008    
  0.489304364    
  0.502294719    
  0.515285134    
  0.528275549    
  0.541265905    
  0.554256260    
  0.567246675    
  0.580237091    
  0.593227446    
  0.606217861    
  0.619208157    
  0.632198572    
  0.645188987    
  0.658179343    
  0.671169758    
  0.684160054    
  0.697150469    
  0.710140884    
  0.723131239    
  0.736121655    
  0.749112010    
  0.762102365    
  0.775092781    
  0.788083196    
  0.801073551    
  0.814063907    
  0.827054262    
  0.840044677    
  0.853035092    
   8.78817141E-02
  0.101063974    
  0.114246227    
  0.127428487    
  0.140610740    
  0.153793007    
  0.166975260    
  0.180157512    
  0.193339765    
  0.206522018    
  0.219704285    
  0.232886523    
  0.246068805    
  0.259251058    
  0.272433311    
  0.285615563    
  0.298797846    
  0.311980069    
  0.325162321    
  0.338344604    
  0.351526856    
  0.364709109    
  0.377891362    
  0.391073585    
  0.404255867    
  0.417438149    
  0.430620372    
  0.443802655    
  0.456984907    
  0.470167130    
  0.483349442    
  0.496531695    
  0.509713948    
  0.522896171    
  0.536078453    
  0.549260736    
  0.562442958    
  0.575625241    
  0.588807523    
  0.601989746    
  0.615172029    
  0.628354251    
  0.641536534    
  0.654718816    
  0.667901039    
  0.681083322    
  0.694265485    
  0.707447827    
  0.720630050    
  0.733812273    
  0.746994615    
  0.760176837    
  0.773359060    
  0.786541343    
  0.799723625    
  0.812905848    
  0.826088130    
  0.839270353    
  0.852452576    
  0.865634918    
   8.91006589E-02
  0.102465756    
  0.115830854    
  0.129195958    
  0.142561048    
  0.155926168    
  0.169291243    
  0.182656348    
  0.196021453    
  0.209386528    
  0.222751647    
  0.236116737    
  0.249481842    
  0.262846947    
  0.276212037    
  0.289577127    
  0.302942246    
  0.316307336    
  0.329672426    
  0.343037516    
  0.356402636    
  0.369767725    
  0.383132815    
  0.396497905    
  0.409863025    
  0.423228115    
  0.436593205    
  0.449958324    
  0.463323414    
  0.476688504    
  0.490053624    
  0.503418744    
  0.516783834    
  0.530148864    
  0.543514013    
  0.556879103    
  0.570244193    
  0.583609343    
  0.596974432    
  0.610339522    
  0.623704672    
  0.637069702    
  0.650434852    
  0.663799942    
  0.677164972    
  0.690530121    
  0.703895152    
  0.717260301    
  0.730625391    
  0.743990481    
  0.757355630    
  0.770720720    
  0.784085810    
  0.797450900    
  0.810815990    
  0.824181080    
  0.837546170    
  0.850911260    
  0.864276350    
  0.877641499    
   9.02585313E-02
  0.103797317    
  0.117336087    
  0.130874872    
  0.144413650    
  0.157952443    
  0.171491206    
  0.185029984    
  0.198568776    
  0.212107539    
  0.225646332    
  0.239185095    
  0.252723902    
  0.266262650    
  0.279801458    
  0.293340206    
  0.306879014    
  0.320417792    
  0.333956540    
  0.347495347    
  0.361034125    
  0.374572903    
  0.388111681    
  0.401650429    
  0.415189236    
  0.428728014    
  0.442266792    
  0.455805600    
  0.469344348    
  0.482883126    
  0.496421933    
  0.509960711    
  0.523499489    
  0.537038267    
  0.550577044    
  0.564115822    
  0.577654600    
  0.591193438    
  0.604732156    
  0.618270934    
  0.631809771    
  0.645348489    
  0.658887327    
  0.672426105    
  0.685964823    
  0.699503660    
  0.713042378    
  0.726581216    
  0.740119934    
  0.753658712    
  0.767197549    
  0.780736327    
  0.794275105    
  0.807813823    
  0.821352661    
  0.834891438    
  0.848430216    
  0.861968994    
  0.875507712    
  0.889046550    
   9.13545489E-02
  0.105057731    
  0.118760906    
  0.132464096    
  0.146167278    
  0.159870476    
  0.173573643    
  0.187276825    
  0.200980008    
  0.214683175    
  0.228386372    
  0.242089540    
  0.255792737    
  0.269495904    
  0.283199102    
  0.296902269    
  0.310605466    
  0.324308634    
  0.338011801    
  0.351714998    
  0.365418196    
  0.379121363    
  0.392824531    
  0.406527698    
  0.420230895    
  0.433934093    
  0.447637260    
  0.461340457    
  0.475043625    
  0.488746792    
  0.502450049    
  0.516153216    
  0.529856384    
  0.543559551    
  0.557262778    
  0.570965946    
  0.584669113    
  0.598372340    
  0.612075508    
  0.625778675    
  0.639481902    
  0.653185010    
  0.666888237    
  0.680591464    
  0.694294572    
  0.707997799    
  0.721700907    
  0.735404134    
  0.749107301    
  0.762810469    
  0.776513696    
  0.790216863    
  0.803920031    
  0.817623198    
  0.831326425    
  0.845029593    
  0.858732760    
  0.872435927    
  0.886139095    
  0.899842322    
   9.23879519E-02
  0.106246144    
  0.120104328    
  0.133962527    
  0.147820711    
  0.161678925    
  0.175537109    
  0.189395294    
  0.203253493    
  0.217111662    
  0.230969876    
  0.244828060    
  0.258686274    
  0.272544444    
  0.286402643    
  0.300260842    
  0.314119041    
  0.327977210    
  0.341835380    
  0.355693609    
  0.369551808    
  0.383409977    
  0.397268176    
  0.411126345    
  0.424984545    
  0.438842773    
  0.452700943    
  0.466559142    
  0.480417311    
  0.494275510    
  0.508133709    
  0.521991909    
  0.535850108    
  0.549708247    
  0.563566506    
  0.577424705    
  0.591282845    
  0.605141103    
  0.618999302    
  0.632857442    
  0.646715701    
  0.660573840    
  0.674432039    
  0.688290298    
  0.702148438    
  0.716006637    
  0.729864776    
  0.743723035    
  0.757581174    
  0.771439373    
  0.785297573    
  0.799155772    
  0.813013971    
  0.826872110    
  0.840730369    
  0.854588568    
  0.868446708    
  0.882304907    
  0.896163106    
  0.910021305    
   9.33580399E-02
  0.107361749    
  0.121365450    
  0.135369152    
  0.149372861    
  0.163376585    
  0.177380279    
  0.191383973    
  0.205387682    
  0.219391376    
  0.233395100    
  0.247398794    
  0.261402518    
  0.275406212    
  0.289409935    
  0.303413630    
  0.317417353    
  0.331421018    
  0.345424712    
  0.359428436    
  0.373432159    
  0.387435853    
  0.401439548    
  0.415443242    
  0.429446965    
  0.443450689    
  0.457454383    
  0.471458107    
  0.485461801    
  0.499465495    
  0.513469219    
  0.527472913    
  0.541476607    
  0.555480301    
  0.569484055    
  0.583487749    
  0.597491443    
  0.611495197    
  0.625498891    
  0.639502585    
  0.653506339    
  0.667509973    
  0.681513727    
  0.695517480    
  0.709521115    
  0.723524868    
  0.737528503    
  0.751532257    
  0.765535891    
  0.779539585    
  0.793543339    
  0.807547033    
  0.821550727    
  0.835554421    
  0.849558175    
  0.863561869    
  0.877565563    
  0.891569257    
  0.905572951    
  0.919576705    
   9.42641497E-02
  0.108403772    
  0.122543387    
  0.136683017    
  0.150822639    
  0.164962277    
  0.179101884    
  0.193241507    
  0.207381129    
  0.221520737    
  0.235660374    
  0.249799982    
  0.263939619    
  0.278079242    
  0.292218864    
  0.306358486    
  0.320498109    
  0.334637731    
  0.348777324    
  0.362916976    
  0.377056599    
  0.391196221    
  0.405335814    
  0.419475436    
  0.433615059    
  0.447754711    
  0.461894304    
  0.476033956    
  0.490173548    
  0.504313171    
  0.518452823    
  0.532592416    
  0.546732068    
  0.560871661    
  0.575011313    
  0.589150906    
  0.603290558    
  0.617430210    
  0.631569803    
  0.645709455    
  0.659849107    
  0.673988640    
  0.688128293    
  0.702268004    
  0.716407537    
  0.730547190    
  0.744686723    
  0.758826435    
  0.772966027    
  0.787105620    
  0.801245272    
  0.815384924    
  0.829524517    
  0.843664110    
  0.857803762    
  0.871943414    
  0.886083007    
  0.900222600    
  0.914362252    
  0.928501904    
   9.51056555E-02
  0.109371506    
  0.123637348    
  0.137903199    
  0.152169049    
  0.166434899    
  0.180700734    
  0.194966584    
  0.209232435    
  0.223498270    
  0.237764135    
  0.252029955    
  0.266295820    
  0.280561656    
  0.294827521    
  0.309093356    
  0.323359221    
  0.337625057    
  0.351890892    
  0.366156757    
  0.380422622    
  0.394688457    
  0.408954293    
  0.423220128    
  0.437485993    
  0.451751858    
  0.466017693    
  0.480283558    
  0.494549394    
  0.508815229    
  0.523081124    
  0.537346959    
  0.551612794    
  0.565878630    
  0.580144525    
  0.594410360    
  0.608676195    
  0.622942090    
  0.637207925    
  0.651473761    
  0.665739596    
  0.680005372    
  0.694271266    
  0.708537161    
  0.722802937    
  0.737068832    
  0.751334608    
  0.765600502    
  0.779866338    
  0.794132173    
  0.808398068    
  0.822663903    
  0.836929739    
  0.851195574    
  0.865461469    
  0.879727304    
  0.893993139    
  0.908258975    
  0.922524810    
  0.936790705    
   9.58819762E-02
  0.110264271    
  0.124646559    
  0.139028862    
  0.153411150    
  0.167793468    
  0.182175756    
  0.196558043    
  0.210940346    
  0.225322619    
  0.239704937    
  0.254087210    
  0.268469542    
  0.282851815    
  0.297234118    
  0.311616421    
  0.325998724    
  0.340380996    
  0.354763269    
  0.369145602    
  0.383527905    
  0.397910178    
  0.412292480    
  0.426674753    
  0.441057056    
  0.455439389    
  0.469821662    
  0.484203964    
  0.498586237    
  0.512968540    
  0.527350843    
  0.541733146    
  0.556115448    
  0.570497692    
  0.584880054    
  0.599262357    
  0.613644600    
  0.628026962    
  0.642409265    
  0.656791508    
  0.671173871    
  0.685556114    
  0.699938416    
  0.714320779    
  0.728703022    
  0.743085325    
  0.757467568    
  0.771849930    
  0.786232173    
  0.800614476    
  0.814996779    
  0.829379082    
  0.843761384    
  0.858143628    
  0.872525990    
  0.886908293    
  0.901290536    
  0.915672839    
  0.930055141    
  0.944437444    
   9.65925828E-02
  0.111081474    
  0.125570357    
  0.140059233    
  0.154548123    
  0.169037029    
  0.183525905    
  0.198014796    
  0.212503672    
  0.226992548    
  0.241481453    
  0.255970329    
  0.270459235    
  0.284948111    
  0.299437016    
  0.313925892    
  0.328414768    
  0.342903644    
  0.357392520    
  0.371881425    
  0.386370331    
  0.400859207    
  0.415348083    
  0.429836959    
  0.444325864    
  0.458814770    
  0.473303616    
  0.487792522    
  0.502281427    
  0.516770303    
  0.531259179    
  0.545748055    
  0.560236931    
  0.574725807    
  0.589214742    
  0.603703618    
  0.618192494    
  0.632681429    
  0.647170305    
  0.661659181    
  0.676148117    
  0.690636933    
  0.705125868    
  0.719614804    
  0.734103620    
  0.748592556    
  0.763081372    
  0.777570307    
  0.792059183    
  0.806548059    
  0.821036935    
  0.835525811    
  0.850014687    
  0.864503562    
  0.878992498    
  0.893481374    
  0.907970250    
  0.922459126    
  0.936948001    
  0.951436937    
   9.72369909E-02
  0.111822538    
  0.126408085    
  0.140993640    
  0.155579180    
  0.170164749    
  0.184750274    
  0.199335828    
  0.213921383    
  0.228506908    
  0.243092477    
  0.257678002    
  0.272263587    
  0.286849111    
  0.301434666    
  0.316020221    
  0.330605775    
  0.345191300    
  0.359776855    
  0.374362409    
  0.388947964    
  0.403533518    
  0.418119043    
  0.432704568    
  0.447290123    
  0.461875707    
  0.476461232    
  0.491046786    
  0.505632341    
  0.520217896    
  0.534803450    
  0.549389005    
  0.563974559    
  0.578560054    
  0.593145669    
  0.607731223    
  0.622316718    
  0.636902332    
  0.651487827    
  0.666073382    
  0.680658996    
  0.695244431    
  0.709830046    
  0.724415660    
  0.739001095    
  0.753586709    
  0.768172204    
  0.782757759    
  0.797343314    
  0.811928868    
  0.826514423    
  0.841099977    
  0.855685532    
  0.870271027    
  0.884856641    
  0.899442196    
  0.914027691    
  0.928613245    
  0.943198800    
  0.957784355    
   9.78147611E-02
  0.112486981    
  0.127159193    
  0.141831398    
  0.156503618    
  0.171175852    
  0.185848042    
  0.200520262    
  0.215192482    
  0.229864672    
  0.244536906    
  0.259209096    
  0.273881346    
  0.288553536    
  0.303225756    
  0.317897975    
  0.332570195    
  0.347242385    
  0.361914605    
  0.376586825    
  0.391259044    
  0.405931264    
  0.420603454    
  0.435275644    
  0.449947894    
  0.464620113    
  0.479292303    
  0.493964553    
  0.508636773    
  0.523308933    
  0.537981212    
  0.552653432    
  0.567325592    
  0.581997812    
  0.596670091    
  0.611342251    
  0.626014471    
  0.640686750    
  0.655358911    
  0.670031130    
  0.684703410    
  0.699375510    
  0.714047790    
  0.728720069    
  0.743392169    
  0.758064449    
  0.772736609    
  0.787408829    
  0.802081048    
  0.816753268    
  0.831425488    
  0.846097708    
  0.860769928    
  0.875442088    
  0.890114367    
  0.904786587    
  0.919458747    
  0.934130967    
  0.948803186    
  0.963475406    
   9.83254910E-02
  0.113074318    
  0.127823129    
  0.142571956    
  0.157320783    
  0.172069624    
  0.186818436    
  0.201567248    
  0.216316074    
  0.231064886    
  0.245813727    
  0.260562539    
  0.275311381    
  0.290060192    
  0.304809034    
  0.319557846    
  0.334306687    
  0.349055469    
  0.363804281    
  0.378553122    
  0.393301964    
  0.408050776    
  0.422799587    
  0.437548399    
  0.452297240    
  0.467046082    
  0.481794894    
  0.496543735    
  0.511292517    
  0.526041329    
  0.540790200    
  0.555539012    
  0.570287824    
  0.585036635    
  0.599785507    
  0.614534318    
  0.629283130    
  0.644032001    
  0.658780813    
  0.673529625    
  0.688278496    
  0.703027248    
  0.717776120    
  0.732524991    
  0.747273743    
  0.762022614    
  0.776771367    
  0.791520238    
  0.806268990    
  0.821017802    
  0.835766673    
  0.850515485    
  0.865264297    
  0.880013108    
  0.894761980    
  0.909510791    
  0.924259603    
  0.939008415    
  0.953757226    
  0.968506098    
   9.87688377E-02
  0.113584161    
  0.128399476    
  0.143214807    
  0.158030137    
  0.172845468    
  0.187660784    
  0.202476114    
  0.217291445    
  0.232106745    
  0.246922091    
  0.261737406    
  0.276552737    
  0.291368067    
  0.306183398    
  0.320998698    
  0.335814059    
  0.350629359    
  0.365444660    
  0.380260020    
  0.395075351    
  0.409890652    
  0.424705982    
  0.439521283    
  0.454336613    
  0.469151974    
  0.483967274    
  0.498782605    
  0.513597906    
  0.528413236    
  0.543228626    
  0.558043897    
  0.572859228    
  0.587674558    
  0.602489889    
  0.617305219    
  0.632120550    
  0.646935880    
  0.661751211    
  0.676566541    
  0.691381872    
  0.706197143    
  0.721012533    
  0.735827923    
  0.750643134    
  0.765458524    
  0.780273795    
  0.795089126    
  0.809904456    
  0.824719787    
  0.839535117    
  0.854350448    
  0.869165778    
  0.883981049    
  0.898796439    
  0.913611770    
  0.928427041    
  0.943242371    
  0.958057702    
  0.972873032    
   9.91444886E-02
  0.114016160    
  0.128887832    
  0.143759504    
  0.158631176    
  0.173502862    
  0.188374519    
  0.203246206    
  0.218117878    
  0.232989535    
  0.247861221    
  0.262732893    
  0.277604580    
  0.292476237    
  0.307347924    
  0.322219580    
  0.337091267    
  0.351962924    
  0.366834581    
  0.381706268    
  0.396577954    
  0.411449611    
  0.426321268    
  0.441192925    
  0.456064612    
  0.470936328    
  0.485807985    
  0.500679672    
  0.515551329    
  0.530422986    
  0.545294702    
  0.560166359    
  0.575038016    
  0.589909673    
  0.604781389    
  0.619653046    
  0.634524703    
  0.649396420    
  0.664268076    
  0.679139733    
  0.694011450    
  0.708883047    
  0.723754764    
  0.738626480    
  0.753498077    
  0.768369794    
  0.783241451    
  0.798113167    
  0.812984824    
  0.827856481    
  0.842728198    
  0.857599854    
  0.872471511    
  0.887343168    
  0.902214885    
  0.917086542    
  0.931958199    
  0.946829855    
  0.961701512    
  0.976573229    
   9.94521901E-02
  0.114370026    
  0.129287839    
  0.144205675    
  0.159123510    
  0.174041346    
  0.188959166    
  0.203876987    
  0.218794823    
  0.233712628    
  0.248630479    
  0.263548285    
  0.278466135    
  0.293383956    
  0.308301806    
  0.323219597    
  0.338137448    
  0.353055269    
  0.367973089    
  0.382890940    
  0.397808760    
  0.412726581    
  0.427644402    
  0.442562222    
  0.457480073    
  0.472397894    
  0.487315714    
  0.502233565    
  0.517151356    
  0.532069206    
  0.546987057    
  0.561904907    
  0.576822698    
  0.591740489    
  0.606658399    
  0.621576190    
  0.636494040    
  0.651411891    
  0.666329682    
  0.681247532    
  0.696165383    
  0.711083114    
  0.726001024    
  0.740918875    
  0.755836666    
  0.770754516    
  0.785672247    
  0.800590158    
  0.815507948    
  0.830425799    
  0.845343649    
  0.860261440    
  0.875179291    
  0.890097082    
  0.905014992    
  0.919932783    
  0.934850574    
  0.949768424    
  0.964686215    
  0.979604125    
   9.96917337E-02
  0.114645496    
  0.129599243    
  0.144553006    
  0.159506768    
  0.174460545    
  0.189414293    
  0.204368040    
  0.219321802    
  0.234275550    
  0.249229327    
  0.264183074    
  0.279136837    
  0.294090599    
  0.309044361    
  0.323998123    
  0.338951886    
  0.353905648    
  0.368859380    
  0.383813143    
  0.398766935    
  0.413720667    
  0.428674430    
  0.443628162    
  0.458581954    
  0.473535717    
  0.488489449    
  0.503443241    
  0.518396974    
  0.533350706    
  0.548304558    
  0.563258290    
  0.578212023    
  0.593165755    
  0.608119547    
  0.623073339    
  0.638027072    
  0.652980864    
  0.667934597    
  0.682888329    
  0.697842181    
  0.712795854    
  0.727749646    
  0.742703438    
  0.757657170    
  0.772610962    
  0.787564635    
  0.802518427    
  0.817472160    
  0.832425952    
  0.847379744    
  0.862333477    
  0.877287209    
  0.892240942    
  0.907194793    
  0.922148526    
  0.937102258    
  0.952055991    
  0.967009783    
  0.981963575    
   9.98629555E-02
  0.114842393    
  0.129821837    
  0.144801274    
  0.159780711    
  0.174760178    
  0.189739600    
  0.204719052    
  0.219698489    
  0.234677926    
  0.249657378    
  0.264636815    
  0.279616266    
  0.294595689    
  0.309575140    
  0.324554592    
  0.339534044    
  0.354513466    
  0.369492888    
  0.384472340    
  0.399451822    
  0.414431244    
  0.429410666    
  0.444390088    
  0.459369540    
  0.474349022    
  0.489328444    
  0.504307926    
  0.519287348    
  0.534266770    
  0.549246252    
  0.564225674    
  0.579205096    
  0.594184518    
  0.609164000    
  0.624143422    
  0.639122844    
  0.654102385    
  0.669081807    
  0.684061229    
  0.699040711    
  0.714020073    
  0.728999555    
  0.743979037    
  0.758958399    
  0.773937881    
  0.788917303    
  0.803896785    
  0.818876207    
  0.833855629    
  0.848835111    
  0.863814533    
  0.878793955    
  0.893773377    
  0.908752859    
  0.923732281    
  0.938711762    
  0.953691185    
  0.968670607    
  0.983650088    
   9.99657363E-02
  0.114960596    
  0.129955456    
  0.144950315    
  0.159945175    
  0.174940050    
  0.189934894    
  0.204929754    
  0.219924614    
  0.234919459    
  0.249914333    
  0.264909178    
  0.279904068    
  0.294898897    
  0.309893787    
  0.324888617    
  0.339883506    
  0.354878336    
  0.369873196    
  0.384868056    
  0.399862945    
  0.414857775    
  0.429852635    
  0.444847465    
  0.459842354    
  0.474837214    
  0.489832073    
  0.504826963    
  0.519821823    
  0.534816623    
  0.549811542    
  0.564806402    
  0.579801261    
  0.594796062    
  0.609790981    
  0.624785841    
  0.639780700    
  0.654775560    
  0.669770420    
  0.684765279    
  0.699760199    
  0.714754939    
  0.729749858    
  0.744744778    
  0.759739578    
  0.774734497    
  0.789729238    
  0.804724157    
  0.819719017    
  0.834713876    
  0.849708736    
  0.864703596    
  0.879698455    
  0.894693315    
  0.909688175    
  0.924683034    
  0.939677894    
  0.954672754    
  0.969667554    
  0.984662473    
