   0.00000000    
   0.00000000    
   0.00000000    
   0.00000000    
   0.00000000    
   0.00000000    
   0.00000000    
   0.00000000    
   0.00000000    
   0.00000000    
   0.00000000    
   0.00000000    
   0.00000000    
   0.00000000    
   0.00000000    
   0.00000000    
   0.00000000    
   0.00000000    
   0.00000000    
   0.00000000    
   0.00000000    
   0.00000000    
   0.00000000    
   0.00000000    
   0.00000000    
   0.00000000    
   0.00000000    
   0.00000000    
   0.00000000    
   0.00000000    
   0.00000000    
   0.00000000    
   0.00000000    
   0.00000000    
   0.00000000    
   0.00000000    
   0.00000000    
   0.00000000    
   0.00000000    
   0.00000000    
   0.00000000    
   0.00000000    
   0.00000000    
   0.00000000    
   0.00000000    
   0.00000000    
   0.00000000    
   0.00000000    
   0.00000000    
   0.00000000    
   0.00000000    
   0.00000000    
   0.00000000    
   0.00000000    
   0.00000000    
   0.00000000    
   0.00000000    
   0.00000000    
   0.00000000    
   0.00000000    
   0.00000000    
   0.00000000    
   0.00000000    
   0.00000000    
   0.00000000    
   0.00000000    
   0.00000000    
   0.00000000    
   0.00000000    
   0.00000000    
   2.24380638E-03
   2.53229588E-03
   2.82078516E-03
   3.10927466E-03
   3.39776417E-03
   3.68625345E-03
   3.97474272E-03
   4.26323200E-03
   4.55172127E-03
   4.84021055E-03
   5.12870075E-03
   5.41718956E-03
   5.70567884E-03
   5.99416858E-03
   6.28265785E-03
   6.57114713E-03
   6.85963687E-03
   7.14812614E-03
   7.43661541E-03
   7.72510516E-03
   8.01359490E-03
   8.30208324E-03
   8.59057251E-03
   8.87906179E-03
   9.16755106E-03
   9.45604127E-03
   9.74453054E-03
   1.00330198E-02
   1.03215091E-02
   1.06099984E-02
   1.08984886E-02
   1.11869778E-02
   1.14754681E-02
   1.17639573E-02
   1.20524466E-02
   1.23409359E-02
   1.26294233E-02
   1.29179144E-02
   1.32064037E-02
   1.34948930E-02
   1.37833832E-02
   1.40718715E-02
   1.43603608E-02
   1.46488510E-02
   1.49373394E-02
   1.52258305E-02
   1.55143179E-02
   1.58028081E-02
   1.60912964E-02
   1.63797867E-02
   1.66682769E-02
   1.69567652E-02
   1.72452554E-02
   1.75337438E-02
   1.78222340E-02
   1.81107223E-02
   1.83992125E-02
   1.86877027E-02
   1.89761911E-02
   1.92646813E-02
   1.95531715E-02
   1.98416598E-02
   2.01301500E-02
   2.04186384E-02
   2.07071286E-02
   2.09956169E-02
   2.12841071E-02
   2.15725955E-02
   2.18610857E-02
   2.21495740E-02
   4.48648306E-03
   5.06331678E-03
   5.64015005E-03
   6.21698331E-03
   6.79381751E-03
   7.37065077E-03
   7.94748403E-03
   8.52431729E-03
   9.10115056E-03
   9.67798382E-03
   1.02548189E-02
   1.08316513E-02
   1.14084845E-02
   1.19853187E-02
   1.25621520E-02
   1.31389853E-02
   1.37158195E-02
   1.42926527E-02
   1.48694860E-02
   1.54463202E-02
   1.60231534E-02
   1.65999867E-02
   1.71768200E-02
   1.77536532E-02
   1.83304865E-02
   1.89073198E-02
   1.94841549E-02
   2.00609881E-02
   2.06378214E-02
   2.12146547E-02
   2.17914879E-02
   2.23683212E-02
   2.29451563E-02
   2.35219896E-02
   2.40988228E-02
   2.46756561E-02
   2.52524875E-02
   2.58293226E-02
   2.64061578E-02
   2.69829910E-02
   2.75598262E-02
   2.81366576E-02
   2.87134908E-02
   2.92903259E-02
   2.98671573E-02
   3.04439925E-02
   3.10208239E-02
   3.15976590E-02
   3.21744904E-02
   3.27513255E-02
   3.33281606E-02
   3.39049920E-02
   3.44818272E-02
   3.50586586E-02
   3.56354937E-02
   3.62123251E-02
   3.67891602E-02
   3.73659916E-02
   3.79428267E-02
   3.85196619E-02
   3.90964970E-02
   3.96733284E-02
   4.02501635E-02
   4.08269949E-02
   4.14038301E-02
   4.19806615E-02
   4.25574966E-02
   4.31343280E-02
   4.37111631E-02
   4.42879945E-02
   6.72690058E-03
   7.59178819E-03
   8.45667534E-03
   9.32156201E-03
   1.01864496E-02
   1.10513372E-02
   1.19162239E-02
   1.27811106E-02
   1.36459973E-02
   1.45108849E-02
   1.53757734E-02
   1.62406582E-02
   1.71055458E-02
   1.79704353E-02
   1.88353211E-02
   1.97002087E-02
   2.05650944E-02
   2.14299820E-02
   2.22948696E-02
   2.31597591E-02
   2.40246449E-02
   2.48895306E-02
   2.57544164E-02
   2.66193040E-02
   2.74841916E-02
   2.83490792E-02
   2.92139668E-02
   3.00788544E-02
   3.09437402E-02
   3.18086259E-02
   3.26735154E-02
   3.35384049E-02
   3.44032943E-02
   3.52681801E-02
   3.61330658E-02
   3.69979553E-02
   3.78628373E-02
   3.87277268E-02
   3.95926125E-02
   4.04575020E-02
   4.13223915E-02
   4.21872735E-02
   4.30521630E-02
   4.39170524E-02
   4.47819345E-02
   4.56468277E-02
   4.65117097E-02
   4.73765992E-02
   4.82414849E-02
   4.91063744E-02
   4.99712601E-02
   5.08361496E-02
   5.17010354E-02
   5.25659211E-02
   5.34308106E-02
   5.42956963E-02
   5.51605821E-02
   5.60254715E-02
   5.68903573E-02
   5.77552430E-02
   5.86201362E-02
   5.94850183E-02
   6.03499077E-02
   6.12147935E-02
   6.20796829E-02
   6.29445687E-02
   6.38094544E-02
   6.46743476E-02
   6.55392334E-02
   6.64041191E-02
   8.96393042E-03
   1.01164365E-02
   1.12689417E-02
   1.24214469E-02
   1.35739530E-02
   1.47264581E-02
   1.58789624E-02
   1.70314685E-02
   1.81839727E-02
   1.93364788E-02
   2.04889849E-02
   2.16414873E-02
   2.27939934E-02
   2.39465013E-02
   2.50990056E-02
   2.62515116E-02
   2.74040159E-02
   2.85565201E-02
   2.97090262E-02
   3.08615342E-02
   3.20140384E-02
   3.31665426E-02
   3.43190469E-02
   3.54715511E-02
   3.66240554E-02
   3.77765633E-02
   3.89290676E-02
   4.00815755E-02
   4.12340797E-02
   4.23865840E-02
   4.35390919E-02
   4.46915962E-02
   4.58441041E-02
   4.69966084E-02
   4.81491126E-02
   4.93016206E-02
   5.04541174E-02
   5.16066290E-02
   5.27591333E-02
   5.39116412E-02
   5.50641492E-02
   5.62166497E-02
   5.73691539E-02
   5.85216656E-02
   5.96741661E-02
   6.08266741E-02
   6.19791746E-02
   6.31316826E-02
   6.42841831E-02
   6.54366985E-02
   6.65891990E-02
   6.77417070E-02
   6.88942075E-02
   7.00467154E-02
   7.11992234E-02
   7.23517239E-02
   7.35042319E-02
   7.46567324E-02
   7.58092403E-02
   7.69617483E-02
   7.81142563E-02
   7.92667568E-02
   8.04192647E-02
   8.15717652E-02
   8.27242732E-02
   8.38767812E-02
   8.50292891E-02
   8.61817896E-02
   8.73342976E-02
   8.84867981E-02
   1.11964485E-02
   1.26359928E-02
   1.40755353E-02
   1.55150788E-02
   1.69546232E-02
   1.83941666E-02
   1.98337100E-02
   2.12732516E-02
   2.27127951E-02
   2.41523385E-02
   2.55918838E-02
   2.70314235E-02
   2.84709670E-02
   2.99105141E-02
   3.13500576E-02
   3.27895992E-02
   3.42291407E-02
   3.56686860E-02
   3.71082276E-02
   3.85477729E-02
   3.99873182E-02
   4.14268561E-02
   4.28664014E-02
   4.43059430E-02
   4.57454845E-02
   4.71850336E-02
   4.86245751E-02
   5.00641167E-02
   5.15036620E-02
   5.29432036E-02
   5.43827489E-02
   5.58222942E-02
   5.72618395E-02
   5.87013848E-02
   6.01409264E-02
   6.15804680E-02
   6.30200058E-02
   6.44595549E-02
   6.58990964E-02
   6.73386380E-02
   6.87781870E-02
   7.02177286E-02
   7.16572702E-02
   7.30968192E-02
   7.45363533E-02
   7.59759024E-02
   7.74154440E-02
   7.88549930E-02
   8.02945271E-02
   8.17340761E-02
   8.31736177E-02
   8.46131667E-02
   8.60527083E-02
   8.74922499E-02
   8.89317915E-02
   9.03713331E-02
   9.18108746E-02
   9.32504237E-02
   9.46899652E-02
   9.61295068E-02
   9.75690559E-02
   9.90085900E-02
  0.100448139    
  0.101887681    
  0.103327230    
  0.104766771    
  0.106206313    
  0.107645854    
  0.109085403    
  0.110524945    
   1.34233264E-02
   1.51491836E-02
   1.68750398E-02
   1.86008960E-02
   2.03267522E-02
   2.20526084E-02
   2.37784646E-02
   2.55043209E-02
   2.72301752E-02
   2.89560314E-02
   3.06818914E-02
   3.24077420E-02
   3.41335982E-02
   3.58594581E-02
   3.75853144E-02
   3.93111706E-02
   4.10370268E-02
   4.27628830E-02
   4.44887392E-02
   4.62145992E-02
   4.79404517E-02
   4.96663041E-02
   5.13921604E-02
   5.31180166E-02
   5.48438728E-02
   5.65697327E-02
   5.82955889E-02
   6.00214452E-02
   6.17473014E-02
   6.34731576E-02
   6.51990175E-02
   6.69248700E-02
   6.86507300E-02
   7.03765899E-02
   7.21024424E-02
   7.38282949E-02
   7.55541474E-02
   7.72800073E-02
   7.90058672E-02
   8.07317197E-02
   8.24575871E-02
   8.41834322E-02
   8.59092921E-02
   8.76351520E-02
   8.93609971E-02
   9.10868645E-02
   9.28127095E-02
   9.45385769E-02
   9.62644219E-02
   9.79902893E-02
   9.97161418E-02
  0.101442002    
  0.103167854    
  0.104893707    
  0.106619567    
  0.108345419    
  0.110071279    
  0.111797132    
  0.113522992    
  0.115248844    
  0.116974711    
  0.118700556    
  0.120426416    
  0.122152269    
  0.123878129    
  0.125603989    
  0.127329841    
  0.129055694    
  0.130781561    
  0.132507414    
   1.56434476E-02
   1.76547486E-02
   1.96660478E-02
   2.16773488E-02
   2.36886498E-02
   2.56999508E-02
   2.77112499E-02
   2.97225509E-02
   3.17338482E-02
   3.37451510E-02
   3.57564539E-02
   3.77677493E-02
   3.97790484E-02
   4.17903550E-02
   4.38016541E-02
   4.58129533E-02
   4.78242524E-02
   4.98355515E-02
   5.18468544E-02
   5.38581572E-02
   5.58694564E-02
   5.78807518E-02
   5.98920509E-02
   6.19033538E-02
   6.39146492E-02
   6.59259558E-02
   6.79372549E-02
   6.99485540E-02
   7.19598532E-02
   7.39711523E-02
   7.59824589E-02
   7.79937580E-02
   8.00050646E-02
   8.20163637E-02
   8.40276629E-02
   8.60389620E-02
   8.80502537E-02
   9.00615603E-02
   9.20728669E-02
   9.40841660E-02
   9.60954726E-02
   9.81067643E-02
  0.100118063    
  0.102129370    
  0.104140662    
  0.106151968    
  0.108163260    
  0.110174574    
  0.112185858    
  0.114197172    
  0.116208471    
  0.118219770    
  0.120231070    
  0.122242369    
  0.124253668    
  0.126264974    
  0.128276274    
  0.130287573    
  0.132298872    
  0.134310171    
  0.136321485    
  0.138332769    
  0.140344083    
  0.142355368    
  0.144366682    
  0.146377981    
  0.148389280    
  0.150400579    
  0.152411878    
  0.154423177    
   1.78556889E-02
   2.01514214E-02
   2.24471521E-02
   2.47428827E-02
   2.70386171E-02
   2.93343477E-02
   3.16300765E-02
   3.39258090E-02
   3.62215377E-02
   3.85172702E-02
   4.08130065E-02
   4.31087315E-02
   4.54044640E-02
   4.77002002E-02
   4.99959290E-02
   5.22916615E-02
   5.45873903E-02
   5.68831228E-02
   5.91788515E-02
   6.14745878E-02
   6.37703165E-02
   6.60660416E-02
   6.83617741E-02
   7.06575066E-02
   7.29532391E-02
   7.52489716E-02
   7.75447041E-02
   7.98404366E-02
   8.21361616E-02
   8.44318941E-02
   8.67276341E-02
   8.90233666E-02
   9.13190991E-02
   9.36148316E-02
   9.59105641E-02
   9.82062891E-02
  0.100502014    
  0.102797754    
  0.105093487    
  0.107389212    
  0.109684959    
  0.111980677    
  0.114276409    
  0.116572149    
  0.118867867    
  0.121163607    
  0.123459332    
  0.125755072    
  0.128050789    
  0.130346537    
  0.132642269    
  0.134937987    
  0.137233719    
  0.139529452    
  0.141825184    
  0.144120917    
  0.146416649    
  0.148712382    
  0.151008114    
  0.153303847    
  0.155599579    
  0.157895297    
  0.160191044    
  0.162486762    
  0.164782509    
  0.167078242    
  0.169373959    
  0.171669692    
  0.173965424    
  0.176261157    
   2.00589430E-02
   2.26379503E-02
   2.52169557E-02
   2.77959611E-02
   3.03749703E-02
   3.29539776E-02
   3.55329812E-02
   3.81119885E-02
   4.06909958E-02
   4.32699993E-02
   4.58490141E-02
   4.84280139E-02
   5.10070175E-02
   5.35860322E-02
   5.61650358E-02
   5.87440431E-02
   6.13230504E-02
   6.39020577E-02
   6.64810613E-02
   6.90600723E-02
   7.16390833E-02
   7.42180794E-02
   7.67970830E-02
   7.93760940E-02
   8.19550976E-02
   8.45341086E-02
   8.71131197E-02
   8.96921232E-02
   9.22711268E-02
   9.48501378E-02
   9.74291489E-02
  0.100008152    
  0.102587163    
  0.105166167    
  0.107745178    
  0.110324182    
  0.112903178    
  0.115482196    
  0.118061200    
  0.120640203    
  0.123219222    
  0.125798225    
  0.128377229    
  0.130956247    
  0.133535236    
  0.136114255    
  0.138693243    
  0.141272262    
  0.143851265    
  0.146430284    
  0.149009287    
  0.151588291    
  0.154167295    
  0.156746298    
  0.159325317    
  0.161904320    
  0.164483324    
  0.167062327    
  0.169641331    
  0.172220334    
  0.174799353    
  0.177378356    
  0.179957375    
  0.182536364    
  0.185115382    
  0.187694386    
  0.190273389    
  0.192852393    
  0.195431411    
  0.198010415    
   2.22520959E-02
   2.51130797E-02
   2.79740617E-02
   3.08350455E-02
   3.36960293E-02
   3.65570150E-02
   3.94179970E-02
   4.22789790E-02
   4.51399609E-02
   4.80009466E-02
   5.08619361E-02
   5.37229106E-02
   5.65838926E-02
   5.94448820E-02
   6.23058639E-02
   6.51668459E-02
   6.80278316E-02
   7.08888173E-02
   7.37497956E-02
   7.66107887E-02
   7.94717669E-02
   8.23327452E-02
   8.51937309E-02
   8.80547091E-02
   9.09156948E-02
   9.37766805E-02
   9.66376662E-02
   9.94986519E-02
  0.102359630    
  0.105220616    
  0.108081602    
  0.110942587    
  0.113803573    
  0.116664559    
  0.119525544    
  0.122386523    
  0.125247493    
  0.128108487    
  0.130969465    
  0.133830458    
  0.136691451    
  0.139552414    
  0.142413408    
  0.145274401    
  0.148135364    
  0.150996372    
  0.153857335    
  0.156718329    
  0.159579307    
  0.162440300    
  0.165301278    
  0.168162256    
  0.171023250    
  0.173884228    
  0.176745206    
  0.179606199    
  0.182467178    
  0.185328156    
  0.188189134    
  0.191050127    
  0.193911120    
  0.196772084    
  0.199633092    
  0.202494055    
  0.205355048    
  0.208216026    
  0.211077020    
  0.213937998    
  0.216798976    
  0.219659969    
   2.44340431E-02
   2.75755655E-02
   3.07170842E-02
   3.38586010E-02
   3.70001234E-02
   4.01416458E-02
   4.32831645E-02
   4.64246832E-02
   4.95662019E-02
   5.27077205E-02
   5.58492467E-02
   5.89907579E-02
   6.21322766E-02
   6.52738065E-02
   6.84153214E-02
   7.15568438E-02
   7.46983588E-02
   7.78398812E-02
   8.09813961E-02
   8.41229260E-02
   8.72644410E-02
   9.04059559E-02
   9.35474709E-02
   9.66889933E-02
   9.98305082E-02
  0.102972038    
  0.106113560    
  0.109255075    
  0.112396598    
  0.115538113    
  0.118679643    
  0.121821158    
  0.124962687    
  0.128104210    
  0.131245717    
  0.134387240    
  0.137528747    
  0.140670285    
  0.143811792    
  0.146953315    
  0.150094852    
  0.153236359    
  0.156377882    
  0.159519404    
  0.162660912    
  0.165802449    
  0.168943956    
  0.172085479    
  0.175226986    
  0.178368524    
  0.181510046    
  0.184651554    
  0.187793076    
  0.190934598    
  0.194076121    
  0.197217628    
  0.200359151    
  0.203500673    
  0.206642196    
  0.209783718    
  0.212925240    
  0.216066748    
  0.219208285    
  0.222349793    
  0.225491315    
  0.228632838    
  0.231774360    
  0.234915882    
  0.238057390    
  0.241198912    
   2.66036838E-02
   3.00241597E-02
   3.34446318E-02
   3.68651040E-02
   4.02855799E-02
   4.37060520E-02
   4.71265242E-02
   5.05470000E-02
   5.39674722E-02
   5.73879443E-02
   6.08084239E-02
   6.42288923E-02
   6.76493645E-02
   7.10698441E-02
   7.44903162E-02
   7.79107884E-02
   8.13312605E-02
   8.47517326E-02
   8.81722048E-02
   9.15926844E-02
   9.50131565E-02
   9.84336212E-02
  0.101854093    
  0.105274566    
  0.108695045    
  0.112115525    
  0.115535997    
  0.118956469    
  0.122376941    
  0.125797406    
  0.129217893    
  0.132638365    
  0.136058852    
  0.139479324    
  0.142899796    
  0.146320269    
  0.149740726    
  0.153161213    
  0.156581685    
  0.160002157    
  0.163422644    
  0.166843101    
  0.170263574    
  0.173684061    
  0.177104518    
  0.180525005    
  0.183945462    
  0.187365949    
  0.190786406    
  0.194206893    
  0.197627366    
  0.201047838    
  0.204468310    
  0.207888782    
  0.211309254    
  0.214729726    
  0.218150198    
  0.221570686    
  0.224991158    
  0.228411630    
  0.231832117    
  0.235252574    
  0.238673061    
  0.242093518    
  0.245514005    
  0.248934478    
  0.252354950    
  0.255775422    
  0.259195894    
  0.262616366    
   2.87599321E-02
   3.24576385E-02
   3.61553431E-02
   3.98530476E-02
   4.35507558E-02
   4.72484604E-02
   5.09461649E-02
   5.46438694E-02
   5.83415739E-02
   6.20392784E-02
   6.57369941E-02
   6.94346875E-02
   7.31323957E-02
   7.68301040E-02
   8.05278122E-02
   8.42255130E-02
   8.79232213E-02
   9.16209221E-02
   9.53186303E-02
   9.90163460E-02
  0.102714047    
  0.106411740    
  0.110109448    
  0.113807149    
  0.117504857    
  0.121202573    
  0.124900274    
  0.128597975    
  0.132295683    
  0.135993391    
  0.139691100    
  0.143388808    
  0.147086516    
  0.150784224    
  0.154481933    
  0.158179626    
  0.161877319    
  0.165575042    
  0.169272751    
  0.172970444    
  0.176668167    
  0.180365860    
  0.184063569    
  0.187761292    
  0.191458970    
  0.195156693    
  0.198854387    
  0.202552110    
  0.206249788    
  0.209947512    
  0.213645220    
  0.217342928    
  0.221040621    
  0.224738330    
  0.228436038    
  0.232133746    
  0.235831439    
  0.239529148    
  0.243226856    
  0.246924564    
  0.250622272    
  0.254319966    
  0.258017689    
  0.261715382    
  0.265413105    
  0.269110799    
  0.272808492    
  0.276506215    
  0.280203909    
  0.283901632    
   3.09017003E-02
   3.48747782E-02
   3.88478525E-02
   4.28209268E-02
   4.67940047E-02
   5.07670790E-02
   5.47401570E-02
   5.87132312E-02
   6.26863018E-02
   6.66593760E-02
   7.06324652E-02
   7.46055245E-02
   7.85786062E-02
   8.25516880E-02
   8.65247622E-02
   9.04978365E-02
   9.44709107E-02
   9.84439850E-02
  0.102417059    
  0.106390141    
  0.110363215    
  0.114336282    
  0.118309356    
  0.122282431    
  0.126255512    
  0.130228594    
  0.134201661    
  0.138174742    
  0.142147809    
  0.146120891    
  0.150093973    
  0.154067054    
  0.158040136    
  0.162013203    
  0.165986285    
  0.169959351    
  0.173932418    
  0.177905500    
  0.181878582    
  0.185851648    
  0.189824745    
  0.193797797    
  0.197770879    
  0.201743975    
  0.205717027    
  0.209690124    
  0.213663176    
  0.217636272    
  0.221609324    
  0.225582421    
  0.229555488    
  0.233528569    
  0.237501636    
  0.241474718    
  0.245447785    
  0.249420866    
  0.253393948    
  0.257367015    
  0.261340082    
  0.265313178    
  0.269286245    
  0.273259312    
  0.277232409    
  0.281205475    
  0.285178542    
  0.289151639    
  0.293124706    
  0.297097772    
  0.301070839    
  0.305043936    
   3.30279060E-02
   3.72743532E-02
   4.15207967E-02
   4.57672402E-02
   5.00136875E-02
   5.42601310E-02
   5.85065745E-02
   6.27530217E-02
   6.69994652E-02
   7.12459087E-02
   7.54923597E-02
   7.97387958E-02
   8.39852393E-02
   8.82316902E-02
   9.24781337E-02
   9.67245772E-02
  0.100971021    
  0.105217464    
  0.109463908    
  0.113710366    
  0.117956810    
  0.122203238    
  0.126449689    
  0.130696133    
  0.134942576    
  0.139189020    
  0.143435463    
  0.147681907    
  0.151928350    
  0.156174794    
  0.160421252    
  0.164667696    
  0.168914154    
  0.173160598    
  0.177407041    
  0.181653485    
  0.185899913    
  0.190146372    
  0.194392815    
  0.198639259    
  0.202885717    
  0.207132146    
  0.211378589    
  0.215625048    
  0.219871476    
  0.224117935    
  0.228364363    
  0.232610822    
  0.236857250    
  0.241103709    
  0.245350152    
  0.249596596    
  0.253843039    
  0.258089483    
  0.262335926    
  0.266582370    
  0.270828813    
  0.275075257    
  0.279321700    
  0.283568144    
  0.287814617    
  0.292061031    
  0.296307504    
  0.300553918    
  0.304800391    
  0.309046835    
  0.313293278    
  0.317539722    
  0.321786165    
  0.326032609    
   3.51374857E-02
   3.96551602E-02
   4.41728383E-02
   4.86905128E-02
   5.32081909E-02
   5.77258691E-02
   6.22435436E-02
   6.67612180E-02
   7.12788925E-02
   7.57965669E-02
   8.03142563E-02
   8.48319158E-02
   8.93495902E-02
   9.38672796E-02
   9.83849540E-02
  0.102902628    
  0.107420303    
  0.111937977    
  0.116455652    
  0.120973341    
  0.125491008    
  0.130008683    
  0.134526357    
  0.139044032    
  0.143561706    
  0.148079395    
  0.152597070    
  0.157114744    
  0.161632419    
  0.166150093    
  0.170667782    
  0.175185457    
  0.179703131    
  0.184220806    
  0.188738495    
  0.193256170    
  0.197773814    
  0.202291518    
  0.206809193    
  0.211326867    
  0.215844557    
  0.220362216    
  0.224879891    
  0.229397580    
  0.233915240    
  0.238432929    
  0.242950588    
  0.247468293    
  0.251985937    
  0.256503642    
  0.261021316    
  0.265538990    
  0.270056665    
  0.274574339    
  0.279092014    
  0.283609688    
  0.288127363    
  0.292645037    
  0.297162712    
  0.301680386    
  0.306198090    
  0.310715735    
  0.315233439    
  0.319751084    
  0.324268788    
  0.328786463    
  0.333304137    
  0.337821811    
  0.342339486    
  0.346857160    
   3.72293666E-02
   4.20159996E-02
   4.68026325E-02
   5.15892617E-02
   5.63758984E-02
   6.11625314E-02
   6.59491643E-02
   7.07357898E-02
   7.55224228E-02
   8.03090557E-02
   8.50956962E-02
   8.98823142E-02
   9.46689472E-02
   9.94555950E-02
  0.104242221    
  0.109028853    
  0.113815486    
  0.118602119    
  0.123388745    
  0.128175393    
  0.132962018    
  0.137748644    
  0.142535269    
  0.147321910    
  0.152108535    
  0.156895176    
  0.161681816    
  0.166468441    
  0.171255067    
  0.176041707    
  0.180828348    
  0.185614973    
  0.190401614    
  0.195188254    
  0.199974880    
  0.204761505    
  0.209548116    
  0.214334771    
  0.219121411    
  0.223908037    
  0.228694692    
  0.233481303    
  0.238267928    
  0.243054584    
  0.247841194    
  0.252627850    
  0.257414460    
  0.262201101    
  0.266987711    
  0.271774381    
  0.276560992    
  0.281347632    
  0.286134273    
  0.290920883    
  0.295707524    
  0.300494164    
  0.305280805    
  0.310067415    
  0.314854056    
  0.319640696    
  0.324427336    
  0.329213947    
  0.334000587    
  0.338787198    
  0.343573868    
  0.348360509    
  0.353147119    
  0.357933760    
  0.362720400    
  0.367507011    
   3.93025056E-02
   4.43556868E-02
   4.94088642E-02
   5.44620417E-02
   5.95152229E-02
   6.45684004E-02
   6.96215779E-02
   7.46747553E-02
   7.97279328E-02
   8.47811103E-02
   8.98343027E-02
   9.48874652E-02
   9.99406427E-02
  0.104993835    
  0.110047013    
  0.115100190    
  0.120153368    
  0.125206545    
  0.130259722    
  0.135312915    
  0.140366092    
  0.145419255    
  0.150472432    
  0.155525610    
  0.160578787    
  0.165631980    
  0.170685157    
  0.175738335    
  0.180791512    
  0.185844690    
  0.190897882    
  0.195951059    
  0.201004237    
  0.206057414    
  0.211110607    
  0.216163784    
  0.221216932    
  0.226270139    
  0.231323317    
  0.236376494    
  0.241429687    
  0.246482849    
  0.251536012    
  0.256589234    
  0.261642367    
  0.266695589    
  0.271748722    
  0.276801944    
  0.281855077    
  0.286908299    
  0.291961461    
  0.297014654    
  0.302067816    
  0.307121009    
  0.312174171    
  0.317227364    
  0.322280526    
  0.327333719    
  0.332386881    
  0.337440073    
  0.342493266    
  0.347546428    
  0.352599621    
  0.357652783    
  0.362705976    
  0.367759138    
  0.372812331    
  0.377865493    
  0.382918686    
  0.387971848    
   4.13558520E-02
   4.66730334E-02
   5.19902147E-02
   5.73073924E-02
   6.26245812E-02
   6.79417551E-02
   7.32589364E-02
   7.85761178E-02
   8.38932991E-02
   8.92104730E-02
   9.45276693E-02
   9.98448357E-02
  0.105162010    
  0.110479206    
  0.115796387    
  0.121113561    
  0.126430750    
  0.131747916    
  0.137065098    
  0.142382294    
  0.147699475    
  0.153016642    
  0.158333823    
  0.163651004    
  0.168968171    
  0.174285367    
  0.179602548    
  0.184919730    
  0.190236911    
  0.195554093    
  0.200871274    
  0.206188455    
  0.211505651    
  0.216822833    
  0.222140014    
  0.227457181    
  0.232774347    
  0.238091543    
  0.243408725    
  0.248725906    
  0.254043102    
  0.259360254    
  0.264677435    
  0.269994646    
  0.275311798    
  0.280629009    
  0.285946161    
  0.291263372    
  0.296580523    
  0.301897734    
  0.307214916    
  0.312532067    
  0.317849249    
  0.323166430    
  0.328483611    
  0.333800793    
  0.339117974    
  0.344435155    
  0.349752337    
  0.355069518    
  0.360386729    
  0.365703881    
  0.371021092    
  0.376338243    
  0.381655425    
  0.386972606    
  0.392289788    
  0.397606969    
  0.402924150    
  0.408241332    
   4.33883779E-02
   4.89668846E-02
   5.45453876E-02
   6.01238906E-02
   6.57024011E-02
   7.12809041E-02
   7.68594071E-02
   8.24379101E-02
   8.80164132E-02
   9.35949236E-02
   9.91734341E-02
  0.104751930    
  0.110330433    
  0.115908951    
  0.121487454    
  0.127065957    
  0.132644460    
  0.138222963    
  0.143801466    
  0.149379984    
  0.154958487    
  0.160536975    
  0.166115478    
  0.171693981    
  0.177272484    
  0.182851002    
  0.188429505    
  0.194008008    
  0.199586526    
  0.205165029    
  0.210743546    
  0.216322049    
  0.221900553    
  0.227479070    
  0.233057573    
  0.238636076    
  0.244214550    
  0.249793082    
  0.255371571    
  0.260950089    
  0.266528606    
  0.272107095    
  0.277685612    
  0.283264130    
  0.288842618    
  0.294421136    
  0.299999624    
  0.305578142    
  0.311156631    
  0.316735148    
  0.322313666    
  0.327892154    
  0.333470672    
  0.339049160    
  0.344627678    
  0.350206167    
  0.355784684    
  0.361363173    
  0.366941690    
  0.372520179    
  0.378098726    
  0.383677185    
  0.389255732    
  0.394834191    
  0.400412738    
  0.405991226    
  0.411569744    
  0.417148232    
  0.422726750    
  0.428305238    
   4.53990549E-02
   5.12360781E-02
   5.70730977E-02
   6.29101172E-02
   6.87471479E-02
   7.45841637E-02
   8.04211870E-02
   8.62582028E-02
   9.20952260E-02
   9.79322419E-02
  0.103769273    
  0.109606281    
  0.115443304    
  0.121280335    
  0.127117351    
  0.132954374    
  0.138791397    
  0.144628420    
  0.150465429    
  0.156302467    
  0.162139490    
  0.167976499    
  0.173813507    
  0.179650530    
  0.185487553    
  0.191324577    
  0.197161600    
  0.202998623    
  0.208835647    
  0.214672670    
  0.220509693    
  0.226346716    
  0.232183754    
  0.238020763    
  0.243857786    
  0.249694809    
  0.255531788    
  0.261368841    
  0.267205864    
  0.273042887    
  0.278879941    
  0.284716934    
  0.290553957    
  0.296390980    
  0.302227974    
  0.308065027    
  0.313902020    
  0.319739074    
  0.325576067    
  0.331413120    
  0.337250143    
  0.343087137    
  0.348924160    
  0.354761183    
  0.360598207    
  0.366435230    
  0.372272253    
  0.378109276    
  0.383946300    
  0.389783293    
  0.395620346    
  0.401457340    
  0.407294393    
  0.413131386    
  0.418968439    
  0.424805462    
  0.430642456    
  0.436479479    
  0.442316502    
  0.448153526    
   4.73868698E-02
   5.34794703E-02
   5.95720671E-02
   6.56646639E-02
   7.17572644E-02
   7.78498575E-02
   8.39424580E-02
   9.00350511E-02
   9.61276442E-02
  0.102220245    
  0.108312853    
  0.114405431    
  0.120498031    
  0.126590639    
  0.132683232    
  0.138775826    
  0.144868433    
  0.150961027    
  0.157053620    
  0.163146228    
  0.169238821    
  0.175331414    
  0.181424007    
  0.187516600    
  0.193609193    
  0.199701801    
  0.205794394    
  0.211887002    
  0.217979595    
  0.224072188    
  0.230164796    
  0.236257389    
  0.242349997    
  0.248442605    
  0.254535198    
  0.260627776    
  0.266720355    
  0.272812992    
  0.278905571    
  0.284998178    
  0.291090786    
  0.297183365    
  0.303275973    
  0.309368581    
  0.315461159    
  0.321553767    
  0.327646345    
  0.333738953    
  0.339831531    
  0.345924169    
  0.352016747    
  0.358109355    
  0.364201933    
  0.370294541    
  0.376387149    
  0.382479727    
  0.388572335    
  0.394664913    
  0.400757521    
  0.406850129    
  0.412942737    
  0.419035316    
  0.425127923    
  0.431220502    
  0.437313110    
  0.443405718    
  0.449498326    
  0.455590904    
  0.461683512    
  0.467776090    
   4.93508205E-02
   5.56959286E-02
   6.20410293E-02
   6.83861300E-02
   7.47312456E-02
   8.10763463E-02
   8.74214545E-02
   9.37665552E-02
  0.100111656    
  0.106456764    
  0.112801880    
  0.119146965    
  0.125492066    
  0.131837189    
  0.138182297    
  0.144527391    
  0.150872499    
  0.157217607    
  0.163562700    
  0.169907823    
  0.176252931    
  0.182598025    
  0.188943118    
  0.195288226    
  0.201633334    
  0.207978442    
  0.214323550    
  0.220668659    
  0.227013752    
  0.233358860    
  0.239703983    
  0.246049076    
  0.252394199    
  0.258739293    
  0.265084416    
  0.271429509    
  0.277774572    
  0.284119725    
  0.290464818    
  0.296809912    
  0.303155065    
  0.309500128    
  0.315845221    
  0.322190374    
  0.328535438    
  0.334880561    
  0.341225654    
  0.347570777    
  0.353915840    
  0.360260993    
  0.366606086    
  0.372951210    
  0.379296303    
  0.385641396    
  0.391986519    
  0.398331612    
  0.404676706    
  0.411021829    
  0.417366922    
  0.423712015    
  0.430057168    
  0.436402231    
  0.442747355    
  0.449092448    
  0.455437571    
  0.461782664    
  0.468127787    
  0.474472880    
  0.480817974    
  0.487163097    
   5.12899272E-02
   5.78843504E-02
   6.44787699E-02
   7.10731819E-02
   7.76676089E-02
   8.42620283E-02
   9.08564478E-02
   9.74508598E-02
  0.104045279    
  0.110639699    
  0.117234126    
  0.123828530    
  0.130422950    
  0.137017384    
  0.143611804    
  0.150206223    
  0.156800628    
  0.163395047    
  0.169989467    
  0.176583901    
  0.183178321    
  0.189772725    
  0.196367145    
  0.202961549    
  0.209555969    
  0.216150403    
  0.222744823    
  0.229339242    
  0.235933661    
  0.242528081    
  0.249122500    
  0.255716920    
  0.262311369    
  0.268905789    
  0.275500178    
  0.282094598    
  0.288688987    
  0.295283437    
  0.301877856    
  0.308472276    
  0.315066725    
  0.321661115    
  0.328255534    
  0.334849983    
  0.341444373    
  0.348038822    
  0.354633212    
  0.361227661    
  0.367822021    
  0.374416471    
  0.381010890    
  0.387605309    
  0.394199729    
  0.400794148    
  0.407388568    
  0.413982987    
  0.420577407    
  0.427171826    
  0.433766246    
  0.440360665    
  0.446955115    
  0.453549504    
  0.460143954    
  0.466738313    
  0.473332763    
  0.479927182    
  0.486521602    
  0.493116021    
  0.499710441    
  0.506304860    
   5.32032065E-02
   6.00436218E-02
   6.68840334E-02
   7.37244412E-02
   8.05648640E-02
   8.74052718E-02
   9.42456797E-02
  0.101086095    
  0.107926503    
  0.114766911    
  0.121607341    
  0.128447741    
  0.135288149    
  0.142128572    
  0.148968980    
  0.155809388    
  0.162649795    
  0.169490218    
  0.176330626    
  0.183171049    
  0.190011457    
  0.196851850    
  0.203692257    
  0.210532680    
  0.217373088    
  0.224213511    
  0.231053919    
  0.237894326    
  0.244734749    
  0.251575142    
  0.258415580    
  0.265255988    
  0.272096425    
  0.278936833    
  0.285777241    
  0.292617649    
  0.299458027    
  0.306298465    
  0.313138872    
  0.319979280    
  0.326819718    
  0.333660096    
  0.340500534    
  0.347340971    
  0.354181349    
  0.361021787    
  0.367862165    
  0.374702603    
  0.381542981    
  0.388383418    
  0.395223826    
  0.402064234    
  0.408904642    
  0.415745050    
  0.422585487    
  0.429425895    
  0.436266303    
  0.443106711    
  0.449947119    
  0.456787527    
  0.463627964    
  0.470468342    
  0.477308780    
  0.484149158    
  0.490989596    
  0.497830033    
  0.504670441    
  0.511510849    
  0.518351257    
  0.525191665    
   5.50897010E-02
   6.21726662E-02
   6.92556202E-02
   7.63385817E-02
   8.34215507E-02
   9.05045122E-02
   9.75874662E-02
  0.104670428    
  0.111753389    
  0.118836351    
  0.125919327    
  0.133002266    
  0.140085220    
  0.147168204    
  0.154251158    
  0.161334127    
  0.168417081    
  0.175500035    
  0.182583004    
  0.189665973    
  0.196748927    
  0.203831881    
  0.210914835    
  0.217997789    
  0.225080758    
  0.232163727    
  0.239246696    
  0.246329650    
  0.253412604    
  0.260495573    
  0.267578542    
  0.274661511    
  0.281744480    
  0.288827449    
  0.295910388    
  0.302993357    
  0.310076296    
  0.317159265    
  0.324242234    
  0.331325203    
  0.338408202    
  0.345491111    
  0.352574080    
  0.359657079    
  0.366739988    
  0.373822987    
  0.380905896    
  0.387988895    
  0.395071834    
  0.402154833    
  0.409237772    
  0.416320741    
  0.423403710    
  0.430486649    
  0.437569618    
  0.444652587    
  0.451735526    
  0.458818495    
  0.465901464    
  0.472984403    
  0.480067402    
  0.487150341    
  0.494233340    
  0.501316249    
  0.508399248    
  0.515482187    
  0.522565186    
  0.529648125    
  0.536731064    
  0.543814063    
   5.69484495E-02
   6.42703921E-02
   7.15923309E-02
   7.89142773E-02
   8.62362236E-02
   9.35581699E-02
  0.100880109    
  0.108202048    
  0.115523987    
  0.122845933    
  0.130167887    
  0.137489811    
  0.144811749    
  0.152133718    
  0.159455657    
  0.166777596    
  0.174099535    
  0.181421474    
  0.188743412    
  0.196065381    
  0.203387320    
  0.210709244    
  0.218031183    
  0.225353122    
  0.232675061    
  0.239997014    
  0.247318968    
  0.254640907    
  0.261962831    
  0.269284785    
  0.276606739    
  0.283928692    
  0.291250646    
  0.298572570    
  0.305894524    
  0.313216478    
  0.320538372    
  0.327860355    
  0.335182279    
  0.342504233    
  0.349826217    
  0.357148111    
  0.364470065    
  0.371792018    
  0.379113942    
  0.386435926    
  0.393757820    
  0.401079804    
  0.408401698    
  0.415723681    
  0.423045605    
  0.430367559    
  0.437689513    
  0.445011437    
  0.452333391    
  0.459655315    
  0.466977268    
  0.474299192    
  0.481621146    
  0.488943100    
  0.496265054    
  0.503586948    
  0.510908961    
  0.518230855    
  0.525552809    
  0.532874763    
  0.540196717    
  0.547518671    
  0.554840565    
  0.562162519    
   5.87785244E-02
   6.63357675E-02
   7.38930032E-02
   8.14502388E-02
   8.90074819E-02
   9.65647250E-02
  0.104121961    
  0.111679196    
  0.119236432    
  0.126793668    
  0.134350926    
  0.141908139    
  0.149465382    
  0.157022625    
  0.164579868    
  0.172137111    
  0.179694340    
  0.187251583    
  0.194808811    
  0.202366069    
  0.209923312    
  0.217480525    
  0.225037768    
  0.232594997    
  0.240152240    
  0.247709483    
  0.255266726    
  0.262823969    
  0.270381212    
  0.277938426    
  0.285495698    
  0.293052942    
  0.300610185    
  0.308167428    
  0.315724641    
  0.323281884    
  0.330839097    
  0.338396370    
  0.345953614    
  0.353510827    
  0.361068100    
  0.368625313    
  0.376182556    
  0.383739829    
  0.391297013    
  0.398854285    
  0.406411499    
  0.413968772    
  0.421525955    
  0.429083228    
  0.436640471    
  0.444197714    
  0.451754957    
  0.459312201    
  0.466869414    
  0.474426657    
  0.481983900    
  0.489541143    
  0.497098356    
  0.504655600    
  0.512212873    
  0.519770086    
  0.527327359    
  0.534884572    
  0.542441845    
  0.549999058    
  0.557556272    
  0.565113544    
  0.572670758    
  0.580228031    
   6.05790019E-02
   6.83677346E-02
   7.61564597E-02
   8.39451849E-02
   9.17339250E-02
   9.95226502E-02
  0.107311375    
  0.115100101    
  0.122888826    
  0.130677551    
  0.138466299    
  0.146255001    
  0.154043734    
  0.161832482    
  0.169621199    
  0.177409932    
  0.185198665    
  0.192987382    
  0.200776115    
  0.208564863    
  0.216353580    
  0.224142298    
  0.231931016    
  0.239719748    
  0.247508466    
  0.255297214    
  0.263085932    
  0.270874679    
  0.278663397    
  0.286452115    
  0.294240862    
  0.302029580    
  0.309818327    
  0.317607075    
  0.325395793    
  0.333184510    
  0.340973198    
  0.348761976    
  0.356550694    
  0.364339411    
  0.372128189    
  0.379916877    
  0.387705594    
  0.395494372    
  0.403283060    
  0.411071807    
  0.418860495    
  0.426649272    
  0.434437960    
  0.442226738    
  0.450015455    
  0.457804173    
  0.465592891    
  0.473381639    
  0.481170356    
  0.488959074    
  0.496747822    
  0.504536510    
  0.512325287    
  0.520114005    
  0.527902782    
  0.535691440    
  0.543480217    
  0.551268876    
  0.559057653    
  0.566846371    
  0.574635088    
  0.582423866    
  0.590212584    
  0.598001301    
   6.23489805E-02
   7.03652799E-02
   7.83815756E-02
   8.63978714E-02
   9.44141746E-02
  0.102430470    
  0.110446766    
  0.118463062    
  0.126479357    
  0.134495646    
  0.142511964    
  0.150528237    
  0.158544540    
  0.166560844    
  0.174577147    
  0.182593435    
  0.190609738    
  0.198626027    
  0.206642330    
  0.214658633    
  0.222674936    
  0.230691209    
  0.238707498    
  0.246723801    
  0.254740089    
  0.262756407    
  0.270772696    
  0.278788984    
  0.286805302    
  0.294821590    
  0.302837908    
  0.310854197    
  0.318870515    
  0.326886803    
  0.334903091    
  0.342919409    
  0.350935668    
  0.358951986    
  0.366968274    
  0.374984562    
  0.383000910    
  0.391017169    
  0.399033457    
  0.407049805    
  0.415066063    
  0.423082381    
  0.431098640    
  0.439114988    
  0.447131246    
  0.455147564    
  0.463163853    
  0.471180141    
  0.479196459    
  0.487212747    
  0.495229036    
  0.503245354    
  0.511261642    
  0.519277930    
  0.527294219    
  0.535310507    
  0.543326855    
  0.551343083    
  0.559359431    
  0.567375720    
  0.575392008    
  0.583408296    
  0.591424644    
  0.599440932    
  0.607457221    
  0.615473509    
   6.40875623E-02
   7.23273903E-02
   8.05672184E-02
   8.88070464E-02
   9.70468819E-02
  0.105286703    
  0.113526531    
  0.121766359    
  0.130006179    
  0.138246015    
  0.146485850    
  0.154725671    
  0.162965491    
  0.171205342    
  0.179445162    
  0.187684983    
  0.195924819    
  0.204164639    
  0.212404475    
  0.220644310    
  0.228884146    
  0.237123951    
  0.245363772    
  0.253603607    
  0.261843413    
  0.270083278    
  0.278323114    
  0.286562920    
  0.294802755    
  0.303042591    
  0.311282426    
  0.319522262    
  0.327762097    
  0.336001933    
  0.344241738    
  0.352481574    
  0.360721350    
  0.368961215    
  0.377201051    
  0.385440886    
  0.393680751    
  0.401920527    
  0.410160363    
  0.418400228    
  0.426640004    
  0.434879869    
  0.443119675    
  0.451359540    
  0.459599316    
  0.467839181    
  0.476079017    
  0.484318823    
  0.492558658    
  0.500798464    
  0.509038329    
  0.517278135    
  0.525517941    
  0.533757806    
  0.541997612    
  0.550237477    
  0.558477342    
  0.566717088    
  0.574956954    
  0.583196759    
  0.591436625    
  0.599676430    
  0.607916296    
  0.616156101    
  0.624395907    
  0.632635772    
   6.57938719E-02
   7.42530897E-02
   8.27123001E-02
   9.11715031E-02
   9.96307284E-02
  0.108089939    
  0.116549142    
  0.125008360    
  0.133467570    
  0.141926780    
  0.150386006    
  0.158845186    
  0.167304397    
  0.175763637    
  0.184222847    
  0.192682058    
  0.201141268    
  0.209600464    
  0.218059674    
  0.226518914    
  0.234978124    
  0.243437305    
  0.251896530    
  0.260355741    
  0.268814951    
  0.277274162    
  0.285733372    
  0.294192582    
  0.302651793    
  0.311111003    
  0.319570243    
  0.328029454    
  0.336488664    
  0.344947875    
  0.353407085    
  0.361866295    
  0.370325476    
  0.378784716    
  0.387243927    
  0.395703137    
  0.404162377    
  0.412621558    
  0.421080768    
  0.429540008    
  0.437999189    
  0.446458429    
  0.454917610    
  0.463376850    
  0.471836030    
  0.480295271    
  0.488754481    
  0.497213691    
  0.505672932    
  0.514132142    
  0.522591352    
  0.531050563    
  0.539509773    
  0.547968984    
  0.556428134    
  0.564887345    
  0.573346615    
  0.581805766    
  0.590265036    
  0.598724186    
  0.607183456    
  0.615642667    
  0.624101877    
  0.632561088    
  0.641020298    
  0.649479508    
   6.74670562E-02
   7.61413947E-02
   8.48157331E-02
   9.34900641E-02
  0.102164410    
  0.110838741    
  0.119513072    
  0.128187403    
  0.136861742    
  0.145536080    
  0.154210433    
  0.162884742    
  0.171559080    
  0.180233434    
  0.188907757    
  0.197582096    
  0.206256434    
  0.214930758    
  0.223605096    
  0.232279450    
  0.240953788    
  0.249628097    
  0.258302420    
  0.266976774    
  0.275651097    
  0.284325451    
  0.292999774    
  0.301674128    
  0.310348451    
  0.319022775    
  0.327697128    
  0.336371481    
  0.345045835    
  0.353720158    
  0.362394482    
  0.371068835    
  0.379743129    
  0.388417482    
  0.397091836    
  0.405766159    
  0.414440542    
  0.423114836    
  0.431789160    
  0.440463543    
  0.449137837    
  0.457812190    
  0.466486484    
  0.475160867    
  0.483835161    
  0.492509544    
  0.501183867    
  0.509858191    
  0.518532515    
  0.527206898    
  0.535881221    
  0.544555545    
  0.553229868    
  0.561904192    
  0.570578516    
  0.579252839    
  0.587927222    
  0.596601546    
  0.605275929    
  0.613950193    
  0.622624576    
  0.631298900    
  0.639973223    
  0.648647606    
  0.657321930    
  0.665996253    
   6.91062659E-02
   7.79913589E-02
   8.68764445E-02
   9.57615376E-02
  0.104646631    
  0.113531724    
  0.122416809    
  0.131301895    
  0.140186980    
  0.149072081    
  0.157957181    
  0.166842252    
  0.175727338    
  0.184612453    
  0.193497539    
  0.202382624    
  0.211267710    
  0.220152795    
  0.229037896    
  0.237922996    
  0.246808082    
  0.255693167    
  0.264578253    
  0.273463339    
  0.282348424    
  0.291233540    
  0.300118625    
  0.309003711    
  0.317888796    
  0.326773882    
  0.335658997    
  0.344544083    
  0.353429198    
  0.362314284    
  0.371199369    
  0.380084455    
  0.388969511    
  0.397854626    
  0.406739712    
  0.415624797    
  0.424509943    
  0.433394998    
  0.442280084    
  0.451165199    
  0.460050255    
  0.468935370    
  0.477820426    
  0.486705542    
  0.495590597    
  0.504475713    
  0.513360798    
  0.522245884    
  0.531130970    
  0.540016115    
  0.548901200    
  0.557786286    
  0.566671371    
  0.575556457    
  0.584441543    
  0.593326628    
  0.602211773    
  0.611096799    
  0.619981945    
  0.628866971    
  0.637752116    
  0.646637201    
  0.655522287    
  0.664407372    
  0.673292458    
  0.682177544    
   7.07106814E-02
   7.98020512E-02
   8.88934210E-02
   9.79847908E-02
  0.107076176    
  0.116167545    
  0.125258908    
  0.134350285    
  0.143441647    
  0.152533025    
  0.161624417    
  0.170715764    
  0.179807141    
  0.188898519    
  0.197989896    
  0.207081273    
  0.216172636    
  0.225264013    
  0.234355375    
  0.243446767    
  0.252538145    
  0.261629492    
  0.270720869    
  0.279812217    
  0.288903594    
  0.297995001    
  0.307086349    
  0.316177726    
  0.325269103    
  0.334360480    
  0.343451858    
  0.352543235    
  0.361634612    
  0.370725989    
  0.379817367    
  0.388908744    
  0.398000062    
  0.407091469    
  0.416182846    
  0.425274223    
  0.434365630    
  0.443456948    
  0.452548325    
  0.461639732    
  0.470731050    
  0.479822487    
  0.488913804    
  0.498005211    
  0.507096529    
  0.516187966    
  0.525279343    
  0.534370720    
  0.543462038    
  0.552553415    
  0.561644793    
  0.570736170    
  0.579827547    
  0.588918924    
  0.598010302    
  0.607101679    
  0.616193056    
  0.625284374    
  0.634375811    
  0.643467128    
  0.652558565    
  0.661649942    
  0.670741260    
  0.679832637    
  0.688924015    
  0.698015392    
   7.22794905E-02
   8.15725699E-02
   9.08656418E-02
  0.100158721    
  0.109451801    
  0.118744880    
  0.128037959    
  0.137331024    
  0.146624103    
  0.155917183    
  0.165210277    
  0.174503326    
  0.183796406    
  0.193089500    
  0.202382565    
  0.211675644    
  0.220968723    
  0.230261788    
  0.239554867    
  0.248847961    
  0.258141041    
  0.267434090    
  0.276727170    
  0.286020249    
  0.295313329    
  0.304606408    
  0.313899487    
  0.323192567    
  0.332485646    
  0.341778696    
  0.351071805    
  0.360364884    
  0.369657964    
  0.378951043    
  0.388244122    
  0.397537202    
  0.406830221    
  0.416123360    
  0.425416410    
  0.434709489    
  0.444002628    
  0.453295648    
  0.462588727    
  0.471881837    
  0.481174856    
  0.490467995    
  0.499761015    
  0.509054124    
  0.518347144    
  0.527640283    
  0.536933362    
  0.546226442    
  0.555519521    
  0.564812601    
  0.574105680    
  0.583398759    
  0.592691779    
  0.601984859    
  0.611277938    
  0.620571017    
  0.629864156    
  0.639157176    
  0.648450315    
  0.657743335    
  0.667036414    
  0.676329494    
  0.685622573    
  0.694915652    
  0.704208732    
  0.713501811    
   7.38119036E-02
   8.33020061E-02
   9.27921012E-02
  0.102282204    
  0.111772314    
  0.121262409    
  0.130752504    
  0.140242606    
  0.149732709    
  0.159222811    
  0.168712929    
  0.178203002    
  0.187693104    
  0.197183222    
  0.206673324    
  0.216163427    
  0.225653514    
  0.235143617    
  0.244633719    
  0.254123837    
  0.263613939    
  0.273104012    
  0.282594115    
  0.292084217    
  0.301574320    
  0.311064422    
  0.320554525    
  0.330044627    
  0.339534730    
  0.349024832    
  0.358514935    
  0.368005037    
  0.377495170    
  0.386985272    
  0.396475375    
  0.405965447    
  0.415455520    
  0.424945652    
  0.434435755    
  0.443925858    
  0.453415990    
  0.462906063    
  0.472396165    
  0.481886297    
  0.491376340    
  0.500866473    
  0.510356545    
  0.519846678    
  0.529336751    
  0.538826883    
  0.548317015    
  0.557807088    
  0.567297161    
  0.576787293    
  0.586277366    
  0.595767498    
  0.605257571    
  0.614747703    
  0.624237776    
  0.633727849    
  0.643218040    
  0.652708054    
  0.662198246    
  0.671688259    
  0.681178391    
  0.690668523    
  0.700158596    
  0.709648728    
  0.719138801    
  0.728628933    
   7.53071532E-02
   8.49895030E-02
   9.46718454E-02
  0.104354188    
  0.114036545    
  0.123718888    
  0.133401230    
  0.143083587    
  0.152765930    
  0.162448272    
  0.172130644    
  0.181812957    
  0.191495299    
  0.201177672    
  0.210860014    
  0.220542356    
  0.230224714    
  0.239907056    
  0.249589399    
  0.259271771    
  0.268954098    
  0.278636426    
  0.288318783    
  0.298001111    
  0.307683468    
  0.317365825    
  0.327048182    
  0.336730510    
  0.346412867    
  0.356095225    
  0.365777582    
  0.375459939    
  0.385142297    
  0.394824624    
  0.404506981    
  0.414189339    
  0.423871636    
  0.433554024    
  0.443236351    
  0.452918708    
  0.462601095    
  0.472283393    
  0.481965750    
  0.491648138    
  0.501330435    
  0.511012793    
  0.520695150    
  0.530377507    
  0.540059805    
  0.549742222    
  0.559424520    
  0.569106877    
  0.578789234    
  0.588471591    
  0.598153949    
  0.607836246    
  0.617518604    
  0.627200961    
  0.636883318    
  0.646565676    
  0.656248033    
  0.665930331    
  0.675612748    
  0.685295045    
  0.694977403    
  0.704659760    
  0.714342117    
  0.724024475    
  0.733706772    
  0.743389130    
   7.67644793E-02
   8.66341963E-02
   9.65039134E-02
  0.106373630    
  0.116243355    
  0.126113072    
  0.135982782    
  0.145852506    
  0.155722216    
  0.165591940    
  0.175461680    
  0.185331360    
  0.195201084    
  0.205070823    
  0.214940533    
  0.224810243    
  0.234679967    
  0.244549677    
  0.254419386    
  0.264289141    
  0.274158865    
  0.284028530    
  0.293898255    
  0.303767979    
  0.313637704    
  0.323507428    
  0.333377153    
  0.343246847    
  0.353116572    
  0.362986296    
  0.372856021    
  0.382725745    
  0.392595470    
  0.402465194    
  0.412334919    
  0.422204643    
  0.432074308    
  0.441944063    
  0.451813787    
  0.461683482    
  0.471553266    
  0.481422931    
  0.491292626    
  0.501162410    
  0.511032045    
  0.520901859    
  0.530771494    
  0.540641248    
  0.550510943    
  0.560380697    
  0.570250392    
  0.580120146    
  0.589989841    
  0.599859536    
  0.609729290    
  0.619598985    
  0.629468679    
  0.639338434    
  0.649208128    
  0.659077823    
  0.668947637    
  0.678817272    
  0.688687027    
  0.698556721    
  0.708426476    
  0.718296170    
  0.728165925    
  0.738035619    
  0.747905314    
  0.757775068    
   7.81831518E-02
   8.82352740E-02
   9.82873887E-02
  0.108339503    
  0.118391633    
  0.128443748    
  0.138495862    
  0.148547977    
  0.158600107    
  0.168652222    
  0.178704351    
  0.188756451    
  0.198808566    
  0.208860710    
  0.218912825    
  0.228964940    
  0.239017054    
  0.249069169    
  0.259121299    
  0.269173414    
  0.279225558    
  0.289277643    
  0.299329758    
  0.309381872    
  0.319433987    
  0.329486132    
  0.339538246    
  0.349590361    
  0.359642476    
  0.369694591    
  0.379746735    
  0.389798850    
  0.399850994    
  0.409903109    
  0.419955224    
  0.430007339    
  0.440059394    
  0.450111568    
  0.460163683    
  0.470215797    
  0.480267972    
  0.490320027    
  0.500372171    
  0.510424316    
  0.520476401    
  0.530528545    
  0.540580630    
  0.550632775    
  0.560684860    
  0.570737004    
  0.580789149    
  0.590841234    
  0.600893378    
  0.610945463    
  0.620997608    
  0.631049693    
  0.641101837    
  0.651153922    
  0.661206067    
  0.671258152    
  0.681310356    
  0.691362381    
  0.701414585    
  0.711466670    
  0.721518815    
  0.731570899    
  0.741623044    
  0.751675129    
  0.761727273    
  0.771779358    
   7.95624554E-02
   8.97919163E-02
  0.100021377    
  0.110250831    
  0.120480299    
  0.130709752    
  0.140939206    
  0.151168659    
  0.161398113    
  0.171627581    
  0.181857049    
  0.192086488    
  0.202315941    
  0.212545425    
  0.222774878    
  0.233004332    
  0.243233785    
  0.253463238    
  0.263692707    
  0.273922175    
  0.284151644    
  0.294381052    
  0.304610521    
  0.314839989    
  0.325069427    
  0.335298926    
  0.345528364    
  0.355757833    
  0.365987271    
  0.376216739    
  0.386446208    
  0.396675676    
  0.406905144    
  0.417134613    
  0.427364051    
  0.437593520    
  0.447822928    
  0.458052427    
  0.468281895    
  0.478511333    
  0.488740832    
  0.498970240    
  0.509199679    
  0.519429207    
  0.529658616    
  0.539888144    
  0.550117552    
  0.560347021    
  0.570576429    
  0.580805957    
  0.591035366    
  0.601264834    
  0.611494303    
  0.621723771    
  0.631953239    
  0.642182648    
  0.652412117    
  0.662641585    
  0.672871053    
  0.683100522    
  0.693329990    
  0.703559399    
  0.713788927    
  0.724018335    
  0.734247804    
  0.744477272    
  0.754706740    
  0.764936209    
  0.775165617    
  0.785395086    
   8.09017047E-02
   9.13033560E-02
  0.101705000    
  0.112106651    
  0.122508302    
  0.132909954    
  0.143311590    
  0.153713241    
  0.164114878    
  0.174516529    
  0.184918195    
  0.195319816    
  0.205721468    
  0.216123134    
  0.226524785    
  0.236926422    
  0.247328073    
  0.257729709    
  0.268131346    
  0.278533041    
  0.288934678    
  0.299336284    
  0.309737951    
  0.320139587    
  0.330541223    
  0.340942889    
  0.351344556    
  0.361746192    
  0.372147828    
  0.382549465    
  0.392951131    
  0.403352797    
  0.413754463    
  0.424156100    
  0.434557736    
  0.444959402    
  0.455360979    
  0.465762675    
  0.476164341    
  0.486565977    
  0.496967673    
  0.507369280    
  0.517770886    
  0.528172612    
  0.538574219    
  0.548975885    
  0.559377491    
  0.569779158    
  0.580180764    
  0.590582490    
  0.600984097    
  0.611385763    
  0.621787429    
  0.632189035    
  0.642590702    
  0.652992368    
  0.663393974    
  0.673795640    
  0.684197247    
  0.694598913    
  0.705000639    
  0.715402186    
  0.725803912    
  0.736205518    
  0.746607184    
  0.757008851    
  0.767410457    
  0.777812123    
  0.788213789    
  0.798615396    
   8.22002143E-02
   9.27688107E-02
  0.103337407    
  0.113906004    
  0.124474615    
  0.135043204    
  0.145611808    
  0.156180397    
  0.166749001    
  0.177317590    
  0.187886208    
  0.198454782    
  0.209023371    
  0.219591990    
  0.230160594    
  0.240729183    
  0.251297772    
  0.261866391    
  0.272434980    
  0.283003598    
  0.293572187    
  0.304140747    
  0.314709365    
  0.325277954    
  0.335846543    
  0.346415162    
  0.356983751    
  0.367552370    
  0.378120959    
  0.388689548    
  0.399258167    
  0.409826756    
  0.420395374    
  0.430963993    
  0.441532582    
  0.452101171    
  0.462669730    
  0.473238349    
  0.483806968    
  0.494375557    
  0.504944205    
  0.515512764    
  0.526081324    
  0.536650002    
  0.547218561    
  0.557787180    
  0.568355739    
  0.578924358    
  0.589492917    
  0.600061536    
  0.610630155    
  0.621198773    
  0.631767333    
  0.642335951    
  0.652904510    
  0.663473129    
  0.674041748    
  0.684610307    
  0.695178926    
  0.705747485    
  0.716316164    
  0.726884723    
  0.737453341    
  0.748021901    
  0.758590519    
  0.769159138    
  0.779727757    
  0.790296316    
  0.800864935    
  0.811433494    
   8.34573358E-02
   9.41875651E-02
  0.104917794    
  0.115648016    
  0.126378253    
  0.137108475    
  0.147838712    
  0.158568934    
  0.169299155    
  0.180029377    
  0.190759629    
  0.201489836    
  0.212220058    
  0.222950310    
  0.233680531    
  0.244410753    
  0.255140990    
  0.265871197    
  0.276601434    
  0.287331671    
  0.298061907    
  0.308792114    
  0.319522321    
  0.330252558    
  0.340982795    
  0.351713032    
  0.362443268    
  0.373173475    
  0.383903712    
  0.394633949    
  0.405364186    
  0.416094422    
  0.426824659    
  0.437554896    
  0.448285103    
  0.459015340    
  0.469745517    
  0.480475783    
  0.491206020    
  0.501936257    
  0.512666523    
  0.523396671    
  0.534126937    
  0.544857204    
  0.555587351    
  0.566317618    
  0.577047825    
  0.587778091    
  0.598508298    
  0.609238565    
  0.619968772    
  0.630698979    
  0.641429245    
  0.652159452    
  0.662889659    
  0.673619926    
  0.684350133    
  0.695080340    
  0.705810547    
  0.716540813    
  0.727271080    
  0.738001227    
  0.748731554    
  0.759461701    
  0.770191967    
  0.780922174    
  0.791652441    
  0.802382648    
  0.813112855    
  0.823843122    
   8.46724212E-02
   9.55588818E-02
  0.106445327    
  0.117331780    
  0.128218248    
  0.139104694    
  0.149991155    
  0.160877600    
  0.171764046    
  0.182650506    
  0.193536982    
  0.204423398    
  0.215309858    
  0.226196334    
  0.237082779    
  0.247969225    
  0.258855671    
  0.269742131    
  0.280628592    
  0.291515052    
  0.302401513    
  0.313287944    
  0.324174374    
  0.335060835    
  0.345947295    
  0.356833756    
  0.367720217    
  0.378606677    
  0.389493108    
  0.400379568    
  0.411266059    
  0.422152489    
  0.433038980    
  0.443925411    
  0.454811871    
  0.465698332    
  0.476584733    
  0.487471223    
  0.498357683    
  0.509244144    
  0.520130634    
  0.531017005    
  0.541903496    
  0.552789986    
  0.563676357    
  0.574562907    
  0.585449278    
  0.596335769    
  0.607222199    
  0.618108690    
  0.628995121    
  0.639881611    
  0.650768042    
  0.661654472    
  0.672540963    
  0.683427393    
  0.694313824    
  0.705200315    
  0.716086745    
  0.726973176    
  0.737859726    
  0.748746097    
  0.759632587    
  0.770519018    
  0.781405509    
  0.792291939    
  0.803178430    
  0.814064860    
  0.824951291    
  0.835837781    
   8.58448744E-02
   9.68820751E-02
  0.107919268    
  0.118956469    
  0.129993677    
  0.141030863    
  0.152068064    
  0.163105264    
  0.174142450    
  0.185179651    
  0.196216866    
  0.207254037    
  0.218291238    
  0.229328454    
  0.240365654    
  0.251402855    
  0.262440026    
  0.273477226    
  0.284514427    
  0.295551658    
  0.306588858    
  0.317625999    
  0.328663200    
  0.339700401    
  0.350737602    
  0.361774832    
  0.372812003    
  0.383849204    
  0.394886404    
  0.405923605    
  0.416960806    
  0.427998006    
  0.439035237    
  0.450072438    
  0.461109638    
  0.472146809    
  0.483183950    
  0.494221210    
  0.505258381    
  0.516295612    
  0.527332842    
  0.538370013    
  0.549407184    
  0.560444415    
  0.571481586    
  0.582518816    
  0.593555987    
  0.604593217    
  0.615630329    
  0.626667619    
  0.637704790    
  0.648741961    
  0.659779191    
  0.670816362    
  0.681853592    
  0.692890763    
  0.703927934    
  0.714965165    
  0.726002336    
  0.737039566    
  0.748076797    
  0.759113967    
  0.770151198    
  0.781188309    
  0.792225599    
  0.803262770    
  0.814299941    
  0.825337172    
  0.836374342    
  0.847411573    
   8.69741142E-02
   9.81565043E-02
  0.109338887    
  0.120521270    
  0.131703660    
  0.142886043    
  0.154068425    
  0.165250808    
  0.176433191    
  0.187615573    
  0.198797986    
  0.209980354    
  0.221162736    
  0.232345134    
  0.243527517    
  0.254709899    
  0.265892297    
  0.277074665    
  0.288257062    
  0.299439460    
  0.310621858    
  0.321804196    
  0.332986593    
  0.344168961    
  0.355351359    
  0.366533756    
  0.377716154    
  0.388898522    
  0.400080919    
  0.411263287    
  0.422445685    
  0.433628082    
  0.444810480    
  0.455992877    
  0.467175245    
  0.478357643    
  0.489539981    
  0.500722408    
  0.511904776    
  0.523087144    
  0.534269631    
  0.545451939    
  0.556634307    
  0.567816734    
  0.578999102    
  0.590181530    
  0.601363838    
  0.612546265    
  0.623728633    
  0.634911060    
  0.646093428    
  0.657275796    
  0.668458223    
  0.679640591    
  0.690822959    
  0.702005327    
  0.713187754    
  0.724370122    
  0.735552490    
  0.746734858    
  0.757917285    
  0.769099653    
  0.780282080    
  0.791464388    
  0.802646816    
  0.813829243    
  0.825011611    
  0.836193979    
  0.847376347    
  0.858558774    
   8.80595520E-02
   9.93814990E-02
  0.110703439    
  0.122025378    
  0.133347332    
  0.144669265    
  0.155991212    
  0.167313144    
  0.178635076    
  0.189957023    
  0.201278985    
  0.212600902    
  0.223922834    
  0.235244811    
  0.246566743    
  0.257888675    
  0.269210607    
  0.280532569    
  0.291854501    
  0.303176463    
  0.314498395    
  0.325820327    
  0.337142259    
  0.348464191    
  0.359786123    
  0.371108085    
  0.382430047    
  0.393751979    
  0.405073911    
  0.416395843    
  0.427717805    
  0.439039767    
  0.450361729    
  0.461683661    
  0.473005593    
  0.484327525    
  0.495649427    
  0.506971419    
  0.518293381    
  0.529615283    
  0.540937304    
  0.552259147    
  0.563581109    
  0.574903131    
  0.586224973    
  0.597546995    
  0.608868837    
  0.620190859    
  0.631512761    
  0.642834723    
  0.654156685    
  0.665478587    
  0.676800549    
  0.688122511    
  0.699444413    
  0.710766375    
  0.722088337    
  0.733410239    
  0.744732201    
  0.756054103    
  0.767376125    
  0.778698027    
  0.790019989    
  0.801341891    
  0.812663853    
  0.823985815    
  0.835307777    
  0.846629679    
  0.857951641    
  0.869273543    
   8.91006589E-02
  0.100556463    
  0.112012260    
  0.123468056    
  0.134923860    
  0.146379665    
  0.157835454    
  0.169291243    
  0.180747047    
  0.192202836    
  0.203658670    
  0.215114430    
  0.226570234    
  0.238026053    
  0.249481842    
  0.260937631    
  0.272393435    
  0.283849239    
  0.295305043    
  0.306760848    
  0.318216652    
  0.329672426    
  0.341128200    
  0.352584004    
  0.364039809    
  0.375495613    
  0.386951417    
  0.398407221    
  0.409863025    
  0.421318799    
  0.432774633    
  0.444230437    
  0.455686241    
  0.467142045    
  0.478597850    
  0.490053624    
  0.501509368    
  0.512965202    
  0.524421036    
  0.535876811    
  0.547332644    
  0.558788419    
  0.570244193    
  0.581700027    
  0.593155801    
  0.604611635    
  0.616067410    
  0.627523243    
  0.638978958    
  0.650434852    
  0.661890626    
  0.673346400    
  0.684802234    
  0.696258008    
  0.707713783    
  0.719169617    
  0.730625391    
  0.742081165    
  0.753536999    
  0.764992774    
  0.776448607    
  0.787904382    
  0.799360216    
  0.810815990    
  0.822271824    
  0.833727598    
  0.845183432    
  0.856639206    
  0.868094981    
  0.879550815    
   9.00968835E-02
  0.101680778    
  0.113264658    
  0.124848537    
  0.136432439    
  0.148016319    
  0.159600198    
  0.171184078    
  0.182767957    
  0.194351837    
  0.205935746    
  0.217519611    
  0.229103491    
  0.240687400    
  0.252271265    
  0.263855159    
  0.275439054    
  0.287022918    
  0.298606813    
  0.310190707    
  0.321774602    
  0.333358467    
  0.344942331    
  0.356526226    
  0.368110090    
  0.379694015    
  0.391277879    
  0.402861774    
  0.414445639    
  0.426029533    
  0.437613428    
  0.449197322    
  0.460781246    
  0.472365111    
  0.483949006    
  0.495532870    
  0.507116735    
  0.518700659    
  0.530284524    
  0.541868389    
  0.553452313    
  0.565036178    
  0.576620042    
  0.588203967    
  0.599787831    
  0.611371756    
  0.622955561    
  0.634539485    
  0.646123350    
  0.657707274    
  0.669291139    
  0.680875063    
  0.692458928    
  0.704042792    
  0.715626657    
  0.727210581    
  0.738794446    
  0.750378311    
  0.761962235    
  0.773546100    
  0.785130024    
  0.796713889    
  0.808297813    
  0.819881618    
  0.831465542    
  0.843049467    
  0.854633331    
  0.866217196    
  0.877801061    
  0.889384985    
   9.10477564E-02
  0.102753900    
  0.114460036    
  0.126166180    
  0.137872323    
  0.149578467    
  0.161284596    
  0.172990739    
  0.184696868    
  0.196403012    
  0.208109170    
  0.219815284    
  0.231521428    
  0.243227586    
  0.254933715    
  0.266639858    
  0.278346002    
  0.290052146    
  0.301758260    
  0.313464433    
  0.325170577    
  0.336876690    
  0.348582804    
  0.360288948    
  0.371995091    
  0.383701265    
  0.395407379    
  0.407113522    
  0.418819666    
  0.430525810    
  0.442231953    
  0.453938097    
  0.465644270    
  0.477350414    
  0.489056528    
  0.500762701    
  0.512468755    
  0.524174929    
  0.535881102    
  0.547587216    
  0.559293389    
  0.570999503    
  0.582705617    
  0.594411850    
  0.606117904    
  0.617824078    
  0.629530191    
  0.641236365    
  0.652942479    
  0.664648652    
  0.676354766    
  0.688060939    
  0.699767053    
  0.711473227    
  0.723179340    
  0.734885454    
  0.746591628    
  0.758297741    
  0.770003855    
  0.781710029    
  0.793416202    
  0.805122316    
  0.816828489    
  0.828534544    
  0.840240777    
  0.851946890    
  0.863653004    
  0.875359178    
  0.887065291    
  0.898771465    
   9.19527784E-02
  0.103775285    
  0.115597777    
  0.127420276    
  0.139242783    
  0.151065275    
  0.162887782    
  0.174710274    
  0.186532766    
  0.198355272    
  0.210177794    
  0.222000256    
  0.233822763    
  0.245645285    
  0.257467777    
  0.269290268    
  0.281112760    
  0.292935252    
  0.304757774    
  0.316580296    
  0.328402787    
  0.340225250    
  0.352047741    
  0.363870233    
  0.375692755    
  0.387515277    
  0.399337769    
  0.411160260    
  0.422982752    
  0.434805244    
  0.446627766    
  0.458450258    
  0.470272809    
  0.482095301    
  0.493917793    
  0.505740285    
  0.517562747    
  0.529385269    
  0.541207790    
  0.553030252    
  0.564852834    
  0.576675236    
  0.588497758    
  0.600320339    
  0.612142742    
  0.623965323    
  0.635787725    
  0.647610307    
  0.659432709    
  0.671255291    
  0.683077812    
  0.694900274    
  0.706722796    
  0.718545258    
  0.730367780    
  0.742190242    
  0.754012764    
  0.765835285    
  0.777657747    
  0.789480269    
  0.801302791    
  0.813125253    
  0.824947774    
  0.836770236    
  0.848592818    
  0.860415280    
  0.872237802    
  0.884060264    
  0.895882785    
  0.907705247    
   9.28115025E-02
  0.104744412    
  0.116677314    
  0.128610224    
  0.140543133    
  0.152476043    
  0.164408952    
  0.176341847    
  0.188274756    
  0.200207651    
  0.212140590    
  0.224073470    
  0.236006364    
  0.247939304    
  0.259872198    
  0.271805108    
  0.283738017    
  0.295670927    
  0.307603806    
  0.319536746    
  0.331469655    
  0.343402535    
  0.355335444    
  0.367268324    
  0.379201233    
  0.391134173    
  0.403067082    
  0.414999992    
  0.426932871    
  0.438865781    
  0.450798720    
  0.462731630    
  0.474664569    
  0.486597449    
  0.498530358    
  0.510463238    
  0.522396088    
  0.534329057    
  0.546261966    
  0.558194876    
  0.570127845    
  0.582060695    
  0.593993604    
  0.605926573    
  0.617859423    
  0.629792333    
  0.641725183    
  0.653658152    
  0.665591002    
  0.677523971    
  0.689456880    
  0.701389790    
  0.713322699    
  0.725255609    
  0.737188518    
  0.749121428    
  0.761054277    
  0.772987187    
  0.784920096    
  0.796853006    
  0.808785975    
  0.820718825    
  0.832651794    
  0.844584644    
  0.856517613    
  0.868450463    
  0.880383372    
  0.892316282    
  0.904249191    
  0.916182101    
   9.36234891E-02
  0.105660796    
  0.117698103    
  0.129735410    
  0.141772717    
  0.153810024    
  0.165847331    
  0.177884623    
  0.189921930    
  0.201959237    
  0.213996559    
  0.226033837    
  0.238071144    
  0.250108480    
  0.262145758    
  0.274183065    
  0.286220372    
  0.298257679    
  0.310294986    
  0.322332323    
  0.334369600    
  0.346406877    
  0.358444184    
  0.370481491    
  0.382518798    
  0.394556135    
  0.406593412    
  0.418630719    
  0.430668026    
  0.442705333    
  0.454742670    
  0.466779977    
  0.478817284    
  0.490854591    
  0.502891898    
  0.514929175    
  0.526966453    
  0.539003789    
  0.551041126    
  0.563078403    
  0.575115740    
  0.587153018    
  0.599190295    
  0.611227691    
  0.623264909    
  0.635302305    
  0.647339523    
  0.659376860    
  0.671414137    
  0.683451474    
  0.695488811    
  0.707526088    
  0.719563425    
  0.731600702    
  0.743637979    
  0.755675316    
  0.767712593    
  0.779749930    
  0.791787207    
  0.803824484    
  0.815861881    
  0.827899098    
  0.839936495    
  0.851973712    
  0.864011049    
  0.876048386    
  0.888085663    
  0.900123000    
  0.912160277    
  0.924197614    
   9.43883359E-02
  0.106523983    
  0.118659623    
  0.130795270    
  0.142930910    
  0.155066550    
  0.167202190    
  0.179337829    
  0.191473469    
  0.203609109    
  0.215744779    
  0.227880388    
  0.240016028    
  0.252151698    
  0.264287353    
  0.276422977    
  0.288558632    
  0.300694257    
  0.312829912    
  0.324965566    
  0.337101221    
  0.349236816    
  0.361372471    
  0.373508096    
  0.385643750    
  0.397779405    
  0.409915060    
  0.422050685    
  0.434186339    
  0.446321964    
  0.458457619    
  0.470593274    
  0.482728928    
  0.494864583    
  0.507000208    
  0.519135833    
  0.531271458    
  0.543407142    
  0.555542767    
  0.567678392    
  0.579814136    
  0.591949701    
  0.604085326    
  0.616221011    
  0.628356636    
  0.640492320    
  0.652627885    
  0.664763570    
  0.676899195    
  0.689034879    
  0.701170504    
  0.713306129    
  0.725441813    
  0.737577438    
  0.749713063    
  0.761848688    
  0.773984373    
  0.786119998    
  0.798255622    
  0.810391247    
  0.822526991    
  0.834662557    
  0.846798241    
  0.858933806    
  0.871069551    
  0.883205175    
  0.895340800    
  0.907476425    
  0.919612110    
  0.931747735    
   9.51056555E-02
  0.107333526    
  0.119561397    
  0.131789267    
  0.144017145    
  0.156245008    
  0.168472871    
  0.180700734    
  0.192928612    
  0.205156475    
  0.217384368    
  0.229612201    
  0.241840065    
  0.254067957    
  0.266295820    
  0.278523713    
  0.290751576    
  0.302979439    
  0.315207303    
  0.327435195    
  0.339663059    
  0.351890892    
  0.364118755    
  0.376346618    
  0.388574481    
  0.400802404    
  0.413030267    
  0.425258130    
  0.437485993    
  0.449713856    
  0.461941749    
  0.474169612    
  0.486397505    
  0.498625368    
  0.510853231    
  0.523081124    
  0.535308897    
  0.547536850    
  0.559764683    
  0.571992576    
  0.584220469    
  0.596448302    
  0.608676195    
  0.620904088    
  0.633131921    
  0.645359814    
  0.657587647    
  0.669815540    
  0.682043374    
  0.694271266    
  0.706499159    
  0.718727052    
  0.730954885    
  0.743182778    
  0.755410612    
  0.767638505    
  0.779866338    
  0.792094231    
  0.804322064    
  0.816549957    
  0.828777850    
  0.841005683    
  0.853233635    
  0.865461409    
  0.877689362    
  0.889917195    
  0.902145088    
  0.914372921    
  0.926600814    
  0.938828647    
   9.57750902E-02
  0.108089030    
  0.120402969    
  0.132716909    
  0.145030856    
  0.157344788    
  0.169658720    
  0.181972668    
  0.194286600    
  0.206600532    
  0.218914494    
  0.231228411    
  0.243542343    
  0.255856305    
  0.268170238    
  0.280484170    
  0.292798102    
  0.305112064    
  0.317425996    
  0.329739958    
  0.342053890    
  0.354367793    
  0.366681725    
  0.378995657    
  0.391309589    
  0.403623551    
  0.415937513    
  0.428251445    
  0.440565377    
  0.452879310    
  0.465193272    
  0.477507204    
  0.489821166    
  0.502135098    
  0.514449060    
  0.526762962    
  0.539076865    
  0.551390827    
  0.563704789    
  0.576018751    
  0.588332713    
  0.600646615    
  0.612960517    
  0.625274539    
  0.637588382    
  0.649902403    
  0.662216306    
  0.674530268    
  0.686844170    
  0.699158132    
  0.711472094    
  0.723785996    
  0.736099958    
  0.748413861    
  0.760727823    
  0.773041785    
  0.785355687    
  0.797669649    
  0.809983552    
  0.822297513    
  0.834611475    
  0.846925378    
  0.859239340    
  0.871553242    
  0.883867264    
  0.896181166    
  0.908495128    
  0.920809031    
  0.933122993    
  0.945436895    
   9.63962898E-02
  0.108790100    
  0.121183902    
  0.133577704    
  0.145971522    
  0.158365324    
  0.170759141    
  0.183152944    
  0.195546746    
  0.207940549    
  0.220334381    
  0.232728153    
  0.245121956    
  0.257515788    
  0.269909590    
  0.282303393    
  0.294697195    
  0.307091027    
  0.319484830    
  0.331878662    
  0.344272465    
  0.356666237    
  0.369060040    
  0.381453842    
  0.393847644    
  0.406241477    
  0.418635279    
  0.431029081    
  0.443422884    
  0.455816686    
  0.468210518    
  0.480604321    
  0.492998153    
  0.505391955    
  0.517785788    
  0.530179560    
  0.542573333    
  0.554967165    
  0.567360997    
  0.579754770    
  0.592148662    
  0.604542434    
  0.616936207    
  0.629330099    
  0.641723812    
  0.654117703    
  0.666511416    
  0.678905308    
  0.691299021    
  0.703692913    
  0.716086686    
  0.728480518    
  0.740874290    
  0.753268123    
  0.765661895    
  0.778055727    
  0.790449560    
  0.802843332    
  0.815237164    
  0.827630937    
  0.840024829    
  0.852418542    
  0.864812434    
  0.877206147    
  0.889600039    
  0.901993811    
  0.914387643    
  0.926781416    
  0.939175248    
  0.951569021    
   9.69689563E-02
  0.109436400    
  0.121903829    
  0.134371266    
  0.146838710    
  0.159306139    
  0.171773583    
  0.184241012    
  0.196708441    
  0.209175885    
  0.221643344    
  0.234110743    
  0.246578172    
  0.259045631    
  0.271513075    
  0.283980519    
  0.296447933    
  0.308915377    
  0.321382821    
  0.333850265    
  0.346317708    
  0.358785123    
  0.371252537    
  0.383719981    
  0.396187395    
  0.408654869    
  0.421122313    
  0.433589727    
  0.446057171    
  0.458524615    
  0.470992059    
  0.483459502    
  0.495926976    
  0.508394420    
  0.520861804    
  0.533329248    
  0.545796633    
  0.558264136    
  0.570731580    
  0.583199024    
  0.595666468    
  0.608133852    
  0.620601296    
  0.633068800    
  0.645536184    
  0.658003628    
  0.670471013    
  0.682938516    
  0.695405900    
  0.707873404    
  0.720340848    
  0.732808232    
  0.745275676    
  0.757743120    
  0.770210564    
  0.782678008    
  0.795145452    
  0.807612836    
  0.820080280    
  0.832547724    
  0.845015228    
  0.857482612    
  0.869950056    
  0.882417440    
  0.894884944    
  0.907352388    
  0.919819832    
  0.932287276    
  0.944754660    
  0.957222104    
   9.74927917E-02
  0.110027581    
  0.122562364    
  0.135097146    
  0.147631943    
  0.160166726    
  0.172701523    
  0.185236305    
  0.197771087    
  0.210305870    
  0.222840682    
  0.235375434    
  0.247910216    
  0.260445029    
  0.272979826    
  0.285514593    
  0.298049390    
  0.310584158    
  0.323118955    
  0.335653752    
  0.348188549    
  0.360723287    
  0.373258084    
  0.385792881    
  0.398327649    
  0.410862476    
  0.423397243    
  0.435932040    
  0.448466808    
  0.461001605    
  0.473536402    
  0.486071199    
  0.498605996    
  0.511140764    
  0.523675561    
  0.536210358    
  0.548745096    
  0.561279953    
  0.573814690    
  0.586349487    
  0.598884344    
  0.611419082    
  0.623953819    
  0.636488676    
  0.649023414    
  0.661558270    
  0.674092948    
  0.686627805    
  0.699162543    
  0.711697400    
  0.724232197    
  0.736766934    
  0.749301732    
  0.761836529    
  0.774371326    
  0.786906064    
  0.799440861    
  0.811975658    
  0.824510455    
  0.837045252    
  0.849580050    
  0.862114787    
  0.874649644    
  0.887184381    
  0.899719179    
  0.912253976    
  0.924788773    
  0.937323570    
  0.949858308    
  0.962393105    
   9.79675427E-02
  0.110563375    
  0.123159193    
  0.135755017    
  0.148350850    
  0.160946682    
  0.173542500    
  0.186138332    
  0.198734149    
  0.211329967    
  0.223925829    
  0.236521617    
  0.249117434    
  0.261713296    
  0.274309129    
  0.286904931    
  0.299500763    
  0.312096596    
  0.324692398    
  0.337288260    
  0.349884093    
  0.362479866    
  0.375075698    
  0.387671530    
  0.400267333    
  0.412863195    
  0.425459027    
  0.438054860    
  0.450650662    
  0.463246495    
  0.475842357    
  0.488438159    
  0.501034021    
  0.513629854    
  0.526225686    
  0.538821459    
  0.551417232    
  0.564013124    
  0.576608956    
  0.589204788    
  0.601800680    
  0.614396453    
  0.626992226    
  0.639588118    
  0.652183890    
  0.664779782    
  0.677375555    
  0.689971447    
  0.702567160    
  0.715163052    
  0.727758884    
  0.740354717    
  0.752950549    
  0.765546381    
  0.778142214    
  0.790737987    
  0.803333819    
  0.815929651    
  0.828525484    
  0.841121316    
  0.853717208    
  0.866312921    
  0.878908813    
  0.891504586    
  0.904100478    
  0.916696310    
  0.929292142    
  0.941887915    
  0.954483747    
  0.967079580    
   9.83929560E-02
  0.111043483    
  0.123694003    
  0.136344522    
  0.148995057    
  0.161645576    
  0.174296096    
  0.186946616    
  0.199597135    
  0.212247655    
  0.224898204    
  0.237548694    
  0.250199229    
  0.262849748    
  0.275500268    
  0.288150787    
  0.300801307    
  0.313451827    
  0.326102346    
  0.338752896    
  0.351403415    
  0.364053905    
  0.376704425    
  0.389354944    
  0.402005464    
  0.414656013    
  0.427306533    
  0.439957052    
  0.452607572    
  0.465258092    
  0.477908641    
  0.490559161    
  0.503209710    
  0.515860260    
  0.528510749    
  0.541161299    
  0.553811729    
  0.566462338    
  0.579112828    
  0.591763377    
  0.604413927    
  0.617064416    
  0.629714906    
  0.642365515    
  0.655015945    
  0.667666554    
  0.680316985    
  0.692967594    
  0.705618024    
  0.718268633    
  0.730919123    
  0.743569672    
  0.756220162    
  0.768870711    
  0.781521201    
  0.794171751    
  0.806822240    
  0.819472790    
  0.832123280    
  0.844773829    
  0.857424378    
  0.870074868    
  0.882725418    
  0.895375907    
  0.908026457    
  0.920677006    
  0.933327496    
  0.945978045    
  0.958628535    
  0.971279085    
   9.87688377E-02
  0.111467689    
  0.124166541    
  0.136865392    
  0.149564251    
  0.162263095    
  0.174961939    
  0.187660784    
  0.200359628    
  0.213058487    
  0.225757360    
  0.238456175    
  0.251155019    
  0.263853908    
  0.276552737    
  0.289251596    
  0.301950425    
  0.314649284    
  0.327348143    
  0.340047002    
  0.352745861    
  0.365444660    
  0.378143519    
  0.390842348    
  0.403541207    
  0.416240096    
  0.428938925    
  0.441637784    
  0.454336613    
  0.467035472    
  0.479734361    
  0.492433190    
  0.505132079    
  0.517830908    
  0.530529737    
  0.543228626    
  0.555927396    
  0.568626285    
  0.581325173    
  0.594024003    
  0.606722891    
  0.619421721    
  0.632120550    
  0.644819438    
  0.657518208    
  0.670217156    
  0.682915926    
  0.695614815    
  0.708313644    
  0.721012533    
  0.733711362    
  0.746410191    
  0.759109080    
  0.771807909    
  0.784506738    
  0.797205627    
  0.809904456    
  0.822603285    
  0.835302114    
  0.848001003    
  0.860699892    
  0.873398662    
  0.886097610    
  0.898796380    
  0.911495268    
  0.924194157    
  0.936892986    
  0.949591815    
  0.962290645    
  0.974989533    
   9.90949795E-02
  0.111835763    
  0.124576539    
  0.137317315    
  0.150058120    
  0.162798896    
  0.175539672    
  0.188280448    
  0.201021224    
  0.213762015    
  0.226502821    
  0.239243567    
  0.251984358    
  0.264725149    
  0.277465940    
  0.290206701    
  0.302947491    
  0.315688282    
  0.328429043    
  0.341169864    
  0.353910625    
  0.366651386    
  0.379392147    
  0.392132938    
  0.404873729    
  0.417614520    
  0.430355310    
  0.443096071    
  0.455836862    
  0.468577653    
  0.481318444    
  0.494059235    
  0.506800056    
  0.519540846    
  0.532281578    
  0.545022368    
  0.557763100    
  0.570503950    
  0.583244681    
  0.595985472    
  0.608726323    
  0.621467054    
  0.634207845    
  0.646948636    
  0.659689367    
  0.672430217    
  0.685170949    
  0.697911799    
  0.710652471    
  0.723393321    
  0.736134112    
  0.748874903    
  0.761615694    
  0.774356425    
  0.787097216    
  0.799838006    
  0.812578797    
  0.825319588    
  0.838060319    
  0.850801110    
  0.863541961    
  0.876282692    
  0.889023542    
  0.901764214    
  0.914505064    
  0.927245855    
  0.939986646    
  0.952727437    
  0.965468168    
  0.978208959    
   9.93712172E-02
  0.112147525    
  0.124923818    
  0.137700111    
  0.150476426    
  0.163252726    
  0.176029012    
  0.188805312    
  0.201581612    
  0.214357898    
  0.227134228    
  0.239910498    
  0.252686799    
  0.265463114    
  0.278239399    
  0.291015714    
  0.303792000    
  0.316568315    
  0.329344600    
  0.342120916    
  0.354897231    
  0.367673486    
  0.380449772    
  0.393226087    
  0.406002373    
  0.418778688    
  0.431555003    
  0.444331288    
  0.457107574    
  0.469883889    
  0.482660204    
  0.495436490    
  0.508212805    
  0.520989120    
  0.533765435    
  0.546541691    
  0.559317946    
  0.572094321    
  0.584870577    
  0.597646892    
  0.610423267    
  0.623199463    
  0.635975778    
  0.648752153    
  0.661528349    
  0.674304724    
  0.687080979    
  0.699857295    
  0.712633550    
  0.725409925    
  0.738186240    
  0.750962496    
  0.763738811    
  0.776515126    
  0.789291382    
  0.802067697    
  0.814844012    
  0.827620268    
  0.840396583    
  0.853172898    
  0.865949214    
  0.878725469    
  0.891501844    
  0.904278040    
  0.917054415    
  0.929830730    
  0.942606986    
  0.955383301    
  0.968159616    
  0.980935872    
   9.95974317E-02
  0.112402819    
  0.125208199    
  0.138013586    
  0.150818974    
  0.163624361    
  0.176429734    
  0.189235121    
  0.202040493    
  0.214845881    
  0.227651283    
  0.240456641    
  0.253262013    
  0.266067415    
  0.278872818    
  0.291678190    
  0.304483563    
  0.317288935    
  0.330094337    
  0.342899740    
  0.355705112    
  0.368510455    
  0.381315857    
  0.394121230    
  0.406926602    
  0.419732004    
  0.432537407    
  0.445342779    
  0.458148152    
  0.470953524    
  0.483758956    
  0.496564329    
  0.509369731    
  0.522175133    
  0.534980476    
  0.547785878    
  0.560591221    
  0.573396623    
  0.586202025    
  0.599007428    
  0.611812830    
  0.624618173    
  0.637423515    
  0.650228977    
  0.663034320    
  0.675839722    
  0.688645065    
  0.701450527    
  0.714255810    
  0.727061272    
  0.739866614    
  0.752672017    
  0.765477419    
  0.778282762    
  0.791088164    
  0.803893566    
  0.816698909    
  0.829504311    
  0.842309654    
  0.855115056    
  0.867920518    
  0.880725801    
  0.893531263    
  0.906336606    
  0.919142008    
  0.931947410    
  0.944752753    
  0.957558155    
  0.970363557    
  0.983168900    
   9.97734889E-02
  0.112601519    
  0.125429526    
  0.138257548    
  0.151085585    
  0.163913593    
  0.176741615    
  0.189569622    
  0.202397645    
  0.215225667    
  0.228053704    
  0.240881696    
  0.253709704    
  0.266537756    
  0.279365778    
  0.292193800    
  0.305021793    
  0.317849815    
  0.330677837    
  0.343505889    
  0.356333911    
  0.369161904    
  0.381989896    
  0.394817919    
  0.407645941    
  0.420473993    
  0.433302015    
  0.446130008    
  0.458958030    
  0.471786052    
  0.484614104    
  0.497442126    
  0.510270178    
  0.523098171    
  0.535926163    
  0.548754215    
  0.561582148    
  0.574410260    
  0.587238252    
  0.600066304    
  0.612894356    
  0.625722289    
  0.638550341    
  0.651378393    
  0.664206386    
  0.677034438    
  0.689862370    
  0.702690482    
  0.715518415    
  0.728346527    
  0.741174519    
  0.754002512    
  0.766830564    
  0.779658556    
  0.792486608    
  0.805314600    
  0.818142593    
  0.830970645    
  0.843798637    
  0.856626689    
  0.869454741    
  0.882282674    
  0.895110786    
  0.907938719    
  0.920766830    
  0.933594823    
  0.946422815    
  0.959250867    
  0.972078860    
  0.984906912    
   9.98993069E-02
  0.112743504    
  0.125587702    
  0.138431892    
  0.151276097    
  0.164120287    
  0.176964477    
  0.189808682    
  0.202652872    
  0.215497062    
  0.228341281    
  0.241185442    
  0.254029632    
  0.266873866    
  0.279718041    
  0.292562246    
  0.305406451    
  0.318250626    
  0.331094831    
  0.343939036    
  0.356783241    
  0.369627386    
  0.382471591    
  0.395315796    
  0.408159971    
  0.421004206    
  0.433848381    
  0.446692586    
  0.459536791    
  0.472380966    
  0.485225201    
  0.498069376    
  0.510913610    
  0.523757815    
  0.536602020    
  0.549446166    
  0.562290311    
  0.575134575    
  0.587978780    
  0.600822926    
  0.613667190    
  0.626511335    
  0.639355540    
  0.652199805    
  0.665043890    
  0.677888155    
  0.690732300    
  0.703576565    
  0.716420710    
  0.729264915    
  0.742109120    
  0.754953325    
  0.767797530    
  0.780641735    
  0.793485880    
  0.806330085    
  0.819174290    
  0.832018495    
  0.844862700    
  0.857706845    
  0.870551109    
  0.883395255    
  0.896239519    
  0.909083605    
  0.921927869    
  0.934772074    
  0.947616279    
  0.960460484    
  0.973304629    
  0.986148834    
   9.99748260E-02
  0.112828732    
  0.125682637    
  0.138536543    
  0.151390448    
  0.164244354    
  0.177098259    
  0.189952165    
  0.202806070    
  0.215659961    
  0.228513896    
  0.241367772    
  0.254221678    
  0.267075598    
  0.279929519    
  0.292783409    
  0.305637300    
  0.318491220    
  0.331345111    
  0.344199032    
  0.357052952    
  0.369906813    
  0.382760733    
  0.395614624    
  0.408468515    
  0.421322465    
  0.434176356    
  0.447030276    
  0.459884167    
  0.472738057    
  0.485592008    
  0.498445898    
  0.511299849    
  0.524153709    
  0.537007630    
  0.549861550    
  0.562715352    
  0.575569332    
  0.588423252    
  0.601277173    
  0.614131093    
  0.626984954    
  0.639838874    
  0.652692795    
  0.665546656    
  0.678400636    
  0.691254437    
  0.704108417    
  0.716962278    
  0.729816198    
  0.742670119    
  0.755524039    
  0.768377960    
  0.781231821    
  0.794085741    
  0.806939662    
  0.819793522    
  0.832647443    
  0.845501363    
  0.858355224    
  0.871209204    
  0.884063065    
  0.896916986    
  0.909770846    
  0.922624826    
  0.935478747    
  0.948332608    
  0.961186528    
  0.974040449    
  0.986894310    
