  -4.00436949E-03
  -4.28616675E-03
  -4.95986268E-03
  -5.98269934E-03
  -7.35720480E-03
  -9.10406467E-03
  -1.12520223E-02
  -1.38336634E-02
  -1.68835577E-02
  -2.04373375E-02
  -2.45312061E-02
  -2.92017423E-02
  -3.44857164E-02
  -4.04200144E-02
  -4.70416248E-02
  -5.43875657E-02
  -6.24949187E-02
  -7.14007542E-02
  -8.11421201E-02
  -9.17561054E-02
 -0.103279851    
 -0.115750462    
 -0.129205033    
 -0.143680707    
 -0.159214512    
 -0.175843582    
 -0.193605006    
 -0.212535933    
 -0.232673466    
 -0.254054695    
 -0.276716650    
 -0.300696462    
 -0.326031506    
 -0.352758855    
 -0.380915463    
 -0.410538465    
 -0.441664875    
 -0.474331856    
 -0.508576512    
 -0.544435680    
 -0.581946731    
 -0.621146679    
 -0.662072718    
 -0.704761922    
 -0.749251366    
 -0.795578063    
 -0.843779445    
 -0.893892169    
 -0.945953369    
  -1.00000000    
  -3.99578549E-03
  -4.27622162E-03
  -4.94667562E-03
  -5.96461352E-03
  -7.33256573E-03
  -9.07113124E-03
  -1.12089301E-02
  -1.37783987E-02
  -1.68139506E-02
  -2.03510541E-02
  -2.44257525E-02
  -2.90744491E-02
  -3.43337543E-02
  -4.02403735E-02
  -4.68311310E-02
  -5.41428737E-02
  -6.22125231E-02
  -7.10769594E-02
  -8.07730630E-02
  -9.13377553E-02
 -0.102808014    
 -0.115220770    
 -0.128612936    
 -0.143021479    
 -0.158483282    
 -0.175035328    
 -0.192714438    
 -0.211557671    
 -0.231601924    
 -0.252884179    
 -0.275441170    
 -0.299309939    
 -0.324527681    
 -0.351131350    
 -0.379157692    
 -0.408643633    
 -0.439626008    
 -0.472141951    
 -0.506228149    
 -0.541921377    
 -0.579258919    
 -0.618277550    
 -0.659014165    
 -0.701505899    
 -0.745789587    
 -0.791902184    
 -0.839880705    
 -0.889761865    
 -0.941582322    
 -0.995379090    
  -3.97011591E-03
  -4.24648169E-03
  -4.90723969E-03
  -5.91052650E-03
  -7.25887902E-03
  -8.97264108E-03
  -1.10800546E-02
  -1.36131160E-02
  -1.66057721E-02
  -2.00930107E-02
  -2.41103694E-02
  -2.86937580E-02
  -3.38792652E-02
  -3.97031158E-02
  -4.62016091E-02
  -5.34110777E-02
  -6.13679476E-02
  -7.01085553E-02
  -7.96693116E-02
  -9.00866091E-02
 -0.101396896    
 -0.113636591    
 -0.126842141    
 -0.141049922    
 -0.156296372    
 -0.172617927    
 -0.190050945    
 -0.208631888    
 -0.228397250    
 -0.249383360    
 -0.271626532    
 -0.295163363    
 -0.320030421    
 -0.346264064    
 -0.373900652    
 -0.402976692    
 -0.433528304    
 -0.465592146    
 -0.499204516    
 -0.534401774    
 -0.571220338    
 -0.609696627    
 -0.649867058    
 -0.691768408    
 -0.735436916    
 -0.780908942    
 -0.828220785    
 -0.877409041    
 -0.928509712    
 -0.981559157    
  -3.92760895E-03
  -4.19723336E-03
  -4.84193163E-03
  -5.82094863E-03
  -7.13683758E-03
  -8.80951621E-03
  -1.08665992E-02
  -1.33393575E-02
  -1.62609648E-02
  -1.96656007E-02
  -2.35879831E-02
  -2.80631986E-02
  -3.31264921E-02
  -3.88132259E-02
  -4.51588891E-02
  -5.21989614E-02
  -5.99690042E-02
  -6.85045198E-02
  -7.78410733E-02
  -8.80142301E-02
  -9.90595296E-02
 -0.111012630    
 -0.123909041    
 -0.137784347    
 -0.152674109    
 -0.168613896    
 -0.185639217    
 -0.203785762    
 -0.223089069    
 -0.243584678    
 -0.265308201    
 -0.288295180    
 -0.312581271    
 -0.338202119    
 -0.365193218    
 -0.393590122    
 -0.423428327    
 -0.454743207    
 -0.487570852    
 -0.521946430    
 -0.557905316    
 -0.595483303    
 -0.634716213    
 -0.675639451    
 -0.718288541    
 -0.762699068    
 -0.808906853    
 -0.856947362    
 -0.906855881    
 -0.958667874    
  -3.86867486E-03
  -4.12894832E-03
  -4.75137308E-03
  -5.69672836E-03
  -6.96758879E-03
  -8.58328491E-03
  -1.05705559E-02
  -1.29596749E-02
  -1.57827362E-02
  -1.90727971E-02
  -2.28634402E-02
  -2.71886028E-02
  -3.20823751E-02
  -3.75789404E-02
  -4.37126197E-02
  -5.05177453E-02
  -5.80286495E-02
  -6.62797019E-02
  -7.53052756E-02
  -8.51397812E-02
  -9.58175883E-02
 -0.107373111    
 -0.119840741    
 -0.133254901    
 -0.147649899    
 -0.163060188    
 -0.179520100    
 -0.197064102    
 -0.215726539    
 -0.235541895    
 -0.256544381    
 -0.278768629    
 -0.302248985    
 -0.327019960    
 -0.353115648    
 -0.380570650    
 -0.409419060    
 -0.439695537    
 -0.471434772    
 -0.504670560    
 -0.539437354    
 -0.575769544    
 -0.613702118    
 -0.653268933    
 -0.694504321    
 -0.737442613    
 -0.782118738    
 -0.828567147    
 -0.876821578    
 -0.926916778    
  -3.79388407E-03
  -4.04228456E-03
  -4.63642692E-03
  -5.53903868E-03
  -6.75272290E-03
  -8.29606224E-03
  -1.01946909E-02
  -1.24776037E-02
  -1.51755279E-02
  -1.83201022E-02
  -2.19434742E-02
  -2.60780994E-02
  -3.07566114E-02
  -3.60117070E-02
  -4.18762155E-02
  -4.83829789E-02
  -5.55648580E-02
  -6.34547025E-02
  -7.20854029E-02
  -8.14898759E-02
  -9.17010158E-02
 -0.102751732    
 -0.114674911    
 -0.127503514    
 -0.141270235    
 -0.156008169    
 -0.171750143    
 -0.188529000    
 -0.206377715    
 -0.225329131    
 -0.245416179    
 -0.266671926    
 -0.289129168    
 -0.312820733    
 -0.337779522    
 -0.364038527    
 -0.391630322    
 -0.420587987    
 -0.450944841    
 -0.482733577    
 -0.515986741    
 -0.550737202    
 -0.587018251    
 -0.624862432    
 -0.664302826    
 -0.705372274    
 -0.748103619    
 -0.792530119    
 -0.838684380    
 -0.886599302    
  -3.70395929E-03
  -3.93807516E-03
  -4.49818885E-03
  -5.34937019E-03
  -6.49426132E-03
  -7.95053970E-03
  -9.74251237E-03
  -1.18976384E-02
  -1.44449975E-02
  -1.74145252E-02
  -2.08366234E-02
  -2.47419924E-02
  -2.91615035E-02
  -3.41260582E-02
  -3.96667048E-02
  -4.58144583E-02
  -5.26004173E-02
  -6.00556657E-02
  -6.82112500E-02
  -7.70983100E-02
  -8.67479369E-02
  -9.71912369E-02
 -0.108459324    
 -0.120583273    
 -0.133594111    
 -0.147522956    
 -0.162401006    
 -0.178259224    
 -0.195128828    
 -0.213040903    
 -0.232026458    
 -0.252116770    
 -0.273342758    
 -0.295735717    
 -0.319326490    
 -0.344146401    
 -0.370226264    
 -0.397597611    
 -0.426291287    
 -0.456338346    
 -0.487769783    
 -0.520617068    
 -0.554911017    
 -0.590682805    
 -0.627963483    
 -0.666783869    
 -0.707175314    
 -0.749169350    
 -0.792796552    
 -0.838088095    
  -3.59977153E-03
  -3.81732220E-03
  -4.33797622E-03
  -5.12951799E-03
  -6.19463623E-03
  -7.54995644E-03
  -9.21824481E-03
  -1.12251816E-02
  -1.35979373E-02
  -1.63644701E-02
  -1.95531622E-02
  -2.31926814E-02
  -2.73118280E-02
  -3.19394432E-02
  -3.71044986E-02
  -4.28359360E-02
  -4.91627827E-02
  -5.61140366E-02
  -6.37186468E-02
  -7.20056668E-02
  -8.10041279E-02
  -9.07430500E-02
 -0.101251386    
 -0.112558201    
 -0.124692455    
 -0.137683153    
 -0.151559308    
 -0.166349962    
 -0.182084173    
 -0.198790818    
 -0.216499001    
 -0.235237747    
 -0.255035996    
 -0.275923014    
 -0.297927558    
 -0.321078748    
 -0.345405310    
 -0.370936483    
 -0.397701383    
 -0.425728917    
 -0.455048144    
 -0.485688210    
 -0.517677903    
 -0.551046371    
 -0.585822403    
 -0.622034550    
 -0.659712613    
 -0.698885560    
 -0.739582181    
 -0.781831443    
  -3.48232943E-03
  -3.68118822E-03
  -4.15731594E-03
  -4.88156220E-03
  -5.85666485E-03
  -7.09806429E-03
  -8.62678699E-03
  -1.04665020E-02
  -1.26422346E-02
  -1.51797030E-02
  -1.81050189E-02
  -2.14445386E-02
  -2.52247304E-02
  -2.94721276E-02
  -3.42133604E-02
  -3.94750237E-02
  -4.52837944E-02
  -5.16663082E-02
  -5.86491823E-02
  -6.62591010E-02
  -7.45227262E-02
  -8.34667608E-02
  -9.31178257E-02
 -0.103502497    
 -0.114647605    
 -0.126579553    
 -0.139325202    
 -0.152911171    
 -0.167364031    
 -0.182710558    
 -0.198977262    
 -0.216190889    
 -0.234378308    
 -0.253565848    
 -0.273780286    
 -0.295048416    
 -0.317396522    
 -0.340851426    
 -0.365439981    
 -0.391188771    
 -0.418124527    
 -0.446273744    
 -0.475662827    
 -0.506318867    
 -0.538268387    
 -0.571537673    
 -0.606153965    
 -0.642143488    
 -0.679532886    
 -0.718349338    
  -3.35277244E-03
  -3.53098637E-03
  -3.95793375E-03
  -4.60785162E-03
  -5.48352860E-03
  -6.59909705E-03
  -7.97366165E-03
  -9.62867402E-03
  -1.15867807E-02
  -1.38712311E-02
  -1.65056307E-02
  -1.95137728E-02
  -2.29195822E-02
  -2.67470125E-02
  -3.10200844E-02
  -3.57628390E-02
  -4.09993567E-02
  -4.67536338E-02
  -5.30497581E-02
  -5.99117503E-02
  -6.73637092E-02
  -7.54297078E-02
  -8.41338113E-02
  -9.35000181E-02
 -0.103552394    
 -0.114314944    
 -0.125811860    
 -0.138067111    
 -0.151104704    
 -0.164948791    
 -0.179623351    
 -0.195152551    
 -0.211560443    
 -0.228870869    
 -0.247108012    
 -0.266296059    
 -0.286458671    
 -0.307620287    
 -0.329804957    
 -0.353036642    
 -0.377339453    
 -0.402737260    
 -0.429254174    
 -0.456914365    
 -0.485741764    
 -0.515760422    
 -0.546994209    
 -0.579467416    
 -0.613204002    
 -0.648228407    
  -3.21235787E-03
  -3.36816581E-03
  -3.74173373E-03
  -4.31097718E-03
  -5.07874042E-03
  -6.05773181E-03
  -7.26497546E-03
  -8.71951040E-03
  -1.04414010E-02
  -1.24512212E-02
  -1.47698512E-02
  -1.74183156E-02
  -2.04177462E-02
  -2.37893369E-02
  -2.75542662E-02
  -3.17337811E-02
  -3.63491289E-02
  -4.14215140E-02
  -4.69721742E-02
  -5.30223548E-02
  -5.95932975E-02
  -6.67062774E-02
  -7.43825138E-02
  -8.26431960E-02
  -9.15095657E-02
 -0.101002842    
 -0.111144230    
 -0.121955104    
 -0.133456528    
 -0.145669907    
 -0.158616245    
 -0.172316924    
 -0.186793223    
 -0.202066198    
 -0.218157157    
 -0.235087425    
 -0.252878100    
 -0.271550596    
 -0.291125983    
 -0.311625451    
 -0.333070308    
 -0.355481565    
 -0.378880680    
 -0.403288931    
 -0.428727388    
 -0.455217451    
 -0.482780099    
 -0.511436760    
 -0.541208506    
 -0.572116613    
  -3.06245056E-03
  -3.19429743E-03
  -3.51078482E-03
  -3.99375614E-03
  -4.64611454E-03
  -5.47904894E-03
  -6.50735246E-03
  -7.74748810E-03
  -9.21675935E-03
  -1.09328749E-02
  -1.29138008E-02
  -1.51776010E-02
  -1.77424364E-02
  -2.06265002E-02
  -2.38479916E-02
  -2.74251383E-02
  -3.13761681E-02
  -3.57192867E-02
  -4.04727086E-02
  -4.56546806E-02
  -5.12834266E-02
  -5.73771670E-02
  -6.39541000E-02
  -7.10324422E-02
  -7.86303952E-02
  -8.67661461E-02
  -9.54579562E-02
 -0.104724035    
 -0.114582583    
 -0.125051811    
 -0.136149883    
 -0.147895098    
 -0.160305694    
 -0.173399687    
 -0.187195420    
 -0.201711044    
 -0.216964856    
 -0.232975021    
 -0.249759763    
 -0.267337292    
 -0.285725713    
 -0.304943144    
 -0.325007886    
 -0.345938146    
 -0.367752343    
 -0.390468568    
 -0.414105088    
 -0.438679963    
 -0.464211345    
 -0.490717441    
  -2.90451082E-03
  -3.01106414E-03
  -3.26729706E-03
  -3.65919736E-03
  -4.18972876E-03
  -4.86847758E-03
  -5.70788048E-03
  -6.72168005E-03
  -7.92426057E-03
  -9.33031645E-03
  -1.09547209E-02
  -1.28124338E-02
  -1.49184633E-02
  -1.72878448E-02
  -1.99356172E-02
  -2.28768233E-02
  -2.61265263E-02
  -2.96997577E-02
  -3.36115360E-02
  -3.78769040E-02
  -4.25109267E-02
  -4.75286171E-02
  -5.29450215E-02
  -5.87751307E-02
  -6.50340095E-02
  -7.17366487E-02
  -7.88980797E-02
  -8.65333080E-02
  -9.46573913E-02
 -0.103285342    
 -0.112432152    
 -0.122112945    
 -0.132342726    
 -0.143136382    
 -0.154508919    
 -0.166475430    
 -0.179050952    
 -0.192250431    
 -0.206089094    
 -0.220581710    
 -0.235743344    
 -0.251589090    
 -0.268133789    
 -0.285392642    
 -0.303380549    
 -0.322112650    
 -0.341603994    
 -0.361869544    
 -0.382924408    
 -0.404783368    
  -2.74007907E-03
  -2.82024243E-03
  -3.01360455E-03
  -3.31047876E-03
  -3.71388881E-03
  -4.23175003E-03
  -4.87404084E-03
  -5.65165933E-03
  -6.57594902E-03
  -7.65845226E-03
  -8.91082454E-03
  -1.03447735E-02
  -1.19720278E-02
  -1.38043277E-02
  -1.58533994E-02
  -1.81309823E-02
  -2.06488222E-02
  -2.34186240E-02
  -2.64520999E-02
  -2.97609735E-02
  -3.33569646E-02
  -3.72517742E-02
  -4.14571092E-02
  -4.59846668E-02
  -5.08461371E-02
  -5.60532324E-02
  -6.16176501E-02
  -6.75510541E-02
  -7.38651976E-02
  -8.05717483E-02
  -8.76823738E-02
  -9.52088311E-02
 -0.103162788    
 -0.111555852    
 -0.120399706    
 -0.129706174    
 -0.139486805    
 -0.149753302    
 -0.160517514    
 -0.171790943    
 -0.183585435    
 -0.195912465    
 -0.208783880    
 -0.222211316    
 -0.236206576    
 -0.250781298    
 -0.265947104    
 -0.281715631    
 -0.298098862    
 -0.315108091    
  -2.57076416E-03
  -2.62368401E-03
  -2.75214226E-03
  -2.95091537E-03
  -3.22308834E-03
  -3.57484887E-03
  -4.01363568E-03
  -4.54741577E-03
  -5.18438593E-03
  -5.93284005E-03
  -6.80110697E-03
  -7.79753411E-03
  -8.93046800E-03
  -1.02082407E-02
  -1.16391722E-02
  -1.32315774E-02
  -1.49937784E-02
  -1.69340614E-02
  -1.90607104E-02
  -2.13820059E-02
  -2.39062477E-02
  -2.66417023E-02
  -2.95966379E-02
  -3.27793360E-02
  -3.61980423E-02
  -3.98610048E-02
  -4.37765270E-02
  -4.79528457E-02
  -5.23982495E-02
  -5.71209602E-02
  -6.21292070E-02
  -6.74313530E-02
  -7.30356127E-02
  -7.89501145E-02
  -8.51831734E-02
  -9.17430967E-02
  -9.86380577E-02
 -0.105876423    
 -0.113466389    
 -0.121416144    
 -0.129733965    
 -0.138428152    
 -0.147506967    
 -0.156978667    
 -0.166851476    
 -0.177133545    
 -0.187833250    
 -0.198958933    
 -0.210518748    
 -0.222520858    
  -2.39822525E-03
  -2.42330087E-03
  -2.48542475E-03
  -2.58393050E-03
  -2.72196601E-03
  -2.90395063E-03
  -3.13472748E-03
  -3.41926352E-03
  -3.76254530E-03
  -4.16954048E-03
  -4.64517856E-03
  -5.19437483E-03
  -5.82200941E-03
  -6.53294101E-03
  -7.33200228E-03
  -8.22400860E-03
  -9.21378750E-03
  -1.03061199E-02
  -1.15057891E-02
  -1.28175709E-02
  -1.42462505E-02
  -1.57965906E-02
  -1.74733493E-02
  -1.92812867E-02
  -2.12251600E-02
  -2.33097095E-02
  -2.55397055E-02
  -2.79198885E-02
  -3.04549951E-02
  -3.31497826E-02
  -3.60089801E-02
  -3.90373766E-02
  -4.22396548E-02
  -4.56205495E-02
  -4.91848066E-02
  -5.29372133E-02
  -5.68824634E-02
  -6.10253289E-02
  -6.53705001E-02
  -6.99227303E-02
  -7.46867359E-02
  -7.96673447E-02
  -8.48692656E-02
  -9.02972445E-02
  -9.59559977E-02
 -0.101850227    
 -0.107984692    
 -0.114364177    
 -0.120993435    
 -0.127877146    
  -2.22415896E-03
  -2.22104858E-03
  -2.21602130E-03
  -2.21302267E-03
  -2.21526227E-03
  -2.22536782E-03
  -2.24555330E-03
  -2.27774843E-03
  -2.32368778E-03
  -2.38496927E-03
  -2.46308674E-03
  -2.55947304E-03
  -2.67550442E-03
  -2.81251897E-03
  -2.97181820E-03
  -3.15468619E-03
  -3.36238928E-03
  -3.59617639E-03
  -3.85728525E-03
  -4.14693868E-03
  -4.46636463E-03
  -4.81677242E-03
  -5.19938115E-03
  -5.61538711E-03
  -6.06599171E-03
  -6.55239262E-03
  -7.07579125E-03
  -7.63737643E-03
  -8.23833141E-03
  -8.87984876E-03
  -9.56312101E-03
  -1.02893421E-02
  -1.10596744E-02
  -1.18752997E-02
  -1.27374120E-02
  -1.36471996E-02
  -1.46058369E-02
  -1.56145105E-02
  -1.66743994E-02
  -1.77866798E-02
  -1.89525280E-02
  -2.01731566E-02
  -2.14497279E-02
  -2.27834340E-02
  -2.41754390E-02
  -2.56269295E-02
  -2.71390919E-02
  -2.87131350E-02
  -3.03502157E-02
  -3.20515111E-02
  -2.05028150E-03
  -2.01890524E-03
  -1.94653287E-03
  -1.84173428E-03
  -1.70777878E-03
  -1.54549337E-03
  -1.35445618E-03
  -1.13354740E-03
  -8.81240820E-04
  -5.95753256E-04
  -2.75132130E-04
   8.26824107E-05
   4.79829789E-04
   9.18502919E-04
   1.40093837E-03
   1.92940631E-03
   2.50619766E-03
   3.13361571E-03
   3.81397898E-03
   4.54962952E-03
   5.34290168E-03
   6.19614264E-03
   7.11170305E-03
   8.09195079E-03
   9.13924351E-03
   1.02559561E-02
   1.14444513E-02
   1.27071161E-02
   1.40463142E-02
   1.54644316E-02
   1.69638414E-02
   1.85469259E-02
   2.02160720E-02
   2.19736639E-02
   2.38220952E-02
   2.57637389E-02
   2.78009884E-02
   2.99362093E-02
   3.21718119E-02
   3.45101394E-02
   3.69536281E-02
   3.95046398E-02
   4.21655737E-02
   4.49388213E-02
   4.78267781E-02
   5.08318022E-02
   5.39562851E-02
   5.72025925E-02
   6.05731234E-02
   6.40702248E-02
  -1.87831593E-03
  -1.81885622E-03
  -1.67956948E-03
  -1.47361890E-03
  -1.20432989E-03
  -8.70738993E-04
  -4.69802442E-04
   2.63017751E-06
   5.51327015E-04
   1.18143135E-03
   1.89832167E-03
   2.70752865E-03
   3.61468736E-03
   4.62549413E-03
   5.74570987E-03
   6.98113162E-03
   8.33759084E-03
   9.82091669E-03
   1.14369616E-02
   1.31916143E-02
   1.50907421E-02
   1.71402302E-02
   1.93459820E-02
   2.17138976E-02
   2.42498890E-02
   2.69598775E-02
   2.98497491E-02
   3.29254456E-02
   3.61928642E-02
   3.96579653E-02
   4.33266312E-02
   4.72048186E-02
   5.12984470E-02
   5.56134284E-02
   6.01557530E-02
   6.49313033E-02
   6.99460208E-02
   7.52058178E-02
   8.07166398E-02
   8.64843652E-02
   9.25150141E-02
   9.88144800E-02
  0.105388701    
  0.112243578    
  0.119385153    
  0.126819342    
  0.134551987    
  0.142589033    
  0.150936350    
  0.159599841    
  -1.70997274E-03
  -1.62287219E-03
  -1.41772383E-03
  -1.11220719E-03
  -7.09700515E-04
  -2.07476420E-04
   4.00092453E-04
   1.12014066E-03
   1.96062960E-03
   2.93001067E-03
   4.03703563E-03
   5.29065123E-03
   6.69993740E-03
   8.27403832E-03
   1.00221848E-02
   1.19536528E-02
   1.40777444E-02
   1.64037701E-02
   1.89410616E-02
   2.16989890E-02
   2.46869195E-02
   2.79142018E-02
   3.13902460E-02
   3.51244397E-02
   3.91261727E-02
   4.34048362E-02
   4.79698516E-02
   5.28306030E-02
   5.79965413E-02
   6.34770468E-02
   6.92815259E-02
   7.54194036E-02
   8.19000974E-02
   8.87330472E-02
   9.59277451E-02
  0.103493482    
  0.111439683    
  0.119775854    
  0.128511429    
  0.137655675    
  0.147218093    
  0.157208204    
  0.167635351    
  0.178508922    
  0.189838469    
  0.201633379    
  0.213903040    
  0.226656899    
  0.239904299    
  0.253654569    
  -1.54693646E-03
  -1.43289403E-03
  -1.16354798E-03
  -7.60975468E-04
  -2.28602366E-04
   4.38020623E-04
   1.24704139E-03
   2.20850506E-03
   3.33348708E-03
   4.63366741E-03
   6.12108456E-03
   7.80801615E-03
   9.70689859E-03
   1.18302517E-02
   1.41906738E-02
   1.68008376E-02
   1.96734350E-02
   2.28211619E-02
   2.62567494E-02
   2.99929697E-02
   3.40425670E-02
   3.84183377E-02
   4.31330465E-02
   4.81994636E-02
   5.36304340E-02
   5.94387166E-02
   6.56371340E-02
   7.22385421E-02
   7.92557001E-02
   8.67014229E-02
   9.45884883E-02
  0.102929823    
  0.111738190    
  0.121026412    
  0.130807310    
  0.141093716    
  0.151898518    
  0.163234353    
  0.175114289    
  0.187551007    
  0.200557277    
  0.214146048    
  0.228330284    
  0.243122488    
  0.258535713    
  0.274582624    
  0.291276276    
  0.308629453    
  0.326654851    
  0.345365226    
  -1.39084819E-03
  -1.25081372E-03
  -9.19530343E-04
  -4.23313089E-04
   2.34370775E-04
   1.05963543E-03
   2.06306181E-03
   3.25750536E-03
   4.65704873E-03
   6.27648598E-03
   8.13103467E-03
   1.02361850E-02
   1.26076136E-02
   1.52610904E-02
   1.82124842E-02
   2.14777142E-02
   2.50727683E-02
   2.90136132E-02
   3.33162397E-02
   3.79967205E-02
   4.30710837E-02
   4.85553704E-02
   5.44656515E-02
   6.08179905E-02
   6.76284656E-02
   7.49131516E-02
   8.26881975E-02
   9.09696668E-02
   9.97736380E-02
  0.109116256    
  0.119013533    
  0.129481748    
  0.140536726    
  0.152194887    
  0.164472073    
  0.177384585    
  0.190948367    
  0.205179632    
  0.220094636    
  0.235709310    
  0.252039611    
  0.269101828    
  0.286912322    
  0.305486768    
  0.324841768    
  0.344992936    
  0.365956575    
  0.387748957    
  0.410386026    
  0.433883846    
  -1.24329154E-03
  -1.07845652E-03
  -6.88071712E-04
  -1.02489808E-04
   6.74786628E-04
   1.65146356E-03
   2.84044771E-03
   4.25727759E-03
   5.91890933E-03
   7.84311350E-03
   1.00481305E-02
   1.25525370E-02
   1.53750861E-02
   1.85346510E-02
   2.20502410E-02
   2.59408727E-02
   3.02256569E-02
   3.49236913E-02
   4.00541127E-02
   4.56360914E-02
   5.16888127E-02
   5.82314208E-02
   6.52831569E-02
   7.28632063E-02
   8.09907541E-02
   8.96850452E-02
   9.89652798E-02
  0.108850740    
  0.119360700    
  0.130514354    
  0.142330825    
  0.154829532    
  0.168029562    
  0.181950226    
  0.196610704    
  0.212030396    
  0.228228316    
  0.245223910    
  0.263036519    
  0.281685174    
  0.301189035    
  0.321567714    
  0.342839986    
  0.365025520    
  0.388143450    
  0.412212849    
  0.437253416    
  0.463284045    
  0.490324259    
  0.518392801    
  -1.10577710E-03
  -9.17564554E-04
  -4.71463456E-04
   1.98372742E-04
   1.08841306E-03
   2.20786873E-03
   3.57184443E-03
   5.19840932E-03
   7.10722897E-03
   9.31888167E-03
   1.18544688E-02
   1.47354677E-02
   1.79835390E-02
   2.16205008E-02
   2.56682895E-02
   3.01488582E-02
   3.50842737E-02
   4.04965840E-02
   4.64078784E-02
   5.28402627E-02
   5.98158985E-02
   6.73568919E-02
   7.54853934E-02
   8.42235982E-02
   9.35935974E-02
  0.103617609    
  0.114317812    
  0.125716418    
  0.137835667    
  0.150697723    
  0.164324731    
  0.178738892    
  0.193962425    
  0.210017443    
  0.226926148    
  0.244710952    
  0.263393730    
  0.282997042    
  0.303543001    
  0.325053781    
  0.347551525    
  0.371058434    
  0.395596772    
  0.421188861    
  0.447856426    
  0.475622058    
  0.504508257    
  0.534537017    
  0.565730453    
  0.598110497    
  -9.79729113E-04
  -7.69779610E-04
  -2.71866535E-04
   4.76330315E-04
   1.47125893E-03
   2.72353576E-03
   4.25031176E-03
   6.07201504E-03
   8.21083318E-03
   1.06899589E-02
   1.35331601E-02
   1.67646054E-02
   2.04086676E-02
   2.44899075E-02
   2.90329773E-02
   3.40625979E-02
   3.96034978E-02
   4.56805676E-02
   5.23186065E-02
   5.95424660E-02
   6.73770383E-02
   7.58472010E-02
   8.49778727E-02
   9.47939530E-02
  0.105320334    
  0.116581932    
  0.128603697    
  0.141410649    
  0.155027658    
  0.169479758    
  0.184791788    
  0.200988665    
  0.218095362    
  0.236136809    
  0.255138040    
  0.275123835    
  0.296119213    
  0.318149537    
  0.341239512    
  0.365414172    
  0.390698284    
  0.417116672    
  0.444694579    
  0.473456949    
  0.503428519    
  0.534634233    
  0.567099631    
  0.600849152    
  0.635908127    
  0.672300816    
  -8.66472197E-04
  -6.36628887E-04
  -9.12905598E-05
   7.28643325E-04
   1.81961048E-03
   3.19351535E-03
   4.86939214E-03
   6.86982879E-03
   9.21932608E-03
   1.19434707E-02
   1.50684780E-02
   1.86209828E-02
   2.26278342E-02
   2.71161310E-02
   3.21129933E-02
   3.76456603E-02
   4.37413603E-02
   5.04275262E-02
   5.77314384E-02
   6.56804964E-02
   7.43021443E-02
   8.36236849E-02
   9.36726481E-02
  0.104476437    
  0.116062425    
  0.128457949    
  0.141690701    
  0.155788094    
  0.170777589    
  0.186686605    
  0.203542650    
  0.221373007    
  0.240205184    
  0.260066837    
  0.280985385    
  0.302988291    
  0.326102734    
  0.350356847    
  0.375777930    
  0.402393281    
  0.430230498    
  0.459316641    
  0.489679754    
  0.521347165    
  0.554345906    
  0.588703752    
  0.624448597    
  0.661607683    
  0.700208604    
  0.740278065    
  -7.67218007E-04
  -5.19510009E-04
   6.84238039E-05
   9.52804054E-04
   2.13006488E-03
   3.61327827E-03
   5.42317051E-03
   7.58427801E-03
   1.01231812E-02
   1.30676217E-02
   1.64460167E-02
   2.02872194E-02
   2.46203225E-02
   2.94746701E-02
   3.48796323E-02
   4.08646762E-02
   4.74593639E-02
   5.46933375E-02
   6.25961497E-02
   7.11974576E-02
   8.05269703E-02
   9.06142592E-02
  0.101489171    
  0.113181263    
  0.125720218    
  0.139135718    
  0.153457627    
  0.168715656    
  0.184939578    
  0.202158988    
  0.220403716    
  0.239703238    
  0.260087520    
  0.281586289    
  0.304229319    
  0.328046292    
  0.353066981    
  0.379321218    
  0.406838864    
  0.435649395    
  0.465782851    
  0.497268438    
  0.530136526    
  0.564416587    
  0.600137949    
  0.637330890    
  0.676025331    
  0.716251016    
  0.758037388    
  0.801413774    
  -6.83055259E-04
  -4.19679185E-04
   2.05623030E-04
   1.14655739E-03
   2.39956449E-03
   3.97874834E-03
   5.90632530E-03
   8.20855051E-03
   1.09138321E-02
   1.40518062E-02
   1.76528189E-02
   2.17476860E-02
   2.63674669E-02
   3.15434709E-02
   3.73070724E-02
   4.36896943E-02
   5.07229194E-02
   5.84383309E-02
   6.68675005E-02
   7.60420710E-02
   8.59937370E-02
   9.67540666E-02
  0.108354837    
  0.120827720    
  0.134204373    
  0.148516357    
  0.163795561    
  0.180073768    
  0.197382674    
  0.215753838    
  0.235219076    
  0.255809993    
  0.277558506    
  0.300496221    
  0.324654996    
  0.350066483    
  0.376762450    
  0.404774785    
  0.434135139    
  0.464874953    
  0.497026235    
  0.530620992    
  0.565690517    
  0.602266908    
  0.640381396    
  0.680066228    
  0.721353114    
  0.764273882    
  0.808859825    
  0.855142772    
  -6.14938734E-04
  -3.38238460E-04
   3.18854785E-04
   1.30792242E-03
   2.62542139E-03
   4.28634370E-03
   6.31418312E-03
   8.73666070E-03
   1.15837427E-02
   1.48866912E-02
   1.86774973E-02
   2.29886491E-02
   2.78528761E-02
   3.33031900E-02
   3.93726341E-02
   4.60943393E-02
   5.35015762E-02
   6.16276450E-02
   7.05057606E-02
   8.01693052E-02
   9.06516314E-02
  0.101986110    
  0.114206068    
  0.127344936    
  0.141436070    
  0.156512827    
  0.172608703    
  0.189757138    
  0.207991540    
  0.227345288    
  0.247851714    
  0.269544393    
  0.292456388    
  0.316621602    
  0.342073411    
  0.368845016    
  0.396970212    
  0.426482171    
  0.457414359    
  0.489799947    
  0.523672521    
  0.559065938    
  0.596013665    
  0.634548843    
  0.674704373    
  0.716515064    
  0.760013282    
  0.805232584    
  0.852206886    
  0.900968909    
  -5.63679670E-04
  -2.76124367E-04
   4.06884035E-04
   1.43521151E-03
   2.80534476E-03
   4.53301100E-03
   6.64275326E-03
   9.16349702E-03
   1.21264905E-02
   1.55643253E-02
   1.95103381E-02
   2.39983778E-02
   2.90625766E-02
   3.47372852E-02
   4.10569422E-02
   4.80560958E-02
   5.57693988E-02
   6.42315000E-02
   7.34770373E-02
   8.35407600E-02
   9.44574103E-02
  0.106261730    
  0.118988506    
  0.132672474    
  0.147348404    
  0.163051099    
  0.179815367    
  0.197676033    
  0.216667905    
  0.236825779    
  0.258184373    
  0.280778557    
  0.304643095    
  0.329813123    
  0.356323123    
  0.384207994    
  0.413502842    
  0.444242299    
  0.476461202    
  0.510194123    
  0.545475721    
  0.582341433    
  0.620825946    
  0.660963953    
  0.702790260    
  0.746340394    
  0.791648448    
  0.838749230    
  0.887677312    
  0.938468397    
  -5.29939542E-04
  -2.34101506E-04
   4.68700135E-04
   1.52704527E-03
   2.93746311E-03
   4.71625477E-03
   6.88877562E-03
   9.48488154E-03
   1.25368163E-02
   1.60781927E-02
   2.01433823E-02
   2.47672945E-02
   2.99851242E-02
   3.58322412E-02
   4.23441827E-02
   4.95565794E-02
   5.75051457E-02
   6.62255585E-02
   7.57535696E-02
   8.61249715E-02
   9.73755345E-02
  0.109541088    
  0.122657537    
  0.136760682    
  0.151886284    
  0.168070242    
  0.185348541    
  0.203756943    
  0.223331288    
  0.244107425    
  0.266121447    
  0.289408922    
  0.314005822    
  0.339948475    
  0.367272288    
  0.396013319    
  0.426207632    
  0.457891017    
  0.491099060    
  0.525867939    
  0.562233210    
  0.600231111    
  0.639897346    
  0.681267858    
  0.724378765    
  0.769266129    
  0.815965891    
  0.864513159    
  0.914943993    
  0.967294872    
  -5.14222425E-04
  -2.12754530E-04
   5.03530551E-04
   1.58236804E-03
   3.02033848E-03
   4.83415555E-03
   7.04974355E-03
   9.69760865E-03
   1.28106857E-02
   1.64232869E-02
   2.05705259E-02
   2.52880175E-02
   3.06116827E-02
   3.65776494E-02
   4.32221778E-02
   5.05816191E-02
   5.86924776E-02
   6.75910860E-02
   7.73139894E-02
   8.78976807E-02
   9.93786752E-02
  0.111793593    
  0.125178993    
  0.139571503    
  0.155007541    
  0.171523750    
  0.189156875    
  0.207943320    
  0.227919713    
  0.249122828    
  0.271589249    
  0.295355439    
  0.320457906    
  0.346933872    
  0.374819577    
  0.404151827    
  0.434967101    
  0.467302024    
  0.501193285    
  0.536677122    
  0.573790312    
  0.612569749    
  0.653051794    
  0.695273280    
  0.739270568    
  0.785080969    
  0.832740843    
  0.882286429    
  0.933754206    
  0.987181783    
  -5.16871689E-04
  -2.12481726E-04
   5.10845624E-04
   1.60045235E-03
   3.05298297E-03
   4.88539133E-03
   7.12393038E-03
   9.79946274E-03
   1.29453056E-02
   1.65961683E-02
   2.07875390E-02
   2.55554486E-02
   3.09362058E-02
   3.69663164E-02
   4.36824895E-02
   5.11214584E-02
   5.93200959E-02
   6.83151558E-02
   7.81435519E-02
   8.88422281E-02
  0.100448094    
  0.112998143    
  0.126529276    
  0.141078621    
  0.156682968    
  0.173379302    
  0.191204742    
  0.210196167    
  0.230390713    
  0.251825482    
  0.274537206    
  0.298562825    
  0.323939592    
  0.350704670    
  0.378895104    
  0.408547819    
  0.439699650    
  0.472388119    
  0.506649554    
  0.542521179    
  0.580040157    
  0.619243264    
  0.660167396    
  0.702849865    
  0.747327685    
  0.793638289    
  0.841818452    
  0.891904950    
  0.943934739    
  0.997945428    
  -5.38065680E-04
  -2.33491955E-04
   4.90365201E-04
   1.58091146E-03
   3.03486572E-03
   4.86925291E-03
   7.11040245E-03
   9.78924427E-03
   1.29391719E-02
   1.65949501E-02
   2.07921434E-02
   2.55668219E-02
   3.09553705E-02
   3.69943678E-02
   4.37205583E-02
   5.11707552E-02
   5.93818650E-02
   6.83907270E-02
   7.82343149E-02
   8.89495835E-02
  0.100573532    
  0.113143228    
  0.126695588    
  0.141267806    
  0.156896770    
  0.173619479    
  0.191473007    
  0.210494459    
  0.230721042    
  0.252189726    
  0.274937451    
  0.299001247    
  0.324418277    
  0.351225734    
  0.379460841    
  0.409160495    
  0.440361917    
  0.473101974    
  0.507417619    
  0.543345988    
  0.580924094    
  0.620189488    
  0.661178112    
  0.703927875    
  0.748475671    
  0.794858932    
  0.843114734    
  0.893279731    
  0.945390940    
  0.999486208    
  -5.77815925E-04
  -2.75802275E-04
   4.42060671E-04
   1.52369973E-03
   2.96591781E-03
   4.78564529E-03
   7.00902985E-03
   9.66678560E-03
   1.27920629E-02
   1.64193660E-02
   2.05839872E-02
   2.53217258E-02
   3.06687038E-02
   3.66612040E-02
   4.33357172E-02
   5.07287197E-02
   5.88768572E-02
   6.78167418E-02
   7.75850266E-02
   8.82183760E-02
   9.97534916E-02
  0.112227194    
  0.125676066    
  0.140136987    
  0.155646637    
  0.172241688    
  0.189958930    
  0.208835140    
  0.228907302    
  0.250212044    
  0.272786140    
  0.296666145    
  0.321889073    
  0.348491728    
  0.376511037    
  0.405983955    
  0.436946899    
  0.469436556    
  0.503490031    
  0.539143801    
  0.576434612    
  0.615399480    
  0.656074524    
  0.698497057    
  0.742703617    
  0.788731396    
  0.836617291    
  0.886397898    
  0.938109696    
  0.991789997    
  -6.35966368E-04
  -3.39237857E-04
   3.66155262E-04
   1.42911379E-03
   2.84653646E-03
   4.63508954E-03
   6.82049012E-03
   9.43294633E-03
   1.25050554E-02
   1.60707422E-02
   2.01646946E-02
   2.48221233E-02
   3.00785229E-02
   3.59695889E-02
   4.25311625E-02
   4.97990921E-02
   5.78094311E-02
   6.65981844E-02
   7.62013569E-02
   8.66549835E-02
   9.79951397E-02
  0.110258013    
  0.123479620    
  0.137696117    
  0.152943611    
  0.169258133    
  0.186676025    
  0.205233127    
  0.224965781    
  0.245910272    
  0.268102586    
  0.291578770    
  0.316375017    
  0.342527717    
  0.370072961    
  0.399047047    
  0.429486066    
  0.461425692    
  0.494902432    
  0.529952765    
  0.566612184    
  0.604916930    
  0.644903302    
  0.686607182    
  0.730064571    
  0.775312364    
  0.822386503    
  0.871323287    
  0.922157943    
  0.974927843    
  -7.12195004E-04
  -4.23433725E-04
   2.63120717E-04
   1.29779056E-03
   2.67757731E-03
   4.41871909E-03
   6.54626079E-03
   9.08961147E-03
   1.20805185E-02
   1.55519983E-02
   1.95378326E-02
   2.40723081E-02
   2.91899573E-02
   3.49255465E-02
   4.13139537E-02
   4.83901054E-02
   5.61890602E-02
   6.47459105E-02
   7.40956590E-02
   8.42734277E-02
   9.53143165E-02
  0.107253477    
  0.120126165    
  0.133967355    
  0.148812324    
  0.164696082    
  0.181654081    
  0.199721113    
  0.218932539    
  0.239323825    
  0.260929883    
  0.283785790    
  0.307926863    
  0.333388358    
  0.360205591    
  0.388413787    
  0.418047875    
  0.449142963    
  0.481734544    
  0.515857816    
  0.551547468    
  0.588838875    
  0.627767265    
  0.668367743    
  0.710675061    
  0.754725397    
  0.800553501    
  0.848194420    
  0.897683382    
  0.949055791    
  -8.06015800E-04
  -5.27836848E-04
   1.33676556E-04
   1.13070058E-03
   2.46035052E-03
   4.13827132E-03
   6.18859846E-03
   8.63966718E-03
   1.15220705E-02
   1.48676289E-02
   1.87088810E-02
   2.30788719E-02
   2.80108750E-02
   3.35383825E-02
   3.96950096E-02
   4.65144068E-02
   5.40303774E-02
   6.22766577E-02
   7.12870210E-02
   8.10953379E-02
   9.17353928E-02
  0.103241071    
  0.115646258    
  0.128984809    
  0.143290520    
  0.158597335    
  0.174939200    
  0.192349747    
  0.210863024    
  0.230513185    
  0.251333773    
  0.273358881    
  0.296622127    
  0.321157694    
  0.346999675    
  0.374181837    
  0.402738124    
  0.432701916    
  0.464107543    
  0.496988982    
  0.531379759    
  0.567314029    
  0.604825377    
  0.643947661    
  0.684714556    
  0.727160931    
  0.771319985    
  0.817225695    
  0.864911735    
  0.914412498    
  -9.16784687E-04
  -6.51712180E-04
  -2.12199975E-05
   9.29139904E-04
   2.19660322E-03
   3.79606988E-03
   5.75052714E-03
   8.08697939E-03
   1.08345738E-02
   1.40236327E-02
   1.76851694E-02
   2.18506698E-02
   2.65518185E-02
   3.18205692E-02
   3.76889296E-02
   4.41889614E-02
   5.13528772E-02
   5.92128374E-02
   6.78010210E-02
   7.71496817E-02
   8.72910395E-02
   9.82573703E-02
  0.110080890    
  0.122793987    
  0.136428818    
  0.151017666    
  0.166592926    
  0.183186620    
  0.200831264    
  0.219559237    
  0.239402577    
  0.260393739    
  0.282564819    
  0.305948347    
  0.330576867    
  0.356482416    
  0.383697391    
  0.412253797    
  0.442183793    
  0.473520249    
  0.506295025    
  0.540540516    
  0.576288700    
  0.613572240    
  0.652422667    
  0.692873180    
  0.734955907    
  0.778702855    
  0.824146152    
  0.871318698    
  -1.04370259E-03
  -7.94149062E-04
  -2.00380469E-04
   6.94719201E-04
   1.88851112E-03
   3.39499861E-03
   5.23580890E-03
   7.43635278E-03
   1.00240614E-02
   1.30274827E-02
   1.64758116E-02
   2.03986783E-02
   2.48259138E-02
   2.97875889E-02
   3.53138298E-02
   4.14348431E-02
   4.81809191E-02
   5.55823445E-02
   6.36694059E-02
   7.24724606E-02
   8.20218399E-02
   9.23479497E-02
  0.103481039    
  0.115451686    
  0.128290102    
  0.142026693    
  0.156691849    
  0.172315925    
  0.188929379    
  0.206562653    
  0.225245938    
  0.245009795    
  0.265884399    
  0.287900418    
  0.311088532    
  0.335478634    
  0.361101389    
  0.387986779    
  0.416165650    
  0.445668370    
  0.476524979    
  0.508765697    
  0.542421222    
  0.577522039    
  0.614097595    
  0.652179599    
  0.691797376    
  0.732982039    
  0.775763392    
  0.820172131    
  -1.18582405E-03
  -9.54070303E-04
  -4.02397331E-04
   4.29345819E-04
   1.53865223E-03
   2.93848594E-03
   4.64890758E-03
   6.69349497E-03
   9.09771025E-03
   1.18880598E-02
   1.50916474E-02
   1.87359732E-02
   2.28487346E-02
   2.74578538E-02
   3.25912945E-02
   3.82770896E-02
   4.45433930E-02
   5.14182895E-02
   5.89299090E-02
   6.71064556E-02
   7.59760439E-02
   8.55669081E-02
   9.59072188E-02
  0.107025228    
  0.118949078    
  0.131706998    
  0.145327076    
  0.159837589    
  0.175266817    
  0.191642910    
  0.208994120    
  0.227348581    
  0.246734470    
  0.267180115    
  0.288714081    
  0.311364055    
  0.335158497    
  0.360125333    
  0.386293143    
  0.413690031    
  0.442343980    
  0.472283095    
  0.503535628    
  0.536129832    
  0.570093393    
  0.605455399    
  0.642243445    
  0.680485666    
  0.720210314    
  0.761445761    
  -1.34206493E-03
  -1.13023957E-03
  -6.25656510E-04
   1.35210052E-04
   1.14998675E-03
   2.43046484E-03
   3.99494544E-03
   5.86495595E-03
   8.06375407E-03
   1.06155472E-02
   1.35450996E-02
   1.68775395E-02
   2.06381641E-02
   2.48524882E-02
   2.95460448E-02
   3.47444639E-02
   4.04734686E-02
   4.67587113E-02
   5.36258705E-02
   6.11007512E-02
   6.92090169E-02
   7.79764801E-02
   8.74288604E-02
   9.75919515E-02
  0.108491562    
  0.120153278    
  0.132602975    
  0.145866424    
  0.159969285    
  0.174937442    
  0.190796688    
  0.207572684    
  0.225291356    
  0.243978411    
  0.263659775    
  0.284361005    
  0.306108028    
  0.328926265    
  0.352841884    
  0.377880365    
  0.404067636    
  0.431429148    
  0.459990680    
  0.489778042    
  0.520816565    
  0.553132534    
  0.586751461    
  0.621698976    
  0.658000469    
  0.695682526    
  -1.51121104E-03
  -1.32127572E-03
  -8.68352246E-04
  -1.85236917E-04
   7.25827180E-04
   1.87533861E-03
   3.27966409E-03
   4.95807733E-03
   6.93141343E-03
   9.22135822E-03
   1.18501056E-02
   1.48401763E-02
   1.82142332E-02
   2.19951496E-02
   2.62058098E-02
   3.08691896E-02
   3.60083096E-02
   4.16461900E-02
   4.78058420E-02
   5.45103699E-02
   6.17827848E-02
   6.96462765E-02
   7.81238154E-02
   8.72385278E-02
   9.70135704E-02
  0.107471883    
  0.118636586    
  0.130530789    
  0.143177569    
  0.156600088    
  0.170821398    
  0.185864598    
  0.201752752    
  0.218509138    
  0.236156747    
  0.254718572    
  0.274217844    
  0.294677407    
  0.316120505    
  0.338570058    
  0.362049282    
  0.386581093    
  0.412188441    
  0.438894361    
  0.466721833    
  0.495694131    
  0.525833964    
  0.557164431    
  0.589708567    
  0.623489618    
  -1.69192883E-03
  -1.52566482E-03
  -1.12850359E-03
  -5.29305195E-04
   2.69811077E-04
   1.27794268E-03
   2.50936346E-03
   3.98091460E-03
   5.71081229E-03
   7.71802152E-03
   1.00219566E-02
   1.26423202E-02
   1.55989435E-02
   1.89118329E-02
   2.26010177E-02
   2.66866013E-02
   3.11887078E-02
   3.61275040E-02
   4.15230952E-02
   4.73957211E-02
   5.37654907E-02
   6.06527328E-02
   6.80775046E-02
   7.60600716E-02
   8.46206620E-02
   9.37793478E-02
  0.103556380    
  0.113971889    
  0.125046268    
  0.136799604    
  0.149252132    
  0.162424088    
  0.176335543    
  0.191006929    
  0.206458405    
  0.222709909    
  0.239781886    
  0.257694334    
  0.276467472    
  0.296121418    
  0.316676497    
  0.338152766    
  0.360570192    
  0.383948982    
  0.408309042    
  0.433670729    
  0.460054070    
  0.487479061    
  0.515965879    
  0.545534968    
  -1.88277604E-03
  -1.74177391E-03
  -1.40397239E-03
  -8.94090743E-04
  -2.14134663E-04
   6.43497158E-04
   1.69084838E-03
   2.94216885E-03
   4.41288529E-03
   6.11906499E-03
   8.07716977E-03
   1.03038931E-02
   1.28160557E-02
   1.56306121E-02
   1.87645461E-02
   2.22348981E-02
   2.60587335E-02
   3.02531328E-02
   3.48351672E-02
   3.98220010E-02
   4.52306718E-02
   5.10783978E-02
   5.73822185E-02
   6.41592965E-02
   7.14267418E-02
   7.92016387E-02
   8.75010863E-02
   9.63422582E-02
  0.105742276    
  0.115718335    
  0.126287520    
  0.137466997    
  0.149273753    
  0.161725163    
  0.174838290    
  0.188629970    
  0.203117520    
  0.218318015    
  0.234248415    
  0.250926018    
  0.268367827    
  0.286590904    
  0.305612147    
  0.325448513    
  0.346117020    
  0.367634892    
  0.390018940    
  0.413286239    
  0.437453419    
  0.462537795    
  -2.08221399E-03
  -1.96786853E-03
  -1.69248472E-03
  -1.27650227E-03
  -7.21828837E-04
  -2.24403593E-05
   8.31362326E-04
   1.85110187E-03
   3.04927258E-03
   4.43889992E-03
   6.03332929E-03
   7.84610212E-03
   9.89086647E-03
   1.21813659E-02
   1.47313783E-02
   1.75547339E-02
   2.06652842E-02
   2.40768772E-02
   2.78033633E-02
   3.18586677E-02
   3.62566225E-02
   4.10111696E-02
   4.61361706E-02
   5.16455136E-02
   5.75530827E-02
   6.38727620E-02
   7.06184059E-02
   7.78039247E-02
   8.54433030E-02
   9.35503989E-02
  0.102139108    
  0.111223273    
  0.120816790    
  0.130933702    
  0.141587868    
  0.152792946    
  0.164562866    
  0.176911652    
  0.189852968    
  0.203400791    
  0.217568949    
  0.232371241    
  0.247821376    
  0.263933092    
  0.280720204    
  0.298196495    
  0.316375673    
  0.335271180    
  0.354896963    
  0.375266761    
  -2.28861813E-03
  -2.20212690E-03
  -1.99164893E-03
  -1.67328934E-03
  -1.24887424E-03
  -7.14023539E-04
  -6.14762903E-05
   7.17456627E-04
   1.63222023E-03
   2.69267522E-03
   3.90893128E-03
   5.29124588E-03
   6.84997067E-03
   8.59551411E-03
   1.05383275E-02
   1.26888901E-02
   1.50577119E-02
   1.76552776E-02
   2.04921030E-02
   2.35787351E-02
   2.69256681E-02
   3.05434670E-02
   3.44426446E-02
   3.86337414E-02
   4.31272499E-02
   4.79337089E-02
   5.30636497E-02
   5.85276075E-02
   6.43361658E-02
   7.04998374E-02
   7.70291686E-02
   8.39346722E-02
   9.12268087E-02
   9.89162773E-02
  0.107013568    
  0.115529023    
  0.124473251    
  0.133856848    
  0.143690228    
  0.153983876    
  0.164748266    
  0.175993904    
  0.187731117    
  0.199970290    
  0.212721914    
  0.225996330    
  0.239803821    
  0.254154742    
  0.269059211    
  0.284527630    
  -2.50029238E-03
  -2.44266074E-03
  -2.29898072E-03
  -2.08107126E-03
  -1.79069804E-03
  -1.42517348E-03
  -9.79743549E-04
  -4.48635285E-04
   1.74461253E-04
   8.96148616E-04
   1.72320730E-03
   2.66251806E-03
   3.72103369E-03
   4.90574120E-03
   6.22366229E-03
   7.68183451E-03
   9.28731821E-03
   1.10471556E-02
   1.29684042E-02
   1.50581580E-02
   1.73234660E-02
   1.97714232E-02
   2.24090926E-02
   2.52435654E-02
   2.82818787E-02
   3.15311104E-02
   3.49983498E-02
   3.86906415E-02
   4.26151380E-02
   4.67788689E-02
   5.11889271E-02
   5.58523983E-02
   6.07762933E-02
   6.59677759E-02
   7.14339241E-02
   7.71816820E-02
   8.32181796E-02
   8.95505100E-02
   9.61856544E-02
  0.103130668    
  0.110392615    
  0.117978461    
  0.125895217    
  0.134149835    
  0.142749235    
  0.151700422    
  0.161010161    
  0.170685351    
  0.180732548    
  0.191158488    
  -2.71547749E-03
  -2.68753339E-03
  -2.61192420E-03
  -2.49636895E-03
  -2.34259479E-03
  -2.14963336E-03
  -1.91528571E-03
  -1.63674715E-03
  -1.31090148E-03
  -9.34465614E-04
  -5.04051102E-04
  -1.62152119E-05
   5.32527803E-04
   1.14568218E-03
   1.82677060E-03
   2.57932697E-03
   3.40689323E-03
   4.31300933E-03
   5.30121848E-03
   6.37507997E-03
   7.53813470E-03
   8.79394915E-03
   1.01460665E-02
   1.15980525E-02
   1.31534375E-02
   1.48157850E-02
   1.65886413E-02
   1.84755586E-02
   2.04801261E-02
   2.26058643E-02
   2.48563513E-02
   2.72351280E-02
   2.97457334E-02
   3.23917717E-02
   3.51767540E-02
   3.81042361E-02
   4.11777385E-02
   4.44008559E-02
   4.77770679E-02
   5.13099395E-02
   5.50030023E-02
   5.88597581E-02
   6.28837049E-02
   6.70783371E-02
   7.14471638E-02
   7.59936050E-02
   8.07210878E-02
   8.56330320E-02
   9.07326639E-02
   9.60231870E-02
  -2.93236505E-03
  -2.93478463E-03
  -2.92787561E-03
  -2.91563710E-03
  -2.89976643E-03
  -2.88102776E-03
  -2.85979174E-03
  -2.83625256E-03
  -2.81051314E-03
  -2.78264214E-03
  -2.75267242E-03
  -2.72063282E-03
  -2.68653547E-03
  -2.65039341E-03
  -2.61221197E-03
  -2.57199723E-03
  -2.52975244E-03
  -2.48548179E-03
  -2.43918691E-03
  -2.39086873E-03
  -2.34053121E-03
  -2.28817179E-03
  -2.23379326E-03
  -2.17739632E-03
  -2.11898028E-03
  -2.05854885E-03
  -1.99610018E-03
  -1.93163624E-03
  -1.86515518E-03
  -1.79665803E-03
  -1.72614481E-03
  -1.65361736E-03
  -1.57907512E-03
  -1.50251784E-03
  -1.42394449E-03
  -1.34335808E-03
  -1.26075849E-03
  -1.17614621E-03
  -1.08952145E-03
  -1.00088620E-03
  -9.10238770E-04
  -8.17582128E-04
  -7.22919125E-04
  -6.26250228E-04
  -5.27576951E-04
  -4.26903134E-04
  -3.24231689E-04
  -2.19561305E-04
  -1.12739814E-04
  -1.19248806E-08
