   0.00000000    
   0.00000000    
   0.00000000    
   0.00000000    
   0.00000000    
   0.00000000    
   0.00000000    
   0.00000000    
   0.00000000    
   0.00000000    
   0.00000000    
   0.00000000    
   0.00000000    
   0.00000000    
   0.00000000    
   0.00000000    
   0.00000000    
   0.00000000    
   0.00000000    
   0.00000000    
   0.00000000    
   0.00000000    
   0.00000000    
   0.00000000    
   0.00000000    
   0.00000000    
   0.00000000    
   0.00000000    
   0.00000000    
   0.00000000    
   0.00000000    
   0.00000000    
   0.00000000    
   0.00000000    
   0.00000000    
   0.00000000    
   0.00000000    
   0.00000000    
   0.00000000    
   0.00000000    
   0.00000000    
   0.00000000    
   0.00000000    
   0.00000000    
   0.00000000    
   0.00000000    
   0.00000000    
   0.00000000    
   0.00000000    
   0.00000000    
   3.20570692E-02
   3.20570692E-02
   3.20570692E-02
   3.20570692E-02
   3.20570692E-02
   3.20570692E-02
   3.20570692E-02
   3.20570692E-02
   3.20570692E-02
   3.20570692E-02
   3.20570692E-02
   3.20570692E-02
   3.20570692E-02
   3.20570692E-02
   3.20570692E-02
   3.20570692E-02
   3.20570692E-02
   3.20570692E-02
   3.20570692E-02
   3.20570692E-02
   3.20570692E-02
   3.20570692E-02
   3.20570692E-02
   3.20570692E-02
   3.20570692E-02
   3.20570692E-02
   3.20570692E-02
   3.20570692E-02
   3.20570692E-02
   3.20570692E-02
   3.20570692E-02
   3.20570692E-02
   3.20570692E-02
   3.20570692E-02
   3.20570692E-02
   3.20570692E-02
   3.20570692E-02
   3.20570692E-02
   3.20570692E-02
   3.20570692E-02
   3.20570692E-02
   3.20570692E-02
   3.20570692E-02
   3.20570692E-02
   3.20570692E-02
   3.20570692E-02
   3.20570692E-02
   3.20570692E-02
   3.20570692E-02
   3.20570692E-02
   6.41141385E-02
   6.41141385E-02
   6.41141385E-02
   6.41141385E-02
   6.41141385E-02
   6.41141385E-02
   6.41141385E-02
   6.41141385E-02
   6.41141385E-02
   6.41141385E-02
   6.41141385E-02
   6.41141385E-02
   6.41141385E-02
   6.41141385E-02
   6.41141385E-02
   6.41141385E-02
   6.41141385E-02
   6.41141385E-02
   6.41141385E-02
   6.41141385E-02
   6.41141385E-02
   6.41141385E-02
   6.41141385E-02
   6.41141385E-02
   6.41141385E-02
   6.41141385E-02
   6.41141385E-02
   6.41141385E-02
   6.41141385E-02
   6.41141385E-02
   6.41141385E-02
   6.41141385E-02
   6.41141385E-02
   6.41141385E-02
   6.41141385E-02
   6.41141385E-02
   6.41141385E-02
   6.41141385E-02
   6.41141385E-02
   6.41141385E-02
   6.41141385E-02
   6.41141385E-02
   6.41141385E-02
   6.41141385E-02
   6.41141385E-02
   6.41141385E-02
   6.41141385E-02
   6.41141385E-02
   6.41141385E-02
   6.41141385E-02
   9.61712003E-02
   9.61712003E-02
   9.61712003E-02
   9.61712003E-02
   9.61712003E-02
   9.61712003E-02
   9.61712003E-02
   9.61712003E-02
   9.61712003E-02
   9.61712003E-02
   9.61712003E-02
   9.61712003E-02
   9.61712003E-02
   9.61712003E-02
   9.61712003E-02
   9.61712003E-02
   9.61712003E-02
   9.61712003E-02
   9.61712003E-02
   9.61712003E-02
   9.61712003E-02
   9.61712003E-02
   9.61712003E-02
   9.61712003E-02
   9.61712003E-02
   9.61712003E-02
   9.61712003E-02
   9.61712003E-02
   9.61712003E-02
   9.61712003E-02
   9.61712003E-02
   9.61712003E-02
   9.61712003E-02
   9.61712003E-02
   9.61712003E-02
   9.61712003E-02
   9.61712003E-02
   9.61712003E-02
   9.61712003E-02
   9.61712003E-02
   9.61712003E-02
   9.61712003E-02
   9.61712003E-02
   9.61712003E-02
   9.61712003E-02
   9.61712003E-02
   9.61712003E-02
   9.61712003E-02
   9.61712003E-02
   9.61712003E-02
  0.128228277    
  0.128228277    
  0.128228277    
  0.128228277    
  0.128228277    
  0.128228277    
  0.128228277    
  0.128228277    
  0.128228277    
  0.128228277    
  0.128228277    
  0.128228277    
  0.128228277    
  0.128228277    
  0.128228277    
  0.128228277    
  0.128228277    
  0.128228277    
  0.128228277    
  0.128228277    
  0.128228277    
  0.128228277    
  0.128228277    
  0.128228277    
  0.128228277    
  0.128228277    
  0.128228277    
  0.128228277    
  0.128228277    
  0.128228277    
  0.128228277    
  0.128228277    
  0.128228277    
  0.128228277    
  0.128228277    
  0.128228277    
  0.128228277    
  0.128228277    
  0.128228277    
  0.128228277    
  0.128228277    
  0.128228277    
  0.128228277    
  0.128228277    
  0.128228277    
  0.128228277    
  0.128228277    
  0.128228277    
  0.128228277    
  0.128228277    
  0.160285354    
  0.160285354    
  0.160285354    
  0.160285354    
  0.160285354    
  0.160285354    
  0.160285354    
  0.160285354    
  0.160285354    
  0.160285354    
  0.160285354    
  0.160285354    
  0.160285354    
  0.160285354    
  0.160285354    
  0.160285354    
  0.160285354    
  0.160285354    
  0.160285354    
  0.160285354    
  0.160285354    
  0.160285354    
  0.160285354    
  0.160285354    
  0.160285354    
  0.160285354    
  0.160285354    
  0.160285354    
  0.160285354    
  0.160285354    
  0.160285354    
  0.160285354    
  0.160285354    
  0.160285354    
  0.160285354    
  0.160285354    
  0.160285354    
  0.160285354    
  0.160285354    
  0.160285354    
  0.160285354    
  0.160285354    
  0.160285354    
  0.160285354    
  0.160285354    
  0.160285354    
  0.160285354    
  0.160285354    
  0.160285354    
  0.160285354    
  0.192342401    
  0.192342401    
  0.192342401    
  0.192342401    
  0.192342401    
  0.192342401    
  0.192342401    
  0.192342401    
  0.192342401    
  0.192342401    
  0.192342401    
  0.192342401    
  0.192342401    
  0.192342401    
  0.192342401    
  0.192342401    
  0.192342401    
  0.192342401    
  0.192342401    
  0.192342401    
  0.192342401    
  0.192342401    
  0.192342401    
  0.192342401    
  0.192342401    
  0.192342401    
  0.192342401    
  0.192342401    
  0.192342401    
  0.192342401    
  0.192342401    
  0.192342401    
  0.192342401    
  0.192342401    
  0.192342401    
  0.192342401    
  0.192342401    
  0.192342401    
  0.192342401    
  0.192342401    
  0.192342401    
  0.192342401    
  0.192342401    
  0.192342401    
  0.192342401    
  0.192342401    
  0.192342401    
  0.192342401    
  0.192342401    
  0.192342401    
  0.224399492    
  0.224399492    
  0.224399492    
  0.224399492    
  0.224399492    
  0.224399492    
  0.224399492    
  0.224399492    
  0.224399492    
  0.224399492    
  0.224399492    
  0.224399492    
  0.224399492    
  0.224399492    
  0.224399492    
  0.224399492    
  0.224399492    
  0.224399492    
  0.224399492    
  0.224399492    
  0.224399492    
  0.224399492    
  0.224399492    
  0.224399492    
  0.224399492    
  0.224399492    
  0.224399492    
  0.224399492    
  0.224399492    
  0.224399492    
  0.224399492    
  0.224399492    
  0.224399492    
  0.224399492    
  0.224399492    
  0.224399492    
  0.224399492    
  0.224399492    
  0.224399492    
  0.224399492    
  0.224399492    
  0.224399492    
  0.224399492    
  0.224399492    
  0.224399492    
  0.224399492    
  0.224399492    
  0.224399492    
  0.224399492    
  0.224399492    
  0.256456554    
  0.256456554    
  0.256456554    
  0.256456554    
  0.256456554    
  0.256456554    
  0.256456554    
  0.256456554    
  0.256456554    
  0.256456554    
  0.256456554    
  0.256456554    
  0.256456554    
  0.256456554    
  0.256456554    
  0.256456554    
  0.256456554    
  0.256456554    
  0.256456554    
  0.256456554    
  0.256456554    
  0.256456554    
  0.256456554    
  0.256456554    
  0.256456554    
  0.256456554    
  0.256456554    
  0.256456554    
  0.256456554    
  0.256456554    
  0.256456554    
  0.256456554    
  0.256456554    
  0.256456554    
  0.256456554    
  0.256456554    
  0.256456554    
  0.256456554    
  0.256456554    
  0.256456554    
  0.256456554    
  0.256456554    
  0.256456554    
  0.256456554    
  0.256456554    
  0.256456554    
  0.256456554    
  0.256456554    
  0.256456554    
  0.256456554    
  0.288513601    
  0.288513601    
  0.288513601    
  0.288513601    
  0.288513601    
  0.288513601    
  0.288513601    
  0.288513601    
  0.288513601    
  0.288513601    
  0.288513601    
  0.288513601    
  0.288513601    
  0.288513601    
  0.288513601    
  0.288513601    
  0.288513601    
  0.288513601    
  0.288513601    
  0.288513601    
  0.288513601    
  0.288513601    
  0.288513601    
  0.288513601    
  0.288513601    
  0.288513601    
  0.288513601    
  0.288513601    
  0.288513601    
  0.288513601    
  0.288513601    
  0.288513601    
  0.288513601    
  0.288513601    
  0.288513601    
  0.288513601    
  0.288513601    
  0.288513601    
  0.288513601    
  0.288513601    
  0.288513601    
  0.288513601    
  0.288513601    
  0.288513601    
  0.288513601    
  0.288513601    
  0.288513601    
  0.288513601    
  0.288513601    
  0.288513601    
  0.320570707    
  0.320570707    
  0.320570707    
  0.320570707    
  0.320570707    
  0.320570707    
  0.320570707    
  0.320570707    
  0.320570707    
  0.320570707    
  0.320570707    
  0.320570707    
  0.320570707    
  0.320570707    
  0.320570707    
  0.320570707    
  0.320570707    
  0.320570707    
  0.320570707    
  0.320570707    
  0.320570707    
  0.320570707    
  0.320570707    
  0.320570707    
  0.320570707    
  0.320570707    
  0.320570707    
  0.320570707    
  0.320570707    
  0.320570707    
  0.320570707    
  0.320570707    
  0.320570707    
  0.320570707    
  0.320570707    
  0.320570707    
  0.320570707    
  0.320570707    
  0.320570707    
  0.320570707    
  0.320570707    
  0.320570707    
  0.320570707    
  0.320570707    
  0.320570707    
  0.320570707    
  0.320570707    
  0.320570707    
  0.320570707    
  0.320570707    
  0.352627784    
  0.352627784    
  0.352627784    
  0.352627784    
  0.352627784    
  0.352627784    
  0.352627784    
  0.352627784    
  0.352627784    
  0.352627784    
  0.352627784    
  0.352627784    
  0.352627784    
  0.352627784    
  0.352627784    
  0.352627784    
  0.352627784    
  0.352627784    
  0.352627784    
  0.352627784    
  0.352627784    
  0.352627784    
  0.352627784    
  0.352627784    
  0.352627784    
  0.352627784    
  0.352627784    
  0.352627784    
  0.352627784    
  0.352627784    
  0.352627784    
  0.352627784    
  0.352627784    
  0.352627784    
  0.352627784    
  0.352627784    
  0.352627784    
  0.352627784    
  0.352627784    
  0.352627784    
  0.352627784    
  0.352627784    
  0.352627784    
  0.352627784    
  0.352627784    
  0.352627784    
  0.352627784    
  0.352627784    
  0.352627784    
  0.352627784    
  0.384684801    
  0.384684801    
  0.384684801    
  0.384684801    
  0.384684801    
  0.384684801    
  0.384684801    
  0.384684801    
  0.384684801    
  0.384684801    
  0.384684801    
  0.384684801    
  0.384684801    
  0.384684801    
  0.384684801    
  0.384684801    
  0.384684801    
  0.384684801    
  0.384684801    
  0.384684801    
  0.384684801    
  0.384684801    
  0.384684801    
  0.384684801    
  0.384684801    
  0.384684801    
  0.384684801    
  0.384684801    
  0.384684801    
  0.384684801    
  0.384684801    
  0.384684801    
  0.384684801    
  0.384684801    
  0.384684801    
  0.384684801    
  0.384684801    
  0.384684801    
  0.384684801    
  0.384684801    
  0.384684801    
  0.384684801    
  0.384684801    
  0.384684801    
  0.384684801    
  0.384684801    
  0.384684801    
  0.384684801    
  0.384684801    
  0.384684801    
  0.416741908    
  0.416741908    
  0.416741908    
  0.416741908    
  0.416741908    
  0.416741908    
  0.416741908    
  0.416741908    
  0.416741908    
  0.416741908    
  0.416741908    
  0.416741908    
  0.416741908    
  0.416741908    
  0.416741908    
  0.416741908    
  0.416741908    
  0.416741908    
  0.416741908    
  0.416741908    
  0.416741908    
  0.416741908    
  0.416741908    
  0.416741908    
  0.416741908    
  0.416741908    
  0.416741908    
  0.416741908    
  0.416741908    
  0.416741908    
  0.416741908    
  0.416741908    
  0.416741908    
  0.416741908    
  0.416741908    
  0.416741908    
  0.416741908    
  0.416741908    
  0.416741908    
  0.416741908    
  0.416741908    
  0.416741908    
  0.416741908    
  0.416741908    
  0.416741908    
  0.416741908    
  0.416741908    
  0.416741908    
  0.416741908    
  0.416741908    
  0.448798984    
  0.448798984    
  0.448798984    
  0.448798984    
  0.448798984    
  0.448798984    
  0.448798984    
  0.448798984    
  0.448798984    
  0.448798984    
  0.448798984    
  0.448798984    
  0.448798984    
  0.448798984    
  0.448798984    
  0.448798984    
  0.448798984    
  0.448798984    
  0.448798984    
  0.448798984    
  0.448798984    
  0.448798984    
  0.448798984    
  0.448798984    
  0.448798984    
  0.448798984    
  0.448798984    
  0.448798984    
  0.448798984    
  0.448798984    
  0.448798984    
  0.448798984    
  0.448798984    
  0.448798984    
  0.448798984    
  0.448798984    
  0.448798984    
  0.448798984    
  0.448798984    
  0.448798984    
  0.448798984    
  0.448798984    
  0.448798984    
  0.448798984    
  0.448798984    
  0.448798984    
  0.448798984    
  0.448798984    
  0.448798984    
  0.448798984    
  0.480856031    
  0.480856031    
  0.480856031    
  0.480856031    
  0.480856031    
  0.480856031    
  0.480856031    
  0.480856031    
  0.480856031    
  0.480856031    
  0.480856031    
  0.480856031    
  0.480856031    
  0.480856031    
  0.480856031    
  0.480856031    
  0.480856031    
  0.480856031    
  0.480856031    
  0.480856031    
  0.480856031    
  0.480856031    
  0.480856031    
  0.480856031    
  0.480856031    
  0.480856031    
  0.480856031    
  0.480856031    
  0.480856031    
  0.480856031    
  0.480856031    
  0.480856031    
  0.480856031    
  0.480856031    
  0.480856031    
  0.480856031    
  0.480856031    
  0.480856031    
  0.480856031    
  0.480856031    
  0.480856031    
  0.480856031    
  0.480856031    
  0.480856031    
  0.480856031    
  0.480856031    
  0.480856031    
  0.480856031    
  0.480856031    
  0.480856031    
  0.512913108    
  0.512913108    
  0.512913108    
  0.512913108    
  0.512913108    
  0.512913108    
  0.512913108    
  0.512913108    
  0.512913108    
  0.512913108    
  0.512913108    
  0.512913108    
  0.512913108    
  0.512913108    
  0.512913108    
  0.512913108    
  0.512913108    
  0.512913108    
  0.512913108    
  0.512913108    
  0.512913108    
  0.512913108    
  0.512913108    
  0.512913108    
  0.512913108    
  0.512913108    
  0.512913108    
  0.512913108    
  0.512913108    
  0.512913108    
  0.512913108    
  0.512913108    
  0.512913108    
  0.512913108    
  0.512913108    
  0.512913108    
  0.512913108    
  0.512913108    
  0.512913108    
  0.512913108    
  0.512913108    
  0.512913108    
  0.512913108    
  0.512913108    
  0.512913108    
  0.512913108    
  0.512913108    
  0.512913108    
  0.512913108    
  0.512913108    
  0.544970155    
  0.544970155    
  0.544970155    
  0.544970155    
  0.544970155    
  0.544970155    
  0.544970155    
  0.544970155    
  0.544970155    
  0.544970155    
  0.544970155    
  0.544970155    
  0.544970155    
  0.544970155    
  0.544970155    
  0.544970155    
  0.544970155    
  0.544970155    
  0.544970155    
  0.544970155    
  0.544970155    
  0.544970155    
  0.544970155    
  0.544970155    
  0.544970155    
  0.544970155    
  0.544970155    
  0.544970155    
  0.544970155    
  0.544970155    
  0.544970155    
  0.544970155    
  0.544970155    
  0.544970155    
  0.544970155    
  0.544970155    
  0.544970155    
  0.544970155    
  0.544970155    
  0.544970155    
  0.544970155    
  0.544970155    
  0.544970155    
  0.544970155    
  0.544970155    
  0.544970155    
  0.544970155    
  0.544970155    
  0.544970155    
  0.544970155    
  0.577027202    
  0.577027202    
  0.577027202    
  0.577027202    
  0.577027202    
  0.577027202    
  0.577027202    
  0.577027202    
  0.577027202    
  0.577027202    
  0.577027202    
  0.577027202    
  0.577027202    
  0.577027202    
  0.577027202    
  0.577027202    
  0.577027202    
  0.577027202    
  0.577027202    
  0.577027202    
  0.577027202    
  0.577027202    
  0.577027202    
  0.577027202    
  0.577027202    
  0.577027202    
  0.577027202    
  0.577027202    
  0.577027202    
  0.577027202    
  0.577027202    
  0.577027202    
  0.577027202    
  0.577027202    
  0.577027202    
  0.577027202    
  0.577027202    
  0.577027202    
  0.577027202    
  0.577027202    
  0.577027202    
  0.577027202    
  0.577027202    
  0.577027202    
  0.577027202    
  0.577027202    
  0.577027202    
  0.577027202    
  0.577027202    
  0.577027202    
  0.609084308    
  0.609084308    
  0.609084308    
  0.609084308    
  0.609084308    
  0.609084308    
  0.609084308    
  0.609084308    
  0.609084308    
  0.609084308    
  0.609084308    
  0.609084308    
  0.609084308    
  0.609084308    
  0.609084308    
  0.609084308    
  0.609084308    
  0.609084308    
  0.609084308    
  0.609084308    
  0.609084308    
  0.609084308    
  0.609084308    
  0.609084308    
  0.609084308    
  0.609084308    
  0.609084308    
  0.609084308    
  0.609084308    
  0.609084308    
  0.609084308    
  0.609084308    
  0.609084308    
  0.609084308    
  0.609084308    
  0.609084308    
  0.609084308    
  0.609084308    
  0.609084308    
  0.609084308    
  0.609084308    
  0.609084308    
  0.609084308    
  0.609084308    
  0.609084308    
  0.609084308    
  0.609084308    
  0.609084308    
  0.609084308    
  0.609084308    
  0.641141415    
  0.641141415    
  0.641141415    
  0.641141415    
  0.641141415    
  0.641141415    
  0.641141415    
  0.641141415    
  0.641141415    
  0.641141415    
  0.641141415    
  0.641141415    
  0.641141415    
  0.641141415    
  0.641141415    
  0.641141415    
  0.641141415    
  0.641141415    
  0.641141415    
  0.641141415    
  0.641141415    
  0.641141415    
  0.641141415    
  0.641141415    
  0.641141415    
  0.641141415    
  0.641141415    
  0.641141415    
  0.641141415    
  0.641141415    
  0.641141415    
  0.641141415    
  0.641141415    
  0.641141415    
  0.641141415    
  0.641141415    
  0.641141415    
  0.641141415    
  0.641141415    
  0.641141415    
  0.641141415    
  0.641141415    
  0.641141415    
  0.641141415    
  0.641141415    
  0.641141415    
  0.641141415    
  0.641141415    
  0.641141415    
  0.641141415    
  0.673198462    
  0.673198462    
  0.673198462    
  0.673198462    
  0.673198462    
  0.673198462    
  0.673198462    
  0.673198462    
  0.673198462    
  0.673198462    
  0.673198462    
  0.673198462    
  0.673198462    
  0.673198462    
  0.673198462    
  0.673198462    
  0.673198462    
  0.673198462    
  0.673198462    
  0.673198462    
  0.673198462    
  0.673198462    
  0.673198462    
  0.673198462    
  0.673198462    
  0.673198462    
  0.673198462    
  0.673198462    
  0.673198462    
  0.673198462    
  0.673198462    
  0.673198462    
  0.673198462    
  0.673198462    
  0.673198462    
  0.673198462    
  0.673198462    
  0.673198462    
  0.673198462    
  0.673198462    
  0.673198462    
  0.673198462    
  0.673198462    
  0.673198462    
  0.673198462    
  0.673198462    
  0.673198462    
  0.673198462    
  0.673198462    
  0.673198462    
  0.705255568    
  0.705255568    
  0.705255568    
  0.705255568    
  0.705255568    
  0.705255568    
  0.705255568    
  0.705255568    
  0.705255568    
  0.705255568    
  0.705255568    
  0.705255568    
  0.705255568    
  0.705255568    
  0.705255568    
  0.705255568    
  0.705255568    
  0.705255568    
  0.705255568    
  0.705255568    
  0.705255568    
  0.705255568    
  0.705255568    
  0.705255568    
  0.705255568    
  0.705255568    
  0.705255568    
  0.705255568    
  0.705255568    
  0.705255568    
  0.705255568    
  0.705255568    
  0.705255568    
  0.705255568    
  0.705255568    
  0.705255568    
  0.705255568    
  0.705255568    
  0.705255568    
  0.705255568    
  0.705255568    
  0.705255568    
  0.705255568    
  0.705255568    
  0.705255568    
  0.705255568    
  0.705255568    
  0.705255568    
  0.705255568    
  0.705255568    
  0.737312555    
  0.737312555    
  0.737312555    
  0.737312555    
  0.737312555    
  0.737312555    
  0.737312555    
  0.737312555    
  0.737312555    
  0.737312555    
  0.737312555    
  0.737312555    
  0.737312555    
  0.737312555    
  0.737312555    
  0.737312555    
  0.737312555    
  0.737312555    
  0.737312555    
  0.737312555    
  0.737312555    
  0.737312555    
  0.737312555    
  0.737312555    
  0.737312555    
  0.737312555    
  0.737312555    
  0.737312555    
  0.737312555    
  0.737312555    
  0.737312555    
  0.737312555    
  0.737312555    
  0.737312555    
  0.737312555    
  0.737312555    
  0.737312555    
  0.737312555    
  0.737312555    
  0.737312555    
  0.737312555    
  0.737312555    
  0.737312555    
  0.737312555    
  0.737312555    
  0.737312555    
  0.737312555    
  0.737312555    
  0.737312555    
  0.737312555    
  0.769369602    
  0.769369602    
  0.769369602    
  0.769369602    
  0.769369602    
  0.769369602    
  0.769369602    
  0.769369602    
  0.769369602    
  0.769369602    
  0.769369602    
  0.769369602    
  0.769369602    
  0.769369602    
  0.769369602    
  0.769369602    
  0.769369602    
  0.769369602    
  0.769369602    
  0.769369602    
  0.769369602    
  0.769369602    
  0.769369602    
  0.769369602    
  0.769369602    
  0.769369602    
  0.769369602    
  0.769369602    
  0.769369602    
  0.769369602    
  0.769369602    
  0.769369602    
  0.769369602    
  0.769369602    
  0.769369602    
  0.769369602    
  0.769369602    
  0.769369602    
  0.769369602    
  0.769369602    
  0.769369602    
  0.769369602    
  0.769369602    
  0.769369602    
  0.769369602    
  0.769369602    
  0.769369602    
  0.769369602    
  0.769369602    
  0.769369602    
  0.801426709    
  0.801426709    
  0.801426709    
  0.801426709    
  0.801426709    
  0.801426709    
  0.801426709    
  0.801426709    
  0.801426709    
  0.801426709    
  0.801426709    
  0.801426709    
  0.801426709    
  0.801426709    
  0.801426709    
  0.801426709    
  0.801426709    
  0.801426709    
  0.801426709    
  0.801426709    
  0.801426709    
  0.801426709    
  0.801426709    
  0.801426709    
  0.801426709    
  0.801426709    
  0.801426709    
  0.801426709    
  0.801426709    
  0.801426709    
  0.801426709    
  0.801426709    
  0.801426709    
  0.801426709    
  0.801426709    
  0.801426709    
  0.801426709    
  0.801426709    
  0.801426709    
  0.801426709    
  0.801426709    
  0.801426709    
  0.801426709    
  0.801426709    
  0.801426709    
  0.801426709    
  0.801426709    
  0.801426709    
  0.801426709    
  0.801426709    
  0.833483815    
  0.833483815    
  0.833483815    
  0.833483815    
  0.833483815    
  0.833483815    
  0.833483815    
  0.833483815    
  0.833483815    
  0.833483815    
  0.833483815    
  0.833483815    
  0.833483815    
  0.833483815    
  0.833483815    
  0.833483815    
  0.833483815    
  0.833483815    
  0.833483815    
  0.833483815    
  0.833483815    
  0.833483815    
  0.833483815    
  0.833483815    
  0.833483815    
  0.833483815    
  0.833483815    
  0.833483815    
  0.833483815    
  0.833483815    
  0.833483815    
  0.833483815    
  0.833483815    
  0.833483815    
  0.833483815    
  0.833483815    
  0.833483815    
  0.833483815    
  0.833483815    
  0.833483815    
  0.833483815    
  0.833483815    
  0.833483815    
  0.833483815    
  0.833483815    
  0.833483815    
  0.833483815    
  0.833483815    
  0.833483815    
  0.833483815    
  0.865540862    
  0.865540862    
  0.865540862    
  0.865540862    
  0.865540862    
  0.865540862    
  0.865540862    
  0.865540862    
  0.865540862    
  0.865540862    
  0.865540862    
  0.865540862    
  0.865540862    
  0.865540862    
  0.865540862    
  0.865540862    
  0.865540862    
  0.865540862    
  0.865540862    
  0.865540862    
  0.865540862    
  0.865540862    
  0.865540862    
  0.865540862    
  0.865540862    
  0.865540862    
  0.865540862    
  0.865540862    
  0.865540862    
  0.865540862    
  0.865540862    
  0.865540862    
  0.865540862    
  0.865540862    
  0.865540862    
  0.865540862    
  0.865540862    
  0.865540862    
  0.865540862    
  0.865540862    
  0.865540862    
  0.865540862    
  0.865540862    
  0.865540862    
  0.865540862    
  0.865540862    
  0.865540862    
  0.865540862    
  0.865540862    
  0.865540862    
  0.897597969    
  0.897597969    
  0.897597969    
  0.897597969    
  0.897597969    
  0.897597969    
  0.897597969    
  0.897597969    
  0.897597969    
  0.897597969    
  0.897597969    
  0.897597969    
  0.897597969    
  0.897597969    
  0.897597969    
  0.897597969    
  0.897597969    
  0.897597969    
  0.897597969    
  0.897597969    
  0.897597969    
  0.897597969    
  0.897597969    
  0.897597969    
  0.897597969    
  0.897597969    
  0.897597969    
  0.897597969    
  0.897597969    
  0.897597969    
  0.897597969    
  0.897597969    
  0.897597969    
  0.897597969    
  0.897597969    
  0.897597969    
  0.897597969    
  0.897597969    
  0.897597969    
  0.897597969    
  0.897597969    
  0.897597969    
  0.897597969    
  0.897597969    
  0.897597969    
  0.897597969    
  0.897597969    
  0.897597969    
  0.897597969    
  0.897597969    
  0.929654956    
  0.929654956    
  0.929654956    
  0.929654956    
  0.929654956    
  0.929654956    
  0.929654956    
  0.929654956    
  0.929654956    
  0.929654956    
  0.929654956    
  0.929654956    
  0.929654956    
  0.929654956    
  0.929654956    
  0.929654956    
  0.929654956    
  0.929654956    
  0.929654956    
  0.929654956    
  0.929654956    
  0.929654956    
  0.929654956    
  0.929654956    
  0.929654956    
  0.929654956    
  0.929654956    
  0.929654956    
  0.929654956    
  0.929654956    
  0.929654956    
  0.929654956    
  0.929654956    
  0.929654956    
  0.929654956    
  0.929654956    
  0.929654956    
  0.929654956    
  0.929654956    
  0.929654956    
  0.929654956    
  0.929654956    
  0.929654956    
  0.929654956    
  0.929654956    
  0.929654956    
  0.929654956    
  0.929654956    
  0.929654956    
  0.929654956    
  0.961712062    
  0.961712062    
  0.961712062    
  0.961712062    
  0.961712062    
  0.961712062    
  0.961712062    
  0.961712062    
  0.961712062    
  0.961712062    
  0.961712062    
  0.961712062    
  0.961712062    
  0.961712062    
  0.961712062    
  0.961712062    
  0.961712062    
  0.961712062    
  0.961712062    
  0.961712062    
  0.961712062    
  0.961712062    
  0.961712062    
  0.961712062    
  0.961712062    
  0.961712062    
  0.961712062    
  0.961712062    
  0.961712062    
  0.961712062    
  0.961712062    
  0.961712062    
  0.961712062    
  0.961712062    
  0.961712062    
  0.961712062    
  0.961712062    
  0.961712062    
  0.961712062    
  0.961712062    
  0.961712062    
  0.961712062    
  0.961712062    
  0.961712062    
  0.961712062    
  0.961712062    
  0.961712062    
  0.961712062    
  0.961712062    
  0.961712062    
  0.993769109    
  0.993769109    
  0.993769109    
  0.993769109    
  0.993769109    
  0.993769109    
  0.993769109    
  0.993769109    
  0.993769109    
  0.993769109    
  0.993769109    
  0.993769109    
  0.993769109    
  0.993769109    
  0.993769109    
  0.993769109    
  0.993769109    
  0.993769109    
  0.993769109    
  0.993769109    
  0.993769109    
  0.993769109    
  0.993769109    
  0.993769109    
  0.993769109    
  0.993769109    
  0.993769109    
  0.993769109    
  0.993769109    
  0.993769109    
  0.993769109    
  0.993769109    
  0.993769109    
  0.993769109    
  0.993769109    
  0.993769109    
  0.993769109    
  0.993769109    
  0.993769109    
  0.993769109    
  0.993769109    
  0.993769109    
  0.993769109    
  0.993769109    
  0.993769109    
  0.993769109    
  0.993769109    
  0.993769109    
  0.993769109    
  0.993769109    
   1.02582622    
   1.02582622    
   1.02582622    
   1.02582622    
   1.02582622    
   1.02582622    
   1.02582622    
   1.02582622    
   1.02582622    
   1.02582622    
   1.02582622    
   1.02582622    
   1.02582622    
   1.02582622    
   1.02582622    
   1.02582622    
   1.02582622    
   1.02582622    
   1.02582622    
   1.02582622    
   1.02582622    
   1.02582622    
   1.02582622    
   1.02582622    
   1.02582622    
   1.02582622    
   1.02582622    
   1.02582622    
   1.02582622    
   1.02582622    
   1.02582622    
   1.02582622    
   1.02582622    
   1.02582622    
   1.02582622    
   1.02582622    
   1.02582622    
   1.02582622    
   1.02582622    
   1.02582622    
   1.02582622    
   1.02582622    
   1.02582622    
   1.02582622    
   1.02582622    
   1.02582622    
   1.02582622    
   1.02582622    
   1.02582622    
   1.02582622    
   1.05788326    
   1.05788326    
   1.05788326    
   1.05788326    
   1.05788326    
   1.05788326    
   1.05788326    
   1.05788326    
   1.05788326    
   1.05788326    
   1.05788326    
   1.05788326    
   1.05788326    
   1.05788326    
   1.05788326    
   1.05788326    
   1.05788326    
   1.05788326    
   1.05788326    
   1.05788326    
   1.05788326    
   1.05788326    
   1.05788326    
   1.05788326    
   1.05788326    
   1.05788326    
   1.05788326    
   1.05788326    
   1.05788326    
   1.05788326    
   1.05788326    
   1.05788326    
   1.05788326    
   1.05788326    
   1.05788326    
   1.05788326    
   1.05788326    
   1.05788326    
   1.05788326    
   1.05788326    
   1.05788326    
   1.05788326    
   1.05788326    
   1.05788326    
   1.05788326    
   1.05788326    
   1.05788326    
   1.05788326    
   1.05788326    
   1.05788326    
   1.08994031    
   1.08994031    
   1.08994031    
   1.08994031    
   1.08994031    
   1.08994031    
   1.08994031    
   1.08994031    
   1.08994031    
   1.08994031    
   1.08994031    
   1.08994031    
   1.08994031    
   1.08994031    
   1.08994031    
   1.08994031    
   1.08994031    
   1.08994031    
   1.08994031    
   1.08994031    
   1.08994031    
   1.08994031    
   1.08994031    
   1.08994031    
   1.08994031    
   1.08994031    
   1.08994031    
   1.08994031    
   1.08994031    
   1.08994031    
   1.08994031    
   1.08994031    
   1.08994031    
   1.08994031    
   1.08994031    
   1.08994031    
   1.08994031    
   1.08994031    
   1.08994031    
   1.08994031    
   1.08994031    
   1.08994031    
   1.08994031    
   1.08994031    
   1.08994031    
   1.08994031    
   1.08994031    
   1.08994031    
   1.08994031    
   1.08994031    
   1.12199748    
   1.12199748    
   1.12199748    
   1.12199748    
   1.12199748    
   1.12199748    
   1.12199748    
   1.12199748    
   1.12199748    
   1.12199748    
   1.12199748    
   1.12199748    
   1.12199748    
   1.12199748    
   1.12199748    
   1.12199748    
   1.12199748    
   1.12199748    
   1.12199748    
   1.12199748    
   1.12199748    
   1.12199748    
   1.12199748    
   1.12199748    
   1.12199748    
   1.12199748    
   1.12199748    
   1.12199748    
   1.12199748    
   1.12199748    
   1.12199748    
   1.12199748    
   1.12199748    
   1.12199748    
   1.12199748    
   1.12199748    
   1.12199748    
   1.12199748    
   1.12199748    
   1.12199748    
   1.12199748    
   1.12199748    
   1.12199748    
   1.12199748    
   1.12199748    
   1.12199748    
   1.12199748    
   1.12199748    
   1.12199748    
   1.12199748    
   1.15405440    
   1.15405440    
   1.15405440    
   1.15405440    
   1.15405440    
   1.15405440    
   1.15405440    
   1.15405440    
   1.15405440    
   1.15405440    
   1.15405440    
   1.15405440    
   1.15405440    
   1.15405440    
   1.15405440    
   1.15405440    
   1.15405440    
   1.15405440    
   1.15405440    
   1.15405440    
   1.15405440    
   1.15405440    
   1.15405440    
   1.15405440    
   1.15405440    
   1.15405440    
   1.15405440    
   1.15405440    
   1.15405440    
   1.15405440    
   1.15405440    
   1.15405440    
   1.15405440    
   1.15405440    
   1.15405440    
   1.15405440    
   1.15405440    
   1.15405440    
   1.15405440    
   1.15405440    
   1.15405440    
   1.15405440    
   1.15405440    
   1.15405440    
   1.15405440    
   1.15405440    
   1.15405440    
   1.15405440    
   1.15405440    
   1.15405440    
   1.18611157    
   1.18611157    
   1.18611157    
   1.18611157    
   1.18611157    
   1.18611157    
   1.18611157    
   1.18611157    
   1.18611157    
   1.18611157    
   1.18611157    
   1.18611157    
   1.18611157    
   1.18611157    
   1.18611157    
   1.18611157    
   1.18611157    
   1.18611157    
   1.18611157    
   1.18611157    
   1.18611157    
   1.18611157    
   1.18611157    
   1.18611157    
   1.18611157    
   1.18611157    
   1.18611157    
   1.18611157    
   1.18611157    
   1.18611157    
   1.18611157    
   1.18611157    
   1.18611157    
   1.18611157    
   1.18611157    
   1.18611157    
   1.18611157    
   1.18611157    
   1.18611157    
   1.18611157    
   1.18611157    
   1.18611157    
   1.18611157    
   1.18611157    
   1.18611157    
   1.18611157    
   1.18611157    
   1.18611157    
   1.18611157    
   1.18611157    
   1.21816862    
   1.21816862    
   1.21816862    
   1.21816862    
   1.21816862    
   1.21816862    
   1.21816862    
   1.21816862    
   1.21816862    
   1.21816862    
   1.21816862    
   1.21816862    
   1.21816862    
   1.21816862    
   1.21816862    
   1.21816862    
   1.21816862    
   1.21816862    
   1.21816862    
   1.21816862    
   1.21816862    
   1.21816862    
   1.21816862    
   1.21816862    
   1.21816862    
   1.21816862    
   1.21816862    
   1.21816862    
   1.21816862    
   1.21816862    
   1.21816862    
   1.21816862    
   1.21816862    
   1.21816862    
   1.21816862    
   1.21816862    
   1.21816862    
   1.21816862    
   1.21816862    
   1.21816862    
   1.21816862    
   1.21816862    
   1.21816862    
   1.21816862    
   1.21816862    
   1.21816862    
   1.21816862    
   1.21816862    
   1.21816862    
   1.21816862    
   1.25022566    
   1.25022566    
   1.25022566    
   1.25022566    
   1.25022566    
   1.25022566    
   1.25022566    
   1.25022566    
   1.25022566    
   1.25022566    
   1.25022566    
   1.25022566    
   1.25022566    
   1.25022566    
   1.25022566    
   1.25022566    
   1.25022566    
   1.25022566    
   1.25022566    
   1.25022566    
   1.25022566    
   1.25022566    
   1.25022566    
   1.25022566    
   1.25022566    
   1.25022566    
   1.25022566    
   1.25022566    
   1.25022566    
   1.25022566    
   1.25022566    
   1.25022566    
   1.25022566    
   1.25022566    
   1.25022566    
   1.25022566    
   1.25022566    
   1.25022566    
   1.25022566    
   1.25022566    
   1.25022566    
   1.25022566    
   1.25022566    
   1.25022566    
   1.25022566    
   1.25022566    
   1.25022566    
   1.25022566    
   1.25022566    
   1.25022566    
   1.28228283    
   1.28228283    
   1.28228283    
   1.28228283    
   1.28228283    
   1.28228283    
   1.28228283    
   1.28228283    
   1.28228283    
   1.28228283    
   1.28228283    
   1.28228283    
   1.28228283    
   1.28228283    
   1.28228283    
   1.28228283    
   1.28228283    
   1.28228283    
   1.28228283    
   1.28228283    
   1.28228283    
   1.28228283    
   1.28228283    
   1.28228283    
   1.28228283    
   1.28228283    
   1.28228283    
   1.28228283    
   1.28228283    
   1.28228283    
   1.28228283    
   1.28228283    
   1.28228283    
   1.28228283    
   1.28228283    
   1.28228283    
   1.28228283    
   1.28228283    
   1.28228283    
   1.28228283    
   1.28228283    
   1.28228283    
   1.28228283    
   1.28228283    
   1.28228283    
   1.28228283    
   1.28228283    
   1.28228283    
   1.28228283    
   1.28228283    
   1.31433976    
   1.31433976    
   1.31433976    
   1.31433976    
   1.31433976    
   1.31433976    
   1.31433976    
   1.31433976    
   1.31433976    
   1.31433976    
   1.31433976    
   1.31433976    
   1.31433976    
   1.31433976    
   1.31433976    
   1.31433976    
   1.31433976    
   1.31433976    
   1.31433976    
   1.31433976    
   1.31433976    
   1.31433976    
   1.31433976    
   1.31433976    
   1.31433976    
   1.31433976    
   1.31433976    
   1.31433976    
   1.31433976    
   1.31433976    
   1.31433976    
   1.31433976    
   1.31433976    
   1.31433976    
   1.31433976    
   1.31433976    
   1.31433976    
   1.31433976    
   1.31433976    
   1.31433976    
   1.31433976    
   1.31433976    
   1.31433976    
   1.31433976    
   1.31433976    
   1.31433976    
   1.31433976    
   1.31433976    
   1.31433976    
   1.31433976    
   1.34639692    
   1.34639692    
   1.34639692    
   1.34639692    
   1.34639692    
   1.34639692    
   1.34639692    
   1.34639692    
   1.34639692    
   1.34639692    
   1.34639692    
   1.34639692    
   1.34639692    
   1.34639692    
   1.34639692    
   1.34639692    
   1.34639692    
   1.34639692    
   1.34639692    
   1.34639692    
   1.34639692    
   1.34639692    
   1.34639692    
   1.34639692    
   1.34639692    
   1.34639692    
   1.34639692    
   1.34639692    
   1.34639692    
   1.34639692    
   1.34639692    
   1.34639692    
   1.34639692    
   1.34639692    
   1.34639692    
   1.34639692    
   1.34639692    
   1.34639692    
   1.34639692    
   1.34639692    
   1.34639692    
   1.34639692    
   1.34639692    
   1.34639692    
   1.34639692    
   1.34639692    
   1.34639692    
   1.34639692    
   1.34639692    
   1.34639692    
   1.37845397    
   1.37845397    
   1.37845397    
   1.37845397    
   1.37845397    
   1.37845397    
   1.37845397    
   1.37845397    
   1.37845397    
   1.37845397    
   1.37845397    
   1.37845397    
   1.37845397    
   1.37845397    
   1.37845397    
   1.37845397    
   1.37845397    
   1.37845397    
   1.37845397    
   1.37845397    
   1.37845397    
   1.37845397    
   1.37845397    
   1.37845397    
   1.37845397    
   1.37845397    
   1.37845397    
   1.37845397    
   1.37845397    
   1.37845397    
   1.37845397    
   1.37845397    
   1.37845397    
   1.37845397    
   1.37845397    
   1.37845397    
   1.37845397    
   1.37845397    
   1.37845397    
   1.37845397    
   1.37845397    
   1.37845397    
   1.37845397    
   1.37845397    
   1.37845397    
   1.37845397    
   1.37845397    
   1.37845397    
   1.37845397    
   1.37845397    
   1.41051114    
   1.41051114    
   1.41051114    
   1.41051114    
   1.41051114    
   1.41051114    
   1.41051114    
   1.41051114    
   1.41051114    
   1.41051114    
   1.41051114    
   1.41051114    
   1.41051114    
   1.41051114    
   1.41051114    
   1.41051114    
   1.41051114    
   1.41051114    
   1.41051114    
   1.41051114    
   1.41051114    
   1.41051114    
   1.41051114    
   1.41051114    
   1.41051114    
   1.41051114    
   1.41051114    
   1.41051114    
   1.41051114    
   1.41051114    
   1.41051114    
   1.41051114    
   1.41051114    
   1.41051114    
   1.41051114    
   1.41051114    
   1.41051114    
   1.41051114    
   1.41051114    
   1.41051114    
   1.41051114    
   1.41051114    
   1.41051114    
   1.41051114    
   1.41051114    
   1.41051114    
   1.41051114    
   1.41051114    
   1.41051114    
   1.41051114    
   1.44256806    
   1.44256806    
   1.44256806    
   1.44256806    
   1.44256806    
   1.44256806    
   1.44256806    
   1.44256806    
   1.44256806    
   1.44256806    
   1.44256806    
   1.44256806    
   1.44256806    
   1.44256806    
   1.44256806    
   1.44256806    
   1.44256806    
   1.44256806    
   1.44256806    
   1.44256806    
   1.44256806    
   1.44256806    
   1.44256806    
   1.44256806    
   1.44256806    
   1.44256806    
   1.44256806    
   1.44256806    
   1.44256806    
   1.44256806    
   1.44256806    
   1.44256806    
   1.44256806    
   1.44256806    
   1.44256806    
   1.44256806    
   1.44256806    
   1.44256806    
   1.44256806    
   1.44256806    
   1.44256806    
   1.44256806    
   1.44256806    
   1.44256806    
   1.44256806    
   1.44256806    
   1.44256806    
   1.44256806    
   1.44256806    
   1.44256806    
   1.47462511    
   1.47462511    
   1.47462511    
   1.47462511    
   1.47462511    
   1.47462511    
   1.47462511    
   1.47462511    
   1.47462511    
   1.47462511    
   1.47462511    
   1.47462511    
   1.47462511    
   1.47462511    
   1.47462511    
   1.47462511    
   1.47462511    
   1.47462511    
   1.47462511    
   1.47462511    
   1.47462511    
   1.47462511    
   1.47462511    
   1.47462511    
   1.47462511    
   1.47462511    
   1.47462511    
   1.47462511    
   1.47462511    
   1.47462511    
   1.47462511    
   1.47462511    
   1.47462511    
   1.47462511    
   1.47462511    
   1.47462511    
   1.47462511    
   1.47462511    
   1.47462511    
   1.47462511    
   1.47462511    
   1.47462511    
   1.47462511    
   1.47462511    
   1.47462511    
   1.47462511    
   1.47462511    
   1.47462511    
   1.47462511    
   1.47462511    
   1.50668228    
   1.50668228    
   1.50668228    
   1.50668228    
   1.50668228    
   1.50668228    
   1.50668228    
   1.50668228    
   1.50668228    
   1.50668228    
   1.50668228    
   1.50668228    
   1.50668228    
   1.50668228    
   1.50668228    
   1.50668228    
   1.50668228    
   1.50668228    
   1.50668228    
   1.50668228    
   1.50668228    
   1.50668228    
   1.50668228    
   1.50668228    
   1.50668228    
   1.50668228    
   1.50668228    
   1.50668228    
   1.50668228    
   1.50668228    
   1.50668228    
   1.50668228    
   1.50668228    
   1.50668228    
   1.50668228    
   1.50668228    
   1.50668228    
   1.50668228    
   1.50668228    
   1.50668228    
   1.50668228    
   1.50668228    
   1.50668228    
   1.50668228    
   1.50668228    
   1.50668228    
   1.50668228    
   1.50668228    
   1.50668228    
   1.50668228    
   1.53873920    
   1.53873920    
   1.53873920    
   1.53873920    
   1.53873920    
   1.53873920    
   1.53873920    
   1.53873920    
   1.53873920    
   1.53873920    
   1.53873920    
   1.53873920    
   1.53873920    
   1.53873920    
   1.53873920    
   1.53873920    
   1.53873920    
   1.53873920    
   1.53873920    
   1.53873920    
   1.53873920    
   1.53873920    
   1.53873920    
   1.53873920    
   1.53873920    
   1.53873920    
   1.53873920    
   1.53873920    
   1.53873920    
   1.53873920    
   1.53873920    
   1.53873920    
   1.53873920    
   1.53873920    
   1.53873920    
   1.53873920    
   1.53873920    
   1.53873920    
   1.53873920    
   1.53873920    
   1.53873920    
   1.53873920    
   1.53873920    
   1.53873920    
   1.53873920    
   1.53873920    
   1.53873920    
   1.53873920    
   1.53873920    
   1.53873920    
   1.57079637    
   1.57079637    
   1.57079637    
   1.57079637    
   1.57079637    
   1.57079637    
   1.57079637    
   1.57079637    
   1.57079637    
   1.57079637    
   1.57079637    
   1.57079637    
   1.57079637    
   1.57079637    
   1.57079637    
   1.57079637    
   1.57079637    
   1.57079637    
   1.57079637    
   1.57079637    
   1.57079637    
   1.57079637    
   1.57079637    
   1.57079637    
   1.57079637    
   1.57079637    
   1.57079637    
   1.57079637    
   1.57079637    
   1.57079637    
   1.57079637    
   1.57079637    
   1.57079637    
   1.57079637    
   1.57079637    
   1.57079637    
   1.57079637    
   1.57079637    
   1.57079637    
   1.57079637    
   1.57079637    
   1.57079637    
   1.57079637    
   1.57079637    
   1.57079637    
   1.57079637    
   1.57079637    
   1.57079637    
   1.57079637    
   1.57079637    
