 -0.646360576    
 -0.642704785    
 -0.634747207    
 -0.624176025    
 -0.612016201    
 -0.598932683    
 -0.585381985    
 -0.571690142    
 -0.558101058    
 -0.544803023    
 -0.531944871    
 -0.519648910    
 -0.508017063    
 -0.497136235    
 -0.487082243    
 -0.477922142    
 -0.469716370    
 -0.462519974    
 -0.456383318    
 -0.451353937    
 -0.447476506    
 -0.444793731    
 -0.443345994    
 -0.443172485    
 -0.444311142    
 -0.446798831    
 -0.450671703    
 -0.455965191    
 -0.462714255    
 -0.470953345    
 -0.480716467    
 -0.492037416    
 -0.504949927    
 -0.519487381    
 -0.535683036    
 -0.553569674    
 -0.573180377    
 -0.594548106    
 -0.617705762    
 -0.642686069    
 -0.669522166    
 -0.698246777    
 -0.728893101    
 -0.761494100    
 -0.796082675    
 -0.832692146    
 -0.871355474    
 -0.912105799    
 -0.954976261    
  -1.00000000    
 -0.646471918    
 -0.642815769    
 -0.634857059    
 -0.624283552    
 -0.612119794    
 -0.599030375    
 -0.585471630    
 -0.571769178    
 -0.558166981    
 -0.544852853    
 -0.531975806    
 -0.519657731    
 -0.508000553    
 -0.497090876    
 -0.487004548    
 -0.477808386    
 -0.469562829    
 -0.462322533    
 -0.456137836    
 -0.451056153    
 -0.447122067    
 -0.444377989    
 -0.442864269    
 -0.442619890    
 -0.443682700    
 -0.446089417    
 -0.449875891    
 -0.455077499    
 -0.461729079    
 -0.469865024    
 -0.479518801    
 -0.490724355    
 -0.503515244    
 -0.517924786    
 -0.533985794    
 -0.551731110    
 -0.571193337    
 -0.592405796    
 -0.615400851    
 -0.640210986    
 -0.666869462    
 -0.695408523    
 -0.725861430    
 -0.758260965    
 -0.792639792    
 -0.829031110    
 -0.867467821    
 -0.907982826    
 -0.950608909    
 -0.995379090    
 -0.646806002    
 -0.643148839    
 -0.635186732    
 -0.624606371    
 -0.612430811    
 -0.599323809    
 -0.585740745    
 -0.572006822    
 -0.558365285    
 -0.545003414    
 -0.532069683    
 -0.519685507    
 -0.507952452    
 -0.496956766    
 -0.486773729    
 -0.477469683    
 -0.469104916    
 -0.461733252    
 -0.455404967    
 -0.450166970    
 -0.446063340    
 -0.443135977    
 -0.441424906    
 -0.440968603    
 -0.441804439    
 -0.443968743    
 -0.447496891    
 -0.452423692    
 -0.458783776    
 -0.466610849    
 -0.475938052    
 -0.486798584    
 -0.499225765    
 -0.513252199    
 -0.528910398    
 -0.546232820    
 -0.565251529    
 -0.585998893    
 -0.608507335    
 -0.632808924    
 -0.658935785    
 -0.686920345    
 -0.716794789    
 -0.748592019    
 -0.782343745    
 -0.818082690    
 -0.855841339    
 -0.895652056    
 -0.937547088    
 -0.981559157    
 -0.647362769    
 -0.643704057    
 -0.635736525    
 -0.625144780    
 -0.612949908    
 -0.599813938    
 -0.586190879    
 -0.572404921    
 -0.558698237    
 -0.545257330    
 -0.532229662    
 -0.519736290    
 -0.507877648    
 -0.496739328    
 -0.486396164    
 -0.476913601    
 -0.468351066    
 -0.460761935    
 -0.454195738    
 -0.448698729    
 -0.444314063    
 -0.441082984    
 -0.439044893    
 -0.438237488    
 -0.438697398    
 -0.440460026    
 -0.443560094    
 -0.448031873    
 -0.453908801    
 -0.461223990    
 -0.470009953    
 -0.480299056    
 -0.492123544    
 -0.505515635    
 -0.520506561    
 -0.537128031    
 -0.555411816    
 -0.575388730    
 -0.597091138    
 -0.620550096    
 -0.645796537    
 -0.672862053    
 -0.701778591    
 -0.732577443    
 -0.765289903    
 -0.799947858    
 -0.836583138    
 -0.875227094    
 -0.915911615    
 -0.958667874    
 -0.648142457    
 -0.644481719    
 -0.636506855    
 -0.625899673    
 -0.613678217    
 -0.600502372    
 -0.586824119    
 -0.572966218    
 -0.559169471    
 -0.545619011    
 -0.532461226    
 -0.519816279    
 -0.507783532    
 -0.496447623    
 -0.485882163    
 -0.476151913    
 -0.467315137    
 -0.459424376    
 -0.452528149    
 -0.446671546    
 -0.441897005    
 -0.438244522    
 -0.435752660    
 -0.434458047    
 -0.434395999    
 -0.435601294    
 -0.438107401    
 -0.441947609    
 -0.447154105    
 -0.453758955    
 -0.461793840    
 -0.471289903    
 -0.482278198    
 -0.494789749    
 -0.508854806    
 -0.524504244    
 -0.541767836    
 -0.560676336    
 -0.581260502    
 -0.603549957    
 -0.627574980    
 -0.653365850    
 -0.680953383    
 -0.710367620    
 -0.741638541    
 -0.774796844    
 -0.809873223    
 -0.846898615    
 -0.885902822    
 -0.926916778    
 -0.649145126    
 -0.645481944    
 -0.637498319    
 -0.626872003    
 -0.614617288    
 -0.601391256    
 -0.587643564    
 -0.573694706    
 -0.559783876    
 -0.546094596    
 -0.532772005    
 -0.519934714    
 -0.507681131    
 -0.496094257    
 -0.485246480    
 -0.475201726    
 -0.466016650    
 -0.457742691    
 -0.450426936    
 -0.444113523    
 -0.438843548    
 -0.434655756    
 -0.431587338    
 -0.429673582    
 -0.428948462    
 -0.429445565    
 -0.431196988    
 -0.434234560    
 -0.438589245    
 -0.444291592    
 -0.451371998    
 -0.459860533    
 -0.469786376    
 -0.481179267    
 -0.494068146    
 -0.508482337    
 -0.524450183    
 -0.542001188    
 -0.561164618    
 -0.581968725    
 -0.604442179    
 -0.628613949    
 -0.654513121    
 -0.682168365    
 -0.711608410    
 -0.742862403    
 -0.775959194    
 -0.810928464    
 -0.847798705    
 -0.886599302    
 -0.650371015    
 -0.646705210    
 -0.638711631    
 -0.628062904    
 -0.615769029    
 -0.602483511    
 -0.588652849    
 -0.574595273    
 -0.560547769    
 -0.546692073    
 -0.533171535    
 -0.520103097    
 -0.507583797    
 -0.495695114    
 -0.484507889    
 -0.474084437    
 -0.464480042    
 -0.455744714    
 -0.447924078    
 -0.441060632    
 -0.435194016    
 -0.430361539    
 -0.426598579    
 -0.423939168    
 -0.422415674    
 -0.422059655    
 -0.422902167    
 -0.424973160    
 -0.428302139    
 -0.432918072    
 -0.438849270    
 -0.446124315    
 -0.454770833    
 -0.464816898    
 -0.476289541    
 -0.489216447    
 -0.503624678    
 -0.519541740    
 -0.536994636    
 -0.556010187    
 -0.576615512    
 -0.598838210    
 -0.622705102    
 -0.648242891    
 -0.675479412    
 -0.704440892    
 -0.735154986    
 -0.767649710    
 -0.801951647    
 -0.838088095    
 -0.651820183    
 -0.648151815    
 -0.640147686    
 -0.629473984    
 -0.617136002    
 -0.603782535    
 -0.589856744    
 -0.575674057    
 -0.561468899    
 -0.547420800    
 -0.533671260    
 -0.520335436    
 -0.507508218    
 -0.495269477    
 -0.483688653    
 -0.472825706    
 -0.462734938    
 -0.453464359    
 -0.445057571    
 -0.437555730    
 -0.430996478    
 -0.425415576    
 -0.420846432    
 -0.417321265    
 -0.414870828    
 -0.413524777    
 -0.413312197    
 -0.414261252    
 -0.416399598    
 -0.419754148    
 -0.424351513    
 -0.430218011    
 -0.437379807    
 -0.445862651    
 -0.455691874    
 -0.466892987    
 -0.479490906    
 -0.493511230    
 -0.508979201    
 -0.525919616    
 -0.544357777    
 -0.564318717    
 -0.585827470    
 -0.608908951    
 -0.633588433    
 -0.659890115    
 -0.687840283    
 -0.717463315    
 -0.748785555    
 -0.781831443    
 -0.653492689    
 -0.649822056    
 -0.641807139    
 -0.631107032    
 -0.618720770    
 -0.605292439    
 -0.591260672    
 -0.576937914    
 -0.562556148    
 -0.548292041    
 -0.534284949    
 -0.520647764    
 -0.507473171    
 -0.494839638    
 -0.482814491    
 -0.471455812    
 -0.460815847    
 -0.450940460    
 -0.441871792    
 -0.433648676    
 -0.426306874    
 -0.419880331    
 -0.414400429    
 -0.409896970    
 -0.406399339    
 -0.403934509    
 -0.402529895    
 -0.402211428    
 -0.403004467    
 -0.404934198    
 -0.408024609    
 -0.412300050    
 -0.417784870    
 -0.424501896    
 -0.432474643    
 -0.441726565    
 -0.452280104    
 -0.464158565    
 -0.477385104    
 -0.491982371    
 -0.507973015    
 -0.525379777    
 -0.544225335    
 -0.564532638    
 -0.586324632    
 -0.609623551    
 -0.634452760    
 -0.660834551    
 -0.688792467    
 -0.718349338    
 -0.655388951    
 -0.651716530    
 -0.643691182    
 -0.632963777    
 -0.620526493    
 -0.607017398    
 -0.592870533    
 -0.578395069    
 -0.563819528    
 -0.549318016    
 -0.535027385    
 -0.521057904    
 -0.507500589    
 -0.494431347    
 -0.481915087    
 -0.470008403    
 -0.458761424    
 -0.448217541    
 -0.438416898    
 -0.429396033    
 -0.421188682    
 -0.413826585    
 -0.407339126    
 -0.401753783    
 -0.397097439    
 -0.393395096    
 -0.390671819    
 -0.388951331    
 -0.388256401    
 -0.388609886    
 -0.390033752    
 -0.392549902    
 -0.396179676    
 -0.400943965    
 -0.406863898    
 -0.413960218    
 -0.422253072    
 -0.431763411    
 -0.442511827    
 -0.454518229    
 -0.467802942    
 -0.482386172    
 -0.498288214    
 -0.515529215    
 -0.534129500    
 -0.554109216    
 -0.575488567    
 -0.598287821    
 -0.622527659    
 -0.648228407    
 -0.657508910    
 -0.653835654    
 -0.645800829    
 -0.635046422    
 -0.622556388    
 -0.608962238    
 -0.594693244    
 -0.580054045    
 -0.565270185    
 -0.550512612    
 -0.535915375    
 -0.521586418    
 -0.507614076    
 -0.494072348    
 -0.481023341    
 -0.468521744    
 -0.456614941    
 -0.445344597    
 -0.434748173    
 -0.424860150    
 -0.415712059    
 -0.407332957    
 -0.399749815    
 -0.392988026    
 -0.387071937    
 -0.382024199    
 -0.377867013    
 -0.374621868    
 -0.372309297    
 -0.370949507    
 -0.370561451    
 -0.371164650    
 -0.372778177    
 -0.375420123    
 -0.379108697    
 -0.383862317    
 -0.389698774    
 -0.396635771    
 -0.404691070    
 -0.413882315    
 -0.424226940    
 -0.435742289    
 -0.448445976    
 -0.462355644    
 -0.477488756    
 -0.493862718    
 -0.511494815    
 -0.530402839    
 -0.550604284    
 -0.572116613    
 -0.659852505    
 -0.656179547    
 -0.648137450    
 -0.637357414    
 -0.624814332    
 -0.611132443    
 -0.596735656    
 -0.581924200    
 -0.566920102    
 -0.551890671    
 -0.536967397    
 -0.522255003    
 -0.507839680    
 -0.493792892    
 -0.480174303    
 -0.467036068    
 -0.454423070    
 -0.442374855    
 -0.430926263    
 -0.420109391    
 -0.409953296    
 -0.400484294    
 -0.391727090    
 -0.383704633    
 -0.376438349    
 -0.369948626    
 -0.364255220    
 -0.359376490    
 -0.355330497    
 -0.352134466    
 -0.349805266    
 -0.348359406    
 -0.347813010    
 -0.348181337    
 -0.349480122    
 -0.351724595    
 -0.354929805    
 -0.359110743    
 -0.364282191    
 -0.370458961    
 -0.377655417    
 -0.385886133    
 -0.395165890    
 -0.405509025    
 -0.416930497    
 -0.429444581    
 -0.443065733    
 -0.457808524    
 -0.473687619    
 -0.490717441    
 -0.662419975    
 -0.658748746    
 -0.650702178    
 -0.639899075    
 -0.627303958    
 -0.613533676    
 -0.599005878    
 -0.584016263    
 -0.568782449    
 -0.553468466    
 -0.538202703    
 -0.523087323    
 -0.508205473    
 -0.493626088    
 -0.479406297    
 -0.465595454    
 -0.452236444    
 -0.439365715    
 -0.427015990    
 -0.415216535    
 -0.403993756    
 -0.393371731    
 -0.383372337    
 -0.374015749    
 -0.365320981    
 -0.357305557    
 -0.349986434    
 -0.343379200    
 -0.337499112    
 -0.332360774    
 -0.327977955    
 -0.324364394    
 -0.321533203    
 -0.319496870    
 -0.318267971    
 -0.317858994    
 -0.318281740    
 -0.319548279    
 -0.321670651    
 -0.324660152    
 -0.328528494    
 -0.333287239    
 -0.338947654    
 -0.345521420    
 -0.353019834    
 -0.361454576    
 -0.370836884    
 -0.381178141    
 -0.392489880    
 -0.404783368    
 -0.665211082    
 -0.661543667    
 -0.653496206    
 -0.642673790    
 -0.630029380    
 -0.616171777    
 -0.601512253    
 -0.586340606    
 -0.570870817    
 -0.555263221    
 -0.539642513    
 -0.524108529    
 -0.508741140    
 -0.493606716    
 -0.478759587    
 -0.464246511    
 -0.450107902    
 -0.436377674    
 -0.423085660    
 -0.410258651    
 -0.397920340    
 -0.386091977    
 -0.374792844    
 -0.364040524    
 -0.353850991    
 -0.344239146    
 -0.335219026    
 -0.326803446    
 -0.319004774    
 -0.311834574    
 -0.305303514    
 -0.299422622    
 -0.294201732    
 -0.289650530    
 -0.285778433    
 -0.282594770    
 -0.280108392    
 -0.278328180    
 -0.277262896    
 -0.276920855    
 -0.277310759    
 -0.278440565    
 -0.280318797    
 -0.282953531    
 -0.286353081    
 -0.290525585    
 -0.295479238    
 -0.301222086    
 -0.307762355    
 -0.315108091    
 -0.668225706    
 -0.664564371    
 -0.656520605    
 -0.645684004    
 -0.632994890    
 -0.619053185    
 -0.604262769    
 -0.588908672    
 -0.573199511    
 -0.557292521    
 -0.541308701    
 -0.525344610    
 -0.509477735    
 -0.493770987    
 -0.478276610    
 -0.463038146    
 -0.448093623    
 -0.433474213    
 -0.419207215    
 -0.405316621    
 -0.391823441    
 -0.378746092    
 -0.366101176    
 -0.353903472    
 -0.342166007    
 -0.330900818    
 -0.320119202    
 -0.309830993    
 -0.300045639    
 -0.290771365    
 -0.282016248    
 -0.273787916    
 -0.266093403    
 -0.258938998    
 -0.252331167    
 -0.246276110    
 -0.240779430    
 -0.235846937    
 -0.231483981    
 -0.227695644    
 -0.224487171    
 -0.221863717    
 -0.219830215    
 -0.218391567    
 -0.217552587    
 -0.217317998    
 -0.217692748    
 -0.218681648    
 -0.220289469    
 -0.222520858    
 -0.671463430    
 -0.667810857    
 -0.659776628    
 -0.648932219    
 -0.636204720    
 -0.622183919    
 -0.607266724    
 -0.591731846    
 -0.575783610    
 -0.559575140    
 -0.543223798    
 -0.526823103    
 -0.510447443    
 -0.494157076    
 -0.478001177    
 -0.462020844    
 -0.446251512    
 -0.430721551    
 -0.415455550    
 -0.400474608    
 -0.385797262    
 -0.371439189    
 -0.357413948    
 -0.343733519    
 -0.330408126    
 -0.317447096    
 -0.304858595    
 -0.292649716    
 -0.280826449    
 -0.269394368    
 -0.258358359    
 -0.247723117    
 -0.237492248    
 -0.227669135    
 -0.218257070    
 -0.209259003    
 -0.200677305    
 -0.192514420    
 -0.184772417    
 -0.177453220    
 -0.170558617    
 -0.164090544    
 -0.158050507    
 -0.152440116    
 -0.147260711    
 -0.142513692    
 -0.138200447    
 -0.134322360    
 -0.130880862    
 -0.127877146    
 -0.674923718    
 -0.671283185    
 -0.663264990    
 -0.652420819    
 -0.639662981    
 -0.625570595    
 -0.610532820    
 -0.594822347    
 -0.578638315    
 -0.562129915    
 -0.545410872    
 -0.528571665    
 -0.511683464    
 -0.494803637    
 -0.477978379    
 -0.461246908    
 -0.444641232    
 -0.428187251    
 -0.411907017    
 -0.395818889    
 -0.379938543    
 -0.364278674    
 -0.348850578    
 -0.333662927    
 -0.318723410    
 -0.304038376    
 -0.289613098    
 -0.275451660    
 -0.261557102    
 -0.247931987    
 -0.234578177    
 -0.221497059    
 -0.208689287    
 -0.196155012    
 -0.183894515    
 -0.171907261    
 -0.160192579    
 -0.148749515    
 -0.137576938    
 -0.126673415    
 -0.116037384    
 -0.105667412    
  -9.55615416E-02
  -8.57180282E-02
  -7.61348382E-02
  -6.68099523E-02
  -5.77412732E-02
  -4.89267521E-02
  -4.03642319E-02
  -3.20515111E-02
 -0.678605676    
 -0.674981177    
 -0.666986406    
 -0.656152070    
 -0.643374085    
 -0.629219830    
 -0.614070594    
 -0.598192453    
 -0.581779361    
 -0.564976335    
 -0.547894001    
 -0.530618906    
 -0.513219476    
 -0.495750278    
 -0.478254735    
 -0.460769475    
 -0.443323582    
 -0.425940782    
 -0.408639878    
 -0.391437054    
 -0.374345034    
 -0.357374221    
 -0.340532452    
 -0.323826194    
 -0.307260185    
 -0.290837824    
 -0.274561554    
 -0.258432567    
 -0.242451027    
 -0.226616487    
 -0.210927621    
 -0.195382819    
 -0.179979712    
 -0.164715365    
 -0.149586707    
 -0.134590119    
 -0.119721733    
 -0.104977332    
  -9.03524607E-02
  -7.58424103E-02
  -6.14423938E-02
  -4.71474007E-02
  -3.29522900E-02
  -1.88517962E-02
  -4.84052440E-03
   9.08697024E-03
   2.29362156E-02
   3.67127582E-02
   5.04222177E-02
   6.40702248E-02
 -0.682508528    
 -0.678904355    
 -0.670941770    
 -0.660128295    
 -0.647342086    
 -0.633138180    
 -0.617889106    
 -0.601854384    
 -0.585222602    
 -0.568134427    
 -0.550697029    
 -0.532993793    
 -0.515090108    
 -0.497037232    
 -0.478876740    
 -0.460642099    
 -0.442360163    
 -0.424051642    
 -0.405733049    
 -0.387418002    
 -0.369116485    
 -0.350836068    
 -0.332582384    
 -0.314358890    
 -0.296167850    
 -0.278009892    
 -0.259884298    
 -0.241789550    
 -0.223722890    
 -0.205681130    
 -0.187659994    
 -0.169654787    
 -0.151660115    
 -0.133670017    
 -0.115678303    
  -9.76782963E-02
  -7.96627924E-02
  -6.16244860E-02
  -4.35556360E-02
  -2.54483782E-02
  -7.29459990E-03
   1.09140305E-02
   2.91859731E-02
   4.75298539E-02
   6.59544468E-02
   8.44685882E-02
  0.103081197    
  0.121801257    
  0.140637755    
  0.159599841    
 -0.686630964    
 -0.683051825    
 -0.675131679    
 -0.664351523    
 -0.651570976    
 -0.637332022    
 -0.621997356    
 -0.605820179    
 -0.588983536    
 -0.571623802    
 -0.553844213    
 -0.535725296    
 -0.517329574    
 -0.498705119    
 -0.479891330    
 -0.460919291    
 -0.441812694    
 -0.422590256    
 -0.403265864    
 -0.383850634    
 -0.364352077    
 -0.344775230    
 -0.325123310    
 -0.305397093    
 -0.285596222    
 -0.265718549    
 -0.245760903    
 -0.225718707    
 -0.205586836    
 -0.185358956    
 -0.165028110    
 -0.144586653    
 -0.124026231    
 -0.103338078    
  -8.25129375E-02
  -6.15409724E-02
  -4.04120050E-02
  -1.91155933E-02
   2.35907454E-03
   2.40230709E-02
   4.58877049E-02
   6.79645166E-02
   9.02652517E-02
  0.112801753    
  0.135586128    
  0.158630535    
  0.181947246    
  0.205548495    
  0.229446813    
  0.253654569    
 -0.690971613    
 -0.687422574    
 -0.679556012    
 -0.668823779    
 -0.656064987    
 -0.641807735    
 -0.626404643    
 -0.610102355    
 -0.593078017    
 -0.575464129    
 -0.557359755    
 -0.538842440    
 -0.519972086    
 -0.500794291    
 -0.481345445    
 -0.461654365    
 -0.441742569    
 -0.421626151    
 -0.401316732    
 -0.380823165    
 -0.360150456    
 -0.339301646    
 -0.318277091    
 -0.297075301    
 -0.275693417    
 -0.254126757    
 -0.232369453    
 -0.210414827    
 -0.188254729    
 -0.165880263    
 -0.143281698    
 -0.120448723    
  -9.73702446E-02
  -7.40345642E-02
  -5.04295267E-02
  -2.65424699E-02
  -2.36030156E-03
   2.21304484E-02
   4.69435938E-02
   7.20932335E-02
   9.75937322E-02
  0.123459749    
  0.149706215    
  0.176348031    
  0.203400582    
  0.230879083    
  0.258799225    
  0.287176520    
  0.316026628    
  0.345365226    
 -0.695528626    
 -0.692015529    
 -0.684214890    
 -0.673546731    
 -0.660827398    
 -0.646571159    
 -0.631119907    
 -0.614712775    
 -0.597521484    
 -0.579674363    
 -0.561267138    
 -0.542373955    
 -0.523051918    
 -0.503344238    
 -0.483285218    
 -0.462900519    
 -0.442210346    
 -0.421228081    
 -0.399963260    
 -0.378422648    
 -0.356609106    
 -0.334523350    
 -0.312163413    
 -0.289525658    
 -0.266604811    
 -0.243393973    
 -0.219885036    
 -0.196068630    
 -0.171934262    
 -0.147470653    
 -0.122665472    
  -9.75058079E-02
  -7.19778761E-02
  -4.60674688E-02
  -1.97596438E-02
   6.96096243E-03
   3.41102146E-02
   6.17043637E-02
   8.97601768E-02
  0.118294545    
  0.147324726    
  0.176868290    
  0.206943318    
  0.237567648    
  0.268759668    
  0.300537676    
  0.332920194    
  0.365926236    
  0.399574548    
  0.433883846    
 -0.700299740    
 -0.696828961    
 -0.689108193    
 -0.678521574    
 -0.665861905    
 -0.651628196    
 -0.636151254    
 -0.619662702    
 -0.602329075    
 -0.584274054    
 -0.565589726    
 -0.546347678    
 -0.526602030    
 -0.506393850    
 -0.485755384    
 -0.464709967    
 -0.443275273    
 -0.421463311    
 -0.399281472    
 -0.376734376    
 -0.353823006    
 -0.330545813    
 -0.306899190    
 -0.282877237    
 -0.258472532    
 -0.233676165    
 -0.208477736    
 -0.182865754    
 -0.156827599    
 -0.130349576    
 -0.103417031    
  -7.60146976E-02
  -4.81264368E-02
  -1.97355039E-02
   9.17545334E-03
   3.86243574E-02
   6.86296225E-02
   9.92101654E-02
  0.130385339    
  0.162174687    
  0.194598347    
  0.227676675    
  0.261430174    
  0.295879871    
  0.331046700    
  0.366952121    
  0.403617829    
  0.441065311    
  0.479316443    
  0.518392801    
 -0.705282271    
 -0.701861203    
 -0.694234908    
 -0.683749259    
 -0.671171546    
 -0.656984031    
 -0.641507089    
 -0.624963641    
 -0.607515275    
 -0.589281201    
 -0.570350111    
 -0.550790906    
 -0.530654967    
 -0.509981394    
 -0.488800317    
 -0.467133015    
 -0.444995165    
 -0.422397286    
 -0.399344921    
 -0.375840694    
 -0.351884007    
 -0.327471495    
 -0.302597523    
 -0.277254820    
 -0.251433611    
 -0.225123376    
 -0.198311701    
 -0.170985162    
 -0.143129170    
 -0.114727929    
  -8.57647732E-02
  -5.62222488E-02
  -2.60820929E-02
   4.67466237E-03
   3.60676162E-02
   6.81169927E-02
  0.100843467    
  0.134268478    
  0.168413684    
  0.203301162    
  0.238953501    
  0.275393486    
  0.312644571    
  0.350730032    
  0.389673293    
  0.429498762    
  0.470230788    
  0.511893809    
  0.554512382    
  0.598110497    
 -0.710473359    
 -0.707109571    
 -0.699594021    
 -0.689230323    
 -0.676758885    
 -0.662643969    
 -0.647194743    
 -0.630626202    
 -0.613094091    
 -0.594713449    
 -0.575570107    
 -0.555729985    
 -0.535241783    
 -0.514143348    
 -0.492462367    
 -0.470218599    
 -0.447425634    
 -0.424092948    
 -0.400224477    
 -0.375821084    
 -0.350880653    
 -0.325398415    
 -0.299367130    
 -0.272777766    
 -0.245619267    
 -0.217879236    
 -0.189543694    
 -0.160597563    
 -0.131024361    
 -0.100806735    
  -6.99261129E-02
  -3.83631960E-02
  -6.09784201E-03
   2.68908422E-02
   6.06244318E-02
   9.51251537E-02
  0.130415827    
  0.166519940    
  0.203461379    
  0.241264373    
  0.279953748    
  0.319554567    
  0.360092521    
  0.401593387    
  0.444083065    
  0.487588048    
  0.532135487    
  0.577752113    
  0.624464869    
  0.672300816    
 -0.715869367    
 -0.712571084    
 -0.705183864    
 -0.694965005    
 -0.682625949    
 -0.668612182    
 -0.653221428    
 -0.636660159    
 -0.619078755    
 -0.600587845    
 -0.581270456    
 -0.561189830    
 -0.540392220    
 -0.518914521    
 -0.496782005    
 -0.474013031    
 -0.450619787    
 -0.426610470    
 -0.401987582    
 -0.376750916    
 -0.350897104    
 -0.324419677    
 -0.297310680    
 -0.269559443    
 -0.241153702    
 -0.212079391    
 -0.182321683    
 -0.151863843    
 -0.120687976    
  -8.87752175E-02
  -5.61055839E-02
  -2.26581804E-02
   1.15887085E-02
   4.66575958E-02
   8.25717598E-02
  0.119355120    
  0.157032222    
  0.195628509    
  0.235169679    
  0.275681794    
  0.317191690    
  0.359726340    
  0.403313637    
  0.447981387    
  0.493757367    
  0.540670574    
  0.588750064    
  0.638025105    
  0.688524604    
  0.740278065    
 -0.721466362    
 -0.718242526    
 -0.711002529    
 -0.700953126    
 -0.688774526    
 -0.674892902    
 -0.659593701    
 -0.643074870    
 -0.625481546    
 -0.606920063    
 -0.587470710    
 -0.567194104    
 -0.546134889    
 -0.524328053    
 -0.501797616    
 -0.478560120    
 -0.454627573    
 -0.430006415    
 -0.404698223    
 -0.378701657    
 -0.352012515    
 -0.324623227    
 -0.296525031    
 -0.267706037    
 -0.238152996    
 -0.207851022    
 -0.176784053    
 -0.144934297    
 -0.112282842    
  -7.88095221E-02
  -4.44932990E-02
  -9.31203738E-03
   2.67572366E-02
   6.37383536E-02
  0.101655930    
  0.140535310    
  0.180402473    
  0.221284196    
  0.263207883    
  0.306201160    
  0.350292474    
  0.395510435    
  0.441884637    
  0.489444613    
  0.538220108    
  0.588242173    
  0.639541507    
  0.692149103    
  0.746096134    
  0.801413774    
 -0.727259874    
 -0.724119961    
 -0.717047453    
 -0.707193851    
 -0.695205986    
 -0.681489468    
 -0.666317225    
 -0.649878979    
 -0.632314026    
 -0.613725126    
 -0.594189227    
 -0.573765218    
 -0.552495837    
 -0.530414820    
 -0.507544935    
 -0.483901590    
 -0.459496111    
 -0.434333742    
 -0.408415675    
 -0.381739527    
 -0.354300559    
 -0.326090515    
 -0.297099739    
 -0.267315924    
 -0.236725107    
 -0.205311567    
 -0.173058480    
 -0.139947444    
 -0.105958730    
  -7.10714161E-02
  -3.52635495E-02
   1.48778944E-03
   3.92064936E-02
   7.79173374E-02
  0.117645942    
  0.158418670    
  0.200262651    
  0.243205756    
  0.287276298    
  0.332503319    
  0.378916502    
  0.426546305    
  0.475422919    
  0.525577903    
  0.577042460    
  0.629848659    
  0.684029102    
  0.739616334    
  0.796643198    
  0.855142772    
 -0.733244836    
 -0.730199099    
 -0.723315656    
 -0.713685751    
 -0.701920569    
 -0.688404560    
 -0.673397124    
 -0.657080114    
 -0.639586687    
 -0.621016145    
 -0.601442814    
 -0.580923498    
 -0.559499681    
 -0.537203670    
 -0.514057338    
 -0.490075409    
 -0.465268672    
 -0.439641625    
 -0.413194805    
 -0.385925740    
 -0.357829005    
 -0.328896284    
 -0.299117178    
 -0.268479258    
 -0.236968085    
 -0.204567730    
 -0.171260878    
 -0.137028769    
 -0.101851203    
  -6.57068938E-02
  -2.85733957E-02
   9.57267173E-03
   4.87557463E-02
   8.90011266E-02
  0.130335122    
  0.172784582    
  0.216377571    
  0.261142462    
  0.307108521    
  0.354305446    
  0.402763903    
  0.452515423    
  0.503591537    
  0.556024134    
  0.609845757    
  0.665090263    
  0.721790612    
  0.779980958    
  0.839695454    
  0.900968909    
 -0.739415348    
 -0.736475050    
 -0.729803324    
 -0.720426857    
 -0.708918333    
 -0.695640028    
 -0.680837572    
 -0.664684534    
 -0.647308469    
 -0.628805339    
 -0.609246731    
 -0.588687479    
 -0.567168653    
 -0.544720650    
 -0.521364927    
 -0.497116178    
 -0.471984595    
 -0.445974201    
 -0.419085473    
 -0.391315758    
 -0.362659395    
 -0.333108097    
 -0.302651495    
 -0.271277040    
 -0.238970295    
 -0.205715373    
 -0.171494901    
 -0.136290014    
 -0.100080594    
  -6.28452897E-02
  -2.45615765E-02
   1.47940433E-02
   5.52461073E-02
   9.68201682E-02
  0.139542580    
  0.183440551    
  0.228542417    
  0.274876922    
  0.322473645    
  0.371362835    
  0.421575546    
  0.473143756    
  0.526099622    
  0.580475926    
  0.636305869    
  0.693623960    
  0.752464473    
  0.812861621    
  0.874850929    
  0.938468397    
 -0.745764732    
 -0.742941916    
 -0.736506641    
 -0.727414668    
 -0.716198802    
 -0.703197360    
 -0.688641965    
 -0.672697842    
 -0.655487359    
 -0.637103200    
 -0.617614269    
 -0.597074032    
 -0.575522602    
 -0.552989125    
 -0.529495180    
 -0.505055428    
 -0.479679525    
 -0.453371614    
 -0.426132232    
 -0.397959054    
 -0.368846267    
 -0.338785976    
 -0.307768136    
 -0.275780559    
 -0.242809117    
 -0.208838180    
 -0.173850879    
 -0.137828544    
 -0.100751415    
  -6.25985116E-02
  -2.33476609E-02
   1.70243420E-02
   5.85417338E-02
  0.101229876    
  0.145114809    
  0.190223709    
  0.236584634    
  0.284226269    
  0.333178103    
  0.383470565    
  0.435134679    
  0.488202393    
  0.542706013    
  0.598678827    
  0.656154513    
  0.715167463    
  0.775752664    
  0.837944865    
  0.901779950    
  0.967294872    
 -0.752286255    
 -0.749593616    
 -0.743420839    
 -0.734646559    
 -0.723760724    
 -0.711076975    
 -0.696812570    
 -0.681124628    
 -0.664130330    
 -0.645918846    
 -0.626557291    
 -0.606097579    
 -0.584578633    
 -0.562029660    
 -0.538472116    
 -0.513920426    
 -0.488384694    
 -0.461868823    
 -0.434374094    
 -0.405898571    
 -0.376436830    
 -0.345981807    
 -0.314523786    
 -0.282051533    
 -0.248551235    
 -0.214008093    
 -0.178405911    
 -0.141726732    
 -0.103951588    
  -6.50602877E-02
  -2.50313375E-02
   1.61577668E-02
   5.85305542E-02
  0.102111667    
  0.146926567    
  0.193001792    
  0.240364701    
  0.289043546    
  0.339067370    
  0.390466005    
  0.443270057    
  0.497511238    
  0.553221643    
  0.610434294    
  0.669182777    
  0.729501188    
  0.791424870    
  0.854988813    
  0.920228839    
  0.987181783    
 -0.758971989    
 -0.756423235    
 -0.750540495    
 -0.742118597    
 -0.731601954    
 -0.719278336    
 -0.705350816    
 -0.689968467    
 -0.673242807    
 -0.655260384    
 -0.636085749    
 -0.615770280    
 -0.594352126    
 -0.571860075    
 -0.548316061    
 -0.523734808    
 -0.498126507    
 -0.471495658    
 -0.443844348    
 -0.415171146    
 -0.385471821    
 -0.354739815    
 -0.322966397    
 -0.290141374    
 -0.256251842    
 -0.221284106    
 -0.185223013    
 -0.148051694    
 -0.109752409    
  -7.03059584E-02
  -2.96920240E-02
   1.21107390E-02
   5.51247448E-02
   9.93734449E-02
  0.144881293    
  0.191673756    
  0.239777029    
  0.289218515    
  0.340026081    
  0.392228812    
  0.445856571    
  0.500939965    
  0.557510376    
  0.615600348    
  0.675242543    
  0.736471117    
  0.799320579    
  0.863825500    
  0.930021524    
  0.997945428    
 -0.765812993    
 -0.763423026    
 -0.757859349    
 -0.749826312    
 -0.739719808    
 -0.727800429    
 -0.714257538    
 -0.699231267    
 -0.682828963    
 -0.665133238    
 -0.646207690    
 -0.626102149    
 -0.604854882    
 -0.582494855    
 -0.559044003    
 -0.534517825    
 -0.508926809    
 -0.482276738    
 -0.454570293    
 -0.425807118    
 -0.395983994    
 -0.365095556    
 -0.333134264    
 -0.300091177    
 -0.265954852    
 -0.230712876    
 -0.194351375    
 -0.156855196    
 -0.118207969    
  -7.83920139E-02
  -3.73885706E-02
   4.82215779E-03
   4.82610278E-02
   9.29499343E-02
  0.138911724    
  0.186170310    
  0.234750539    
  0.284678012    
  0.335979491    
  0.388682514    
  0.442815304    
  0.498407871    
  0.555489779    
  0.614092231    
  0.674247324    
  0.735988140    
  0.799347818    
  0.864360809    
  0.931061447    
  0.999486208    
 -0.772799730    
 -0.770584822    
 -0.765371203    
 -0.757764876    
 -0.748110533    
 -0.736641407    
 -0.723532081    
 -0.708914340    
 -0.692890823    
 -0.675541580    
 -0.656928480    
 -0.637100756    
 -0.616096795    
 -0.593945444    
 -0.570669591    
 -0.546284974    
 -0.520803213    
 -0.494231552    
 -0.466573477    
 -0.437829792    
 -0.407998681    
 -0.377076447    
 -0.345056534    
 -0.311931759    
 -0.277692616    
 -0.242328063    
 -0.205826163    
 -0.168173388    
 -0.129355356    
  -8.93562734E-02
  -4.81593087E-02
  -5.74660860E-03
   3.79006825E-02
   8.28024596E-02
  0.128979564    
  0.176453933    
  0.225248247    
  0.275386393    
  0.326893091    
  0.379793942    
  0.434115320    
  0.489885271    
  0.547131479    
  0.605884075    
  0.666173041    
  0.728029907    
  0.791486859    
  0.856576800    
  0.923332870    
  0.991789997    
 -0.779921710    
 -0.777899325    
 -0.773068607    
 -0.765928566    
 -0.756770253    
 -0.745798409    
 -0.733172834    
 -0.719017148    
 -0.703429878    
 -0.686487854    
 -0.668251991    
 -0.648771465    
 -0.628084302    
 -0.606220007    
 -0.583202362    
 -0.559047341    
 -0.533768594    
 -0.507374346    
 -0.479869485    
 -0.451256007    
 -0.421533883    
 -0.390700966    
 -0.358752787    
 -0.325683564    
 -0.291485906    
 -0.256150752    
 -0.219668418    
 -0.182027131    
 -0.143214822    
 -0.103218094    
  -6.20223396E-02
  -1.96120609E-02
   2.40292065E-02
   6.89189211E-02
  0.115075491    
  0.162518293    
  0.211267695    
  0.261344790    
  0.312772065    
  0.365572810    
  0.419771105    
  0.475392133    
  0.532461822    
  0.591007650    
  0.651057541    
  0.712641120    
  0.775788367    
  0.840530813    
  0.906899512    
  0.974927843    
 -0.787167192    
 -0.785356283    
 -0.780943394    
 -0.774311244    
 -0.765693784    
 -0.755267620    
 -0.743177295    
 -0.729538381    
 -0.714445472    
 -0.697972775    
 -0.680180252    
 -0.661117136    
 -0.640821278    
 -0.619323552    
 -0.596647799    
 -0.572812021    
 -0.547830701    
 -0.521713734    
 -0.494467437    
 -0.466095567    
 -0.436599821    
 -0.405979872    
 -0.374233514    
 -0.341356784    
 -0.307344526    
 -0.272189826    
 -0.235885561    
 -0.198422238    
 -0.159790218    
 -0.119978882    
  -7.89760947E-02
  -3.67691740E-02
   6.65559806E-03
   5.13127781E-02
   9.72179547E-02
  0.144387543    
  0.192838922    
  0.242590308    
  0.293661147    
  0.346071720    
  0.399843067    
  0.454997838    
  0.511559010    
  0.569551051    
  0.628999233    
  0.689930558    
  0.752373099    
  0.816354811    
  0.881905377    
  0.949055791    
 -0.794523180    
 -0.792945087    
 -0.788986862    
 -0.782905757    
 -0.774875402    
 -0.765044391    
 -0.753541768    
 -0.740475059    
 -0.725935459    
 -0.709995091    
 -0.692712724    
 -0.674137950    
 -0.654308915    
 -0.633257568    
 -0.611008763    
 -0.587581992    
 -0.562993109    
 -0.537253439    
 -0.510371089    
 -0.482352078    
 -0.453199685    
 -0.422915787    
 -0.391500354    
 -0.358951807    
 -0.325267106    
 -0.290442169    
 -0.254472077    
 -0.217350185    
 -0.179069638    
 -0.139622599    
  -9.89999622E-02
  -5.71921133E-02
  -1.41884638E-02
   3.00223418E-02
   7.54525289E-02
  0.122115195    
  0.170024306    
  0.219194606    
  0.269642085    
  0.321383476    
  0.374436498    
  0.428820014    
  0.484553784    
  0.541658998    
  0.600157380    
  0.660072923    
  0.721430182    
  0.784254491    
  0.848572373    
  0.914412498    
 -0.801975369    
 -0.800653994    
 -0.797189653    
 -0.791704178    
 -0.784308791    
 -0.775123060    
 -0.764261186    
 -0.751823246    
 -0.737896502    
 -0.722551763    
 -0.705846965    
 -0.687832236    
 -0.668545604    
 -0.648020923    
 -0.626284122    
 -0.603355944    
 -0.579254031    
 -0.553991556    
 -0.527578294    
 -0.500022471    
 -0.471329540    
 -0.441503465    
 -0.410546392    
 -0.378459543    
 -0.345242143    
 -0.310892969    
 -0.275409698    
 -0.238788545    
 -0.201025829    
 -0.162116706    
 -0.122055374    
  -8.08354467E-02
  -3.84498872E-02
   5.10912063E-03
   4.98501286E-02
   9.57824588E-02
  0.142916247    
  0.191262320    
  0.240832597    
  0.291639894    
  0.343697846    
  0.397021204    
  0.451625705    
  0.507528603    
  0.564747751    
  0.623303115    
  0.683215320    
  0.744506299    
  0.807198882    
  0.871318698    
 -0.809508085    
 -0.808470249    
 -0.805542171    
 -0.800698638    
 -0.793986797    
 -0.785497129    
 -0.775329828    
 -0.763577402    
 -0.750323415    
 -0.735637784    
 -0.719578147    
 -0.702194750    
 -0.683526695    
 -0.663608909    
 -0.642468572    
 -0.620128512    
 -0.596607864    
 -0.571921349    
 -0.546081245    
 -0.519097745    
 -0.490978390    
 -0.461729735    
 -0.431356132    
 -0.399861634    
 -0.367247909    
 -0.333516538    
 -0.298667997    
 -0.262701929    
 -0.225617588    
 -0.187413335    
 -0.148086905    
 -0.107635453    
  -6.60556853E-02
  -2.33436301E-02
   2.05052402E-02
   6.54961541E-02
  0.111635029    
  0.158928305    
  0.207383528    
  0.257008880    
  0.307813376    
  0.359807104    
  0.413001150    
  0.467408121    
  0.523040950    
  0.579915404    
  0.638047397    
  0.697454453    
  0.758155644    
  0.820172131    
 -0.817104161    
 -0.816380203    
 -0.814033866    
 -0.809880435    
 -0.803901851    
 -0.796159804    
 -0.786740720    
 -0.775730431    
 -0.763209462    
 -0.749246597    
 -0.733899772    
 -0.717219055    
 -0.699244857    
 -0.680013776    
 -0.659554005    
 -0.637890220    
 -0.615043700    
 -0.591031194    
 -0.565866470    
 -0.539562404    
 -0.512128770    
 -0.483574361    
 -0.453906387    
 -0.423131019    
 -0.391253203    
 -0.358277142    
 -0.324206084    
 -0.289043069    
 -0.252790540    
 -0.215450272    
 -0.177023709    
 -0.137511685    
  -9.69147235E-02
  -5.52330092E-02
  -1.24662276E-02
   3.13864611E-02
   7.63264000E-02
  0.122355364    
  0.169475853    
  0.217691079    
  0.267004877    
  0.317422122    
  0.368948668    
  0.421591371    
  0.475358099    
  0.530259132    
  0.586305141    
  0.643508375    
  0.701883137    
  0.761445761    
 -0.824744403    
 -0.824369788    
 -0.822653294    
 -0.819240093    
 -0.814045370    
 -0.807102442    
 -0.798485696    
 -0.788274467    
 -0.776546657    
 -0.763369918    
 -0.748802364    
 -0.732895434    
 -0.715689957    
 -0.697224319    
 -0.677528203    
 -0.656628072    
 -0.634547293    
 -0.611304462    
 -0.586915433    
 -0.561395586    
 -0.534756780    
 -0.507010579    
 -0.478166252    
 -0.448232800    
 -0.417218268    
 -0.385129243    
 -0.351972252    
 -0.317753464    
 -0.282478482    
 -0.246152729    
 -0.208781332    
 -0.170368835    
 -0.130919889    
  -9.04387757E-02
  -4.89295647E-02
  -6.39600866E-03
   3.71583588E-02
   8.17302763E-02
  0.127317041    
  0.173916206    
  0.221526250    
  0.270145953    
  0.319775134    
  0.370414764    
  0.422066361    
  0.474733829    
  0.528421819    
  0.583136678    
  0.638886690    
  0.695682526    
 -0.832407713    
 -0.832423389    
 -0.831389189    
 -0.828767896    
 -0.824408114    
 -0.818316579    
 -0.810556173    
 -0.801200449    
 -0.790325224    
 -0.777997315    
 -0.764275491    
 -0.749212086    
 -0.732849240    
 -0.715226531    
 -0.696375906    
 -0.676325500    
 -0.655099750    
 -0.632720351    
 -0.609205008    
 -0.584571064    
 -0.558832824    
 -0.532004714    
 -0.504098058    
 -0.475124687    
 -0.445095092    
 -0.414018840    
 -0.381905586    
 -0.348764479    
 -0.314604580    
 -0.279434681    
 -0.243263274    
 -0.206099018    
 -0.167950332    
 -0.128825873    
  -8.87341350E-02
  -4.76834886E-02
  -5.68252988E-03
   3.72603200E-02
   8.11367705E-02
  0.125938594    
  0.171658084    
  0.218287647    
  0.265820533    
  0.314250797    
  0.363572955    
  0.413783669    
  0.464880258    
  0.516862154    
  0.569730699    
  0.623489618    
 -0.840070128    
 -0.840525270    
 -0.840229571    
 -0.838453352    
 -0.834980428    
 -0.829792678    
 -0.822941959    
 -0.814498007    
 -0.804534078    
 -0.793116927    
 -0.780306160    
 -0.766155183    
 -0.750707448    
 -0.734003961    
 -0.716078520    
 -0.696961284    
 -0.676678360    
 -0.655253470    
 -0.632706523    
 -0.609057307    
 -0.584321916    
 -0.558517635    
 -0.531657934    
 -0.503757298    
 -0.474828839    
 -0.444884777    
 -0.413937688    
 -0.381999582    
 -0.349083304    
 -0.315200269    
 -0.280362934    
 -0.244583353    
 -0.207873791    
 -0.170247257    
 -0.131716475    
  -9.22944769E-02
  -5.19948974E-02
  -1.08313588E-02
   3.11821252E-02
   7.40313604E-02
  0.117702104    
  0.162180185    
  0.207451448    
  0.253502309    
  0.300319552    
  0.347891331    
  0.396206886    
  0.445256829    
  0.495034367    
  0.545534968    
 -0.847704947    
 -0.848658383    
 -0.849162102    
 -0.848286092    
 -0.845752180    
 -0.841520429    
 -0.835632861    
 -0.828155577    
 -0.819160879    
 -0.808715105    
 -0.796879828    
 -0.783708453    
 -0.769246936    
 -0.753537118    
 -0.736614823    
 -0.718511701    
 -0.699256480    
 -0.678874314    
 -0.657387435    
 -0.634817779    
 -0.611183703    
 -0.586504340    
 -0.560796082    
 -0.534075320    
 -0.506357729    
 -0.477658480    
 -0.447992444    
 -0.417374879    
 -0.385821104    
 -0.353346080    
 -0.319965303    
 -0.285694331    
 -0.250549138    
 -0.214546621    
 -0.177703679    
 -0.140037641    
 -0.101567008    
  -6.23106025E-02
  -2.22879332E-02
   1.84807759E-02
   5.99747710E-02
  0.102172799    
  0.145053089    
  0.188593760    
  0.232772961    
  0.277569383    
  0.322962254    
  0.368932307    
  0.415462315    
  0.462537795    
 -0.855281830    
 -0.856806397    
 -0.858174920    
 -0.858255208    
 -0.856712759    
 -0.853488326    
 -0.848616421    
 -0.842160165    
 -0.834191263    
 -0.824777186    
 -0.813979626    
 -0.801853895    
 -0.788447559    
 -0.773803830    
 -0.757959723    
 -0.740949690    
 -0.722804308    
 -0.703549922    
 -0.683211267    
 -0.661812067    
 -0.639372885    
 -0.615915060    
 -0.591457307    
 -0.566017807    
 -0.539614737    
 -0.512265563    
 -0.483987957    
 -0.454799324    
 -0.424718261    
 -0.393762112    
 -0.361949295    
 -0.329298615    
 -0.295829207    
 -0.261561811    
 -0.226516932    
 -0.190715864    
 -0.154181495    
 -0.116937526    
  -7.90086091E-02
  -4.04206738E-02
  -1.20082521E-03
   3.86226662E-02
   7.90203810E-02
  0.119961843    
  0.161415681    
  0.203349993    
  0.245732903    
  0.288532853    
  0.331719905    
  0.375266761    
 -0.862765729    
 -0.864951551    
 -0.867255390    
 -0.868349850    
 -0.867850959    
 -0.865684748    
 -0.861879826    
 -0.856497824    
 -0.849610329    
 -0.841285944    
 -0.831587315    
 -0.820571065    
 -0.808286965    
 -0.794778943    
 -0.780086517    
 -0.764245391    
 -0.747288406    
 -0.729243338    
 -0.710137308    
 -0.689995527    
 -0.668840587    
 -0.646695673    
 -0.623581707    
 -0.599519193    
 -0.574527621    
 -0.548627079    
 -0.521837413    
 -0.494178236    
 -0.465670377    
 -0.436333746    
 -0.406189293    
 -0.375258654    
 -0.343563408    
 -0.311127692    
 -0.277974963    
 -0.244130313    
 -0.209620014    
 -0.174472138    
 -0.138715759    
 -0.102381885    
  -6.55032769E-02
  -2.81147044E-02
   9.74711962E-03
   4.80432734E-02
   8.67327377E-02
  0.125772476    
  0.165117696    
  0.204722479    
  0.244540617    
  0.284527630    
 -0.870116711    
 -0.873076856    
 -0.876392007    
 -0.878558815    
 -0.879155219    
 -0.878096998    
 -0.875409722    
 -0.871154130    
 -0.865401804    
 -0.858223438    
 -0.849682689    
 -0.839837611    
 -0.828740239    
 -0.816435456    
 -0.802964985    
 -0.788365662    
 -0.772672415    
 -0.755914867    
 -0.738121688    
 -0.719319761    
 -0.699533463    
 -0.678787947    
 -0.657105625    
 -0.634509325    
 -0.611020207    
 -0.586659670    
 -0.561449766    
 -0.535411954    
 -0.508569181    
 -0.480943292    
 -0.452557117    
 -0.423434585    
 -0.393599719    
 -0.363078684    
 -0.331897646    
 -0.300084293    
 -0.267667979    
 -0.234679893    
 -0.201152533    
 -0.167120934    
 -0.132622406    
  -9.76969823E-02
  -6.23874627E-02
  -2.67400928E-02
   9.19525232E-03
   4.53646779E-02
   8.17100033E-02
  0.118168734    
  0.154674470    
  0.191158488    
 -0.877287269    
 -0.881166339    
 -0.885573506    
 -0.888871074    
 -0.890613854    
 -0.890712261    
 -0.889191747    
 -0.886112392    
 -0.881547689    
 -0.875569880    
 -0.868244052    
 -0.859629869    
 -0.849780917    
 -0.838744521    
 -0.826562643    
 -0.813274682    
 -0.798916817    
 -0.783520997    
 -0.767116845    
 -0.749732912    
 -0.731395245    
 -0.712130189    
 -0.691962123    
 -0.670915306    
 -0.649012506    
 -0.626276612    
 -0.602731168    
 -0.578399062    
 -0.553304553    
 -0.527471244    
 -0.500923634    
 -0.473686874    
 -0.445786893    
 -0.417251438    
 -0.388108343    
 -0.358387202    
 -0.328118920    
 -0.297336847    
 -0.266075730    
 -0.234373078    
 -0.202269047    
 -0.169806898    
 -0.137033433    
 -0.103999838    
  -7.07622170E-02
  -3.73826511E-02
  -3.93049838E-03
   2.95160599E-02
   6.28680140E-02
   9.60231870E-02
 -0.884221613    
 -0.889206052    
 -0.894789279    
 -0.899275601    
 -0.902214587    
 -0.903517246    
 -0.903210521    
 -0.901356220    
 -0.898029268    
 -0.893304348    
 -0.887248039    
 -0.879921675    
 -0.871380448    
 -0.861673534    
 -0.850844622    
 -0.838934243    
 -0.825980127    
 -0.812015951    
 -0.797072649    
 -0.781180143    
 -0.764365792    
 -0.746657193    
 -0.728080571    
 -0.708660662    
 -0.688422263    
 -0.667388797    
 -0.645585001    
 -0.623035431    
 -0.599764466    
 -0.575797558    
 -0.551159620    
 -0.525877297    
 -0.499977112    
 -0.473487496    
 -0.446437299    
 -0.418856919    
 -0.390777856    
 -0.362234026    
 -0.333261341    
 -0.303897619    
 -0.274183720    
 -0.244163841    
 -0.213885605    
 -0.183401421    
 -0.152768821    
 -0.122052096    
  -9.13241506E-02
  -6.06692322E-02
  -3.01870219E-02
  -1.19248806E-08
