  -2.21046340E-02
  -2.22714301E-02
  -2.26935558E-02
  -2.33794190E-02
  -2.43617948E-02
  -2.56803725E-02
  -2.73764059E-02
  -2.94909887E-02
  -3.20646800E-02
  -3.51374075E-02
  -3.87485176E-02
  -4.29369360E-02
  -4.77411859E-02
  -5.31994663E-02
  -5.93497641E-02
  -6.62298501E-02
  -7.38774016E-02
  -8.23299289E-02
  -9.16247591E-02
 -0.101799250    
 -0.112890668    
 -0.124936230    
 -0.137973115    
 -0.152038440    
 -0.167169288    
 -0.183402658    
 -0.200775683    
 -0.219325379    
 -0.239088774    
 -0.260102898    
 -0.282404602    
 -0.306031108    
 -0.331019491    
 -0.357406616    
 -0.385229468    
 -0.414525062    
 -0.445330262    
 -0.477682143    
 -0.511617661    
 -0.547173560    
 -0.584387004    
 -0.623295009    
 -0.663934469    
 -0.706342518    
 -0.750555933    
 -0.796612084    
 -0.844547570    
 -0.894399524    
 -0.946204722    
  -1.00000000    
  -2.20995508E-02
  -2.22650040E-02
  -2.26839259E-02
  -2.33649369E-02
  -2.43408028E-02
  -2.56511271E-02
  -2.73370333E-02
  -2.94394679E-02
  -3.19988281E-02
  -3.50548849E-02
  -3.86468172E-02
  -4.28133756E-02
  -4.75929268E-02
  -5.30234873E-02
  -5.91428913E-02
  -6.59887269E-02
  -7.35985115E-02
  -8.20095614E-02
  -9.12590548E-02
 -0.101384163    
 -0.112422012    
 -0.124409616    
 -0.137384012    
 -0.151382118    
 -0.166440845    
 -0.182597056    
 -0.199887663    
 -0.218349576    
 -0.238019571    
 -0.258934557    
 -0.281131268    
 -0.304646581    
 -0.329517514    
 -0.355780900    
 -0.383473396    
 -0.412631720    
 -0.443292767    
 -0.475493491    
 -0.509270489    
 -0.544660389    
 -0.581700206    
 -0.620426714    
 -0.660876691    
 -0.703087211    
 -0.747094691    
 -0.792936504    
 -0.840649128    
 -0.890269458    
 -0.941833854    
 -0.995379090    
  -2.20843889E-02
  -2.22458262E-02
  -2.26551630E-02
  -2.33216584E-02
  -2.42780615E-02
  -2.55637001E-02
  -2.72193179E-02
  -2.92854141E-02
  -3.18019204E-02
  -3.48081179E-02
  -3.83426882E-02
  -4.24438789E-02
  -4.71495539E-02
  -5.24972267E-02
  -5.85242212E-02
  -6.52676150E-02
  -7.27644414E-02
  -8.10514465E-02
  -9.01653543E-02
 -0.100142814    
 -0.111020446    
 -0.122834720    
 -0.135622159    
 -0.149419248    
 -0.164262310    
 -0.180187732    
 -0.197231874    
 -0.215431094    
 -0.234821886    
 -0.255440444    
 -0.277322948    
 -0.300505996    
 -0.325025856    
 -0.350918859    
 -0.378221273    
 -0.406969368    
 -0.437199324    
 -0.468947589    
 -0.502250314    
 -0.537143886    
 -0.573664427    
 -0.611848295    
 -0.651731789    
 -0.693351626    
 -0.736743569    
 -0.781944454    
 -0.828990161    
 -0.877917230    
 -0.928761363    
 -0.981559157    
  -2.20593903E-02
  -2.22141761E-02
  -2.26076432E-02
  -2.32500955E-02
  -2.41742600E-02
  -2.54190173E-02
  -2.70244703E-02
  -2.90303826E-02
  -3.14759091E-02
  -3.43995206E-02
  -3.78390737E-02
  -4.18319963E-02
  -4.64153141E-02
  -5.16256914E-02
  -5.74996285E-02
  -6.40733466E-02
  -7.13830367E-02
  -7.94645995E-02
  -8.83539170E-02
  -9.80868340E-02
 -0.108699031    
 -0.120226212    
 -0.132704064    
 -0.146168143    
 -0.160653964    
 -0.176197141    
 -0.192833021    
 -0.210597321    
 -0.229525477    
 -0.249652982    
 -0.271015227    
 -0.293647796    
 -0.317586064    
 -0.342865676    
 -0.369522095    
 -0.397590488    
 -0.427106470    
 -0.458105206    
 -0.490622401    
 -0.524693906    
 -0.560354173    
 -0.597639322    
 -0.636584759    
 -0.677225649    
 -0.719597936    
 -0.763736665    
 -0.809677720    
 -0.857456446    
 -0.907108188    
 -0.958667874    
  -2.20249575E-02
  -2.21705232E-02
  -2.25419812E-02
  -2.31510922E-02
  -2.40305476E-02
  -2.52186079E-02
  -2.67544836E-02
  -2.86769252E-02
  -3.10240034E-02
  -3.38330641E-02
  -3.71408239E-02
  -4.09835801E-02
  -4.53971811E-02
  -5.04171364E-02
  -5.60787544E-02
  -6.24171384E-02
  -6.94672540E-02
  -7.72638693E-02
  -8.58416781E-02
  -9.52353328E-02
 -0.105479442    
 -0.116608404    
 -0.128656819    
 -0.141659021    
 -0.155649364    
 -0.170662254    
 -0.186731964    
 -0.203892946    
 -0.222179443    
 -0.241625831    
 -0.262266368    
 -0.284135252    
 -0.307267010    
 -0.331695944    
 -0.357456058    
 -0.384581894    
 -0.413107216    
 -0.443066657    
 -0.474494845    
 -0.507425487    
 -0.541892946    
 -0.577931464    
 -0.615575731    
 -0.654859543    
 -0.695817292    
 -0.738483310    
 -0.782891810    
 -0.829077661    
 -0.877074480    
 -0.926916778    
  -2.19816547E-02
  -2.21155174E-02
  -2.24590376E-02
  -2.30258219E-02
  -2.38485150E-02
  -2.49645896E-02
  -2.64121313E-02
  -2.82285884E-02
  -3.04506626E-02
  -3.31142731E-02
  -3.62547040E-02
  -3.99067625E-02
  -4.41048704E-02
  -4.88830172E-02
  -5.42750508E-02
  -6.03145957E-02
  -6.70351237E-02
  -7.44698942E-02
  -8.26521590E-02
  -9.16150585E-02
 -0.101391666    
 -0.112015016    
 -0.123518102    
 -0.135933787    
 -0.149294972    
 -0.163634524    
 -0.178985268    
 -0.195380092    
 -0.212851897    
 -0.231433317    
 -0.251157284    
 -0.272056609    
 -0.294164151    
 -0.317512691    
 -0.342134804    
 -0.368063629    
 -0.395331293    
 -0.423970997    
 -0.454015881    
 -0.485498309    
 -0.518451035    
 -0.552906692    
 -0.588898301    
 -0.626458704    
 -0.665620506    
 -0.706416428    
 -0.748879552    
 -0.793042541    
 -0.838938177    
 -0.886599302    
  -2.19301973E-02
  -2.20499858E-02
  -2.23599039E-02
  -2.28757691E-02
  -2.36301832E-02
  -2.46596616E-02
  -2.60009281E-02
  -2.76898798E-02
  -2.97615565E-02
  -3.22501734E-02
  -3.51892710E-02
  -3.86118963E-02
  -4.25507016E-02
  -4.70379069E-02
  -5.21055833E-02
  -5.77855334E-02
  -6.41094595E-02
  -7.11088777E-02
  -7.88151920E-02
  -8.72597694E-02
  -9.64739174E-02
 -0.106488816    
 -0.117335699    
 -0.129045650    
 -0.141649768    
 -0.155179054    
 -0.169664681    
 -0.185137644    
 -0.201629013    
 -0.219169825    
 -0.237791032    
 -0.257523686    
 -0.278398752    
 -0.300447315    
 -0.323700190    
 -0.348188519    
 -0.373942941    
 -0.400994986    
 -0.429375291    
 -0.459114969    
 -0.490244776    
 -0.522795856    
 -0.556799412    
 -0.592285872    
 -0.629286826    
 -0.667832494    
 -0.707954466    
 -0.749684095    
 -0.793051481    
 -0.838088095    
  -2.18714420E-02
  -2.19749156E-02
  -2.22458877E-02
  -2.27027219E-02
  -2.33779848E-02
  -2.43070684E-02
  -2.55251117E-02
  -2.70662196E-02
  -2.89635044E-02
  -3.12491972E-02
  -3.39548253E-02
  -3.71114090E-02
  -4.07495126E-02
  -4.48993184E-02
  -4.95908298E-02
  -5.48537783E-02
  -6.07177988E-02
  -6.72123134E-02
  -7.43666664E-02
  -8.22101533E-02
  -9.07719880E-02
 -0.100081310    
 -0.110167205    
 -0.121058710    
 -0.132784858    
 -0.145374566    
 -0.158856884    
 -0.173260793    
 -0.188615277    
 -0.204949170    
 -0.222291410    
 -0.240670949    
 -0.260116875    
 -0.280657917    
 -0.302322924    
 -0.325140983    
 -0.349140555    
 -0.374350935    
 -0.400801033    
 -0.428519607    
 -0.457535714    
 -0.487878203    
 -0.519576013    
 -0.552657902    
 -0.587152839    
 -0.623088777    
 -0.660495996    
 -0.699402869    
 -0.739838481    
 -0.781831443    
  -2.18063798E-02
  -2.18914542E-02
  -2.21185051E-02
  -2.25087628E-02
  -2.30947398E-02
  -2.39105653E-02
  -2.49895900E-02
  -2.63638850E-02
  -2.80644149E-02
  -3.01211476E-02
  -3.25633474E-02
  -3.54197100E-02
  -3.87184843E-02
  -4.24875617E-02
  -4.67545986E-02
  -5.15469797E-02
  -5.68920188E-02
  -6.28167763E-02
  -6.93482533E-02
  -7.65134171E-02
  -8.43391046E-02
  -9.28521529E-02
 -0.102079317    
 -0.112047195    
 -0.122782610    
 -0.134311974    
 -0.146662116    
 -0.159859613    
 -0.173931032    
 -0.188903049    
 -0.204802036    
 -0.221654698    
 -0.239487827    
 -0.258327663    
 -0.278200835    
 -0.299133986    
 -0.321153462    
 -0.344285756    
 -0.368557721    
 -0.393995941    
 -0.420626730    
 -0.448476583    
 -0.477572113    
 -0.507939875    
 -0.539606571    
 -0.572598279    
 -0.606941938    
 -0.642663836    
 -0.679790676    
 -0.718349338    
  -2.17361357E-02
  -2.18009017E-02
  -2.19794642E-02
  -2.22962275E-02
  -2.27836259E-02
  -2.34743953E-02
  -2.43999008E-02
  -2.55899839E-02
  -2.70732064E-02
  -2.88770609E-02
  -3.10282968E-02
  -3.35530601E-02
  -3.64770554E-02
  -3.98256034E-02
  -4.36237454E-02
  -4.78963368E-02
  -5.26681058E-02
  -5.79635017E-02
  -6.38069436E-02
  -7.02228099E-02
  -7.72353485E-02
  -8.48688111E-02
  -9.31473821E-02
 -0.102095015    
 -0.111735955    
 -0.122094065    
 -0.133193582    
 -0.145058453    
 -0.157712638    
 -0.171180204    
 -0.185485020    
 -0.200651243    
 -0.216702759    
 -0.233663425    
 -0.251557231    
 -0.270408362    
 -0.290240288    
 -0.311077267    
 -0.332943410    
 -0.355862468    
 -0.379858404    
 -0.404954970    
 -0.431176275    
 -0.458546311    
 -0.487089008    
 -0.516828120    
 -0.547787547    
 -0.579991281    
 -0.613463581    
 -0.648228407    
  -2.16619428E-02
  -2.17046924E-02
  -2.18306594E-02
  -2.20677014E-02
  -2.24481579E-02
  -2.30032299E-02
  -2.37621702E-02
  -2.47523487E-02
  -2.59997342E-02
  -2.75291409E-02
  -2.93645822E-02
  -3.15294415E-02
  -3.40466350E-02
  -3.69387269E-02
  -4.02279310E-02
  -4.39363271E-02
  -4.80858125E-02
  -5.26980422E-02
  -5.77946380E-02
  -6.33971468E-02
  -6.95270449E-02
  -7.62057602E-02
  -8.34545866E-02
  -9.12948102E-02
  -9.97477174E-02
 -0.108834490    
 -0.118576385    
 -0.128994688    
 -0.140110537    
 -0.151945144    
 -0.164519504    
 -0.177854940    
 -0.191972643    
 -0.206893548    
 -0.222638890    
 -0.239229888    
 -0.256687492    
 -0.275033057    
 -0.294287562    
 -0.314472109    
 -0.335607857    
 -0.357715786    
 -0.380817115    
 -0.404933065    
 -0.430084705    
 -0.456293166    
 -0.483579367    
 -0.511964679    
 -0.541469932    
 -0.572116613    
  -2.15851478E-02
  -2.16043685E-02
  -2.16741450E-02
  -2.18259972E-02
  -2.20921468E-02
  -2.25021727E-02
  -2.30830330E-02
  -2.38594767E-02
  -2.48547029E-02
  -2.60906331E-02
  -2.75883805E-02
  -2.93683540E-02
  -3.14505100E-02
  -3.38544250E-02
  -3.65993455E-02
  -3.97043340E-02
  -4.31882739E-02
  -4.70698625E-02
  -5.13677001E-02
  -5.61003312E-02
  -6.12862185E-02
  -6.69437647E-02
  -7.30912760E-02
  -7.97470361E-02
  -8.69292989E-02
  -9.46562737E-02
 -0.102946259    
 -0.111817405    
 -0.121287897    
 -0.131375894    
 -0.142099485    
 -0.153476894    
 -0.165526345    
 -0.178265691    
 -0.191713229    
 -0.205887005    
 -0.220805258    
 -0.236485988    
 -0.252947360    
 -0.270207465    
 -0.288284272    
 -0.307195842    
 -0.326960415    
 -0.347596049    
 -0.369121075    
 -0.391553372    
 -0.414911121    
 -0.439212292    
 -0.464475095    
 -0.490717441    
  -2.15071812E-02
  -2.15015933E-02
  -2.15121172E-02
  -2.15741098E-02
  -2.17196662E-02
  -2.19766535E-02
  -2.23695897E-02
  -2.29204707E-02
  -2.36495435E-02
  -2.45757122E-02
  -2.57169791E-02
  -2.70906650E-02
  -2.87135709E-02
  -3.06021255E-02
  -3.27724293E-02
  -3.52403633E-02
  -3.80216725E-02
  -4.11318764E-02
  -4.45864163E-02
  -4.84006368E-02
  -5.25898337E-02
  -5.71692362E-02
  -6.21539950E-02
  -6.75592050E-02
  -7.33999833E-02
  -7.96913505E-02
  -8.64483863E-02
  -9.36860517E-02
 -0.101419397    
 -0.109663397    
 -0.118432984    
 -0.127743170    
 -0.137608960    
 -0.148045182    
 -0.159066707    
 -0.170688584    
 -0.182925671    
 -0.195792928    
 -0.209305406    
 -0.223477855    
 -0.238325194    
 -0.253862292    
 -0.270104051    
 -0.287065595    
 -0.304761648    
 -0.323207319    
 -0.342417419    
 -0.362406790    
 -0.383190572    
 -0.404783368    
  -2.14295555E-02
  -2.13981196E-02
  -2.13468838E-02
  -2.13152077E-02
  -2.13350244E-02
  -2.14324091E-02
  -2.16293503E-02
  -2.19449345E-02
  -2.23963503E-02
  -2.29993314E-02
  -2.37686560E-02
  -2.47184057E-02
  -2.58620959E-02
  -2.72128750E-02
  -2.87835412E-02
  -3.05866804E-02
  -3.26347351E-02
  -3.49399224E-02
  -3.75143737E-02
  -4.03701365E-02
  -4.35192026E-02
  -4.69734408E-02
  -5.07447273E-02
  -5.48448712E-02
  -5.92856258E-02
  -6.40787408E-02
  -6.92359731E-02
  -7.47689530E-02
  -8.06894302E-02
  -8.70090500E-02
  -9.37394053E-02
 -0.100892238    
 -0.108479157    
 -0.116511710    
 -0.125001460    
 -0.133960158    
 -0.143399268    
 -0.153330520    
 -0.163765401    
 -0.174715638    
 -0.186192811    
 -0.198208287    
 -0.210773870    
 -0.223901048    
 -0.237601519    
 -0.251886785    
 -0.266768545    
 -0.282258302    
 -0.298367649    
 -0.315108091    
  -2.13538464E-02
  -2.12957673E-02
  -2.11808607E-02
  -2.10525915E-02
  -2.09427085E-02
  -2.08754353E-02
  -2.08701268E-02
  -2.09428873E-02
  -2.11077183E-02
  -2.13771071E-02
  -2.17624847E-02
  -2.22745724E-02
  -2.29235217E-02
  -2.37190668E-02
  -2.46706232E-02
  -2.57873628E-02
  -2.70783138E-02
  -2.85522956E-02
  -3.02180219E-02
  -3.20841260E-02
  -3.41591649E-02
  -3.64516228E-02
  -3.89699414E-02
  -4.17225100E-02
  -4.47176695E-02
  -4.79637235E-02
  -5.14690243E-02
  -5.52418120E-02
  -5.92903942E-02
  -6.36229217E-02
  -6.82476535E-02
  -7.31728524E-02
  -7.84067288E-02
  -8.39573443E-02
  -8.98329243E-02
  -9.60417241E-02
 -0.102591828    
 -0.109491505    
 -0.116748936    
 -0.124372102    
 -0.132369280    
 -0.140748695    
 -0.149518386    
 -0.158686653    
 -0.168261513    
 -0.178251073    
 -0.188663691    
 -0.199507460    
 -0.210790455    
 -0.222520858    
  -2.12816745E-02
  -2.11964138E-02
  -2.10165381E-02
  -2.07896642E-02
  -2.05473527E-02
  -2.03119125E-02
  -2.01000012E-02
  -1.99246742E-02
  -1.97966751E-02
  -1.97251588E-02
  -1.97181422E-02
  -1.97829120E-02
  -1.99261643E-02
  -2.01541707E-02
  -2.04728656E-02
  -2.08879355E-02
  -2.14049388E-02
  -2.20292024E-02
  -2.27659494E-02
  -2.36203186E-02
  -2.45973878E-02
  -2.57021431E-02
  -2.69395299E-02
  -2.83144396E-02
  -2.98317224E-02
  -3.14962193E-02
  -3.33127342E-02
  -3.52860540E-02
  -3.74208950E-02
  -3.97220179E-02
  -4.21941392E-02
  -4.48420197E-02
  -4.76703048E-02
  -5.06836548E-02
  -5.38867861E-02
  -5.72844073E-02
  -6.08811416E-02
  -6.46816641E-02
  -6.86906576E-02
  -7.29127154E-02
  -7.73525015E-02
  -8.20147321E-02
  -8.69040489E-02
  -9.20251012E-02
  -9.73824784E-02
 -0.102980837    
 -0.108824812    
 -0.114919074    
 -0.121268332    
 -0.127877146    
  -2.12147031E-02
  -2.11019795E-02
  -2.08564550E-02
  -2.05299035E-02
  -2.01536883E-02
  -1.97481606E-02
  -1.93272289E-02
  -1.89008694E-02
  -1.84765235E-02
  -1.80599578E-02
  -1.76557414E-02
  -1.72676891E-02
  -1.68989804E-02
  -1.65523887E-02
  -1.62303168E-02
  -1.59349591E-02
  -1.56683046E-02
  -1.54321734E-02
  -1.52282612E-02
  -1.50581719E-02
  -1.49234422E-02
  -1.48255238E-02
  -1.47658298E-02
  -1.47457132E-02
  -1.47664910E-02
  -1.48294671E-02
  -1.49358939E-02
  -1.50870197E-02
  -1.52840326E-02
  -1.55281415E-02
  -1.58205256E-02
  -1.61623694E-02
  -1.65547971E-02
  -1.69989485E-02
  -1.74959805E-02
  -1.80470273E-02
  -1.86531898E-02
  -1.93155855E-02
  -2.00353302E-02
  -2.08135247E-02
  -2.16512531E-02
  -2.25496553E-02
  -2.35097986E-02
  -2.45327912E-02
  -2.56197136E-02
  -2.67716572E-02
  -2.79897135E-02
  -2.92749908E-02
  -3.06285638E-02
  -3.20515111E-02
  -2.11545955E-02
  -2.10144036E-02
  -2.07031723E-02
  -2.02768333E-02
  -1.97665151E-02
  -1.91905703E-02
  -1.85601823E-02
  -1.78821925E-02
  -1.71607472E-02
  -1.63981952E-02
  -1.55956764E-02
  -1.47534823E-02
  -1.38712972E-02
  -1.29483668E-02
  -1.19835688E-02
  -1.09755630E-02
  -9.92279220E-03
  -8.82354472E-03
  -7.67597137E-03
  -6.47814013E-03
  -5.22803655E-03
  -3.92357353E-03
  -2.56261253E-03
  -1.14296796E-03
   3.37591104E-04
   1.88131933E-03
   3.49050388E-03
   5.16746519E-03
   6.91453600E-03
   8.73408373E-03
   1.06284674E-02
   1.26000801E-02
   1.46513302E-02
   1.67846177E-02
   1.90023817E-02
   2.13070326E-02
   2.37010252E-02
   2.61867810E-02
   2.87667662E-02
   3.14434245E-02
   3.42192352E-02
   3.70966345E-02
   4.00781110E-02
   4.31661494E-02
   4.63632233E-02
   4.96717729E-02
   5.30942753E-02
   5.66332228E-02
   6.02910444E-02
   6.40702248E-02
  -2.11030319E-02
  -2.09356304E-02
  -2.05592737E-02
  -2.00339891E-02
  -1.93906333E-02
  -1.86455678E-02
  -1.78072434E-02
  -1.68793909E-02
  -1.58628654E-02
  -1.47566283E-02
  -1.35583850E-02
  -1.22649577E-02
  -1.08725419E-02
  -9.37686674E-03
  -7.77332298E-03
  -6.05704309E-03
  -4.22296068E-03
  -2.26584054E-03
  -1.80323710E-04
   2.03904649E-03
   4.39780392E-03
   6.90155709E-03
   9.55597032E-03
   1.23667428E-02
   1.53396381E-02
   1.84804350E-02
   2.17949487E-02
   2.52890307E-02
   2.89685205E-02
   3.28393318E-02
   3.69073488E-02
   4.11785021E-02
   4.56587262E-02
   5.03539443E-02
   5.52701503E-02
   6.04133010E-02
   6.57893494E-02
   7.14042485E-02
   7.72640109E-02
   8.33746195E-02
   8.97421092E-02
   9.63724852E-02
  0.103271686    
  0.110445768    
  0.117900804    
  0.125642806    
  0.133677721    
  0.142011538    
  0.150650218    
  0.159599841    
  -2.10616644E-02
  -2.08675768E-02
  -2.04273108E-02
  -1.98048670E-02
  -1.90308075E-02
  -1.81195252E-02
  -1.70767382E-02
  -1.59031320E-02
  -1.45963104E-02
  -1.31518971E-02
  -1.15642035E-02
  -9.82663967E-03
  -7.93196447E-03
  -5.87245449E-03
  -3.64005030E-03
  -1.22642610E-03
   1.37695111E-03
   4.17877175E-03
   7.18786055E-03
   1.04131382E-02
   1.38636073E-02
   1.75483339E-02
   2.14764550E-02
   2.56571360E-02
   3.00996006E-02
   3.48130986E-02
   3.98069397E-02
   4.50904071E-02
   5.06728590E-02
   5.65636493E-02
   6.27721474E-02
   6.93077296E-02
   7.61798099E-02
   8.33978280E-02
   9.09712985E-02
   9.89095494E-02
  0.107222006    
  0.115918174    
  0.125007570    
  0.134499639    
  0.144403756    
  0.154729560    
  0.165486500    
  0.176683992    
  0.188331679    
  0.200439081    
  0.213015586    
  0.226070672    
  0.239613876    
  0.253654569    
  -2.10321285E-02
  -2.08121277E-02
  -2.03097928E-02
  -1.95929203E-02
  -1.86917484E-02
  -1.76187176E-02
  -1.63768884E-02
  -1.49639491E-02
  -1.33743221E-02
  -1.16003938E-02
  -9.63315088E-03
  -7.46267661E-03
  -5.07837487E-03
  -2.46916292E-03
   3.76388925E-04
   3.46998079E-03
   6.82352297E-03
   1.04490733E-02
   1.43588334E-02
   1.85651053E-02
   2.30802521E-02
   2.79167611E-02
   3.30871083E-02
   3.86038348E-02
   4.44795564E-02
   5.07269092E-02
   5.73585667E-02
   6.43872470E-02
   7.18256384E-02
   7.96864927E-02
   8.79825652E-02
   9.67266187E-02
  0.105931491    
  0.115609944    
  0.125774860    
  0.136439025    
  0.147615314    
  0.159316450    
  0.171555489    
  0.184345201    
  0.197698429    
  0.211628035    
  0.226147160    
  0.241268322    
  0.257004768    
  0.273369133    
  0.290374607    
  0.308033884    
  0.326359749    
  0.345365226    
  -2.10159998E-02
  -2.07711216E-02
  -2.02091634E-02
  -1.94015093E-02
  -1.83780249E-02
  -1.71492621E-02
  -1.57156866E-02
  -1.40720829E-02
  -1.22098094E-02
  -1.01180989E-02
  -7.78475404E-03
  -5.19662350E-03
  -2.33987998E-03
   7.99806148E-04
   4.23711771E-03
   7.98700564E-03
   1.20646460E-02
   1.64853446E-02
   2.12645568E-02
   2.64178552E-02
   3.19608562E-02
   3.79092917E-02
   4.42789085E-02
   5.10855205E-02
   5.83449788E-02
   6.60731718E-02
   7.42860809E-02
   8.29996616E-02
   9.22298580E-02
  0.101992726    
  0.112304278    
  0.123180561    
  0.134637490    
  0.146691382    
  0.159358099    
  0.172653928    
  0.186594874    
  0.201197058    
  0.216476828    
  0.232450098    
  0.249132961    
  0.266541570    
  0.284692436    
  0.303601354    
  0.323284924    
  0.343758792    
  0.365039438    
  0.387143165    
  0.410085917    
  0.433883846    
  -2.10147928E-02
  -2.07463242E-02
  -2.01277789E-02
  -1.92338619E-02
  -1.80940516E-02
  -1.67170614E-02
  -1.51008544E-02
  -1.32374354E-02
  -1.11152325E-02
  -8.72046128E-03
  -6.03786809E-03
  -3.05122766E-03
   2.56384024E-04
   3.90239269E-03
   7.90459197E-03
   1.22810341E-02
   1.70499999E-02
   2.22299173E-02
   2.78393421E-02
   3.38969491E-02
   4.04214896E-02
   4.74317558E-02
   5.49466573E-02
   6.29850999E-02
   7.15660304E-02
   8.07084590E-02
   9.04314518E-02
  0.100754090    
  0.111695521    
  0.123274848    
  0.135511130    
  0.148423627    
  0.162031367    
  0.176353633    
  0.191409558    
  0.207218513    
  0.223799601    
  0.241172120    
  0.259355485    
  0.278368652    
  0.298231065    
  0.318962067    
  0.340580791    
  0.363106668    
  0.386558890    
  0.410956800    
  0.436319947    
  0.462667465    
  0.490018725    
  0.518392801    
  -2.10299361E-02
  -2.07394119E-02
  -2.00678669E-02
  -1.90930590E-02
  -1.78440418E-02
  -1.63277388E-02
  -1.45397689E-02
  -1.24694631E-02
  -1.01024928E-02
  -7.42221810E-03
  -4.41050297E-03
  -1.04821450E-03
   2.68449564E-03
   6.80797361E-03
   1.13429464E-02
   1.63103919E-02
   2.17315219E-02
   2.76277084E-02
   3.40204313E-02
   4.09312882E-02
   4.83819693E-02
   5.63942268E-02
   6.49898425E-02
   7.41907135E-02
   8.40186477E-02
   9.44956467E-02
  0.105643705    
  0.117484808    
  0.130041048    
  0.143334463    
  0.157387123    
  0.172221065    
  0.187858403    
  0.204321265    
  0.221631721    
  0.239812165    
  0.258884460    
  0.278871059    
  0.299794257    
  0.321675986    
  0.344538629    
  0.368404299    
  0.393295377    
  0.419234067    
  0.446242183    
  0.474342316    
  0.503557146    
  0.533908606    
  0.565419137    
  0.598110497    
  -2.10627839E-02
  -2.07519494E-02
  -2.00315323E-02
  -1.89820006E-02
  -1.76319554E-02
  -1.59866139E-02
  -1.40393712E-02
  -1.17770825E-02
  -9.18281917E-03
  -6.23728521E-03
  -2.91965785E-03
   7.91909173E-04
   4.91998391E-03
   9.48764384E-03
   1.45183280E-02
   2.00357586E-02
   2.60638520E-02
   3.26267332E-02
   3.97485979E-02
   4.74537723E-02
   5.57666831E-02
   6.47117794E-02
   7.43135959E-02
   8.45967457E-02
   9.55858082E-02
  0.107305400    
  0.119780354    
  0.133035332    
  0.147095099    
  0.161984608    
  0.177728444    
  0.194351435    
  0.211878419    
  0.230334342    
  0.249743924    
  0.270132124    
  0.291523844    
  0.313944310    
  0.337418348    
  0.361970812    
  0.387626708    
  0.414410681    
  0.442348033    
  0.471463770    
  0.501782477    
  0.533329368    
  0.566129804    
  0.600208580    
  0.635590732    
  0.672300816    
  -2.11145692E-02
  -2.07853820E-02
  -2.00207140E-02
  -1.89033803E-02
  -1.74614787E-02
  -1.56986192E-02
  -1.36061348E-02
  -1.11685889E-02
  -8.36666487E-03
  -5.17861918E-03
  -1.58116198E-03
   2.45004403E-03
   6.94006030E-03
   1.19144702E-02
   1.73992030E-02
   2.34204903E-02
   3.00047323E-02
   3.71785648E-02
   4.49686795E-02
   5.34018837E-02
   6.25051409E-02
   7.23053291E-02
   8.28295872E-02
   9.41049308E-02
  0.106158480    
  0.119017236    
  0.132708684    
  0.147259906    
  0.162698269    
  0.179050922    
  0.196345255    
  0.214608416    
  0.233867690    
  0.254150748    
  0.275484741    
  0.297897160    
  0.321415216    
  0.346066743    
  0.371879220    
  0.398879737    
  0.427095920    
  0.456555009    
  0.487284869    
  0.519312799    
  0.552665889    
  0.587371886    
  0.623458743    
  0.660953820    
  0.699884593    
  0.740278065    
  -2.11864095E-02
  -2.08410230E-02
  -2.00371854E-02
  -1.88596528E-02
  -1.73359755E-02
  -1.54682724E-02
  -1.32459830E-02
  -1.06515884E-02
  -7.66361132E-03
  -4.25809948E-03
  -4.09530796E-04
   3.90867563E-03
   8.72382987E-03
   1.40637606E-02
   1.99566577E-02
   2.64309682E-02
   3.35153900E-02
   4.12387885E-02
   4.96300720E-02
   5.87183200E-02
   6.85327351E-02
   7.91024342E-02
   9.04568136E-02
  0.102625117    
  0.115636632    
  0.129520774    
  0.144307062    
  0.160024986    
  0.176704094    
  0.194373727    
  0.213063553    
  0.232802913    
  0.253621489    
  0.275548995    
  0.298614979    
  0.322849125    
  0.348280966    
  0.374940455    
  0.402857274    
  0.432060719    
  0.462580919    
  0.494447201    
  0.527689695    
  0.562337875    
  0.598421156    
  0.635969818    
  0.675013900    
  0.715582788    
  0.757706285    
  0.801413774    
  -2.12792996E-02
  -2.09200364E-02
  -2.00825222E-02
  -1.88530162E-02
  -1.72584709E-02
  -1.52996331E-02
  -1.29642393E-02
  -1.02329236E-02
  -7.08228443E-03
  -3.48641840E-03
   5.82168985E-04
   5.15203597E-03
   1.02524674E-02
   1.59132741E-02
   2.21646335E-02
   2.90369540E-02
   3.65609415E-02
   4.47673909E-02
   5.36872186E-02
   6.33514747E-02
   7.37913027E-02
   8.50377977E-02
   9.71223116E-02
  0.110076077    
  0.123930402    
  0.138716549    
  0.154466093    
  0.171210438    
  0.188981101    
  0.207809433    
  0.227726907    
  0.248765022    
  0.270955443    
  0.294329524    
  0.318919241    
  0.344755977    
  0.371871263    
  0.400297105    
  0.430064797    
  0.461205810    
  0.493752211    
  0.527735710    
  0.563187957    
  0.600140929    
  0.638625264    
  0.678673804    
  0.720318198    
  0.763590276    
  0.808521152    
  0.855142772    
  -2.13940777E-02
  -2.10234262E-02
  -2.01580953E-02
  -1.88853797E-02
  -1.72316022E-02
  -1.51962610E-02
  -1.27655836E-02
  -9.91860870E-03
  -6.63026609E-03
  -2.87297927E-03
   1.38243928E-03
   6.16624160E-03
   1.15094054E-02
   1.74434371E-02
   2.40002107E-02
   3.12118176E-02
   3.91106531E-02
   4.77291904E-02
   5.71000241E-02
   6.72558919E-02
   7.82295838E-02
   9.00539458E-02
  0.102761924    
  0.116386466    
  0.130960509    
  0.146517098    
  0.163089380    
  0.180710480    
  0.199413463    
  0.219231546    
  0.240197688    
  0.262345225    
  0.285707206    
  0.310317010    
  0.336208105    
  0.363413364    
  0.391966522    
  0.421900690    
  0.453249067    
  0.486044705    
  0.520321250    
  0.556112468    
  0.593451738    
  0.632372141    
  0.672906518    
  0.715089142    
  0.758953393    
  0.804532528    
  0.851859868    
  0.900968909    
  -2.15314366E-02
  -2.11520214E-02
  -2.02650465E-02
  -1.89583618E-02
  -1.72576103E-02
  -1.51611771E-02
  -1.26539962E-02
  -9.71376430E-03
  -6.31402573E-03
  -2.42581614E-03
   1.98145537E-03
   6.93943165E-03
   1.24804927E-02
   1.86375268E-02
   2.54437774E-02
   3.29327621E-02
   4.11382504E-02
   5.00940643E-02
   5.98341934E-02
   7.03927353E-02
   8.18038508E-02
   9.41017717E-02
  0.107320793    
  0.121495232    
  0.136659399    
  0.152847737    
  0.170094699    
  0.188434720    
  0.207902268    
  0.228531897    
  0.250357985    
  0.273415208    
  0.297738045    
  0.323361248    
  0.350319356    
  0.378646910    
  0.408378989    
  0.439549923    
  0.472194254    
  0.506346762    
  0.542041719    
  0.579314709    
  0.618200183    
  0.658732891    
  0.700947165    
  0.744878769    
  0.790561855    
  0.838031232    
  0.887321591    
  0.938468397    
  -2.16919072E-02
  -2.13064738E-02
  -2.04042997E-02
  -1.90732740E-02
  -1.73383243E-02
  -1.51968487E-02
  -1.26327332E-02
  -9.62258503E-03
  -6.13886630E-03
  -2.15151161E-03
   2.37115892E-03
   7.46187614E-03
   1.31541044E-02
   1.94817893E-02
   2.64792573E-02
   3.41811106E-02
   4.26221602E-02
   5.18372953E-02
   6.18615635E-02
   7.27301240E-02
   8.44781622E-02
   9.71409529E-02
  0.110753857    
  0.125352263    
  0.140971482    
  0.157646969    
  0.175414324    
  0.194308937    
  0.214366332    
  0.235622033    
  0.258111626    
  0.281870604    
  0.306934595    
  0.333339542    
  0.361120760    
  0.390314102    
  0.420955271    
  0.453079909    
  0.486723572    
  0.521921933    
  0.558710635    
  0.597126007    
  0.637203157    
  0.678978205    
  0.722487152    
  0.767766118    
  0.814850688    
  0.863776267    
  0.914578795    
  0.967294872    
  -2.18758639E-02
  -2.14872379E-02
  -2.05765218E-02
  -1.92310922E-02
  -1.74751151E-02
  -1.53051578E-02
  -1.27042830E-02
  -9.64830164E-03
  -6.10887259E-03
  -2.05514720E-03
   2.54532951E-03
   7.72605604E-03
   1.35212475E-02
   1.99656077E-02
   2.70942170E-02
   3.49423960E-02
   4.35457192E-02
   5.29397838E-02
   6.31603673E-02
   7.42433593E-02
   8.62246677E-02
   9.91402939E-02
  0.113026276    
  0.127918839    
  0.143853888    
  0.160867587    
  0.178996295    
  0.198275983    
  0.218742952    
  0.240433618    
  0.263384074    
  0.287630588    
  0.313209265    
  0.340157121    
  0.368510067    
  0.398304582    
  0.429577023    
  0.462363750    
  0.496701121    
  0.532625079    
  0.570172668    
  0.609380186    
  0.650283813    
  0.692920744    
  0.737326920    
  0.783539474    
  0.831594706    
  0.881529212    
  0.933379054    
  0.987181783    
  -2.20834985E-02
  -2.16945894E-02
  -2.07821336E-02
  -1.94324572E-02
  -1.76689085E-02
  -1.54873775E-02
  -1.28703536E-02
  -9.79312975E-03
  -6.22686464E-03
  -2.14024354E-03
   2.49964441E-03
   7.72673450E-03
   1.35756731E-02
   2.00815815E-02
   2.72799581E-02
   3.52065340E-02
   4.38972749E-02
   5.33881672E-02
   6.37154058E-02
   7.49152601E-02
   8.70240405E-02
  0.100078098    
  0.114113905    
  0.129168004    
  0.145276666    
  0.162476510    
  0.180804163    
  0.200296074    
  0.220988914    
  0.242919356    
  0.266123861    
  0.290639073    
  0.316501677    
  0.343748659    
  0.372416556    
  0.402542204    
  0.434162170    
  0.467313319    
  0.502032220    
  0.538355470    
  0.576320112    
  0.615962803    
  0.657320380    
  0.700429976    
  0.745328307    
  0.792052448    
  0.840639234    
  0.891125560    
  0.943548560    
  0.997945428    
  -2.23148279E-02
  -2.19285917E-02
  -2.10213009E-02
  -1.96776614E-02
  -1.79201625E-02
  -1.57441702E-02
  -1.31318551E-02
  -1.00582661E-02
  -6.49438472E-03
  -2.40873429E-03
   2.23171734E-03
   7.46102026E-03
   1.33139016E-02
   1.98255945E-02
   2.70316526E-02
   3.49679030E-02
   4.36703414E-02
   5.31750321E-02
   6.35182634E-02
   7.47362971E-02
   8.68654996E-02
   9.99423191E-02
  0.114003211    
  0.129084766    
  0.145223364    
  0.162455559    
  0.180818006    
  0.200347215    
  0.221080035    
  0.243052855    
  0.266302407    
  0.290865332    
  0.316778243    
  0.344078004    
  0.372801423    
  0.402985215    
  0.434666127    
  0.467880726    
  0.502665818    
  0.539058208    
  0.577094376    
  0.616811454    
  0.658246040    
  0.701435208    
  0.746415913    
  0.793225110    
  0.841899991    
  0.892476916    
  0.944993138    
  0.999486208    
  -2.25696955E-02
  -2.21891217E-02
  -2.12939382E-02
  -1.99666563E-02
  -1.82288624E-02
  -1.60755776E-02
  -1.34888822E-02
  -1.04438765E-02
  -6.91166893E-03
  -2.86094565E-03
   1.74112455E-03
   6.92837173E-03
   1.27352905E-02
   1.91968549E-02
   2.63483822E-02
   3.42253894E-02
   4.28636260E-02
   5.22989221E-02
   6.25672340E-02
   7.37045333E-02
   8.57469514E-02
   9.87306535E-02
  0.112691656    
  0.127666324    
  0.143690795    
  0.160801262    
  0.179034114    
  0.198425472    
  0.219011888    
  0.240829483    
  0.263914675    
  0.288303703    
  0.314032912    
  0.341138899    
  0.369657934    
  0.399626702    
  0.431081206    
  0.464057922    
  0.498593509    
  0.534724236    
  0.572486222    
  0.611916363    
  0.653050661    
  0.695925891    
  0.740578651    
  0.787045658    
  0.835363805    
  0.885569632    
  0.937699258    
  0.991789997    
  -2.28477586E-02
  -2.24758461E-02
  -2.15996914E-02
  -2.02990379E-02
  -1.85945351E-02
  -1.64810121E-02
  -1.39407180E-02
  -1.09490855E-02
  -7.47765508E-03
  -3.49559449E-03
   1.02940435E-03
   6.13061991E-03
   1.18419882E-02
   1.81979015E-02
   2.52330806E-02
   3.29824351E-02
   4.14811224E-02
   5.07643670E-02
   6.08674958E-02
   7.18258917E-02
   8.36750045E-02
   9.64503735E-02
  0.110187501    
  0.124921925    
  0.140689269    
  0.157525092    
  0.175465122    
  0.194544747    
  0.214799806    
  0.236266047    
  0.258979023    
  0.282974392    
  0.308287770    
  0.334955126    
  0.363012135    
  0.392494500    
  0.423437983    
  0.455877841    
  0.489850312    
  0.525391161    
  0.562535942    
  0.601320326    
  0.641780138    
  0.683951199    
  0.727869093    
  0.773570716    
  0.821091294    
  0.870467186    
  0.921733916    
  0.974927843    
  -2.31484827E-02
  -2.27882247E-02
  -2.19379477E-02
  -2.06740610E-02
  -1.90162268E-02
  -1.69592667E-02
  -1.44858379E-02
  -1.15719847E-02
  -8.18998460E-03
  -4.30979580E-03
   1.00046527E-04
   5.07195061E-03
   1.06389588E-02
   1.68345645E-02
   2.36925520E-02
   3.12469359E-02
   3.95319238E-02
   4.85818051E-02
   5.84309474E-02
   6.91137910E-02
   8.06648359E-02
   9.31186378E-02
  0.106509842    
  0.120872930    
  0.136242539    
  0.152653262    
  0.170139909    
  0.188736826    
  0.208478853    
  0.229400843    
  0.251537353    
  0.274922937    
  0.299592346    
  0.325580299    
  0.352921665    
  0.381651223    
  0.411803365    
  0.443412721    
  0.476514429    
  0.511143088    
  0.547332942    
  0.585119486    
  0.624536812    
  0.665619850    
  0.708403289    
  0.752922535    
  0.799212635    
  0.847308338    
  0.897244096    
  0.949055791    
  -2.34711599E-02
  -2.31255274E-02
  -2.23078504E-02
  -2.10906360E-02
  -1.94925275E-02
  -1.75085254E-02
  -1.51219238E-02
  -1.23096528E-02
  -9.04502161E-03
  -5.29909180E-03
  -1.04154111E-03
   3.75885074E-03
   9.13392473E-03
   1.51159419E-02
   2.17374656E-02
   2.90312599E-02
   3.70302759E-02
   4.57675382E-02
   5.52761480E-02
   6.55893087E-02
   7.67402276E-02
   8.87621716E-02
  0.101688452    
  0.115552455    
  0.130387321    
  0.146226510    
  0.163103402    
  0.181051120    
  0.200103164    
  0.220293105    
  0.241654083    
  0.264219493    
  0.288022637    
  0.313096941    
  0.339476109    
  0.367193162    
  0.396281749    
  0.426774621    
  0.458705664    
  0.492108345    
  0.527015686    
  0.563461065    
  0.601477802    
  0.641099691    
  0.682359636    
  0.725291967    
  0.769929826    
  0.816306889    
  0.864456356    
  0.914412498    
  -2.38148998E-02
  -2.34868322E-02
  -2.27082949E-02
  -2.15473361E-02
  -2.00215820E-02
  -1.81263704E-02
  -1.58458743E-02
  -1.31581770E-02
  -1.00378944E-02
  -6.45748619E-03
  -2.38807593E-03
   2.20007100E-03
   7.33728660E-03
   1.30543094E-02
   1.93821564E-02
   2.63520349E-02
   3.39953378E-02
   4.23435383E-02
   5.14281504E-02
   6.12807907E-02
   7.19331279E-02
   8.34168270E-02
   9.57635790E-02
  0.109005190    
  0.123173244    
  0.138299599    
  0.154415980    
  0.171553940    
  0.189745367    
  0.209022209    
  0.229415938    
  0.250958323    
  0.273681104    
  0.297616035    
  0.322795182    
  0.349249989    
  0.377012283    
  0.406113267    
  0.436585009    
  0.468459576    
  0.501768053    
  0.536542356    
  0.572814107    
  0.610615313    
  0.649977148    
  0.690932095    
  0.733511806    
  0.777748108    
  0.823672950    
  0.871318698    
  -2.41786316E-02
  -2.38710269E-02
  -2.31379475E-02
  -2.20424291E-02
  -2.06011087E-02
  -1.88098196E-02
  -1.66538507E-02
  -1.41126886E-02
  -1.11625288E-02
  -7.77750509E-03
  -3.93047277E-03
   4.06531035E-04
   5.26204519E-03
   1.06649827E-02
   1.66445225E-02
   2.32300516E-02
   3.04510947E-02
   3.83372605E-02
   4.69182171E-02
   5.62237017E-02
   6.62835017E-02
   7.71274194E-02
   8.87852609E-02
  0.101286940    
  0.114662215    
  0.128940970    
  0.144153044    
  0.160328180    
  0.177496359    
  0.195687458    
  0.214931160    
  0.235257298    
  0.256695628    
  0.279276103    
  0.303028762    
  0.327982962    
  0.354168624    
  0.381615341    
  0.410353005    
  0.440411627    
  0.471820444    
  0.504609227    
  0.538807631    
  0.574445784    
  0.611552775    
  0.650159121    
  0.690294206    
  0.731988192    
  0.775270700    
  0.820172131    
  -2.45611034E-02
  -2.42768303E-02
  -2.35952493E-02
  -2.25738734E-02
  -2.12284084E-02
  -1.95553396E-02
  -1.75412931E-02
  -1.51674068E-02
  -1.24117052E-02
  -9.25026275E-03
  -5.65792574E-03
  -1.60877500E-03
   2.92365998E-03
   7.96619896E-03
   1.35459155E-02
   1.96900703E-02
   2.64260769E-02
   3.37813981E-02
   4.17835601E-02
   5.04601933E-02
   5.98388761E-02
   6.99473247E-02
   8.08131695E-02
   9.24641341E-02
  0.104927890    
  0.118232079    
  0.132404387    
  0.147472396    
  0.163463995    
  0.180406675    
  0.198328137    
  0.217255905    
  0.237217665    
  0.258241147    
  0.280353993    
  0.303583562    
  0.327957422    
  0.353502840    
  0.380247831    
  0.408219576    
  0.437445581    
  0.467952937    
  0.499769479    
  0.532922566    
  0.567439318    
  0.603347659    
  0.640674889    
  0.679448545    
  0.719696283    
  0.761445761    
  -2.49608960E-02
  -2.47027911E-02
  -2.40784138E-02
  -2.31393464E-02
  -2.19003931E-02
  -2.03588735E-02
  -1.85029693E-02
  -1.63156893E-02
  -1.37771321E-02
  -1.08655374E-02
  -7.55799841E-03
  -3.83089460E-03
   3.39929480E-04
   4.97894362E-03
   1.01108672E-02
   1.57605819E-02
   2.19531190E-02
   2.87135560E-02
   3.60670313E-02
   4.40387763E-02
   5.26539646E-02
   6.19379357E-02
   7.19158649E-02
   8.26130807E-02
   9.40548927E-02
  0.106266454    
  0.119273067    
  0.133099958    
  0.147772372    
  0.163315549    
  0.179754749    
  0.197115093    
  0.215421796    
  0.234700009    
  0.254975051    
  0.276271790    
  0.298615247    
  0.322030246    
  0.346542329    
  0.372176021    
  0.398956358    
  0.426908374    
  0.456056714    
  0.486426264    
  0.518041611    
  0.550928175    
  0.585110486    
  0.620613813    
  0.657462597    
  0.695682526    
  -2.53764186E-02
  -2.51473058E-02
  -2.45854855E-02
  -2.37362497E-02
  -2.26136073E-02
  -2.12158896E-02
  -1.95330288E-02
  -1.75501034E-02
  -1.52495056E-02
  -1.26118641E-02
  -9.61674750E-03
  -6.24305615E-03
  -2.46918201E-03
   1.72676251E-03
   6.36691134E-03
   1.14735449E-02
   1.70690659E-02
   2.31759418E-02
   2.98166890E-02
   3.70139033E-02
   4.47901376E-02
   5.31680770E-02
   6.21702746E-02
   7.18194172E-02
   8.21381584E-02
   9.31490138E-02
  0.104874633    
  0.117337592    
  0.130560547    
  0.144566029    
  0.159376651    
  0.175014868    
  0.191503212    
  0.208864272    
  0.227120429    
  0.246294022    
  0.266407400    
  0.287482649    
  0.309542388    
  0.332608610    
  0.356703699    
  0.381849706    
  0.408068448    
  0.435382158    
  0.463812590    
  0.493382066    
  0.524112344    
  0.556025684    
  0.589143991    
  0.623489618    
  -2.58059036E-02
  -2.56086420E-02
  -2.51143295E-02
  -2.43617482E-02
  -2.33642664E-02
  -2.21214183E-02
  -2.06250288E-02
  -1.88624747E-02
  -1.68186035E-02
  -1.44766429E-02
  -1.18188402E-02
  -8.82681925E-03
  -5.48172509E-03
  -1.76445383E-03
   2.34432728E-03
   6.86409138E-03
   1.18144108E-02
   1.72149353E-02
   2.30853446E-02
   2.94453949E-02
   3.63148078E-02
   4.37134318E-02
   5.16609512E-02
   6.01772331E-02
   6.92820475E-02
   7.89951012E-02
   8.93361494E-02
  0.100324959    
  0.111981370    
  0.124325000    
  0.137375593    
  0.151152834    
  0.165676236    
  0.180965662    
  0.197040528    
  0.213920280    
  0.231624454    
  0.250172317    
  0.269583255    
  0.289876670    
  0.311071664    
  0.333187580    
  0.356243074    
  0.380257398    
  0.405249268    
  0.431237727    
  0.458241642    
  0.486279905    
  0.515371203    
  0.545534968    
  -2.62474082E-02
  -2.60849372E-02
  -2.56626476E-02
  -2.50127912E-02
  -2.41482984E-02
  -2.30700877E-02
  -2.17720363E-02
  -2.02439670E-02
  -1.84733737E-02
  -1.64462477E-02
  -1.41477007E-02
  -1.15622431E-02
  -8.67396407E-03
  -5.46671636E-03
  -1.92414783E-03
   1.97021826E-03
   6.23295037E-03
   1.08806873E-02
   1.59301087E-02
   2.13979390E-02
   2.73008905E-02
   3.36557552E-02
   4.04792614E-02
   4.77881990E-02
   5.55992909E-02
   6.39292821E-02
   7.27948695E-02
   8.22128132E-02
   9.21998546E-02
  0.102772683    
  0.113947958    
  0.125742301    
  0.138172299    
  0.151254714    
  0.165005982    
  0.179442346    
  0.194580361    
  0.210436359    
  0.227026567    
  0.244367287    
  0.262474656    
  0.281364620    
  0.301052928    
  0.321555406    
  0.342887521    
  0.365065128    
  0.388103545    
  0.412018269    
  0.436824441    
  0.462537795    
  -2.66988166E-02
  -2.65742689E-02
  -2.62280367E-02
  -2.56861337E-02
  -2.49613598E-02
  -2.40561590E-02
  -2.29666252E-02
  -2.16851532E-02
  -2.02020276E-02
  -1.85061637E-02
  -1.65856574E-02
  -1.44280717E-02
  -1.20205935E-02
  -9.35017969E-03
  -6.40361337E-03
  -3.16757034E-03
   3.71362141E-04
   4.22666315E-03
   8.41184612E-03
   1.29404608E-02
   1.78260561E-02
   2.30822377E-02
   2.87225656E-02
   3.47606391E-02
   4.12100069E-02
   4.80842479E-02
   5.53968996E-02
   6.31615072E-02
   7.13917315E-02
   8.01010057E-02
   8.93028304E-02
   9.90106612E-02
  0.109237894    
  0.119998142    
  0.131304681    
  0.143170595    
  0.155609250    
  0.168633848    
  0.182257399    
  0.196492955    
  0.211353496    
  0.226851687    
  0.243000016    
  0.259810954    
  0.277296811    
  0.295469612    
  0.314341486    
  0.333923906    
  0.354228407    
  0.375266761    
  -2.71578059E-02
  -2.70746257E-02
  -2.68079638E-02
  -2.63783801E-02
  -2.57988796E-02
  -2.50736047E-02
  -2.42009927E-02
  -2.31761150E-02
  -2.19921656E-02
  -2.06410903E-02
  -1.91140994E-02
  -1.74019188E-02
  -1.54949687E-02
  -1.33834211E-02
  -1.10573303E-02
  -8.50663241E-03
  -5.72120957E-03
  -2.69086030E-03
   5.94638113E-04
   4.14553471E-03
   7.97208771E-03
   1.20845893E-02
   1.64933186E-02
   2.12085601E-02
   2.62405779E-02
   3.15996595E-02
   3.72960567E-02
   4.33400311E-02
   4.97419015E-02
   5.65118268E-02
   6.36600628E-02
   7.11967871E-02
   7.91320875E-02
   8.74762461E-02
   9.62393209E-02
  0.105431207    
  0.115061931    
  0.125141472    
  0.135679603    
  0.146686122    
  0.158170596    
  0.170142516    
  0.182611123    
  0.195585489    
  0.209074587    
  0.223086923    
  0.237630710    
  0.252713799    
  0.268343687    
  0.284527630    
  -2.76218727E-02
  -2.75839735E-02
  -2.73998361E-02
  -2.70859972E-02
  -2.66561024E-02
  -2.61161476E-02
  -2.54670102E-02
  -2.47065332E-02
  -2.38308683E-02
  -2.28351094E-02
  -2.17136424E-02
  -2.04604808E-02
  -1.90693457E-02
  -1.75337289E-02
  -1.58470422E-02
  -1.40025821E-02
  -1.19936122E-02
  -9.81330778E-03
  -7.45483069E-03
  -4.91132867E-03
  -2.17591901E-03
   7.58276903E-04
   3.89815611E-03
   7.25061679E-03
   1.08225401E-02
   1.46208173E-02
   1.86523367E-02
   2.29239687E-02
   2.74426229E-02
   3.22151259E-02
   3.72483358E-02
   4.25490849E-02
   4.81241383E-02
   5.39803468E-02
   6.01244420E-02
   6.65630624E-02
   7.33029246E-02
   8.03506523E-02
   8.77127275E-02
   9.53956246E-02
  0.103405707    
  0.111749209    
  0.120432124    
  0.129460275    
  0.138839319    
  0.148574397    
  0.158670247    
  0.169130996    
  0.179959714    
  0.191158488    
  -2.80882474E-02
  -2.81002969E-02
  -2.80010123E-02
  -2.78053507E-02
  -2.75281370E-02
  -2.71773264E-02
  -2.67563090E-02
  -2.62657423E-02
  -2.57048178E-02
  -2.50717923E-02
  -2.43643261E-02
  -2.35797483E-02
  -2.27151401E-02
  -2.17674039E-02
  -2.07333378E-02
  -1.96096878E-02
  -1.83931421E-02
  -1.70803331E-02
  -1.56678632E-02
  -1.41523350E-02
  -1.25303101E-02
  -1.07983835E-02
  -8.95309541E-03
  -6.99100737E-03
  -4.90867812E-03
  -2.70266621E-03
  -3.69531452E-04
   2.09417217E-03
   4.69188672E-03
   7.42703956E-03
   1.03030466E-02
   1.33233229E-02
   1.64912548E-02
   1.98102612E-02
   2.32836846E-02
   2.69148592E-02
   3.07070836E-02
   3.46636884E-02
   3.87878492E-02
   4.30827774E-02
   4.75515835E-02
   5.21972962E-02
   5.70227839E-02
   6.20308407E-02
   6.72240108E-02
   7.26045743E-02
   7.81743228E-02
   8.39344859E-02
   8.98849666E-02
   9.60231870E-02
  -2.85538882E-02
  -2.86216717E-02
  -2.86088269E-02
  -2.85327360E-02
  -2.84099728E-02
  -2.82505322E-02
  -2.80603264E-02
  -2.78428737E-02
  -2.76004132E-02
  -2.73343902E-02
  -2.70457640E-02
  -2.67352033E-02
  -2.64031794E-02
  -2.60500330E-02
  -2.56760046E-02
  -2.52812877E-02
  -2.48660408E-02
  -2.44303830E-02
  -2.39743851E-02
  -2.34981384E-02
  -2.30016857E-02
  -2.24851184E-02
  -2.19484512E-02
  -2.13917196E-02
  -2.08149757E-02
  -2.02182382E-02
  -1.96015667E-02
  -1.89649574E-02
  -1.83084607E-02
  -1.76320840E-02
  -1.69358682E-02
  -1.62198544E-02
  -1.54840546E-02
  -1.47285126E-02
  -1.39532564E-02
  -1.31583419E-02
  -1.23438146E-02
  -1.15097184E-02
  -1.06561240E-02
  -9.78310313E-03
  -8.89074430E-03
  -7.97915459E-03
  -7.04847835E-03
  -6.09887252E-03
  -5.13053499E-03
  -4.14373213E-03
  -3.13871680E-03
  -2.11551064E-03
  -1.07250770E-03
  -1.19248806E-08
