 -0.944940627    
 -0.939477026    
 -0.927554071    
 -0.911651671    
 -0.893261909    
 -0.873344719    
 -0.852552414    
 -0.831346333    
 -0.810066998    
 -0.788973093    
 -0.768266380    
 -0.748109102    
 -0.728634059    
 -0.709951758    
 -0.692156494    
 -0.675329626    
 -0.659543395    
 -0.644861281    
 -0.631340206    
 -0.619032800    
 -0.607987761    
 -0.598250568    
 -0.589863539    
 -0.582866907    
 -0.577299237    
 -0.573197544    
 -0.570597708    
 -0.569534481    
 -0.570042074    
 -0.572153568    
 -0.575901687    
 -0.581318915    
 -0.588437498    
 -0.597289026    
 -0.607904911    
 -0.620316267    
 -0.634554267    
 -0.650649905    
 -0.668634415    
 -0.688538313    
 -0.710393131    
 -0.734229445    
 -0.760078490    
 -0.787971497    
 -0.817939639    
 -0.850013912    
 -0.884225607    
 -0.920606375    
 -0.959187329    
  -1.00000000    
 -0.945107043    
 -0.939643502    
 -0.927720547    
 -0.911817253    
 -0.893424928    
 -0.873503029    
 -0.852703810    
 -0.831488013    
 -0.810196102    
 -0.789086640    
 -0.768361211    
 -0.748181701    
 -0.728681147    
 -0.709969521    
 -0.692141235    
 -0.675277531    
 -0.659450471    
 -0.644723356    
 -0.631152928    
 -0.618791819    
 -0.607688665    
 -0.597888529    
 -0.589433908    
 -0.582364619    
 -0.576719284    
 -0.572534800    
 -0.569846570    
 -0.568689585    
 -0.569097638    
 -0.571103930    
 -0.574740827    
 -0.580040514    
 -0.587035418    
 -0.595756888    
 -0.606236279    
 -0.618504226    
 -0.632591724    
 -0.648530126    
 -0.666349888    
 -0.686081767    
 -0.707756937    
 -0.731405854    
 -0.757059455    
 -0.784749091    
 -0.814505637    
 -0.846359968    
 -0.880343437    
 -0.916487038    
 -0.954821706    
 -0.995379090    
 -0.945606232    
 -0.940143287    
 -0.928220212    
 -0.912314057    
 -0.893914044    
 -0.873978317    
 -0.853158176    
 -0.831913531    
 -0.810584247    
 -0.789428353    
 -0.768646777    
 -0.748401165    
 -0.728823841    
 -0.710024774    
 -0.692097843    
 -0.675123930    
 -0.659174621    
 -0.644312561    
 -0.630594850    
 -0.618073285    
 -0.606796086    
 -0.596807957    
 -0.588150740    
 -0.580864310    
 -0.574986517    
 -0.570554078    
 -0.567601740    
 -0.566164196    
 -0.566274643    
 -0.567965984    
 -0.571270168    
 -0.576218843    
 -0.582843900    
 -0.591176212    
 -0.601246536    
 -0.613085568    
 -0.626723349    
 -0.642190635    
 -0.659517944    
 -0.678735375    
 -0.699873090    
 -0.722961485    
 -0.748030961    
 -0.775112629    
 -0.804236293    
 -0.835432827    
 -0.868732750    
 -0.904166639    
 -0.941765130    
 -0.981559157    
 -0.946438193    
 -0.940976322    
 -0.929053366    
 -0.913142502    
 -0.894730031    
 -0.874771714    
 -0.853917003    
 -0.832624853    
 -0.811233819    
 -0.790000975    
 -0.769126534    
 -0.748771429    
 -0.729067326    
 -0.710123360    
 -0.692033112    
 -0.674876511    
 -0.658724487    
 -0.643639326    
 -0.629677355    
 -0.616889775    
 -0.605323970    
 -0.595024288    
 -0.586031556    
 -0.578385293    
 -0.572122514    
 -0.567278981    
 -0.563888907    
 -0.561986506    
 -0.561603963    
 -0.562773347    
 -0.565526187    
 -0.569893301    
 -0.575905204    
 -0.583593011    
 -0.592985809    
 -0.604113638    
 -0.617006361    
 -0.631693244    
 -0.648204386    
 -0.666569114    
 -0.686816514    
 -0.708976269    
 -0.733078241    
 -0.759151816    
 -0.787226915    
 -0.817333102    
 -0.849500597    
 -0.883759022    
 -0.920138240    
 -0.958667874    
 -0.947602749    
 -0.942142665    
 -0.930220187    
 -0.914303362    
 -0.895873904    
 -0.875884771    
 -0.854982615    
 -0.833624899    
 -0.812148511    
 -0.790809214    
 -0.769806087    
 -0.749299228    
 -0.729419351    
 -0.710274577    
 -0.691957474    
 -0.674547553    
 -0.658114433    
 -0.642719686    
 -0.628418684    
 -0.615261853    
 -0.603295803    
 -0.592563391    
 -0.583105326    
 -0.574959576    
 -0.568162143    
 -0.562748015    
 -0.558750629    
 -0.556202888    
 -0.555135846    
 -0.555581093    
 -0.557568610    
 -0.561128259    
 -0.566289663    
 -0.573082507    
 -0.581535101    
 -0.591676295    
 -0.603534639    
 -0.617138863    
 -0.632517576    
 -0.649698913    
 -0.668710947    
 -0.689582348    
 -0.712341905    
 -0.737017751    
 -0.763638198    
 -0.792231858    
 -0.822827756    
 -0.855454981    
 -0.890141666    
 -0.926916778    
 -0.949099958    
 -0.943642259    
 -0.931721151    
 -0.915797472    
 -0.897347271    
 -0.877319574    
 -0.856358171    
 -0.834917843    
 -0.813333571    
 -0.791859448    
 -0.770693481    
 -0.749994159    
 -0.729891360    
 -0.710491657    
 -0.691886604    
 -0.674154878    
 -0.657364786    
 -0.641576588    
 -0.626844525    
 -0.613218546    
 -0.600743532    
 -0.589461565    
 -0.579411805    
 -0.570631087    
 -0.563154280    
 -0.557015121    
 -0.552245736    
 -0.548877537    
 -0.546940863    
 -0.546465456    
 -0.547479987    
 -0.550013661    
 -0.554094374    
 -0.559749782    
 -0.567007661    
 -0.575895309    
 -0.586439490    
 -0.598667860    
 -0.612607658    
 -0.628285587    
 -0.645728290    
 -0.664962828    
 -0.686016440    
 -0.708916187    
 -0.733688891    
 -0.760361493    
 -0.788961530    
 -0.819516420    
 -0.852053046    
 -0.886599302    
 -0.950929642    
 -0.945475459    
 -0.933556914    
 -0.917625785    
 -0.899151921    
 -0.879079223    
 -0.858047605    
 -0.836508811    
 -0.814795613    
 -0.793160319    
 -0.771798730    
 -0.750868499    
 -0.730497539    
 -0.710791230    
 -0.691839933    
 -0.673720598    
 -0.656500518    
 -0.640238702    
 -0.624987960    
 -0.610796750    
 -0.597708642    
 -0.585764408    
 -0.575001717    
 -0.565456033    
 -0.557160676    
 -0.550147772    
 -0.544448197    
 -0.540091932    
 -0.537107468    
 -0.535523236    
 -0.535366297    
 -0.536663949    
 -0.539442360    
 -0.543728292    
 -0.549547136    
 -0.556924880    
 -0.565886736    
 -0.576458573    
 -0.588665724    
 -0.602532923    
 -0.618085742    
 -0.635349631    
 -0.654349685    
 -0.675110817    
 -0.697658956    
 -0.722018540    
 -0.748215914    
 -0.776276290    
 -0.806225121    
 -0.838088095    
 -0.953091621    
 -0.947642207    
 -0.935727894    
 -0.919789851    
 -0.901290417    
 -0.881167233    
 -0.860055804    
 -0.838404298    
 -0.816542864    
 -0.794721484    
 -0.773134172    
 -0.751936674    
 -0.731255114    
 -0.711193383    
 -0.691840410    
 -0.673271477    
 -0.655552447    
 -0.638740897    
 -0.622887790    
 -0.608040154    
 -0.594240129    
 -0.581526875    
 -0.569936156    
 -0.559501886    
 -0.550256014    
 -0.542228639    
 -0.535448849    
 -0.529945016    
 -0.525743902    
 -0.522871792    
 -0.521354258    
 -0.521216393    
 -0.522483289    
 -0.525178909    
 -0.529327273    
 -0.534952283    
 -0.542077124    
 -0.550725639    
 -0.560921311    
 -0.572687209    
 -0.586046696    
 -0.601023138    
 -0.617639601    
 -0.635919571    
 -0.655885935    
 -0.677561462    
 -0.700970411    
 -0.726135969    
 -0.753081799    
 -0.781831443    
 -0.955585420    
 -0.950142145    
 -0.938234508    
 -0.922291219    
 -0.903765440    
 -0.883587778    
 -0.862388074    
 -0.840611279    
 -0.818584681    
 -0.796554923    
 -0.774714053    
 -0.753215730    
 -0.732183933    
 -0.711721420    
 -0.691915274    
 -0.672838688    
 -0.654556334    
 -0.637123525    
 -0.620589972    
 -0.605000496    
 -0.590395570    
 -0.576812744    
 -0.564286172    
 -0.552847147    
 -0.542526782    
 -0.533352256    
 -0.525351584    
 -0.518550515    
 -0.512973785    
 -0.508646309    
 -0.505590975    
 -0.503830969    
 -0.503389537    
 -0.504288077    
 -0.506548703    
 -0.510193229    
 -0.515242696    
 -0.521718442    
 -0.529641926    
 -0.539034188    
 -0.549915910    
 -0.562308431    
 -0.576232255    
 -0.591708839    
 -0.608759105    
 -0.627403617    
 -0.647663713    
 -0.669560432    
 -0.693115115    
 -0.718349338    
 -0.958410978    
 -0.952975690    
 -0.941077530    
 -0.925131381    
 -0.906579673    
 -0.886344910    
 -0.865050912    
 -0.843138695    
 -0.820931613    
 -0.798673332    
 -0.776554108    
 -0.754724443    
 -0.733306944    
 -0.712402403    
 -0.692095220    
 -0.672457576    
 -0.653552353    
 -0.635432422    
 -0.618145823    
 -0.601735294    
 -0.586239696    
 -0.571694493    
 -0.558131874    
 -0.545581162    
 -0.534070969    
 -0.523626864    
 -0.514274478    
 -0.506037712    
 -0.498938769    
 -0.493000150    
 -0.488243163    
 -0.484688461    
 -0.482356489    
 -0.481266588    
 -0.481438696    
 -0.482892126    
 -0.485645235    
 -0.489717513    
 -0.495127857    
 -0.501894474    
 -0.510035992    
 -0.519570827    
 -0.530517519    
 -0.542894363    
 -0.556720197    
 -0.572013080    
 -0.588791728    
 -0.607074559    
 -0.626880586    
 -0.648228407    
 -0.961567640    
 -0.956142604    
 -0.944257617    
 -0.928312302    
 -0.909736574    
 -0.889443696    
 -0.868051410    
 -0.845995247    
 -0.823595285    
 -0.801091611    
 -0.778672040    
 -0.756484449    
 -0.734649062    
 -0.713265240    
 -0.692414522    
 -0.672167838    
 -0.652585268    
 -0.633718193    
 -0.615612686    
 -0.598309278    
 -0.581844807    
 -0.566252649    
 -0.551562428    
 -0.537802100    
 -0.524997175    
 -0.513171911    
 -0.502348602    
 -0.492549300    
 -0.483794332    
 -0.476103365    
 -0.469494939    
 -0.463987619    
 -0.459599346    
 -0.456347018    
 -0.454247683    
 -0.453318208    
 -0.453574955    
 -0.455034226    
 -0.457711995    
 -0.461624295    
 -0.466786861    
 -0.473215342    
 -0.480925918    
 -0.489934057    
 -0.500255644    
 -0.511906505    
 -0.524902046    
 -0.539258361    
 -0.554991245    
 -0.572116613    
 -0.965054810    
 -0.959642410    
 -0.947775841    
 -0.931836247    
 -0.913239777    
 -0.892889857    
 -0.871396840    
 -0.849190950    
 -0.826588392    
 -0.803825438    
 -0.781087160    
 -0.758518398    
 -0.736237705    
 -0.714341760    
 -0.692910314    
 -0.672011554    
 -0.651703715    
 -0.632036388    
 -0.613053203    
 -0.594792664    
 -0.577289402    
 -0.560574234    
 -0.544674754    
 -0.529616773    
 -0.515423298    
 -0.502116024    
 -0.489715666    
 -0.478240788    
 -0.467709661    
 -0.458139181    
 -0.449545711    
 -0.441945046    
 -0.435352385    
 -0.429781884    
 -0.425248027    
 -0.421764672    
 -0.419345826    
 -0.418004602    
 -0.417754561    
 -0.418608725    
 -0.420579940    
 -0.423681021    
 -0.427925259    
 -0.433325142    
 -0.439893991    
 -0.447644234    
 -0.456588894    
 -0.466740757    
 -0.478112608    
 -0.490717441    
 -0.968871653    
 -0.963474989    
 -0.951632679    
 -0.935705066    
 -0.917092919    
 -0.896688819    
 -0.875095427    
 -0.852737069    
 -0.829924822    
 -0.806892097    
 -0.783820093    
 -0.760851622    
 -0.738102376    
 -0.715666831    
 -0.693622231    
 -0.672034562    
 -0.650960147    
 -0.630446374    
 -0.610534310    
 -0.591260433    
 -0.572657049    
 -0.554752469    
 -0.537572503    
 -0.521139920    
 -0.505475760    
 -0.490599126    
 -0.476528078    
 -0.463278532    
 -0.450866282    
 -0.439305604    
 -0.428610235    
 -0.418793023    
 -0.409866571    
 -0.401842117    
 -0.394731253    
 -0.388545305    
 -0.383294731    
 -0.378990263    
 -0.375642478    
 -0.373261154    
 -0.371856421    
 -0.371438146    
 -0.372016251    
 -0.373600543    
 -0.376200706    
 -0.379826725    
 -0.384488314    
 -0.390195131    
 -0.396956891    
 -0.404783368    
 -0.973017216    
 -0.967639923    
 -0.955828488    
 -0.939920723    
 -0.921299636    
 -0.900846660    
 -0.879155993    
 -0.856644630    
 -0.833619416    
 -0.810309649    
 -0.786893189    
 -0.763510644    
 -0.740274489    
 -0.717276990    
 -0.694592834    
 -0.672285736    
 -0.650410116    
 -0.629010797    
 -0.608126760    
 -0.587792218    
 -0.568036914    
 -0.548886955    
 -0.530365467    
 -0.512493134    
 -0.495288372    
 -0.478767753    
 -0.462946594    
 -0.447838426    
 -0.433456302    
 -0.419811547    
 -0.406915009    
 -0.394777030    
 -0.383407086    
 -0.372813731    
 -0.363005519    
 -0.353990942    
 -0.345777363    
 -0.338372350    
 -0.331783473    
 -0.326017767    
 -0.321081996    
 -0.316982776    
 -0.313727230    
 -0.311321735    
 -0.309773058    
 -0.309087545    
 -0.309271783    
 -0.310332268    
 -0.312275589    
 -0.315108091    
 -0.977490544    
 -0.972136497    
 -0.960363984    
 -0.944485247    
 -0.925864339    
 -0.905369997    
 -0.883586705    
 -0.860925496    
 -0.837686837    
 -0.814097106    
 -0.790329993    
 -0.766523242    
 -0.742787004    
 -0.719210446    
 -0.695866585    
 -0.672816336    
 -0.650111735    
 -0.627795935    
 -0.605905414    
 -0.584471703    
 -0.563522637    
 -0.543081462    
 -0.523169279    
 -0.503804147    
 -0.485001862    
 -0.466776341    
 -0.449140489    
 -0.432105184    
 -0.415680557    
 -0.399875045    
 -0.384696811    
 -0.370153248    
 -0.356251180    
 -0.342995763    
 -0.330392867    
 -0.318447828    
 -0.307165086    
 -0.296549261    
 -0.286604524    
 -0.277334452    
 -0.268743008    
 -0.260833830    
 -0.253610343    
 -0.247075975    
 -0.241233900    
 -0.236087322    
 -0.231639534    
 -0.227893755    
 -0.224853143    
 -0.222520858    
 -0.982290149    
 -0.976963639    
 -0.965239465    
 -0.949400663    
 -0.930790961    
 -0.910264969    
 -0.888397276    
 -0.865591586    
 -0.842143238    
 -0.818274260    
 -0.794154286    
 -0.769918561    
 -0.745674014    
 -0.721507549    
 -0.697489679    
 -0.673679233    
 -0.650126219    
 -0.626871049    
 -0.603947937    
 -0.581386268    
 -0.559211433    
 -0.537444592    
 -0.516104043    
 -0.495205164    
 -0.474761546    
 -0.454784721    
 -0.435284674    
 -0.416269749    
 -0.397746772    
 -0.379722208    
 -0.362200737    
 -0.345187396    
 -0.328685403    
 -0.312697470    
 -0.297226369    
 -0.282274246    
 -0.267842621    
 -0.253932744    
 -0.240545645    
 -0.227681860    
 -0.215341851    
 -0.203526288    
 -0.192235142    
 -0.181468651    
 -0.171226576    
 -0.161508769    
 -0.152315140    
 -0.143645465    
 -0.135499582    
 -0.127877146    
 -0.987414360    
 -0.982120454    
 -0.970455110    
 -0.954668701    
 -0.936083376    
 -0.915538013    
 -0.893596768    
 -0.870656073    
 -0.847004950    
 -0.822861314    
 -0.798390806    
 -0.773726046    
 -0.748970807    
 -0.724209368    
 -0.699509859    
 -0.674929678    
 -0.650515735    
 -0.626306534    
 -0.602334023    
 -0.578625321    
 -0.555203497    
 -0.532087028    
 -0.509292126    
 -0.486831933    
 -0.464717120    
 -0.442956746    
 -0.421558172    
 -0.400527477    
 -0.379868448    
 -0.359584659    
 -0.339678317    
 -0.320151120    
 -0.301003546    
 -0.282235622    
 -0.263846993    
 -0.245836556    
 -0.228202790    
 -0.210943863    
 -0.194057599    
 -0.177541375    
 -0.161392346    
 -0.145607933    
 -0.130184770    
 -0.115119666    
 -0.100409217    
  -8.60498771E-02
  -7.20380768E-02
  -5.83702363E-02
  -4.50426154E-02
  -3.20515111E-02
 -0.992860973    
 -0.987605512    
 -0.976010263    
 -0.960291028    
 -0.941745520    
 -0.921195865    
 -0.899195373    
 -0.876131892    
 -0.852288902    
 -0.827879012    
 -0.803065538    
 -0.777976274    
 -0.752713203    
 -0.727358043    
 -0.701976597    
 -0.676623881    
 -0.651344597    
 -0.626175344    
 -0.601145387    
 -0.576280177    
 -0.551600277    
 -0.527122319    
 -0.502859354    
 -0.478822738    
 -0.455020517    
 -0.431459397    
 -0.408144057    
 -0.385077953    
 -0.362262458    
 -0.339698285    
 -0.317384809    
 -0.295321018    
 -0.273504436    
 -0.251932234    
 -0.230601072    
 -0.209506720    
 -0.188644722    
 -0.168010131    
 -0.147597551    
 -0.127401203    
 -0.107415259    
  -8.76335204E-02
  -6.80495501E-02
  -4.86567728E-02
  -2.94484477E-02
  -1.04176672E-02
   8.44252296E-03
   2.71391515E-02
   4.56793383E-02
   6.40702248E-02
 -0.998627782    
 -0.993417323    
 -0.981905103    
 -0.966269433    
 -0.947781384    
 -0.927245021    
 -0.905202150    
 -0.882032156    
 -0.858011842    
 -0.833349049    
 -0.808203638    
 -0.782700419    
 -0.756938577    
 -0.730996490    
 -0.704939067    
 -0.678818464    
 -0.652677596    
 -0.626550555    
 -0.600464880    
 -0.574443877    
 -0.548505664    
 -0.522664726    
 -0.496932507    
 -0.471317351    
 -0.445825636    
 -0.420461416    
 -0.395226747    
 -0.370122463    
 -0.345147610    
 -0.320300400    
 -0.295577526    
 -0.270975024    
 -0.246487990    
 -0.222110450    
 -0.197836250    
 -0.173658371    
 -0.149569169    
 -0.125560731    
 -0.101624511    
  -7.77518153E-02
  -5.39335385E-02
  -3.01602762E-02
  -6.42238604E-03
   1.72899887E-02
   4.09868881E-02
   6.46785274E-02
   8.83752182E-02
  0.112087324    
  0.135825336    
  0.159599841    
  -1.00471199    
 -0.999553561    
 -0.988138974    
 -0.972605109    
 -0.954194188    
 -0.933691859    
 -0.911626577    
 -0.888369262    
 -0.864190340    
 -0.839292586    
 -0.813831627    
 -0.787929654    
 -0.761683524    
 -0.735168457    
 -0.708447576    
 -0.681571484    
 -0.654580534    
 -0.627506673    
 -0.600375950    
 -0.573209405    
 -0.546023309    
 -0.518830001    
 -0.491639018    
 -0.464456618    
 -0.437286794    
 -0.410131365    
 -0.382990271    
 -0.355861604    
 -0.328742564    
 -0.301628351    
 -0.274513453    
 -0.247391149    
 -0.220253825    
 -0.193093032    
 -0.165899798    
 -0.138664082    
 -0.111375473    
  -8.40231329E-02
  -5.65956719E-02
  -2.90812273E-02
  -1.46766810E-03
   2.62574889E-02
   5.41070402E-02
   8.20939839E-02
  0.110231608    
  0.138533354    
  0.167012826    
  0.195683554    
  0.224559560    
  0.253654569    
  -1.01111078    
  -1.00601149    
 -0.994710684    
 -0.979299128    
 -0.960987985    
 -0.940542877    
 -0.918478549    
 -0.895157039    
 -0.870841503    
 -0.845730662    
 -0.819975436    
 -0.793695509    
 -0.766984940    
 -0.739917159    
 -0.712552667    
 -0.684940040    
 -0.657118440    
 -0.629117489    
 -0.600961387    
 -0.572669566    
 -0.544256270    
 -0.515732825    
 -0.487105817    
 -0.458379954    
 -0.429557145    
 -0.400637120    
 -0.371617585    
 -0.342495054    
 -0.313263893    
 -0.283917129    
 -0.254446834    
 -0.224843949    
 -0.195098385    
 -0.165199161    
 -0.135134459    
 -0.104891844    
  -7.44581148E-02
  -4.38195392E-02
  -1.29619995E-02
   1.81292109E-02
   4.94691618E-02
   8.10733289E-02
  0.112957545    
  0.145137787    
  0.177630499    
  0.210452095    
  0.243619442    
  0.277149439    
  0.311058939    
  0.345365226    
  -1.01782048    
  -1.01278853    
  -1.00161898    
 -0.986352205    
 -0.968165457    
 -0.947803795    
 -0.925767124    
 -0.902407765    
 -0.877982140    
 -0.852684021    
 -0.826660931    
 -0.800029159    
 -0.772880137    
 -0.745285511    
 -0.717303991    
 -0.688981533    
 -0.660356164    
 -0.631456017    
 -0.602303386    
 -0.572916508    
 -0.543307781    
 -0.513486505    
 -0.483457923    
 -0.453224868    
 -0.422787488    
 -0.392143637    
 -0.361289322    
 -0.330218822    
 -0.298924476    
 -0.267397374    
 -0.235627353    
 -0.203603148    
 -0.171312138    
 -0.138741255    
 -0.105876125    
  -7.27018714E-02
  -3.92027870E-02
  -5.36260661E-03
   2.88355220E-02
   6.34089857E-02
   9.83755812E-02
  0.133753508    
  0.169561550    
  0.205818534    
  0.242543861    
  0.279756904    
  0.317477256    
  0.355725229    
  0.394520700    
  0.433883846    
  -1.02483678    
  -1.01988137    
  -1.00886238    
 -0.993764699    
 -0.975729764    
 -0.955480278    
 -0.933500886    
 -0.910133719    
 -0.885628641    
 -0.860174119    
 -0.833913743    
 -0.806961179    
 -0.779405296    
 -0.751315773    
 -0.722749949    
 -0.693751931    
 -0.664357662    
 -0.634594500    
 -0.604483306    
 -0.574040711    
 -0.543277860    
 -0.512202144    
 -0.480818003    
 -0.449126452    
 -0.417125911    
 -0.384812951    
 -0.352181613    
 -0.319224477    
 -0.285932332    
 -0.252294391    
 -0.218298241    
 -0.183930784    
 -0.149177477    
 -0.114022896    
  -7.84506351E-02
  -4.24435437E-02
  -5.98362414E-03
   3.09477709E-02
   6.83699101E-02
  0.106302656    
  0.144766361    
  0.183781892    
  0.223370403    
  0.263553590    
  0.304353535    
  0.345792443    
  0.387892991    
  0.430677891    
  0.474170208    
  0.518392801    
  -1.03215492    
  -1.02728617    
  -1.01643836    
  -1.00153625    
 -0.983683169    
 -0.963577449    
 -0.941688657    
 -0.918347299    
 -0.893796921    
 -0.868220806    
 -0.841758549    
 -0.814521492    
 -0.786595762    
 -0.758049905    
 -0.728939235    
 -0.699306309    
 -0.669185579    
 -0.638603687    
 -0.607580125    
 -0.576130271    
 -0.544264138    
 -0.511988282    
 -0.479305297    
 -0.446215630    
 -0.412715793    
 -0.378801346    
 -0.344464839    
 -0.309697360    
 -0.274488240    
 -0.238824964    
 -0.202693775    
 -0.166079536    
 -0.128966123    
  -9.13360864E-02
  -5.31712323E-02
  -1.44524099E-02
   2.48404276E-02
   6.47280440E-02
  0.105231874    
  0.146374032    
  0.188177124    
  0.230664328    
  0.273859292    
  0.317786157    
  0.362469226    
  0.407933474    
  0.454204321    
  0.501307011    
  0.549267232    
  0.598110497    
  -1.03977001    
  -1.03499842    
  -1.02434397    
  -1.00966620    
 -0.992027581    
 -0.972100258    
 -0.950337708    
 -0.927059710    
 -0.902502239    
 -0.876843452    
 -0.850219727    
 -0.822739661    
 -0.794486761    
 -0.765528619    
 -0.735918522    
 -0.705698371    
 -0.674900472    
 -0.643551648    
 -0.611670434    
 -0.579270780    
 -0.546361923    
 -0.512949526    
 -0.479035318    
 -0.444618642    
 -0.409695357    
 -0.374259382    
 -0.338302672    
 -0.301815003    
 -0.264784247    
 -0.227197021    
 -0.189037934    
 -0.150290504    
 -0.110937089    
  -7.09588677E-02
  -3.03359106E-02
   1.09526124E-02
   5.29284514E-02
   9.56142172E-02
  0.139033258    
  0.183209613    
  0.228167921    
  0.273933232    
  0.320531577    
  0.367989182    
  0.416332543    
  0.465588957    
  0.515786231    
  0.566951871    
  0.619113982    
  0.672300816    
  -1.04767549    
  -1.04301274    
  -1.03257585    
  -1.01815343    
  -1.00076425    
 -0.981052697    
 -0.959455907    
 -0.936281741    
 -0.911759138    
 -0.886060953    
 -0.859320641    
 -0.831643522    
 -0.803111076    
 -0.773790419    
 -0.743732870    
 -0.712979198    
 -0.681561172    
 -0.649504840    
 -0.616828024    
 -0.583543897    
 -0.549661756    
 -0.515185893    
 -0.480118036    
 -0.444456309    
 -0.408196092    
 -0.371330261    
 -0.333850592    
 -0.295745701    
 -0.257002652    
 -0.217606932    
 -0.177542269    
 -0.136791170    
  -9.53347161E-02
  -5.31530306E-02
  -1.02248853E-02
   3.34719419E-02
   7.79606104E-02
  0.123265192    
  0.169410691    
  0.216422632    
  0.264327347    
  0.313151747    
  0.362923771    
  0.413671434    
  0.465423048    
  0.518207908    
  0.572055995    
  0.626996815    
  0.683060706    
  0.740278065    
  -1.05586529    
  -1.05132353    
  -1.04113019    
  -1.02699637    
  -1.00989389    
 -0.990438640    
 -0.969049811    
 -0.946023583    
 -0.921581447    
 -0.895891190    
 -0.869083226    
 -0.841259837    
 -0.812501073    
 -0.782872736    
 -0.752425194    
 -0.721197903    
 -0.689223111    
 -0.656525731    
 -0.623123229    
 -0.589028478    
 -0.554250538    
 -0.518792927    
 -0.482657850    
 -0.445842594    
 -0.408342212    
 -0.370149374    
 -0.331255138    
 -0.291647881    
 -0.251314163    
 -0.210238636    
 -0.168404669    
 -0.125793874    
  -8.23866650E-02
  -3.81622650E-02
   6.90143369E-03
   5.28276153E-02
   9.96404961E-02
  0.147365302    
  0.196028262    
  0.245656058    
  0.296276480    
  0.347917765    
  0.400609344    
  0.454380631    
  0.509261727    
  0.565283895    
  0.622478247    
  0.680876851    
  0.740511239    
  0.801413774    
  -1.06433177    
  -1.05992436    
  -1.05000210    
  -1.03619254    
  -1.01941693    
  -1.00026119    
 -0.979125261    
 -0.956294477    
 -0.931982160    
 -0.906351388    
 -0.879528344    
 -0.851614237    
 -0.822686732    
 -0.792810917    
 -0.762036324    
 -0.730401874    
 -0.697939694    
 -0.664673924    
 -0.630622387    
 -0.595797777    
 -0.560209215    
 -0.523860216    
 -0.486752719    
 -0.448884368    
 -0.410250157    
 -0.370842695    
 -0.330652833    
 -0.289668947    
 -0.247877389    
 -0.205262750    
 -0.161807910    
 -0.117494419    
  -7.23022521E-02
  -2.62101181E-02
   2.08045524E-02
   6.87655434E-02
  0.117697716    
  0.167627037    
  0.218580395    
  0.270585328    
  0.323670805    
  0.377866298    
  0.433201820    
  0.489708424    
  0.547417223    
  0.606360972    
  0.666571975    
  0.728083730    
  0.790929377    
  0.855142772    
  -1.07306707    
  -1.06880796    
  -1.05918634    
  -1.04573870    
  -1.02933252    
  -1.01052213    
 -0.989687860    
 -0.967103064    
 -0.942973077    
 -0.917456329    
 -0.890675783    
 -0.862730443    
 -0.833696723    
 -0.803638577    
 -0.772605181    
 -0.740634859    
 -0.707760453    
 -0.674005389    
 -0.639387906    
 -0.603921175    
 -0.567613959    
 -0.530471087    
 -0.492493987    
 -0.453680933    
 -0.414027452    
 -0.373526514    
 -0.332169086    
 -0.289943814    
 -0.246837378    
 -0.202834547    
 -0.157918364    
 -0.112070523    
  -6.52709603E-02
  -1.74984410E-02
   3.12696993E-02
   8.10573846E-02
  0.131889790    
  0.183793053    
  0.236794472    
  0.290922046    
  0.346205235    
  0.402674288    
  0.460360050    
  0.519294083    
  0.579508364    
  0.641036749    
  0.703912616    
  0.768169999    
  0.833843708    
  0.900968909    
  -1.08206177    
  -1.07796645    
  -1.06867683    
  -1.05563104    
  -1.03963947    
  -1.02122283    
  -1.00074136    
 -0.978456080    
 -0.954564571    
 -0.929220498    
 -0.902543604    
 -0.874630332    
 -0.845557392    
 -0.815386534    
 -0.784166932    
 -0.751937687    
 -0.718731344    
 -0.684571743    
 -0.649477363    
 -0.613462090    
 -0.576535225    
 -0.538702250    
 -0.499965221    
 -0.460323215    
 -0.419772506    
 -0.378306925    
 -0.335917860    
 -0.292594671    
 -0.248324752    
 -0.203093544    
 -0.156884730    
 -0.109680414    
  -6.14611395E-02
  -1.22060524E-02
   3.81071828E-02
   8.95021707E-02
  0.142003864    
  0.195638299    
  0.250432670    
  0.306415021    
  0.363614649    
  0.422062308    
  0.481788874    
  0.542826235    
  0.605207264    
  0.668965995    
  0.734136224    
  0.800752938    
  0.868851364    
  0.938468397    
  -1.09130585    
  -1.08739102    
  -1.07846701    
  -1.06586528    
  -1.05033612    
  -1.03236425    
  -1.01228917    
 -0.990359664    
 -0.966765761    
 -0.941656411    
 -0.915147662    
 -0.887334526    
 -0.858292937    
 -0.828083158    
 -0.796755075    
 -0.764348328    
 -0.730895340    
 -0.696420729    
 -0.660943747    
 -0.624479175    
 -0.587036848    
 -0.548623443    
 -0.509241998    
 -0.468893170    
 -0.427573651    
 -0.385278553    
 -0.342000574    
 -0.297730029    
 -0.252455235    
 -0.206162915    
 -0.158837676    
 -0.110462621    
  -6.10192679E-02
  -1.04876803E-02
   4.11536917E-02
   9.39276591E-02
  0.147858515    
  0.202971607    
  0.259293646    
  0.316852152    
  0.375676244    
  0.435795933    
  0.497241944    
  0.560046434    
  0.624242187    
  0.689863086    
  0.756943524    
  0.825518072    
  0.895622849    
  0.967294872    
  -1.10078859    
  -1.09707189    
  -1.08854926    
  -1.07643640    
  -1.06141937    
  -1.04394579    
  -1.02433348    
  -1.00281942    
 -0.979585230    
 -0.954775155    
 -0.928502798    
 -0.900861084    
 -0.871924698    
 -0.841754138    
 -0.810399532    
 -0.777900636    
 -0.744291067    
 -0.709595501    
 -0.673834741    
 -0.637024581    
 -0.599175930    
 -0.560296953    
 -0.520392239    
 -0.479463577    
 -0.437509090    
 -0.394525319    
 -0.350506634    
 -0.305444449    
 -0.259328991    
 -0.212148473    
 -0.163888887    
 -0.114534780    
  -6.40690476E-02
  -1.24731706E-02
   4.02730554E-02
   9.41912383E-02
  0.149304390    
  0.205636770    
  0.263213992    
  0.322062731    
  0.382211030    
  0.443688363    
  0.506524503    
  0.570750952    
  0.636400044    
  0.703505516    
  0.772101164    
  0.842221737    
  0.913902938    
  0.987181783    
  -1.11049795    
  -1.10699832    
  -1.09891498    
  -1.08733821    
  -1.07288563    
  -1.05596614    
  -1.03687584    
  -1.01583898    
 -0.993029535    
 -0.968587041    
 -0.942621887    
 -0.915225685    
 -0.886472583    
 -0.856422484    
 -0.825126827    
 -0.792625308    
 -0.758952558    
 -0.724134386    
 -0.688192844    
 -0.651145041    
 -0.613003790    
 -0.573778510    
 -0.533475399    
 -0.492098093    
 -0.449646562    
 -0.406119049    
 -0.361511856    
 -0.315818369    
 -0.269030690    
 -0.221138999    
 -0.172131076    
 -0.121993467    
  -7.07110465E-02
  -1.82670560E-02
   3.53568234E-02
   9.01804343E-02
  0.146225050    
  0.203513324    
  0.262069225    
  0.321917951    
  0.383086234    
  0.445601881    
  0.509493768    
  0.574792266    
  0.641528487    
  0.709735155    
  0.779445469    
  0.850693762    
  0.923514903    
  0.997945428    
  -1.12042046    
  -1.11715877    
  -1.10955465    
  -1.09856367    
  -1.08473063    
  -1.06842315    
  -1.04991639    
  -1.02942097    
  -1.00710392    
 -0.983099461    
 -0.957515657    
 -0.930442274    
 -0.901952863    
 -0.872108340    
 -0.840959787    
 -0.808548748    
 -0.774909854    
 -0.740070760    
 -0.704055250    
 -0.666881621    
 -0.628564417    
 -0.589115322    
 -0.548542261    
 -0.506850779    
 -0.464043438    
 -0.420120299    
 -0.375079811    
 -0.328917801    
 -0.281628937    
 -0.233205348    
 -0.183637455    
 -0.132914111    
  -8.10225084E-02
  -2.79483180E-02
   2.63244640E-02
   8.18133354E-02
  0.138537347    
  0.196516886    
  0.255773783    
  0.316331357    
  0.378214151    
  0.441448271    
  0.506060600    
  0.572079837    
  0.639535546    
  0.708459079    
  0.778882444    
  0.850838542    
  0.924361229    
  0.999486208    
  -1.13054204    
  -1.12754059    
  -1.12045884    
  -1.11010540    
  -1.09694827    
  -1.08131385    
  -1.06345427    
  -1.04356706    
  -1.02181196    
 -0.998318613    
 -0.973192275    
 -0.946521640    
 -0.918380141    
 -0.888828516    
 -0.857919276    
 -0.825693667    
 -0.792188525    
 -0.757433414    
 -0.721453249    
 -0.684268177    
 -0.645895064    
 -0.606347501    
 -0.565635324    
 -0.523766637    
 -0.480746567    
 -0.436577648    
 -0.391260773    
 -0.344794631    
 -0.297176421    
 -0.248401195    
 -0.198462188    
 -0.147350952    
  -9.50575620E-02
  -4.15706150E-02
   1.31230680E-02
   6.90381825E-02
  0.126190886    
  0.184598863    
  0.244281366    
  0.305258870    
  0.367553234    
  0.431188405    
  0.496188670    
  0.562580526    
  0.630391479    
  0.699650526    
  0.770388186    
  0.842635632    
  0.916424811    
  0.991789997    
  -1.14084685    
  -1.13813055    
  -1.13161635    
  -1.12195492    
  -1.10953307    
  -1.09463406    
  -1.07748723    
  -1.05827701    
  -1.03715587    
  -1.01424873    
 -0.989658475    
 -0.963473082    
 -0.935765564    
 -0.906597257    
 -0.876021028    
 -0.844079077    
 -0.810810447    
 -0.776246369    
 -0.740413308    
 -0.703333616    
 -0.665026128    
 -0.625506699    
 -0.584788024    
 -0.542880535    
 -0.499792069    
 -0.455528021    
 -0.410092443    
 -0.363486558    
 -0.315710634    
 -0.266763210    
 -0.216640607    
 -0.165337652    
 -0.112847760    
  -5.91627993E-02
  -4.27299272E-03
   5.18329851E-02
  0.109167963    
  0.167746112    
  0.227583498    
  0.288697630    
  0.351106972    
  0.414832205    
  0.479894787    
  0.546318293    
  0.614127278    
  0.683348536    
  0.754009664    
  0.826139688    
  0.899768233    
  0.974927843    
  -1.15131760    
  -1.14891303    
  -1.14301515    
  -1.13410282    
  -1.12247729    
  -1.10837853    
  -1.09201205    
  -1.07354939    
  -1.05313611    
  -1.03089225    
  -1.00691879    
 -0.981303275    
 -0.954117596    
 -0.925424695    
 -0.895277143    
 -0.863719761    
 -0.830792308    
 -0.796528280    
 -0.760955691    
 -0.724099457    
 -0.685980618    
 -0.646617532    
 -0.606025994    
 -0.564218700    
 -0.521206498    
 -0.476997703    
 -0.431600004    
 -0.385017484    
 -0.337254018    
 -0.288311660    
 -0.238190204    
 -0.186888263    
 -0.134402916    
  -8.07298422E-02
  -2.58631837E-02
   3.02044656E-02
   8.74820724E-02
  0.145979956    
  0.205710202    
  0.266686291    
  0.328923196    
  0.392437637    
  0.457247615    
  0.523372889    
  0.590834737    
  0.659656525    
  0.729862988    
  0.801479816    
  0.874534249    
  0.949055791    
  -1.16193485    
  -1.15987229    
  -1.15464246    
  -1.14653909    
  -1.13577306    
  -1.12254095    
  -1.10702443    
  -1.08938134    
  -1.06975114    
  -1.04824984    
  -1.02497578    
  -1.00001597    
 -0.973442137    
 -0.945318401    
 -0.915697813    
 -0.884626925    
 -0.852146983    
 -0.818293214    
 -0.783095896    
 -0.746582448    
 -0.708776057    
 -0.669698119    
 -0.629366934    
 -0.587798357    
 -0.545006096    
 -0.501002192    
 -0.455797166    
 -0.409399033    
 -0.361815035    
 -0.313051194    
 -0.263111115    
 -0.211997733    
 -0.159712017    
 -0.106253967    
  -5.16221076E-02
   4.18662513E-03
   6.11767396E-02
  0.119354077    
  0.178726181    
  0.239302129    
  0.301092297    
  0.364108950    
  0.428365856    
  0.493878514    
  0.560663939    
  0.628741682    
  0.698132277    
  0.768857956    
  0.840942740    
  0.914412498    
  -1.17267799    
  -1.17099106    
  -1.16648448    
  -1.15925229    
  -1.14941108    
  -1.13711369    
  -1.12251770    
  -1.10576856    
  -1.08699846    
  -1.06631982    
  -1.04382932    
  -1.01961339    
 -0.993742704    
 -0.966283143    
 -0.937288880    
 -0.906807482    
 -0.874882042    
 -0.841550231    
 -0.806843817    
 -0.770792663    
 -0.733422995    
 -0.694758713    
 -0.654820621    
 -0.613628387    
 -0.571198344    
 -0.527546525    
 -0.482686460    
 -0.436629921    
 -0.389388382    
 -0.340971738    
 -0.291387707    
 -0.240643516    
 -0.188744873    
 -0.135696337    
  -8.15011933E-02
  -2.61611808E-02
   3.03232186E-02
   8.79528299E-02
  0.146730021    
  0.206658810    
  0.267744392    
  0.329993755    
  0.393415719    
  0.458020896    
  0.523821235    
  0.590831459    
  0.659067571    
  0.728547215    
  0.799290121    
  0.871318698    
  -1.18352413    
  -1.18225062    
  -1.17852724    
  -1.17223072    
  -1.16338193    
  -1.15208864    
  -1.13848543    
  -1.12270510    
  -1.10487306    
  -1.08509851    
  -1.06347668    
  -1.04009306    
  -1.01501882    
 -0.988319814    
 -0.960051775    
 -0.930264115    
 -0.899001658    
 -0.866303265    
 -0.832203567    
 -0.796734750    
 -0.759925604    
 -0.721802652    
 -0.682389617    
 -0.641709507    
 -0.599782050    
 -0.556626379    
 -0.512259722    
 -0.466698110    
 -0.419956863    
 -0.372049928    
 -0.322989434    
 -0.272787333    
 -0.221454024    
 -0.168999076    
 -0.115430951    
  -6.07565828E-02
  -4.98192944E-03
   5.18883131E-02
  0.109850854    
  0.168903828    
  0.229046643    
  0.290280491    
  0.352608174    
  0.416034669    
  0.480565906    
  0.546211123    
  0.612980783    
  0.680887341    
  0.749945283    
  0.820172131    
  -1.19444788    
  -1.19363117    
  -1.19075537    
  -1.18546224    
  -1.17767501    
  -1.16745663    
  -1.15491891    
  -1.14018333    
  -1.12336838    
  -1.10458088    
  -1.08391392    
  -1.06145251    
  -1.03726745    
  -1.01142669    
 -0.983985901    
 -0.954996288    
 -0.924504936    
 -0.892551959    
 -0.859174669    
 -0.824407637    
 -0.788281798    
 -0.750826776    
 -0.712069392    
 -0.672034979    
 -0.630747378    
 -0.588228881    
 -0.544500172    
 -0.499581367    
 -0.453492105    
 -0.406250209    
 -0.357872903    
 -0.308376431    
 -0.257776290    
 -0.206087351    
 -0.153323382    
  -9.94969085E-02
  -4.46197502E-02
   1.12973861E-02
   6.82449415E-02
  0.126214623    
  0.185199440    
  0.245193899    
  0.306194186    
  0.368198305    
  0.431205899    
  0.495219290    
  0.560242474    
  0.626281559    
  0.693345547    
  0.761445761    
  -1.20542157    
  -1.20511222    
  -1.20315242    
  -1.19893372    
  -1.19227874    
  -1.18320656    
  -1.17180836    
  -1.15819418    
  -1.14247668    
  -1.12475908    
  -1.10513341    
  -1.08368444    
  -1.06048322    
  -1.03559780    
  -1.00908554    
 -0.980998874    
 -0.951386929    
 -0.920291662    
 -0.887751937    
 -0.853805125    
 -0.818484426    
 -0.781822622    
 -0.743848622    
 -0.704591155    
 -0.664077580    
 -0.622332871    
 -0.579381704    
 -0.535248458    
 -0.489956051    
 -0.443527162    
 -0.395983636    
 -0.347346336    
 -0.297635853    
 -0.246872321    
 -0.195075080    
 -0.142262563    
  -8.84527713E-02
  -3.36626805E-02
   2.20913254E-02
   7.87940472E-02
  0.136431411    
  0.194990426    
  0.254459858    
  0.314829946    
  0.376092732    
  0.438242823    
  0.501276553    
  0.565192938    
  0.629993260    
  0.695682526    
  -1.21641433    
  -1.21667111    
  -1.21570218    
  -1.21263087    
  -1.20718062    
  -1.19932723    
  -1.18914342    
  -1.17672765    
  -1.16218793    
  -1.14562368    
  -1.12712634    
  -1.10678029    
  -1.08465672    
  -1.06082463    
  -1.03534245    
  -1.00826418    
 -0.979639351    
 -0.949513078    
 -0.917925596    
 -0.884916246    
 -0.850521147    
 -0.814775407    
 -0.777710497    
 -0.739358127    
 -0.699748576    
 -0.658910096    
 -0.616871238    
 -0.573659599    
 -0.529302597    
 -0.483826786    
 -0.437258244    
 -0.389622867    
 -0.340946287    
 -0.291253924    
 -0.240570650    
 -0.188920781    
 -0.136328802    
  -8.28182921E-02
  -2.84126680E-02
   2.68654618E-02
   8.29941779E-02
  0.139952600    
  0.197721019    
  0.256281048    
  0.315616041    
  0.375711530    
  0.436554790    
  0.498136312    
  0.560449064    
  0.623489618    
  -1.22739148    
  -1.22828484    
  -1.22838712    
  -1.22653949    
  -1.22236729    
  -1.21580672    
  -1.20691180    
  -1.19577217    
  -1.18249023    
  -1.16716290    
  -1.14988112    
  -1.13072860    
  -1.10977697    
  -1.08709610    
  -1.06274474    
  -1.03677917    
  -1.00924957    
 -0.980202556    
 -0.949680507    
 -0.917725384    
 -0.884374082    
 -0.849665463    
 -0.813632548    
 -0.776310325    
 -0.737731457    
 -0.697927356    
 -0.656929731    
 -0.614769936    
 -0.571479142    
 -0.527087629    
 -0.481626064    
 -0.435124695    
 -0.387613654    
 -0.339123994    
 -0.289685816    
 -0.239329427    
 -0.188085660    
 -0.135984808    
  -8.30574557E-02
  -2.93339901E-02
   2.51555815E-02
   8.03816542E-02
  0.136315331    
  0.192928806    
  0.250195265    
  0.308089942    
  0.366589874    
  0.425674915    
  0.485327750    
  0.545534968    
  -1.23831415    
  -1.23992860    
  -1.24118972    
  -1.24064493    
  -1.23782527    
  -1.23263204    
  -1.22510123    
  -1.21531451    
  -1.20337021    
  -1.18936312    
  -1.17338407    
  -1.15551531    
  -1.13583004    
  -1.11439753    
  -1.09127796    
  -1.06652832    
  -1.04020035    
  -1.01234233    
 -0.982997835    
 -0.952211261    
 -0.920021415    
 -0.886467814    
 -0.851587713    
 -0.815416992    
 -0.777991474    
 -0.739345312    
 -0.699512839    
 -0.658528864    
 -0.616427898    
 -0.573243916    
 -0.529011428    
 -0.483764887    
 -0.437539011    
 -0.390369475    
 -0.342291862    
 -0.293341726    
 -0.243556112    
 -0.192972139    
 -0.141627312    
  -8.95598233E-02
  -3.68080772E-02
   1.65893603E-02
   7.05938414E-02
  0.125166968    
  0.180270895    
  0.235868990    
  0.291926026    
  0.348409116    
  0.405288309    
  0.462537795    
  -1.24913871    
  -1.25157857    
  -1.25409269    
  -1.25493169    
  -1.25354040    
  -1.24978805    
  -1.24369597    
  -1.23533928    
  -1.22481263    
  -1.21220958    
  -1.19761932    
  -1.18112433    
  -1.16279876    
  -1.14271128    
  -1.12092257    
  -1.09749186    
  -1.07247174    
  -1.04591095    
  -1.01785529    
 -0.988349915    
 -0.957435548    
 -0.925153911    
 -0.891543567    
 -0.856643081    
 -0.820489526    
 -0.783119917    
 -0.744571567    
 -0.704881251    
 -0.664087296    
 -0.622226238    
 -0.579336286    
 -0.535455227    
 -0.490621865    
 -0.444876552    
 -0.398259312    
 -0.350810826    
 -0.302573681    
 -0.253591239    
 -0.203907728    
 -0.153568730    
 -0.102620840    
  -5.11117093E-02
   9.10023053E-04
   5.33948876E-02
  0.106292896    
  0.159554020    
  0.213128746    
  0.266968906    
  0.321028769    
  0.375266761    
  -1.25981462    
  -1.26320910    
  -1.26707816    
  -1.26938462    
  -1.26949728    
  -1.26725924    
  -1.26268077    
  -1.25583053    
  -1.24680066    
  -1.23568404    
  -1.22256851    
  -1.20753646    
  -1.19066334    
  -1.17201602    
  -1.15165818    
  -1.12964809    
  -1.10604012    
  -1.08088362    
  -1.05422556    
  -1.02611244    
 -0.996586204    
 -0.965690196    
 -0.933464289    
 -0.899949014    
 -0.865182757    
 -0.829204679    
 -0.792054176    
 -0.753770411    
 -0.714393914    
 -0.673963904    
 -0.632521152    
 -0.590107143    
 -0.546763003    
 -0.502533495    
 -0.457462311    
 -0.411594689    
 -0.364977717    
 -0.317660451    
 -0.269692808    
 -0.221127063    
 -0.172017336    
 -0.122419819    
  -7.23927915E-02
  -2.19967514E-02
   2.87056658E-02
   7.96500146E-02
  0.130770355    
  0.182000145    
  0.233273610    
  0.284527630    
  -1.27028406    
  -1.27479541    
  -1.28012908    
  -1.28398824    
  -1.28568053    
  -1.28502989    
  -1.28203845    
  -1.27677107    
  -1.26931620    
  -1.25976753    
  -1.24821126    
  -1.23473036    
  -1.21940076    
  -1.20228899    
  -1.18345940    
  -1.16297078    
  -1.14087820    
  -1.11723125    
  -1.09207857    
  -1.06546676    
  -1.03743899    
  -1.00803995    
 -0.977310538    
 -0.945292592    
 -0.912025571    
 -0.877550006    
 -0.841906965    
 -0.805137277    
 -0.767283022    
 -0.728385746    
 -0.688488007    
 -0.647633672    
 -0.605866492    
 -0.563233733    
 -0.519782007    
 -0.475560308    
 -0.430619389    
 -0.385012239    
 -0.338793486    
 -0.292020679    
 -0.244754314    
 -0.197057694    
 -0.148997381    
 -0.100643858    
  -5.20716235E-02
  -3.35955806E-03
   4.54089195E-02
   9.41459835E-02
  0.142760172    
  0.191158488    
  -1.28047860    
  -1.28631401    
  -1.29322958    
  -1.29872680    
  -1.30207419    
  -1.30308294    
  -1.30175149    
  -1.29814065    
  -1.29233885    
  -1.28443801    
  -1.27452481    
  -1.26268256    
  -1.24898636    
  -1.23350394    
  -1.21629870    
  -1.19743049    
  -1.17695427    
  -1.15492105    
  -1.13137937    
  -1.10637641    
  -1.07995594    
  -1.05216312    
  -1.02303970    
 -0.992628336    
 -0.960969329    
 -0.928103983    
 -0.894074261    
 -0.858922005    
 -0.822690487    
 -0.785422444    
 -0.747161686    
 -0.707953036    
 -0.667842567    
 -0.626878977    
 -0.585110545    
 -0.542588830    
 -0.499366432    
 -0.455499351    
 -0.411044985    
 -0.366064519    
 -0.320622474    
 -0.274787098    
 -0.228630856    
 -0.182231203    
 -0.135671884    
  -8.90433639E-02
  -4.24444601E-02
   4.01588995E-03
   5.02167866E-02
   9.60231870E-02
  -1.29031765    
  -1.29774463    
  -1.30636418    
  -1.31358469    
  -1.31866133    
  -1.32140088    
  -1.32180023    
  -1.31991935    
  -1.31584632    
  -1.30967271    
  -1.30148458    
  -1.29136622    
  -1.27939212    
  -1.26563060    
  -1.25014472    
  -1.23299468    
  -1.21423542    
  -1.19391739    
  -1.17209065    
  -1.14880204    
  -1.12409544    
  -1.09801602    
  -1.07060647    
  -1.04190850    
  -1.01196396    
 -0.980813503    
 -0.948499680    
 -0.915065169    
 -0.880553186    
 -0.845006883    
 -0.808470368    
 -0.770989299    
 -0.732610464    
 -0.693381965    
 -0.653353631    
 -0.612577736    
 -0.571107805    
 -0.529000223    
 -0.486314029    
 -0.443111122    
 -0.399457425    
 -0.355423450    
 -0.311083615    
 -0.266517967    
 -0.221813723    
 -0.177066147    
 -0.132380947    
  -8.78778100E-02
  -4.36952375E-02
  -1.19248806E-08
